2017-03-16 15:15:25

Douban books top 250, reordered. 
Total number: 250

ID, original order, rating, votes, title
01007305, 010, 9.5, 114780, 红楼梦
03259440, 006, 9.1, 178429, 白夜行
01084336, 002, 9.0, 214830, 小王子
01770782, 001, 8.8, 258598, 追风筝的人
01008145, 003, 8.9, 182043, 围城
01082154, 004, 9.1, 122947, 活着
06082808, 017, 9.2, 099165, 百年孤独
01068920, 021, 9.3, 074320, 飘
03066477, 026, 9.2, 077438, 三体Ⅱ
05363767, 029, 9.2, 076652, 三体Ⅲ
03211779, 011, 8.9, 125306, 嫌疑人X的献身
10554308, 043, 9.2, 068476, 白夜行
01200840, 018, 9.0, 095220, 平凡的世界（全三部）
02567698, 009, 8.8, 130049, 三体
04913064, 065, 9.3, 054028, 活着
25862578, 005, 8.6, 187290, 解忧杂货店
01041007, 020, 9.0, 083514, 哈利·波特与魔法石
20427187, 014, 8.8, 111362, 看见
01019568, 071, 9.2, 053134, 三国演义（全二册）
01040211, 084, 9.2, 047300, 福尔摩斯探案全集（上中下）
01255625, 052, 9.1, 054108, 天龙八部
01071241, 031, 8.9, 070923, 哈利·波特与阿兹卡班的囚徒
01221515, 115, 9.5, 026570, 灌篮高手31
01009257, 044, 8.9, 068764, 哈利·波特与火焰杯
01083428, 023, 8.8, 081377, 傲慢与偏见
01474773, 199, 9.5, 025449, 海贼王
01873231, 030, 8.8, 078510, 明朝那些事儿（壹）
01361264, 066, 9.0, 054720, 撒哈拉的故事
01858513, 048, 8.9, 063897, 月亮和六便士
01017143, 008, 8.5, 131201, 不能承受的生命之轻
01204889, 182, 9.4, 027574, 机器猫哆啦A梦23
01060068, 119, 9.2, 036854, 撒哈拉的故事
01039487, 032, 8.8, 068621, 哈利·波特与密室
04820710, 165, 9.3, 029980, 1984
01041482, 037, 8.9, 055761, 万历十五年
06710437, 177, 9.3, 028715, 撒哈拉的故事
03995526, 033, 8.7, 075305, 目送
10594787, 075, 8.9, 052709, 霍乱时期的爱情
01432596, 055, 8.8, 060244, 哈利·波特与混血王子
01141406, 019, 8.5, 103057, 简爱
01829226, 124, 9.1, 035983, 肖申克的救赎
04238362, 022, 8.6, 084119, 送你一颗子弹
01085860, 070, 8.9, 049054, 基督山伯爵
01002299, 077, 8.9, 048303, 笑傲江湖（全四册）
01046209, 131, 9.1, 034658, 安徒生童话故事集
02035179, 175, 9.2, 029003, 动物农场
01786670, 089, 8.9, 046811, 百年孤独
01089243, 074, 8.8, 053603, 黄金时代
01054685, 118, 9.0, 037511, 沉默的大多数
03674537, 156, 9.1, 031455, 明朝那些事儿（1-9）
01023045, 045, 8.6, 070758, 我们仨
01090043, 024, 8.5, 084115, 倾城之恋
01029791, 061, 8.7, 057638, 许三观卖血记
04117922, 136, 9.0, 034530, 嫌疑人X的献身
01013129, 064, 8.7, 056814, 哈利·波特与凤凰社
01949338, 108, 8.9, 039764, 明朝那些事儿（贰）
01007914, 072, 8.7, 055320, 窗边的小豆豆
01827374, 107, 9.0, 033361, 东方快车谋杀案
01057244, 047, 8.6, 065252, 边城
01082387, 085, 9.2, 024157, 一九八四·动物农场
25985021, 237, 9.2, 023506, 人类简史
01255624, 098, 8.8, 043975, 神雕侠侣
03369793, 081, 8.7, 051113, 亲爱的安德烈
02143732, 082, 8.7, 049509, 灿烂千阳
01389960, 250, 9.2, 022096, 七龍珠 34
06388661, 105, 8.8, 041490, 这些人，那些事
01040771, 013, 8.2, 124289, 达·芬奇密码
05414391, 178, 9.0, 029197, 寻路中国
02052448, 147, 8.9, 033072, 明朝那些事儿（叁）
01046265, 007, 8.0, 180612, 挪威的森林
01027191, 193, 9.0, 027112, 历史深处的忧虑
01044547, 142, 8.9, 031552, 射雕英雄传（全四册）
03006581, 161, 8.9, 031381, 无人生还
03813669, 079, 8.6, 052055, 民主的细节
01045818, 060, 8.5, 059908, 苏菲的世界
01449351, 134, 8.8, 035133, 呐喊
04242172, 025, 8.3, 086266, 天才在左 疯子在右
01029111, 143, 8.9, 029235, 哭泣的骆驼
01066462, 046, 8.4, 069500, 向左走·向右走
03608208, 092, 8.6, 047249, 牧羊少年奇幻之旅
02154960, 114, 8.7, 039677, 一个陌生女人的来信
01043008, 186, 8.9, 028056, 格林童话全集
01080370, 095, 8.6, 045663, 情书
03554154, 235, 9.0, 023201, 阿狸·梦之城堡
02035162, 239, 9.0, 023200, 刀锋
01401841, 241, 9.0, 023051, 傲慢与偏见
03626924, 243, 9.0, 023042, 明朝那些事儿（柒）：大结局
04742918, 039, 8.3, 074760, 1Q84 BOOK 1
03071717, 170, 8.8, 030658, 爱你就像爱生命
01205054, 206, 8.9, 025984, 悲惨世界（上中下）
02253642, 167, 8.8, 030506, 明朝那些事儿（肆）
01022060, 041, 8.3, 073901, 狼图腾
03646172, 058, 8.4, 061046, 恶意
01948901, 062, 8.4, 058620, 盗墓笔记
03009821, 191, 8.8, 027780, 明朝那些事儿（伍）
01119522, 078, 8.4, 055088, 呼啸山庄
01003000, 076, 8.4, 055047, 悟空传
01082406, 196, 8.8, 027382, 黄金时代
01082334, 050, 8.3, 066004, 穆斯林的葬礼
03274113, 247, 8.9, 023031, 明朝那些事儿（陆）
01212893, 169, 8.8, 026810, 鹿鼎记（全五册）
05916880, 125, 8.6, 037449, 华胥引（全二册）
04166819, 201, 8.8, 026708, 你好，旧时光（上 下）
01461903, 016, 8.0, 115353, 何以笙箫默
01085799, 130, 8.6, 036317, 白鹿原
02070844, 210, 8.8, 025579, 梦里花落知多少
01863930, 212, 8.8, 025574, 看不见的城市
04207781, 214, 8.8, 025476, 孩子你慢慢来
01767945, 219, 8.8, 025310, 一只特立独行的猪
01058661, 222, 8.8, 024539, 飞鸟集
04885241, 093, 8.4, 048057, 1Q84 BOOK 2
01963684, 152, 8.6, 033496, 半生缘
01401425, 073, 8.3, 056655, 兄弟（上）
01400705, 034, 8.1, 080350, 情人
01775691, 080, 8.3, 052733, 少有人走的路
05275059, 015, 7.9, 117796, 1988：我想和这个世界谈谈
01086249, 174, 8.6, 030636, 荆棘鸟
04714734, 103, 8.4, 043244, 这些都是你给我的爱
06798611, 215, 8.7, 025549, 史蒂夫·乔布斯传
01064275, 086, 8.3, 051242, 老人与海
03879301, 042, 8.1, 075029, 微微一笑很倾城
01985223, 221, 8.7, 025110, 倾城之恋
01358873, 141, 8.5, 034901, 月亮忘記了
01192090, 225, 8.7, 024601, 球状闪电
03014576, 111, 8.4, 041009, 陪安东尼度过漫长岁月
02159042, 113, 8.4, 040829, 挪威的森林
01051193, 187, 8.6, 028772, 麦琪的礼物
01088065, 188, 8.6, 028580, 阿Q正传
01014278, 132, 8.4, 037025, 红玫瑰与白玫瑰
01431836, 217, 8.6, 025676, 我的路
01059336, 218, 8.6, 025646, 往事并不如烟
01529893, 040, 8.0, 076859, 莲花
03426869, 069, 8.1, 061256, 三生三世 十里桃花
01020459, 146, 8.4, 034607, 此间的少年
01346815, 151, 8.4, 033948, 一個人住第5年
01059419, 067, 8.1, 059337, 海边的卡夫卡
01024197, 120, 8.3, 039833, 巴黎圣母院
02297697, 248, 8.6, 023480, ZOO
01013208, 202, 8.5, 027473, 如何阅读一本书
03017857, 203, 8.5, 027343, 金锁记
01056733, 123, 8.3, 038848, 地下铁
01292416, 208, 8.5, 026643, 香水
04231381, 209, 8.5, 026421, 那些回不去的年少时光
02209098, 036, 7.9, 079389, 致我们终将逝去的青春
02340100, 083, 8.1, 052746, 遇见未知的自己
01919201, 226, 8.5, 024893, 七夜雪
04011670, 145, 8.3, 035106, 人间失格
01291809, 230, 8.5, 024383, 世界尽头与冷酷仙境
02298149, 189, 8.4, 028792, 盗墓笔记3
01080309, 192, 8.4, 028532, 尘埃落定
01070851, 244, 8.5, 023864, 倚天屠龙记(共四册)
03609132, 245, 8.5, 023805, 把时间当作朋友
02256039, 028, 7.8, 088677, 杜拉拉升职记
01008988, 162, 8.3, 032994, 了不起的盖茨比
03266344, 207, 8.4, 026825, 盗墓笔记4
01013380, 101, 8.1, 046028, 茶花女
01012611, 180, 8.3, 030927, 乌合之众
04886245, 038, 7.8, 079207, 独唱团（第一辑）
03369600, 109, 8.1, 042740, 当我谈跑步时我谈些什么
26382433, 149, 8.2, 035275, 无声告白
02022979, 063, 8.1, 041637, 喜宝
01205370, 116, 8.1, 041500, 羊脂球
05327697, 205, 8.3, 027342, 橙
02057285, 166, 8.2, 032357, 盗墓笔记2
02567919, 211, 8.3, 026512, 匆匆那年（上下）
03598313, 102, 8.0, 046027, 西决
01882933, 133, 8.1, 037464, 鬼吹灯之精绝古城
01963310, 184, 8.2, 030005, 大地之灯
02056749, 154, 8.1, 034687, 时间旅行者的妻子
01043815, 197, 8.2, 028834, 骆驼祥子
01016003, 117, 8.0, 041623, 鲁滨逊漂流记
03344676, 157, 8.1, 034406, 常识
01050339, 068, 7.8, 061317, 文化苦旅
01812439, 159, 8.1, 033914, 步步惊心
01082518, 096, 7.9, 048907, 麦田里的守望者
02053249, 121, 8.0, 040110, 麦田里的守望者
04124727, 164, 8.1, 033189, 孤独六讲
01082349, 220, 8.2, 026385, 长恨歌
01022238, 224, 8.2, 025695, 菊与刀
01958227, 227, 8.2, 025515, 那些年，我们一起追的女孩
01030052, 106, 7.9, 044552, 清醒纪
01228110, 233, 8.2, 024986, 天使与魔鬼
04872671, 232, 8.2, 024969, 佛祖在一号线
01962929, 150, 8.0, 035392, 佳期如梦
02256438, 091, 7.8, 050981, 素年锦时
04874131, 200, 8.1, 028326, 东霓
04238754, 163, 8.0, 033385, 失恋33天
02243213, 122, 7.9, 040449, 山楂树之恋
10763902, 126, 7.9, 039989, 偷影子的人
01065970, 099, 7.8, 048093, 彼岸花
26340138, 087, 7.7, 055190, 岛上书店
01005521, 231, 8.1, 025243, 伊豆的舞女
02250587, 056, 7.6, 068099, 一个人的好天气
04074636, 057, 7.6, 067582, 放学后
24934182, 249, 8.1, 024578, 一个人的朝圣
01794620, 112, 7.8, 043375, 芒果街上的小屋
01465324, 090, 7.7, 051928, 洛丽塔
01975797, 053, 8.9, 006723, Harry Potter and the Deathly Hallows
01039752, 127, 7.8, 039961, 且听风吟
01063190, 216, 8.0, 027147, 蔷薇岛屿
01026425, 027, 7.4, 093598, 三重门
04011440, 229, 8.0, 025621, 最初的爱情 最后的仪式
01016300, 012, 7.2, 143769, 梦里花落知多少
01917972, 140, 7.8, 037451, 在路上
01926103, 240, 8.0, 025006, 鬼吹灯之云南虫谷
02339950, 176, 7.8, 032658, 被窝是青春的坟墓
26278687, 185, 7.8, 031385, 皮囊
01049219, 051, 7.4, 072181, 长安乱
01018153, 190, 7.8, 030509, 水仙已乘鲤鱼去
04953695, 242, 7.9, 025104, 拆掉思维里的墙
02331434, 144, 7.7, 036953, 原来你还在这里
04010969, 194, 7.8, 030092, 当我们谈论爱情时我们在谈论什么
01058234, 158, 7.7, 035364, 二三事
01049189, 059, 7.4, 067134, 1995-2005夏至未至
01013502, 129, 7.6, 040174, 钢铁是怎样炼成的
03394338, 100, 7.5, 049571, 他的国
01926700, 181, 7.7, 032427, 关于莉莉周的一切
03616310, 138, 7.6, 039191, 小团圆
01227838, 139, 7.6, 038759, 年华是无效信
01029159, 104, 7.5, 047541, 八月未央
04009552, 155, 7.6, 036531, 幻夜
02139305, 204, 7.7, 029172, 巴别塔之犬
01024217, 094, 7.4, 051889, 第一次的亲密接触
01453210, 097, 7.4, 050754, 一座城池
05502995, 183, 7.6, 031809, 1Q84 BOOK 3
01016523, 153, 7.5, 036839, 告别薇安
25747921, 054, 7.2, 071998, 从你的全世界路过
01703544, 160, 7.5, 035827, 兄弟（下）
01059406, 035, 7.1, 088031, 幻城
03506871, 228, 7.6, 026737, 曾有一个人，爱我如生命
02382705, 236, 7.6, 026071, 不朽
25984204, 198, 7.5, 030067, 乖，摸摸头
04113090, 179, 7.4, 033678, 我们台湾这些年
01856285, 128, 7.3, 041643, 人生若只如初见
02081876, 148, 7.3, 038383, 货币战争
05317075, 110, 7.2, 046915, 蔡康永的说话之道
01009160, 173, 7.3, 034845, 像少年啦飞驰
01034108, 172, 7.2, 035314, 零下一度
03323987, 234, 7.3, 027000, 杜拉拉2华年似水
03266968, 238, 7.3, 026728, 秘密
01915536, 246, 7.3, 026496, 尘埃星球
01007334, 213, 7.2, 029473, 草样年华
01469051, 168, 7.1, 035920, 左耳
01021056, 223, 7.2, 028179, 谁动了我的奶酪？
01596305, 135, 7.0, 041233, 泡沫之夏
03191328, 088, 6.7, 058855, 小时代1.0折纸时代
01291760, 137, 6.8, 042282, 会有天使替我爱你
01006881, 171, 6.7, 037295, 左手倒影，右手年华。
02062200, 049, 6.3, 081953, 悲伤逆流成河
04038164, 195, 6.5, 033752, 小时代2.0虚铜时代
