2017-01-23 16:11:07

Books with rating >= 9.0 and votes >= 1000. 
Total number: 1001 

ID, rating, votes, title
01007305, 9.5, 112791, 红楼梦
01084336, 9.0, 211602, 小王子
03259440, 9.1, 173299, 白夜行
01082154, 9.1, 120195, 活着
06082808, 9.2, 94365, 百年孤独
01068920, 9.3, 73313, 飘（上下）
03066477, 9.2, 74658, 三体Ⅱ
05363767, 9.2, 74082, 三体Ⅲ
01200840, 9.0, 93907, 平凡的世界（全三部）
01061118, 9.1, 73727, 活着
01041007, 9.0, 82496, 哈利・波特与魔法石
10554308, 9.2, 58836, 白夜行
04913064, 9.3, 49378, 活着
01019568, 9.2, 52618, 三国演义（全二册）
01040211, 9.2, 46902, 福尔摩斯探案全集（上中下）
01255625, 9.1, 53432, 天龙八部
01221515, 9.5, 26480, 灌篮高手31
01474773, 9.5, 25257, 海贼王
01361264, 9.0, 53521, 撒哈拉的故事
01204889, 9.4, 27542, 机器猫哆啦A梦23
01060068, 9.2, 36371, 撒哈拉的故事
04820710, 9.3, 28280, 1984
06710437, 9.3, 26896, 撒哈拉的故事
01829226, 9.1, 35345, 肖申克的救赎
01046209, 9.1, 34455, 安徒生童话故事集
02035179, 9.2, 28182, 动物农场
01054685, 9.0, 36667, 沉默的大多数
03674537, 9.1, 30869, 明朝那些事儿（1-9）
01858576, 9.3, 22517, 一九八四
01336330, 9.3, 21607, 冰与火之歌（卷一）
04117922, 9.0, 33116, 嫌疑人X的献身
01082387, 9.2, 24007, 一九八四・动物农场
01827374, 9.0, 32507, 东方快车谋杀案
01389960, 9.2, 22050, 七珠 34
05414391, 9.0, 28880, 寻路中国
25985021, 9.3, 17961, 人类简史
04123116, 9.2, 20065, 月亮和六便士
01027191, 9.0, 26860, 历史深处的忧虑
05299764, 9.4, 14220, 1984
01077847, 9.5, 12177, 史记（全十册）
01003479, 9.1, 21217, 中国历代政治得失
05350303, 9.3, 15415, 活着
01337297, 9.6, 9965, 篮球飞人
03554154, 9.0, 23089, 阿狸・梦之城堡
03626924, 9.0, 22762, 明朝那些事儿（柒）：大结局
01401841, 9.0, 22510, 傲慢与偏见
02035162, 9.0, 22451, 刀锋
01102403, 9.6, 9234, 机器猫哆啦A梦（共45册）
01464203, 9.4, 11870, 冰与火之歌（卷二）
07060185, 9.0, 21128, 江城
03523041, 9.2, 15681, 平凡的世界（全三册）
01986291, 9.5, 10278, 冰与火之歌（卷三）
07163250, 9.2, 15514, 明朝那些事儿
01069848, 9.0, 20700, 围城
20440644, 9.2, 15320, 文学回忆录（全2册）
03604517, 9.3, 13260, 撒哈拉的故事
04908885, 9.0, 20115, 局外人
03808982, 9.3, 12891, 动物庄园
01855364, 9.1, 16734, 围城
06709783, 9.1, 16724, 浪潮之巅
04188697, 9.1, 16416, 子不语(1
01474842, 9.1, 16288, NANA（1-13）
01213945, 9.5, 9010, 红楼梦
01002898, 9.1, 15615, 父与子全集
01883245, 9.4, 10244, 诗经
02068211, 9.3, 11376, 撒哈拉的故事
11622283, 9.2, 13025, 滚蛋吧!肿瘤君
01014578, 9.0, 17247, 我的精神家园
01018136, 9.1, 14840, 动物庄园
01059258, 9.4, 9744, 道德经
04934332, 9.2, 12692, 子不语3
01467022, 9.2, 12479, 上帝掷骰子吗
01028409, 9.4, 9012, 中国少年儿童百科全书（全四册）
01209899, 9.0, 15742, 我与地坛
25924253, 9.0, 15441, 嫌疑人X的献身
01003078, 9.2, 11092, 小王子
03665874, 9.0, 14622, 星空
01203426, 9.0, 14288, 人间词话
20470917, 9.0, 13986, 深夜食堂 01
01046492, 9.3, 9016, 史大V（上下）
01258490, 9.2, 10256, 基地
01433640, 9.3, 8891, 猜猜我有多爱你
24380577, 9.2, 10030, 平凡的世界
01013267, 9.3, 8687, 唐诗三百首
03239549, 9.1, 11383, 夹边沟记事
03815131, 9.4, 7448, 一九八四
10517238, 9.1, 11100, 平凡的世界
01803022, 9.0, 12737, 圣经
01119839, 9.1, 11028, 王尔德童话
01474688, 9.1, 10735, C器娃娃(1)
01021615, 9.1, 10564, 小王子（中英文对照本）
01475477, 9.3, 7925, y魂
02361768, 9.3, 7910, 爷爷变成了幽灵
01858410, 9.0, 11948, 万历十五年
01986590, 9.1, 10275, 小王子
01922216, 9.2, 8768, 全球通史(上)
01789837, 9.0, 11570, 射雕英雄传
03162991, 9.6, 5246, 艺术的故事
01937357, 9.4, 6603, 萤火之森
26698660, 9.0, 11323, 巨人的陨落
03719533, 9.4, 6555, 经济学原理
03210843, 9.2, 8410, 冰与火之歌・卷四・群鸦的盛宴（全两册）
03406401, 9.0, 11010, 悉达多
01028842, 9.0, 10761, 经济学原理（上下）
01981042, 9.0, 10724, 万历十五年（增订本）
02035171, 9.0, 10716, 人生的枷锁
01941301, 9.2, 8031, 365夜故事（上下）
01014825, 9.0, 10545, 我也有一个梦想
01765512, 9.1, 9072, 海的女儿
02158463, 9.2, 7912, 小王子
01483894, 9.4, 6078, 三国演义
01880831, 9.2, 7872, 基督山伯爵（上下册）
20381804, 9.4, 6020, 冰与火之歌・卷五・魔龙的狂舞（全三册）
01795079, 9.2, 7774, 乡土中国
01007928, 9.1, 8900, 美国纽约摄影学院摄影教材（上）
01776683, 9.0, 9955, 沉默的大多数
01084165, 9.0, 9923, 平凡的世界
01083474, 9.2, 7509, 飘（全二册）
06397275, 9.0, 9828, 此生未完成
03883991, 9.3, 6516, 动物农场
01014561, 9.0, 9766, 古文观止
05910656, 9.2, 7407, 我与地坛
01915170, 9.2, 7384, 小王子
01856494, 9.3, 6360, 卡拉马佐夫兄弟
01036684, 9.3, 6354, 现代汉语词典（修订本）
25829693, 9.0, 9489, 永恒的终结
19958089, 9.0, 9467, 我们仨
01476651, 9.0, 9394, 社会心理学
20470916, 9.1, 8101, 深夜食堂 02
03673671, 9.1, 8087, 梦里花落知多少
06781808, 9.2, 7047, 杀死一只知更鸟
01418297, 9.1, 8041, 蜂蜜c四~草 1
23008971, 9.0, 9002, 平如美棠
05038409, 9.0, 8981, 金色梦乡
02160556, 9.0, 8926, 十万个为什么
10488620, 9.5, 4605, 冰与火之歌・卷二・列王的纷争（全三册）
03054821, 9.2, 6668, 渴望生活
06789605, 9.0, 8735, 树上的男爵
01419841, 9.0, 8680, 神秘的魔法石
03693974, 9.4, 5077, 小王子
01440972, 9.1, 7393, 博尔赫斯小说集
02218216, 9.5, 4439, 金庸作品集
01001896, 9.2, 6460, 新华字典（1998年修订本）
01452610, 9.2, 6442, x (1)  アフタヌ`ンKC (255)
06964050, 9.4, 4948, 冰与火之歌・卷一・权力的游戏（全三册）
03261600, 9.3, 5589, 人生的智慧
01263399, 9.0, 8316, 无人生还
01258489, 9.3, 5580, 第二基地
01791390, 9.2, 6329, Hunter X Hunter
02160226, 9.2, 6322, 快乐王子
03610681, 9.2, 6173, 海子诗全集
03151596, 9.2, 6149, 活着
01459623, 9.4, 4772, 20世o少年01
01017749, 9.3, 5323, 乱世佳人(上、下)
03128104, 9.0, 7902, 游园惊梦
01922246, 9.2, 6019, 全球通史(下)
20470913, 9.1, 6751, 深夜食堂 03
06861664, 9.0, 7720, 白鹿原
10608468, 9.6, 3595, 冰与火之歌・卷三・冰雨的风暴（全三册）
01885170, 9.4, 4552, 算法导论（原书第2版）
01419736, 9.4, 4529, MONSTER-怪物-02
02068249, 9.0, 7477, 温柔的夜
01062343, 9.2, 5728, 昨日的世界
01045926, 9.0, 7376, 傲慢与偏见
06539859, 9.3, 4966, 甲骨文
01258491, 9.2, 5610, 基地与帝国
01464989, 9.1, 6379, 围城
26576861, 9.0, 7280, 最好的告别
01760548, 9.2, 5537, 三毛作品集
01088711, 9.1, 6300, 霸王别姬
01026035, 9.1, 6275, 你看起来好像很好吃
10522856, 9.0, 7147, 冬牧场
25762009, 9.1, 6218, 教父
06428468, 9.1, 6184, 我最幸福
01180108, 9.0, 6984, 恐怖宠物店1
01370274, 9.2, 5351, Level E
02046236, 9.3, 4710, 庄子
01949420, 9.3, 4707, 孙子兵法
01964774, 9.0, 6917, 论语
02043313, 9.2, 5242, 妖怪Bj簿 1
01559310, 9.0, 6808, 鹿鼎记
01424314, 9.4, 4069, 1984
20470914, 9.1, 5936, 深夜食堂 04
03410718, 9.2, 5198, 美的历程
05437113, 9.0, 6679, 窗边的小豆豆
01059112, 9.0, 6636, 百年孤独
01102715, 9.1, 5772, 从一到无穷大
06964047, 9.3, 4436, 冰与火之歌（卷一）
01369777, 9.0, 6476, NANA 12
01291204, 9.4, 3884, 哥德尔、艾舍尔、巴赫
01082582, 9.0, 6373, 天龙八部（全五册）
02039931, 9.0, 6312, 小王子
01784153, 9.4, 3754, 安徒生童话
03091368, 9.1, 5449, 白鹿原
02025999, 9.8, 2382, 灌篮高手（全31卷）
01255500, 9.2, 4775, 动物农场
04237548, 9.3, 4208, 平凡的世界（全三册）
03673672, 9.0, 6178, 温柔的夜
06009029, 9.3, 4170, 三w Ⅱ
01476213, 9.4, 3680, 中近代史（上裕
04809777, 9.1, 5318, 尘世・挽歌
01139336, 9.4, 3637, C程序设计语言
02360269, 9.3, 4087, タッチ 完全版（1）
03311253, 9.0, 5980, 额尔古纳河右岸
01418999, 9.2, 4609, 银河英雄传说
04071859, 9.3, 4069, 我在伊朗长大
01115748, 9.2, 4591, 故事
01483522, 9.2, 4586, 365夜
02042982, 9.5, 3190, 七龙珠
03465080, 9.0, 5932, 好妈妈胜过好老师
01066165, 9.3, 4023, 卡尔维诺文集（第三卷）
04881850, 9.0, 5897, 阿勒泰的角落
01675478, 9.0, 5892, 天朝的崩溃
01041385, 9.2, 4502, 论美国的民主
03057333, 9.0, 5804, 城南旧事
03095638, 9.2, 4480, 同生
03578470, 9.0, 5789, 德米安
01261560, 9.0, 5730, 国富论
02334065, 9.4, 3447, 塔希里亚故事集
04230237, 9.0, 5681, 设计中的设计 | 全本
01073708, 9.0, 5612, 牡丹亭
06878068, 9.2, 4323, 深夜食堂 01
02251434, 9.0, 5560, 被爱路过
01084080, 9.2, 4294, 平凡的世界（全三册）
03228668, 9.3, 3787, 上帝掷骰子吗
02076623, 9.5, 2990, 金刚经
10601616, 9.3, 3775, 我爱摇滚乐
01950809, 9.5, 2982, 红楼梦
03057556, 9.0, 5471, 狂热分子
01000534, 9.2, 4215, 中国少年儿童百科全书--自然.环境
01836555, 9.7, 2360, 史记
02046807, 9.4, 3281, 飘
07065521, 9.0, 5385, 银河帝国：基地
01915958, 9.2, 4165, 野草
01482200, 9.0, 5309, 我的精神家园
11589032, 9.1, 4657, 你好，旧时光（三周年纪念版）
10564071, 9.0, 5301, 白鹿原
01004088, 9.0, 5296, 长袜子皮皮
03719531, 9.3, 3612, 经济学原理
06518605, 9.3, 3595, 三体全集
01767741, 9.2, 4053, C++ Primer 中文版（第 4 版）
01144185, 9.1, 4594, 美国宪政历程
03698398, 9.0, 5191, 万水千山走遍
02376570, 9.3, 3534, 浪漫的逃亡
01431870, 9.1, 4471, 源泉
03025618, 9.4, 3099, 我们的祖先
01883991, 9.3, 3476, 王小波全集
06531656, 9.4, 3039, 麒麟之与子同袍
06558707, 9.0, 4977, 梦里花落知多少
01187842, 9.0, 4931, 你一生的故事
01072295, 9.3, 3385, Y治通a（全二十裕
04908879, 9.3, 3384, 动物农场
01061803, 9.2, 3819, 西游记
01424313, 9.3, 3382, Animal Farm
03901880, 9.0, 4870, 沉默的大多数
01815640, 9.1, 4259, 王小波全集（第一卷 杂文）
03183775, 9.2, 3755, 四世同堂
03270617, 9.3, 3319, 我与地坛
01442720, 9.4, 2944, 鲁迅全集（2005最新修订版）
01823349, 9.0, 4808, Happy Birth Day
01006639, 9.2, 3720, 蜡笔小新（全32册）
01427538, 9.4, 2920, 《父与子》全集
10529412, 9.2, 3684, 深夜食堂 06
02158684, 9.0, 4736, 象棋的故事
01005358, 9.2, 3661, 寻找家园
03111270, 9.4, 2866, 一九八四
01477390, 9.3, 3203, 代码大全（第2版）
10604915, 9.3, 3181, 银河帝国3：第二基地
10549934, 9.1, 4047, 悉达多
06434486, 9.3, 3165, 上帝掷骰子吗？
03757732, 9.0, 4568, 人类的群星闪耀时（增订版）
04881639, 9.0, 4550, 傲慢与偏见
11628196, 9.4, 2789, 冰与火之歌・卷四・群鸦的盛宴（全三册）
05408882, 9.1, 3995, 公正
02065597, 9.3, 3121, 浪客行 1
01476218, 9.3, 3112, 中近代史（下裕
02328458, 9.1, 3945, 社会性动物
01230413, 9.5, 2439, 深入理解计算机系统
01021990, 9.2, 3458, 唐诗鉴赏辞典
10774752, 9.1, 3900, 毛姆短篇小说精选集
02263077, 9.3, 3051, 福尔摩斯探案集（一）
02278402, 9.3, 3038, 小王子
05337254, 9.0, 4367, 孽子
06313461, 9.1, 3824, 月亮和六便士
01760432, 9.2, 3378, 受戒
01455812, 9.2, 3356, Pride and Prejudice
01858568, 9.0, 4307, 罪与罚
01014763, 9.2, 3339, 三国志（全五册）
01470625, 9.1, 3754, 西游记（全三册）
01310228, 9.2, 3311, 乡土中国 生育制度
01214416, 9.3, 2933, 福尔摩斯探案全集
01467519, 9.8, 1691, 世界童话名著连环画
04186113, 9.5, 2325, 卒I生?春?  ＥＤＧＥＣＯＭＩＸ
01039427, 9.0, 4220, 围城
23780875, 9.1, 3689, 深夜食堂 05
01484655, 9.2, 3254, Happy.Birth.Day
03544376, 9.1, 3676, 顾城的诗顾城的画
02067269, 9.4, 2558, MONSTER-怪物-01
04714015, 9.0, 4135, 万物既伟大又渺小
01340758, 9.2, 3201, Harry Potter and the Sorcerer&#39;s Stone
01136881, 9.3, 2840, 悲惨世界
01312997, 9.0, 4092, 香初上舞・终上
01361263, 9.0, 4067, 哭泣的
07059682, 9.2, 3163, 深夜食堂 05
01793807, 9.0, 4035, 火的考
24745649, 9.1, 3534, 围城
01418058, 9.1, 3520, 小径分岔的花园
04038673, 9.0, 3989, 络新妇之理（下）
01073744, 9.0, 3977, 四世同堂（上下）
01039389, 9.0, 3970, 新概念英语3
04186109, 9.5, 2195, 卒I生?冬? ＥＤＧＥＣＯＭＩＸ
05332948, 9.0, 3958, @些人，那些事
10759773, 9.2, 3082, 深夜食堂 07
01473895, 9.2, 3076, 白夜行
02213272, 9.4, 2425, 1984
01337171, 9.6, 1946, 五月天之素人自拍
01212910, 9.3, 2713, 笑傲江湖（全四册）
05040220, 9.0, 3870, 蒋勋说红楼梦（第一辑）
02129427, 9.0, 3868, 三毛从军记全集
05333562, 9.7, 1725, 深入理解计算机系统（原书第2版）
05363538, 9.0, 3843, 你好，旧时光
24153048, 9.0, 3829, 东方快车谋杀案
01595910, 9.5, 2101, 机器猫哆啦A梦1
01005660, 9.0, 3783, 雕刻时光
01468602, 9.1, 3338, 围城
02258034, 9.3, 2619, 乡土中国
01276930, 9.0, 3756, 香初上舞・再上
01122105, 9.4, 2313, 飘（上下）
01851955, 9.3, 2578, 孙子兵法
21346636, 9.4, 2293, 三毛典藏全集
06878070, 9.3, 2556, 深夜食堂 02
04012128, 9.0, 3666, 星空
01017149, 9.4, 2275, 红楼梦（上下）
05993310, 9.0, 3653, 直捣蜂窝的女孩
01883992, 9.0, 3642, 黄金时代
03532347, 9.5, 2026, 金庸全集
01234963, 9.1, 3196, 傲慢与偏见（英文本）
03297466, 9.2, 2827, 我的团长我的团（上部）
02213061, 9.0, 3601, My Way 2
06114392, 9.1, 3175, 奈良美智横滨手稿
01416964, 9.2, 2800, H2 好逑p物Z 32
02213059, 9.0, 3554, My Way 1
01536907, 9.1, 3139, 金刚葫芦娃
03597031, 9.1, 3137, 杀死一只反舌鸟
02340609, 9.0, 3540, 2001太空漫游
04049269, 9.5, 1973, 狐狸的窗户
06152040, 9.1, 3115, 维特根斯坦传
03034480, 9.4, 2192, 圣经
03511129, 9.4, 2174, 我的团长我的团（下部）
01818426, 9.3, 2433, 教父
01996678, 9.4, 2161, 乱世佳人
02052049, 9.0, 3463, 海伯利安
03673771, 9.0, 3462, 项塔兰
01869144, 9.1, 3054, 经济学原理（第4版）
04099464, 9.3, 2404, 一九八四
03697494, 9.1, 3037, 洞穴奇案
06534897, 9.5, 1920, 寻找家园（增订版）
01121460, 9.3, 2394, 基督山伯爵(上下)
01012307, 9.1, 3015, 规训与惩罚
04878745, 9.3, 2381, 动物农场
10439064, 9.0, 3405, 发现之旅
06018916, 9.0, 3388, 许三观卖血记
01064841, 9.0, 3363, 绿山墙的安妮
20507206, 9.1, 2970, 众病之王
01292409, 9.2, 2620, 人生的智慧
01082578, 9.0, 3337, 理想国与哲人王
01059503, 9.1, 2948, 爱心树
01212908, 9.1, 2943, 神雕侠侣（全四册）
01270150, 9.3, 2320, 风与树的歌
04201317, 9.6, 1667, 美语音标
06730371, 9.5, 1851, 麒麟之生死c共
02046909, 9.1, 2900, 故事新编
26362836, 9.0, 3274, 献给阿尔吉侬的花束
01039460, 9.0, 3269, 美国纽约摄影学院摄影教材（下）
01788421, 9.4, 2038, UNIX环境高级编程
01108762, 9.3, 2279, 诗经
05346110, 9.0, 3239, 穷查理宝典
01320282, 9.1, 2862, 什么是数学
01774227, 9.6, 1621, 脂砚斋重评石头记庚辰校本
01006967, 9.3, 2243, 宋词三百首
06964051, 9.5, 1788, 冰与火之歌（卷一）
03990022, 9.3, 2224, 美国纽约摄影学院摄影教材（上册）
04826530, 9.1, 2805, 我亲爱的甜橙树
01769765, 9.2, 2485, 我在伊朗长大1
01433477, 9.4, 1981, 史记
01393218, 9.1, 2797, 大明宫词
01830445, 9.0, 3144, 阿城精选集
03043562, 9.4, 1963, 飘
01123663, 9.1, 2765, 傲慢与偏见
06973805, 9.4, 1959, 冰与火之歌（卷一）
10434849, 9.3, 2187, 中国历代政治得失
04882023, 9.2, 2452, 万物既聪慧又奇妙
21349346, 9.1, 2753, 坂本ですが? 1
11229072, 9.4, 1945, 中国历代政治得失
02215160, 9.2, 2429, 神秘岛（全三册）
01812215, 9.1, 2709, 银河英雄传说VOL.1 黎明篇
01287865, 9.4, 1919, 老子
01608298, 9.6, 1549, 灌篮高手 1
25826936, 9.5, 1719, 冰与火之歌
01370897, 9.2, 2396, The Little Prince
02212371, 9.0, 3032, 先知
01050870, 9.3, 2128, 三毛经典作品（上下）
01922977, 9.3, 2127, 父与子
03114952, 9.2, 2372, 漩u2
04238144, 9.1, 2663, 岁朝清供
01878265, 9.1, 2660, 安徒生童话
01424695, 9.1, 2659, 天堂之吻 (Vol. 2)
01822857, 9.0, 2985, 王小波全集（第二卷 杂文）
01135537, 9.1, 2640, 福尔摩斯探案集
02008724, 9.1, 2617, 百年孤独
01810785, 9.4, 1858, 唐诗三百首
02350079, 9.1, 2615, 婆娑罗
01148282, 9.5, 1663, 计算机程序的构造和解释
01467239, 9.1, 2599, 铳梦
02130190, 9.1, 2596, Java编程思想 （第4版）
01287864, 9.4, 1840, 庄子
01424754, 9.2, 2300, 天堂之吻 (Vol. 4)
03774884, 9.1, 2584, 子猫絮语
01045466, 9.2, 2298, 一九八四
25976544, 9.2, 2295, 故事
20428302, 9.1, 2579, 失明症漫记
01071227, 9.0, 2907, 大问题
01032431, 9.0, 2901, 卡尔维诺文集（第五卷）
04759840, 9.6, 1478, Merriam-Webster&#39;s Vocabulary Builder
11524204, 9.2, 2276, 围城
06730832, 9.5, 1623, 麒麟之快意人生
01053088, 9.2, 2259, 陶庵梦忆 西湖梦寻
01059969, 9.4, 1803, 艺术的故事
02165063, 9.2, 2252, 纳尔齐斯与歌尔德蒙
01083433, 9.2, 2246, 悲惨世界（全三册）
01351678, 9.0, 2842, 夏宇集／Salsa
03054373, 9.2, 2237, 荷西 我爱你
25752955, 9.0, 2836, 来自新世界 （上下）
03003477, 9.2, 2235, 虚构集
01036397, 9.0, 2814, 全本新注聊斋志异（全三册）
02243615, 9.2, 2219, Head First 设计模式（中文版）
01542939, 9.6, 1436, 哈尔罗杰历险记(全套共14册)
01047751, 9.3, 1975, 牛津高阶英汉双解词典(第四版)
01052241, 9.1, 2474, 设计模式
01963325, 9.2, 2195, 教父
06952772, 9.2, 2173, 深夜食堂 03
02379322, 9.4, 1725, 福尔摩斯探案集（三）
01436716, 9.1, 2417, 黄金时代白银时代
01007952, 9.4, 1721, 蓝熊船长的13条半命
01068337, 9.7, 1261, 红楼梦
01001924, 9.3, 1918, 三国演义
03283983, 9.2, 2147, 乡土中国
23780881, 9.1, 2403, 深夜食堂 08
01485731, 9.6, 1386, 原动画基础教程
01015864, 9.0, 2667, 惶然录
03714244, 9.6, 1366, 十日后
03215305, 9.1, 2359, どうしても触れたくない
01014914, 9.5, 1513, 英语魔法师之语法俱乐部
01424696, 9.1, 2358, 天堂之吻 (Vol. 3)
01102876, 9.0, 2654, 草房子
01082271, 9.1, 2351, 射雕英雄传（全四册）
03108835, 9.0, 2646, 让爱点亮
01041993, 9.1, 2345, 中国少年儿童百科全书
02253381, 9.3, 1864, 战争与和平（全四册）
01428691, 9.1, 2333, GON
01311280, 9.0, 2617, 灵魂的事
01181379, 9.5, 1490, 牛津高阶英汉双解词典 （第六版）
01461583, 9.3, 1838, 火P燎原 1
01009273, 9.1, 2307, 三毛流浪记（全集）
01147193, 9.0, 2594, 世说新语
10583099, 9.2, 2049, 全球通史
03202110, 9.0, 2588, 世界一初恋    ~小野寺律の龊~
01060383, 9.2, 2046, 中国少年儿童百科全书
01055128, 9.0, 2584, 传奇(上下)
03723829, 9.4, 1629, 福尔摩斯探案全集
01440553, 9.0, 2560, 淘庑∮HH01
05327690, 9.1, 2272, 浮生六记
01410555, 9.4, 1620, 20世o少年18
21371175, 9.1, 2265, 罗杰疑案
03114975, 9.0, 2543, 人^馇
01008729, 9.0, 2542, 朋友刀刀
01092168, 9.1, 2256, 追忆似水年华（上下册）
06952036, 9.2, 2010, 对伪心理学说不
01139980, 9.3, 1797, 四章句集注
21979017, 9.5, 1448, 魔戒
01851058, 9.1, 2238, 约翰・克利斯朵夫（共四册）
03930318, 9.0, 2516, 超越时空
01255326, 9.0, 2512, 新月集・飞鸟集
01438816, 9.1, 2227, 给青年诗人的信
20390101, 9.1, 2220, 深夜食堂 10
11639625, 9.1, 2219, 深夜食堂 09
02161700, 9.4, 1587, 乱世佳人
01357483, 9.2, 1974, 空之境界（上）
06896252, 9.5, 1422, 麒麟之兵天血地
04238162, 9.3, 1759, 昨日的世界
02253380, 9.1, 2190, 安娜・卡列尼娜
01437852, 9.5, 1409, 费恩曼物理学讲义（第1卷）
04843456, 9.4, 1565, 金刚经・心经
05332713, 9.0, 2453, 人间是剧场
01083089, 9.3, 1738, 博尔赫斯全集
26647054, 9.2, 1942, 小王子（纯美珍藏绘本）
24738302, 9.2, 1933, 浪潮之巅（第2版）（套装上下册）
01077492, 9.0, 2439, 大师和玛格丽特
01082233, 9.2, 1932, 平凡的世界
01420734, 9.2, 1930, 水~{校
02381748, 9.1, 2159, 金刚经 心经 坛经
01180105, 9.3, 1720, 恐怖宠物店(2)
01777678, 9.4, 1538, 笑傲江湖
03154624, 9.3, 1710, 一九八四 动物农场
04315361, 9.0, 2409, 最後的F族
01132550, 9.4, 1533, 宋词鉴赏辞典
04120475, 9.3, 1692, 加缪全集 （小说卷）
01937228, 9.3, 1686, 百年孤独
01258488, 9.0, 2374, 基地前传2・迈向基地（上下）
03024282, 9.1, 2110, 傲慢与偏见
04889838, 9.1, 2107, 鸟哥的Linux私房菜
01441326, 9.5, 1358, A Game of Thrones
01818583, 9.1, 2100, 斯・茨威格中短篇小说选
01319910, 9.2, 1873, 华夏意匠
01848193, 9.3, 1674, PLUTO 001
01949485, 9.0, 2353, 消失中的江城
02084893, 9.1, 2086, 舒克和贝塔历险记
01880986, 9.1, 2085, 悲惨世界（上下）
01393724, 9.0, 2345, 楚辞
01205076, 9.2, 1859, 悲惨世界（上中下）
01769767, 9.3, 1664, 我在伊朗长大2
02042633, 9.0, 2338, 金蔷薇
02146279, 9.0, 2307, 心灵的焦灼
04908883, 9.0, 2301, 荒原狼
06313524, 9.1, 2045, 人生的枷锁
01357739, 9.3, 1634, 空之境界（下）
01015547, 9.1, 2044, 平凡的世界(全三册)
01863010, 9.2, 1822, 银河英雄传说VOL.2 野望篇
01082182, 9.0, 2289, 魔戒（第三部）
02334419, 9.0, 2281, 葫芦兄弟
26210487, 9.1, 2026, 强风吹拂
02015357, 9.1, 2025, 王小波全集（第六卷）
03013624, 9.0, 2275, 棋王.渫.孩子王
01540211, 9.4, 1453, 丁丁历险记（共22本）
02025235, 9.1, 2022, 顾准文集
02379314, 9.4, 1443, 福尔摩斯探案集（二）
01436586, 9.1, 2005, 你真好
01180106, 9.3, 1600, 恐怖宠物店(3)
20501147, 9.3, 1600, 中国哲学简史
03339812, 9.3, 1599, 木心作品八种
01559296, 9.1, 1990, 成功者的肖像
03111269, 9.2, 1775, 动物农场
01919644, 9.3, 1588, Ｊのtて　１
03089661, 9.1, 1984, 永远永远爱你
06890451, 9.2, 1770, 外天楼
02791877, 9.1, 1979, 2005
02669319, 9.0, 2217, Flipped
01072316, 9.1, 1972, 古代汉语（第一册）
01000888, 9.0, 2216, Zg]
01088054, 9.2, 1760, TCP/IP详解 卷1：协议
02042338, 9.4, 1417, 银河英雄传说VOL.5 风云篇
07064370, 9.2, 1757, 罗马人的故事2
03717819, 9.0, 2206, 明朝那些事 肆
05336428, 9.1, 1961, 吉祥纹莲花楼终篇之青龙・白虎
01261842, 9.2, 1750, 基督山伯爵
01262979, 9.2, 1749, 基度山伯爵（上下）
25737043, 9.2, 1742, 霸王别姬
01310673, 9.3, 1560, 遥远的野玫瑰村
02245468, 9.2, 1738, 南京浩劫
03410709, 9.2, 1738, 中国哲学简史
25941890, 9.2, 1738, 海伯利安
03227098, 9.2, 1737, 编程珠玑
01474343, 9.1, 1941, 手绢上的花田
05243775, 9.0, 2174, 聪明的投资者
04132801, 9.1, 1929, 城南旧事
06952773, 9.2, 1721, 深夜食堂 04
02137767, 9.2, 1720, 霸王别姬
01156424, 9.0, 2163, 罐头小人
03260831, 9.0, 2160, 上学记
01082147, 9.0, 2156, 热爱生命
03337017, 9.4, 1380, 塔希里亚故事集Ⅱ
10781730, 9.1, 1916, 深夜食堂 08
02377310, 9.2, 1711, C专家编程
01582541, 9.2, 1707, 樱桃小丸子（全20册）
06003067, 9.5, 1239, 未来ちゃん
11525217, 9.0, 2141, 银河帝国4：基地前奏
01840859, 9.6, 1115, 心经
03908795, 9.3, 1519, Fate/Zero Vol.2 [王者们的狂宴]
01076378, 9.1, 1895, 传统十论
01767310, 9.0, 2123, 黄金时代 黑铁时代
03448867, 9.0, 2123, 采桑子
01139360, 9.1, 1890, 毛泽东选集 第一卷
11528306, 9.1, 1885, 银河帝国5：迈向基地
01877969, 9.1, 1884, 经济学原理（第4版）
01769769, 9.2, 1680, 我在伊朗长大3
03432304, 9.1, 1880, 大江东去（共三部）
04127574, 9.1, 1875, 受戒
01236999, 9.6, 1101, The  C Programming Language
01424693, 9.5, 1215, 下n後，怪F家c名
01344161, 9.3, 1497, Harry Potter and the Goblet of Fire
03015357, 9.1, 1865, 美しいこと 上
02361442, 9.1, 1864, 骨の音
01180100, 9.3, 1491, 恐怖宠物店(5)
03717833, 9.0, 2087, 明朝那些事海）
03717808, 9.1, 1858, 明朝那些事 
02045811, 9.0, 2071, 张国荣的时光
02002914, 9.2, 1645, 皮皮鲁和鲁西西全传
01762527, 9.1, 1837, 飞鸟集
03091122, 9.0, 2053, 百鬼夜行抄1 [|立]
01091224, 9.3, 1466, 基度山恩仇记
01003694, 9.1, 1828, 中国少年儿童百科全书
03908903, 9.3, 1463, Fate/Zero Vol.4 [炼狱之炎]
05952488, 9.1, 1822, 亲密关系（第5版）
04737478, 9.3, 1458, 银河英雄传说-全十册
25902942, 9.0, 2038, 文明之光（第一册）
04240543, 9.5, 1180, 一九八四
25891318, 9.0, 2032, 1453
04097161, 9.1, 1807, 肖申克的救赎
01812011, 9.0, 2026, 佛教的见地与修道
02069606, 9.2, 1614, 皮皮鲁和鲁西西
01034066, 9.1, 1804, 加缪文集
02043828, 9.4, 1297, 银河英雄传说
01769773, 9.2, 1606, 我在伊朗长大4
01081144, 9.3, 1436, 古源
01967817, 9.3, 1435, 银河英雄传说VOL.4：策谋篇
01398441, 9.1, 1785, 汪曾祺散文
01436862, 9.3, 1429, バガボンド (20)
05355492, 9.1, 1780, 蒋勋说红楼梦（第二辑）
01119204, 9.3, 1428, 撒哈拉的故事
01088164, 9.0, 1992, 傲慢与偏见
01271510, 9.4, 1281, 棒球英豪（21-26）
01917417, 9.2, 1581, 银河英雄传说VOL.3 雌伏篇
01873569, 9.3, 1416, 郑渊洁童话全集(33卷)
01292412, 9.1, 1763, 叔本华思想随笔
01044994, 9.3, 1413, 鲁迅全集(1)
02076886, 9.1, 1759, 甲骨文
01393447, 9.1, 1755, 忧郁的热带
02267648, 9.1, 1755, 天堂之吻
02973081, 9.2, 1568, 浪漫的逃亡
01014903, 9.5, 1138, 脂砚斋重评石头记甲戌校本
01467587, 9.0, 1952, UNIX编程艺术
02379319, 9.4, 1257, 福尔摩斯探案集（四）
01180101, 9.4, 1255, 恐怖宠物店(9)
03908784, 9.1, 1734, Fate/Zero Vol.1 [第四次圣杯战争秘话]
01499186, 9.5, 1132, MONSTER-怪物-18
03719342, 9.2, 1548, 乡土中国
01064223, 9.1, 1730, 夹边沟记事
03908880, 9.3, 1386, Fate/Zero Vol.3 [凋零的战士们]
02003111, 9.1, 1725, 格林童话
01033163, 9.2, 1541, 老子注译及评介
01039079, 9.0, 1930, 写在人生边上 写在人生边上的边上 石语
23780878, 9.1, 1718, 深夜食堂 06
26672693, 9.0, 1926, 一个叫欧维的男人决定去死
01229923, 9.0, 1923, 重构
01315213, 9.0, 1914, 中国文化要义
01082512, 9.4, 1234, 公司理财
01451270, 9.2, 1525, 纪伯伦诗集
03643270, 9.1, 1703, 新千年文学备忘录
23780880, 9.1, 1696, 深夜食堂 07
03717783, 9.0, 1901, 明朝那些事 壹
01926289, 9.2, 1517, 三国志
01002375, 9.5, 1105, 红楼梦
02986026, 9.0, 1892, 沉默的大多数
01341752, 9.1, 1686, Harry Potter And The Chamber Of Secrets
01433572, 9.2, 1509, 随风而来的玛丽阿姨
01048930, 9.0, 1886, 联邦党人文集
24257486, 9.0, 1881, 局外人
01762096, 9.4, 1210, 百年孤独
02080914, 9.4, 1210, 银河英雄传说VOL.8 乱离篇
01180097, 9.3, 1339, 恐怖宠物店(6)
04822685, 9.2, 1488, 编码
01152745, 9.1, 1662, 花香小镇
01089049, 9.3, 1336, 莎士比亚全集（全8册）
01180099, 9.3, 1336, 恐怖宠物店(4)
01277275, 9.2, 1485, 学术与政治
01016845, 9.1, 1658, 史努比黄金50年
01003079, 9.5, 1084, 红楼梦
06310946, 9.1, 1654, 公正
01051919, 9.3, 1329, 庄子今注今译（全三册）
11528307, 9.0, 1852, 银河帝国6：基地边缘
01433835, 9.1, 1652, The Elements of Style
04282178, 9.2, 1479, あなたのためならどこまでも
26704403, 9.0, 1849, 二手时间
01089991, 9.1, 1648, 期货市场技术分析
10945834, 9.4, 1193, 蝙蝠侠：黑暗骑士归来
02005705, 9.1, 1646, 唐宋词十七讲
03003258, 9.2, 1473, 阿莱夫
10757938, 9.0, 1843, 半生缘
03715335, 9.4, 1190, 俎上のは二度跳ねる
03395865, 9.1, 1640, 北O熊 café
01418053, 9.1, 1633, 思考少年1
10758290, 9.4, 1182, 东晋门阀政治
02066374, 9.1, 1629, 返璞归真
02971668, 9.2, 1458, 平凡的世界（全本）
01393884, 9.5, 1067, Sherlock Holmes
03242948, 9.1, 1627, o^T士 DuRaRaRa!! 01
02073521, 9.2, 1454, 三毛全集
01099975, 9.3, 1305, 小王子
03233330, 9.2, 1452, 超合金社团（03、04）
01082593, 9.1, 1621, 经济学
02257902, 9.0, 1815, 只想告V你01
10543300, 9.3, 1296, 月刊少女野崎くん 01
02253402, 9.0, 1793, 罪与罚
03612285, 9.3, 1288, ndな朝 (1)
01240002, 9.2, 1433, C Primer Plus
01919647, 9.4, 1160, Ｊのtて ２
01970845, 9.3, 1285, 野草
26864984, 9.1, 1596, 金色梦乡
01454687, 9.0, 1787, 政府论（下篇）
01030503, 9.2, 1427, 东晋门阀政治
03143537, 9.3, 1277, 津巴多普通心理学
01066558, 9.4, 1150, 卡拉马佐夫兄弟（上下）
02054916, 9.3, 1273, 银河英雄传说VOL.6 飞翔篇
01152495, 9.2, 1412, 白鹦鹉的森林
01849409, 9.1, 1566, 易经
05253759, 9.3, 1260, 中国哲学简史
26886310, 9.1, 1563, 有匪1
02165076, 9.0, 1749, 玻璃球游戏
03830557, 9.3, 1252, 恐怖物店(01)
01389535, 9.0, 1740, 百鬼夜行抄12
01961808, 9.2, 1392, 呐喊
03399073, 9.1, 1552, 造l明的思路
04151599, 9.4, 1125, 花はDくか 1
04060362, 9.1, 1547, 猫城小事
04016689, 9.1, 1544, 王小波全集（第一卷 杂文）
02266490, 9.2, 1380, 白夜行（上）
03015359, 9.1, 1539, 美しいこと 下
01344160, 9.3, 1239, Harry Potter and the Prisoner of Azkaban
20279673, 9.4, 1117, 福尔摩斯探案全集（全七册）
04237837, 9.0, 1719, 月亮忘记了
20416178, 9.5, 1009, 胜滕Bは羽ばたかない 1
02065208, 9.1, 1533, 女神的圣斗士
01322358, 9.0, 1715, 费马大定理
06391328, 9.0, 1711, 踮脚张望2
05913472, 9.4, 1110, 蒋勋细说红楼梦
03289274, 9.1, 1525, 万历十五年
05410174, 9.1, 1523, 万物刹那又永恒
01444077, 9.2, 1365, 汪曾祺小说经典
26641665, 9.0, 1702, 切尔诺贝利的悲鸣
26616226, 9.2, 1363, 小王子
01054760, 9.0, 1698, 枪炮、病菌与钢铁
04987594, 9.2, 1359, 小王子
10546125, 9.3, 1218, JavaScript高级程序设计（第3版）
03132477, 9.0, 1683, 城南旧事
01424330, 9.2, 1345, NANA (Vol. 13)
01828090, 9.2, 1344, River Town
01005354, 9.1, 1494, 逻辑哲学论
01215310, 9.1, 1494, 罗杰?艾克罗伊德谋杀案
04219728, 9.4, 1084, 塔希里亚故事集Ⅲ
01014385, 9.0, 1664, 新概念英语（4）
02070068, 9.3, 1198, 银河英雄传说VOL.7 怒涛篇
01772158, 9.0, 1657, The Kite Runner
01082446, 9.2, 1328, 南怀瑾选集（第一卷）
04745950, 9.2, 1327, 第二性Ⅱ
01457226, 9.2, 1323, ROUGH
01013457, 9.1, 1475, 给一个青年诗人的十封信
06079389, 9.2, 1315, 我与地坛
01072126, 9.1, 1465, 我是霸王龙
03007268, 9.3, 1179, 传习录
04734066, 9.1, 1459, 枕头人
01088805, 9.1, 1456, 中国古典园林分析
03854850, 9.4, 1059, 阿拉蕾全集
02365418, 9.0, 1619, 小h?秒速5センチメ`トル
01643566, 9.2, 1295, 基督山伯爵
02143016, 9.1, 1442, 我，机器人
03124386, 9.0, 1612, 大唐狄公案
20376604, 9.2, 1291, 源泉
01015104, 9.3, 1161, 陶渊明集
06003716, 9.1, 1435, 蒋勋说红楼梦（第三辑）
01224279, 9.2, 1287, 中国法律与中国社会
01474736, 9.0, 1604, 鲁迅杂文全集
01785397, 9.3, 1158, 基度山伯爵（全四册）
26697350, 9.2, 1284, 极简宇宙史
04903265, 9.1, 1429, 亲爱的提奥
01291201, 9.2, 1282, Harry Potter and the Prisoner of Azkaban
03003032, 9.2, 1281, 浪漫主义的根源
01317857, 9.1, 1426, 牡丹亭
04075203, 9.1, 1425, 鼠族（一、二部）
02148363, 9.4, 1037, 烙印鹗 1
02142602, 9.3, 1148, 银河英雄传说VOL.10 落日篇
02214034, 9.2, 1272, F鼠はチ`ズの簸蛞る
01231590, 9.2, 1271, Effective C++中文版
06397522, 9.4, 1030, 论自由
01844449, 9.0, 1574, 日出Iの天子 1
05248516, 9.3, 1137, 改变心理学的40项研究
01009739, 9.3, 1136, 海子诗全编
03590768, 9.1, 1403, JavaScript语言精粹
01180098, 9.3, 1131, 恐怖宠物店(7)
02135416, 9.3, 1131, 银河英雄传说VOL.9 回天篇
01441931, 9.3, 1130, 福尔摩斯探案集(五)
10794792, 9.2, 1254, 受戒
02344128, 9.2, 1252, 21世纪少年上
01894695, 9.0, 1558, 营销管理
04066045, 9.3, 1123, 超合金社团5
25717151, 9.2, 1242, 基督山伯爵（上下）
26695174, 9.0, 1545, 灯塔
03218539, 9.4, 1001, 小王子
01032967, 9.1, 1367, 说文解字
01036787, 9.2, 1226, 昨日的世界
01839492, 9.2, 1221, 傲慢与偏见
05030403, 9.1, 1357, 子不Z 2
02255873, 9.0, 1516, 局外人 鼠疫
01152564, 9.2, 1216, 黄昏海的故事
01050465, 9.0, 1513, 浮生六记
01449957, 9.1, 1353, 烙印勇士1
02983683, 9.3, 1092, 经济学
01489401, 9.2, 1212, 安徒生童话
03178741, 9.2, 1200, 来自民间的叛逆
01091086, 9.1, 1335, 深度探索C++对象模型
25818441, 9.3, 1078, 1984
01422079, 9.0, 1485, 十二：月之影・影之海（上）
03831258, 9.1, 1328, ダブルミンツ
01899006, 9.1, 1325, 我想去看海
06125543, 9.2, 1187, 北方的空地
01348667, 9.2, 1183, 活著
11601199, 9.1, 1315, 人间词话
20503529, 9.2, 1181, 古拉格：一部历史
03334382, 9.0, 1468, 世界第一的初恋
10488617, 9.3, 1061, 冰与火之歌・卷二・列王的纷争（上）
02032964, 9.1, 1304, 正红旗下
01024846, 9.2, 1170, 所罗门王的指环
01874782, 9.1, 1301, 苍井优 - Travel Sand
01136074, 9.0, 1451, 呼兰河传
03163104, 9.3, 1049, 变化社会中的政治秩序
01396491, 9.1, 1295, 第三帝国的兴亡（全三册）
01490045, 9.1, 1290, 小王子
03717799, 9.1, 1290, 明朝那些事 E
04898797, 9.1, 1290, 阿狸・梦之城堡
02266498, 9.2, 1158, 白夜行（下）
02068527, 9.0, 1433, P小新1
03764960, 9.2, 1152, セブンデイズ
04098263, 9.2, 1150, 论语译注
01291202, 9.2, 1148, Harry Potter and the Goblet of Fire
01315844, 9.1, 1275, 古拉格群岛（上中下）
01457542, 9.2, 1145, 芥川龙之介全集
01024570, 9.2, 1141, 编码的奥秘
01595893, 9.3, 1028, 超长篇机器猫哆啦A梦5
10605859, 9.2, 1139, 精灵宝钻
01315199, 9.1, 1266, 历史研究
01180096, 9.3, 1026, 恐怖宠物店8
01370150, 9.2, 1136, 十二・D南之翼
01394534, 9.2, 1133, 勒・柯布西耶全集
01852700, 9.0, 1405, 神经外科的黑色喜剧
06784859, 9.3, 1020, KYLOOE・忧郁的蜻蜓
01029940, 9.2, 1129, 锦灰堆
01129216, 9.0, 1400, 天真的人类学家
01041366, 9.3, 1016, 管锥编（全五册）
01449421, 9.2, 1125, 古文观止
04247111, 9.2, 1125, Nothing to Envy
01027280, 9.2, 1123, 柏拉图的《会饮》
01079309, 9.2, 1123, 人间词话
01470742, 9.2, 1122, 撒哈拉的故事
03928269, 9.1, 1247, 世界一初恋 ~小野寺律の龊2~
04714156, 9.2, 1114, 夜莺与玫瑰
02981358, 9.3, 1004, 深夜食堂 1
01051943, 9.1, 1236, 尼各马可伦理学
01024468, 9.0, 1379, 金锁记
01351677, 9.0, 1379, 夏宇集／腹Zg
01401231, 9.0, 1379, 鹿鼎记（全五裕
11602265, 9.1, 1235, 羊道?前山夏牧场
11602263, 9.1, 1234, 羊道・深山夏牧场
01192706, 9.1, 1232, 大盗贼
03002857, 9.2, 1107, 寄生F (完全版) (Vol. 8)
01150503, 9.0, 1363, 资本论（第一卷）
03787127, 9.2, 1096, 人间词话
01507170, 9.0, 1358, 外部空间设计
03206771, 9.1, 1217, 一百个人的十年
01924903, 9.1, 1215, 老子
01467368, 9.0, 1352, 霍乱时期的爱情
01204878, 9.1, 1209, 超长篇机器猫哆啦A梦1
01821476, 9.1, 1200, 十二：月之影・影之海（下）
01081064, 9.1, 1199, 野草
01918707, 9.2, 1076, BASARA 15
03545614, 9.1, 1195, 爆漫王。(01)
01254942, 9.2, 1069, 黄帝内经
06073019, 9.1, 1186, 斐多
01140457, 9.1, 1184, 敏捷软件开发
05030405, 9.0, 1319, 子不Z 1
01219090, 9.2, 1063, 沙与沫
06398002, 9.1, 1174, 蒋勋说红楼梦（第四辑）
05395162, 9.0, 1308, 天人五衰
01091904, 9.1, 1172, 丰饶之海（上下）
10759466, 9.0, 1306, 地下室手记
01438738, 9.0, 1303, 奇诺之旅I
20390695, 9.0, 1303, 银河帝国8：我，机器人
01919635, 9.1, 1166, コペルニクスの呼吸1
01391510, 9.2, 1049, 机器人短篇全集（上下）
01768642, 9.2, 1048, 博尔赫斯短篇小说集
05354510, 9.0, 1297, 花のみぞ知る 1
26357614, 9.0, 1296, 海风中失落的血色馈赠
25902222, 9.0, 1295, 文明之光（第二册）
01003650, 9.1, 1160, 罪与罚
01002513, 9.2, 1039, 注析（全二裕
03266617, 9.0, 1284, 电影是什么？
01019817, 9.1, 1147, 战争与和平（上下）
01790547, 9.2, 1032, Oracle Bones
02970121, 9.0, 1276, 酌作10年精x
03717825, 9.0, 1276, 明朝那些事 伍
03829245, 9.0, 1274, 城南旧事
01439706, 9.1, 1143, 和合本t字版}
03824491, 9.0, 1271, 父亲的战场
01436656, 9.1, 1140, 寄生F (完全版) (Vol. 2)
03059083, 9.0, 1266, LIAR.GAMEⅠ
01006406, 9.0, 1264, 渴望生活-凡高的故事
05908654, 9.1, 1134, 给青年诗人的信
01439246, 9.2, 1020, 寄生F (完全版) (Vol. 6)
03124589, 9.1, 1132, 人间词话
01337302, 9.1, 1131, 天八部
01084169, 9.1, 1130, 城南旧事
01107841, 9.0, 1257, 战国策
06558202, 9.0, 1254, 容忍与自由
25746578, 9.2, 1013, 大英博物馆世界简史（全3册）
06006299, 9.2, 1010, What Every Man Thinks about Apart from Sex
01949105, 9.0, 1248, 柴王(06)
01152971, 9.0, 1238, DOOM启世录
04131380, 9.1, 1107, 忧郁的热带
20441569, 9.1, 1107, 被淹没和被拯救的
01494940, 9.1, 1101, 围城
11505704, 9.1, 1101, The Ph.D. Grind
04041998, 9.0, 1220, 孤城闭
04736014, 9.1, 1094, 快乐王子
01041893, 9.1, 1092, 南京大屠杀
10529543, 9.1, 1092, 蝙蝠侠：第一年
03279031, 9.0, 1216, 文W少女（05）
03707886, 9.0, 1216, 中国通史
10555399, 9.0, 1215, 踮脚张望3
02027043, 9.1, 1090, 君に届け 1
03360807, 9.1, 1088, Effective java 中文版（第2版）
02156992, 9.1, 1086, 课时达标练与测:数学(1年级)(下)(配北师)
25891321, 9.0, 1208, 海洋帝国
26657570, 9.0, 1204, 活着为了讲述
01436655, 9.1, 1080, 寄生F (完全版) (Vol. 3)
01966617, 9.0, 1199, の外
04097264, 9.0, 1198, 小兔彼得和他的朋友们（全3册）
01008459, 9.0, 1195, 毛毛
01489164, 9.1, 1072, 直到花豆煮熟
01436653, 9.0, 1191, 寄生F (完全版) (Vol. 5)
01491317, 9.0, 1190, 皮皮鲁和罐头小人
03114410, 9.0, 1190, 世界名著百部
01558547, 9.1, 1066, 鲁迅小说全集
03224929, 9.1, 1066, 百年中国经济史笔记
01116338, 9.1, 1062, 叔本华论说文集
01003419, 9.1, 1057, 动物农庄
10779650, 9.1, 1057, 追忆似水年华
21360827, 9.0, 1172, 朱生豪情书全集
01029370, 9.1, 1053, 记忆与印象
03095037, 9.0, 1167, 听音乐（插图第6版）
03213367, 9.0, 1166, 昨日的美食 01
03288908, 9.0, 1166, 集体智慧编程
02122992, 9.0, 1164, 故道白云
02150432, 9.1, 1041, 韦伯作品集Ⅻ:新教伦理与资本主义精神
05344534, 9.0, 1158, 额尔古纳河右岸
01408193, 9.1, 1040, To Kill a Mockingbird
01779132, 9.1, 1040, m春日的消失
25883305, 9.1, 1039, 阿拉伯的劳伦斯
02281861, 9.0, 1155, 世说新语
01049463, 9.1, 1033, 神奇宝贝特别篇（全23册）
01055347, 9.0, 1149, 中国史纲
10767068, 9.0, 1149, 劭炝_密W
01436654, 9.1, 1029, 寄生F (完全版) (Vol. 4)
01290911, 9.1, 1028, 银孔雀
03410759, 9.0, 1141, 隔江山色
01082573, 9.1, 1025, 英雄志・第二部（全三册）
01736652, 9.1, 1016, 哈利?波特(共6册) (精装)
04243288, 9.0, 1130, 飞鸟集
10877051, 9.0, 1129, 顾城哲思录
01212507, 9.1, 1011, 麦兜・尿水遥遥
26627837, 9.1, 1011, 罗生门
03812771, 9.1, 1008, 新月集・飞鸟集
02274697, 9.0, 1121, 江村经济
03989184, 9.0, 1121, o^T士 DuRaRaRa!! 02
01394254, 9.1, 1006, Animal Farm
01985973, 9.1, 1006, 渫
03272411, 9.1, 1002, 追忆似水年华（全三册）
01115397, 9.0, 1112, 我要做好孩子
11606761, 9.0, 1111, 下垂眼VOL.2
01315184, 9.0, 1108, 哲学研究
04262627, 9.0, 1108, 重构
06511362, 9.0, 1102, 我们时代的神经症人格
25701102, 9.0, 1100, 深夜食堂  11
03016270, 9.0, 1098, 黄金时代
01424955, 9.0, 1096, 卓有成效的管理者 （中英文双语典藏版）
02101774, 9.0, 1092, 金枝
01042011, 9.0, 1090, 古代汉语（第二册）
01448768, 9.0, 1087, 平凡的世界（全三部）
01088418, 9.0, 1081, 死屋手记
03025619, 9.0, 1070, 美国讲稿
10762477, 9.0, 1070, 全职高手2・千机初芒
03012360, 9.0, 1069, C和指针
03313342, 9.0, 1069, 3月的{子(01)
04247000, 9.0, 1059, 欲望号街车
01966610, 9.0, 1056, 箱の中 (Holly Novels)
02221115, 9.0, 1055, 庄子Q（下）
01457778, 9.0, 1049, 人性的枷锁
01034470, 9.0, 1048, 柳如是别传（全三册）
01788132, 9.0, 1048, ノアの宇宙船D清水玲子茏骷
02258369, 9.0, 1047, 小公主
01965464, 9.0, 1043, 毛毛
01016930, 9.0, 1040, 论法的精神（上）
01178089, 9.0, 1036, 给心理治疗师的礼物
01456203, 9.0, 1033, y河F道999 （1）
01432082, 9.0, 1029, CLOVER(02)
26757680, 9.0, 1022, 面纱
01784790, 9.0, 1012, 傅山的世界
01982427, 9.0, 1011, 大明王朝1566
01433192, 9.0, 1010, 普通语言学教程
05382213, 9.0, 1010, 股票大作手回忆录
11632564, 9.0, 1009, 蝙蝠侠：缄默
04860448, 9.0, 1008, 经济解释卷一： 科学说需求 （神州增订版）
01443887, 9.0, 1003, 中国哲学简史
25897707, 9.0, 1000, 沈从文的后半生
