2017-03-18 22:14:29

Books with rating >= 0.0 and votes >= 10000.
Total number: 725

ID, rating, votes, title
01007305, 9.5, 112791, 红楼梦
01084336, 9.0, 211602, 小王子
03259440, 9.1, 173299, 白夜行
01770782, 8.8, 248938, 追风筝的人
01008145, 8.9, 179735, 围城
01082154, 9.1, 120195, 活着
06082808, 9.2, 94365, 百年孤独
01068920, 9.3, 73313, 飘（上下）
03066477, 9.2, 74658, 三体Ⅱ
05363767, 9.2, 74082, 三体Ⅲ
03211779, 8.9, 119409, 嫌疑人X的献身
01200840, 9.0, 93907, 平凡的世界（全三部）
01061118, 9.1, 73727, 活着
02567698, 8.8, 125472, 三体
01041007, 9.0, 82496, 哈利・波特与魔法石
10554308, 9.2, 58836, 白夜行
04913064, 9.3, 49378, 活着
25862578, 8.6, 169753, 解忧杂货店
20427187, 8.8, 108683, 看见
01019568, 9.2, 52618, 三国演义（全二册）
01040211, 9.2, 46902, 福尔摩斯探案全集（上中下）
01255625, 9.1, 53432, 天龙八部
01071241, 8.9, 70173, 哈利・波特与阿兹卡班的囚徒
01221515, 9.5, 26480, 灌篮高手31
01009257, 8.9, 68070, 哈利・波特与火焰杯
01083428, 8.8, 80334, 傲慢与偏见
01474773, 9.5, 25257, 海贼王
01873231, 8.8, 77621, 明朝那些事儿（壹）
01361264, 9.0, 53521, 撒哈拉的故事
01017143, 8.5, 130031, 不能承受的生命之轻
01858513, 8.9, 61687, 月亮和六便士
01204889, 9.4, 27542, 机器猫哆啦A梦23
01060068, 9.2, 36371, 撒哈拉的故事
01039487, 8.8, 67893, 哈利・波特与密室
01041482, 8.9, 54795, 万历十五年
04820710, 9.3, 28280, 1984
02295163, 8.9, 53467, 哈利・波特与死亡圣器
03995526, 8.7, 73734, 目送
06710437, 9.3, 26896, 撒哈拉的故事
10594787, 8.9, 50266, 霍乱时期的爱情
01432596, 8.8, 59604, 哈利・波特与混血王子
01141406, 8.5, 101726, 简爱
01829226, 9.1, 35345, 肖申克的救赎
04238362, 8.6, 82815, 送你一颗子弹
01085860, 8.9, 48452, 基督山伯爵
01002299, 8.9, 47827, 笑傲江湖（全四册）
01046209, 9.1, 34455, 安徒生童话故事集
01786670, 8.9, 46549, 百年孤独
02035179, 9.2, 28182, 动物农场
01089243, 8.8, 52474, 黄金时代
01054685, 9.0, 36667, 沉默的大多数
03674537, 9.1, 30869, 明朝那些事儿（1-9）
01858576, 9.3, 22517, 一九八四
01090043, 8.5, 83112, 倾城之恋
01023045, 8.6, 68629, 我们仨
01336330, 9.3, 21607, 冰与火之歌（卷一）
01029791, 8.7, 56382, 许三观卖血记
01949338, 8.9, 39232, 明朝那些事儿（贰）
04117922, 9.0, 33116, 嫌疑人X的献身
01007914, 8.7, 54480, 窗边的小豆豆
01082387, 9.2, 24007, 一九八四・动物农场
01827374, 9.0, 32507, 东方快车谋杀案
01057244, 8.6, 63969, 边城
01255624, 8.8, 43480, 神雕侠侣
03369793, 8.7, 50236, 亲爱的安德烈
01389960, 9.2, 22050, 七珠 34
06388661, 8.8, 41035, 这些人，那些事
02143732, 8.7, 48484, 灿烂千阳
01040771, 8.2, 123358, 达・芬奇密码
05414391, 9.0, 28880, 寻路中国
01013129, 8.6, 56195, 哈利・波特与凤凰社
25985021, 9.3, 17961, 人类简史
02052448, 8.9, 32663, 明朝那些事儿（叁）
01046265, 8.0, 178790, 挪威的森林
04123116, 9.2, 20065, 月亮和六便士
01027191, 9.0, 26860, 历史深处的忧虑
01044547, 8.9, 31232, 射雕英雄传（全四册）
03813669, 8.6, 51526, 民主的细节
03006581, 8.9, 30715, 无人生还
05299764, 9.4, 14220, 1984
01045818, 8.5, 59184, 苏菲的世界
01077847, 9.5, 12177, 史记（全十册）
01449351, 8.8, 34597, 呐喊
04242172, 8.3, 84649, 天才在左 疯子在右
01029111, 8.9, 29016, 哭泣的骆驼
01066462, 8.4, 69215, 向左走・向右走
01003479, 9.1, 21217, 中国历代政治得失
05350303, 9.3, 15415, 活着
01043008, 8.9, 27885, 格林童话全集
02154960, 8.7, 38686, 一个陌生女人的来信
03608208, 8.6, 45468, 牧羊少年奇幻之旅
01080370, 8.6, 45094, 情书
03554154, 9.0, 23089, 阿狸・梦之城堡
03626924, 9.0, 22762, 明朝那些事儿（柒）：大结局
01401841, 9.0, 22510, 傲慢与偏见
02035162, 9.0, 22451, 刀锋
04742918, 8.3, 73859, 1Q84 BOOK 1
01205054, 8.9, 25765, 悲惨世界（上中下）
02253642, 8.8, 30170, 明朝那些事儿（肆）
01022060, 8.3, 72994, 狼图腾
03071717, 8.8, 29725, 爱你就像爱生命
03646172, 8.4, 58849, 恶意
01464203, 9.4, 11870, 冰与火之歌（卷二）
07060185, 9.0, 21128, 江城
03523041, 9.2, 15681, 平凡的世界（全三册）
01948901, 8.4, 57595, 盗墓笔记
01986291, 9.5, 10278, 冰与火之歌（卷三）
07163250, 9.2, 15514, 明朝那些事儿
01069848, 9.0, 20700, 围城
20440644, 9.2, 15320, 文学回忆录（全2册）
03604517, 9.3, 13260, 撒哈拉的故事
04908885, 9.0, 20115, 局外人
03009821, 8.8, 27467, 明朝那些事儿（伍）
03808982, 9.3, 12891, 动物庄园
01119522, 8.4, 54420, 呼啸山庄
01003000, 8.4, 54092, 悟空传
01082334, 8.3, 64801, 穆斯林的葬礼
01082406, 8.8, 26745, 黄金时代
03274113, 8.9, 22728, 明朝那些事儿（陆）
01212893, 8.8, 26603, 鹿鼎记（全五册）
01855364, 9.1, 16734, 围城
06709783, 9.1, 16724, 浪潮之巅
04166819, 8.8, 26308, 你好，旧时光（上 下）
05916880, 8.6, 36688, 华胥引（全二册）
04188697, 9.1, 16416, 子不语(1
01461903, 8.0, 114209, 何以笙箫默
01474842, 9.1, 16288, NANA（1-13）
01863930, 8.8, 25330, 看不见的城市
01085799, 8.6, 35287, 白鹿原
02064977, 8.9, 21467, 死亡P 1
02070844, 8.8, 25081, 梦里花落知多少
01254588, 8.9, 21347, 城南旧事
01767945, 8.8, 24798, 一只特立独行的猪
01002898, 9.1, 15615, 父与子全集
04207781, 8.8, 24698, 孩子你慢慢来
01883245, 9.4, 10244, 诗经
01058661, 8.8, 24322, 飞鸟集
01421921, 8.9, 20555, 幽游白书（全19册）
04885241, 8.4, 47373, 1Q84 BOOK 2
02068211, 9.3, 11376, 撒哈拉的故事
11622283, 9.2, 13025, 滚蛋吧!肿瘤君
01963684, 8.6, 32848, 半生缘
01401425, 8.3, 56200, 兄弟（上）
01014578, 9.0, 17247, 我的精神家园
01018136, 9.1, 14840, 动物庄园
04934332, 9.2, 12692, 子不语3
03426869, 8.3, 54817, 三生三世 十里桃花
01467022, 9.2, 12479, 上帝掷骰子吗
01400705, 8.1, 79082, 情人
05275059, 7.9, 116921, 1988：我想和这个世界谈谈
01775691, 8.3, 51932, 少有人走的路
01086249, 8.6, 30341, 荆棘鸟
04714734, 8.4, 42963, 这些都是你给我的爱
06798611, 8.7, 25140, 史蒂夫・乔布斯传
01209899, 9.0, 15742, 我与地坛
01064275, 8.3, 50323, 老人与海
03879301, 8.1, 73929, 微微一笑很倾城
01358873, 8.5, 34796, 月亮忘了
01985223, 8.7, 24757, 倾城之恋
25924253, 9.0, 15441, 嫌疑人X的献身
03014576, 8.4, 40660, 陪安东尼度过漫长岁月
01192090, 8.7, 24166, 球状闪电
01051193, 8.6, 28487, 麦琪的礼物
01088065, 8.6, 28200, 阿Q正传
01011754, 8.9, 17166, 海子的诗
01003078, 9.2, 11092, 小王子
02159042, 8.4, 38972, 挪威的森林
03665874, 9.0, 14622, 星空
01034282, 8.8, 19400, 时间简史
01203426, 9.0, 14288, 人间词话
01970428, 8.8, 18990, 激荡三十年（上）
20470917, 9.0, 13986, 深夜食堂 01
01092335, 8.9, 16044, 教父
01014278, 8.4, 36407, 红玫瑰与白玫瑰
01321017, 8.8, 18648, 九州・缥缈录
01431836, 8.6, 25623, 我的路
01059336, 8.6, 25463, 往事并不如烟
01258490, 9.2, 10256, 基地
01529893, 8.0, 76602, 莲花
01426971, 8.8, 18296, 野火集
02284311, 8.7, 21099, 苏菲的世界
24380577, 9.2, 10030, 平凡的世界
03239549, 9.1, 11383, 夹边沟记事
01020459, 8.4, 34386, 此间的少年
01346815, 8.4, 33790, 一人住第5年
01029553, 8.7, 20401, 西游记（全二册）
01807516, 8.9, 14910, 罗杰疑案
01059419, 8.1, 58682, 海边的卡夫卡
10517238, 9.1, 11100, 平凡的世界
01803022, 9.0, 12737, 圣经
01119839, 9.1, 11028, 王尔德童话
01024197, 8.3, 39262, 巴黎圣母院
01082398, 8.7, 19791, 梦里花落知多少
02297697, 8.6, 23190, ZOO
01056733, 8.3, 38736, 地下铁
01474688, 9.1, 10735, C器娃娃(1)
01044663, 8.7, 19441, 许三观卖血记
03017857, 8.5, 26907, 金锁记
01021615, 9.1, 10564, 小王子（中英文对照本）
03266344, 8.5, 26472, 盗墓笔记4
01292416, 8.5, 26410, 香水
01013208, 8.5, 26308, 如何阅读一本书
01226062, 8.9, 13921, 棋魂・光之棋（1）
01786387, 8.6, 22130, 影响力
01858410, 9.0, 11948, 万历十五年
01018577, 8.9, 13766, 霸王别姬 青蛇
01180102, 8.9, 13763, 恐怖宠物店（10）
04231381, 8.5, 25908, 那些回不去的年少时光
01986590, 9.1, 10275, 小王子
02209098, 7.9, 78829, 致我们终将逝去的青春
02340100, 8.1, 52263, 遇见未知的自己
01088581, 8.9, 13421, 浮生六记
02380307, 8.9, 13421, 激荡三十年（下）
01789837, 9.0, 11570, 射雕英雄传
01941558, 8.6, 20925, 设计中的设计
01919201, 8.5, 24697, 七夜雪
26698660, 9.0, 11323, 巨人的陨落
01291809, 8.5, 24096, 世界尽头与冷酷仙境
01388169, 8.6, 20392, 乱马1/2
02298149, 8.4, 28396, 盗墓笔记3
06880158, 8.7, 17275, 陆犯焉识
03406401, 9.0, 11010, 悉达多
01080309, 8.4, 28154, 尘埃落定
01853785, 8.7, 17064, 天是红河岸
04011670, 8.3, 33415, 人间失格
01818347, 8.7, 17050, 尼罗河上的惨案
01070851, 8.5, 23566, 倚天屠龙记(共四册)
02256039, 7.8, 88460, 杜拉拉升职记
01028842, 9.0, 10761, 经济学原理（上下）
04187411, 8.8, 14414, 万物有灵且美
01981042, 9.0, 10724, 万历十五年（增订本）
02035171, 9.0, 10716, 人生的枷锁
03609132, 8.5, 23193, 把时间当作朋友
01449352, 8.6, 19653, 朝花夕拾
04920007, 8.7, 16581, 不能承受的生命之轻
01056315, 8.8, 14156, 总统是靠不住的
01014825, 9.0, 10545, 我也有一个梦想
01398395, 8.6, 19333, 狂人日记
01008988, 8.3, 31976, 了不起的盖茨比
01036490, 8.8, 14015, 万水千山走遍
01424741, 8.5, 22339, 心是孤独的猎手
01013380, 8.1, 45154, 茶花女
01394364, 8.8, 13713, 银河系漫游指南
01088022, 8.9, 11778, 亮剑
01159939, 8.5, 21885, 一个陌生女子的来信
24754316, 8.7, 15781, 最好的我们
02131415, 8.8, 13533, 我的路2
01008357, 8.5, 21634, 水浒传（全二册）
01060852, 8.8, 13403, 呼兰河传
04842446, 8.7, 15622, 巨流河
01391191, 8.5, 21461, 京华烟云
03026879, 8.8, 13331, 爱的艺术
04886245, 7.8, 79010, 独唱团（第一辑）
01021847, 8.5, 21138, 我的心中每天开出一朵花
01424555, 8.9, 11340, HUNTER X HUNTER 1
01012611, 8.3, 29651, 乌合之众
01225977, 8.9, 11212, 全球通史（第7版 上册）
01013416, 8.5, 20862, 雷雨
06021440, 8.8, 12967, 黑客与画家
03369600, 8.1, 41995, 当我谈跑步时我谈些什么
01034329, 8.8, 12726, 白鹿原
04729583, 8.9, 10968, 野火集
02022979, 8.1, 41237, 喜宝
01205370, 8.1, 40982, 羊脂球
01431779, 8.9, 10846, 九州・缥缈录Ⅱ・苍云古齿
01036274, 8.5, 20146, 夏洛的网
02067299, 8.8, 12471, 我的路4
01963912, 8.8, 12260, 正见
01440589, 8.7, 14195, 浪客剑心
04732378, 8.7, 14178, 那些回不去的年少时光・终场
04173968, 8.4, 23021, 盗墓笔记6
01819974, 8.7, 14105, 我的路3
03800166, 8.4, 22836, 盗墓笔记5
05327697, 8.3, 27145, 橙
20424526, 8.9, 10313, 邓小平时代
26382433, 8.2, 32056, 无声告白
02057285, 8.2, 31881, 盗墓笔记2
01794844, 8.5, 18940, 有一天啊，宝宝……
02136140, 8.7, 13756, 雨季不再来
02158189, 8.5, 18851, 海边的卡夫卡
02567919, 8.3, 26250, 匆匆那年（上下）
05254315, 8.4, 22011, 盗墓笔记7
03598313, 8.0, 45542, 西决
01033825, 8.7, 13512, 顾城的诗
01035848, 8.6, 15715, 一千零一夜
01004992, 8.8, 11473, 张爱玲文集
04884218, 8.8, 11305, 我的阿勒泰
02008284, 8.7, 13140, 佐贺的超级阿嬷
01813841, 8.8, 11259, 枪炮、病菌与钢铁
05375620, 8.8, 11248, 失控
01882933, 8.1, 36079, 鬼吹灯之精绝古城
01062193, 8.6, 15223, 娱乐至死
01963310, 8.2, 29817, 大地之灯
01004821, 8.7, 12811, 理想国
01449348, 8.8, 11013, 彷徨
01001885, 8.5, 17487, 带一本书去巴黎
01358413, 8.5, 17332, 我只能槟惝一小卡片
02056749, 8.1, 34507, 时间旅行者的妻子
03344676, 8.1, 34149, 常识
01016003, 8.0, 40957, 鲁滨逊漂流记
01043815, 8.2, 28022, 骆驼祥子
01050339, 7.8, 60665, 文化苦旅
01812439, 8.1, 33561, 步步惊心
01013225, 8.3, 23364, 生活在别处
02326571, 8.6, 14149, 琅琊榜
01028270, 8.8, 10441, 舒克和贝塔历险记
01020961, 8.7, 12119, 棋王
01085883, 8.6, 14034, 青铜时代
02053249, 8.0, 39588, 麦田里的守望者
01082518, 7.9, 48055, 麦田里的守望者
04124727, 8.1, 32646, 孤独六讲
03633461, 8.6, 13862, 一句顶一万句
01865089, 8.4, 19139, 瓦尔登湖
03920130, 8.6, 13672, 告白
01061977, 8.7, 11659, 血色浪漫
01418686, 8.6, 13590, 红拂夜奔
03187737, 8.4, 18674, 占星术杀人魔法
01083762, 8.7, 11546, 人类的群星闪耀时
01085470, 8.4, 18538, 海底两万里
01316648, 8.3, 21698, 查令十字街84号
01082349, 8.2, 25852, 长恨歌
05366248, 8.3, 21623, 你一定爱读的极简欧洲史
01789841, 8.7, 11347, 倚天屠龙记
01032501, 8.7, 11278, 心理学与生活
01958227, 8.2, 25332, 那些年，我们一起追的女孩
01030052, 7.9, 44452, 清醒纪
01070441, 8.6, 12972, 月亮忘记了
01440089, 8.3, 21171, 那些生命中温暖而美好的事情
01022238, 8.2, 25092, 菊与刀
01049354, 8.5, 15066, 又寂寞又美好
03012517, 8.5, 15064, 小姨多鹤
01040104, 8.7, 11022, 魔戒（第一部）
04872671, 8.2, 24870, 佛祖在一号线
01228110, 8.2, 24808, 天使与魔鬼
01125186, 8.5, 14843, 半生
03699108, 8.7, 10850, 我的错都是大人的错
01138986, 8.7, 10808, 名侦探柯南42
01962929, 8.0, 35192, 佳期如梦
03136271, 8.6, 12517, 罗生门
01394253, 8.7, 10702, デスノ`ト 5
01422833, 8.7, 10688, 多情剑客无情剑(上、中、下)
01213546, 8.3, 20087, 变形记
02256438, 7.8, 50750, 素年锦时
01001193, 8.6, 12192, 再见了，可鲁
04874131, 8.1, 27970, 东霓
01464716, 8.7, 10330, A河魅影
02243213, 7.9, 40287, 山楂树之恋
04238754, 8.0, 33195, 失恋33天
01015452, 8.2, 22869, 国境以南 太阳以西
01367458, 8.4, 16273, 照相本子
01089512, 8.6, 11811, 陆小凤传奇
03315879, 8.6, 11675, 恶童日记
01065970, 7.8, 47965, 彼岸花
01056295, 8.3, 18839, 人性的弱点全集
01258498, 8.3, 18232, 项链
02194123, 8.4, 15429, 相约星期二
06953273, 8.6, 11229, 盗墓笔记
01006197, 8.4, 15290, 哈姆莱特
01033778, 8.2, 21416, 富爸爸，穷爸爸
10763902, 7.9, 36854, 偷影子的人
02250587, 7.6, 67372, 一个人的好天气
25733470, 8.3, 17590, 村上春树：没有色彩的多崎作和他的巡礼之年
01329941, 8.6, 10851, |京BABYLON (Vol. 1)
01005521, 8.1, 24864, 伊豆的舞女
01015699, 8.3, 17361, 中国大历史
01794620, 7.8, 43144, 芒果街上的小屋
04074636, 7.6, 65566, 放学后
11527101, 8.5, 12359, 这些都是你给我的爱2
04618225, 8.2, 20286, 不去会死！
06431994, 8.3, 17090, 悟空传
03803820, 8.4, 14374, 人生
01439216, 8.6, 10489, 伯爵[ ~ 诅咒之子
01082162, 8.3, 16738, 第一炉香
01465324, 7.7, 51323, 洛丽塔
03268399, 8.5, 12076, 上海堡垒
01007433, 8.1, 23563, 红与黑
01878708, 8.3, 16478, LA流浪记
04010196, 8.1, 23308, 世界因你不同
20463108, 8.3, 16420, 观念的水位
01020670, 8.2, 19245, 舞！舞！舞！
24934182, 8.1, 22941, 一个人的朝圣
05269439, 8.4, 13766, 城门开
26340138, 7.7, 49613, 岛上书店
01048007, 8.2, 19069, 高效能人士的七个习惯（精华版）
01063190, 8.0, 27055, 蔷薇岛屿
01059937, 8.4, 13451, 微笑的鱼
01039752, 7.8, 39411, 且听风吟
01026425, 7.4, 93042, 三重门
01082150, 8.3, 15676, 白银时代
02244146, 8.2, 18361, 穆斯林的葬礼
01025753, 8.2, 18118, 妻妾成群
02171321, 8.4, 12903, 找死的兔子
03537590, 8.3, 15165, 朗读者
04011440, 8.0, 25437, 最初的爱情 最后的仪式
01016300, 7.2, 142940, 梦里花落知多少
01917972, 7.8, 37137, 在路上
03608235, 8.5, 10840, 失物之书
01089521, 8.5, 10828, 楚留香传奇
01056461, 8.3, 14846, 旅行的艺术
03010133, 8.4, 12577, 琥珀・恋爱的犀牛
01041128, 8.5, 10741, 天蓝色的彼岸
02283084, 8.2, 17486, 云中歌1
04953695, 8.0, 24715, 拆掉思维里的墙
01336968, 8.4, 12382, 一人上|京
01316622, 8.4, 12263, 诛仙1
01926103, 8.0, 24246, 鬼吹灯之云南虫谷
20392523, 8.5, 10378, 没有人给他写信的上校
03065343, 8.4, 12110, 云中歌3
05366275, 8.4, 12081, 我怎样毁了我的一生
01143694, 8.2, 16664, 动物凶猛
10786473, 8.2, 16656, 自控力
02180619, 8.0, 23363, 偷书贼
05363752, 8.5, 10049, 哥斯拉不说话
03642673, 8.0, 23116, 我执
01051797, 8.4, 11554, 喜宝
06746289, 8.4, 11537, 新参者
01089517, 8.4, 11512, 绝代双骄（全三册）
01312333, 8.2, 15869, 蔷薇岛屿
02339950, 7.8, 32377, 被窝是青春的坟墓
01082138, 8.3, 13185, 在细雨中呼喊
01031740, 8.1, 18270, 寻羊冒险记
01003284, 8.1, 17913, 退步集
03860856, 8.1, 17810, 可爱的洪水猛兽
01427288, 8.4, 10827, 小妇人
01860750, 8.4, 10815, 了不起的盖茨比
01009393, 8.4, 10813, 在细雨中呼喊
01049219, 7.4, 71720, 长安乱
01261153, 8.4, 10776, 青蛇
01061367, 8.4, 10760, 幸运儿
01018153, 7.8, 30420, 水仙已乘鲤鱼去
01886385, 8.1, 17493, 来不及说我爱你
02048364, 8.1, 17482, 独步天下（上下卷）
01758767, 8.2, 14666, 人气绘本天后高木直子作品典藏（全6册）
02331434, 7.7, 36549, 原来你还在这里
26414020, 8.1, 17210, 我不喜欢这世界，我只喜欢你
01053759, 8.3, 12195, 雪国 古都
04010969, 7.8, 29524, 当我们谈论爱情时我们在谈论什么
02004407, 8.1, 16974, 后宫・甄执Ⅰ
26278687, 7.8, 29061, 皮囊
01058234, 7.7, 35284, 二三事
02359003, 8.2, 14046, 沉思录
01049189, 7.4, 66775, 1995-2005夏至未至
04780102, 8.4, 10130, 一个人住第9年
01212080, 8.4, 10060, 奇鸟行状录
01914636, 8.4, 10013, 蛤蟆的油
01025723, 8.3, 11693, 潜规则
03016221, 8.3, 11636, 云中歌2
02363651, 8.2, 13374, 十四堂人生创意课
01082522, 8.2, 13353, 家
01367964, 8.2, 13267, 布瓜的世界
02193877, 8.1, 15708, 你在天堂里遇见的五个人
05252677, 8.1, 15695, 幸福了吗?
01916726, 7.9, 22294, 鬼吹灯之龙岭迷窟
01785029, 8.3, 11151, 步步惊心
03140801, 8.1, 15502, 姑获鸟之夏
01203251, 8.1, 15492, 雾都孤儿
03394338, 7.5, 49231, 他的国
01013502, 7.6, 39485, 钢铁是怎样炼成的
02082194, 8.2, 12957, 小时候
01926700, 7.7, 32202, 关于莉莉周的一切
03616310, 7.6, 38847, 小团圆
01007772, 8.2, 12739, 双城记
04067621, 8.2, 12731, 暗黑童话
01227838, 7.6, 38617, 年华是无效信
01029159, 7.5, 47372, 八月未央
01761056, 8.3, 10727, 蓝石头
01256186, 8.3, 10692, 护花铃
04929844, 8.3, 10480, 怪诞行为学
01012637, 8.2, 12232, 牛虻
01925232, 7.9, 20549, 大漠谣
01467776, 8.3, 10257, 朗读者
01079440, 8.1, 14239, 遇到百分之百的女孩
06902639, 7.9, 20130, 青春
05920385, 8.2, 11872, 肠子
02230208, 8.1, 14019, 我的前半生
02139305, 7.7, 29045, 巴别塔之犬
01078250, 8.2, 11720, 洗澡
01031741, 7.8, 23722, 欧也妮・葛朗台
04009552, 7.6, 35126, 幻夜
03561591, 8.0, 16058, 凤囚凰（上中）
01401840, 8.2, 11385, 天使禁C^
04180711, 8.2, 11383, 拖延心理学
01024217, 7.4, 51656, 第一次的亲密接触
03108829, 7.8, 22461, 全世爱
05292912, 8.0, 15464, 1988：我想和这个世界谈谈
01453210, 7.4, 50337, 一座城池
06974232, 8.0, 15180, 盗墓笔记8・大结局（上）
01031575, 8.1, 12772, 听酌壮歌
01075538, 8.2, 10730, 普罗旺斯的一年
02070012, 8.2, 10654, 一个人的第一次 第一次一个人旅行
25697520, 8.2, 10644, 他们最幸福
01851385, 7.8, 21344, 我的名字叫红
03223711, 8.1, 12497, 怪诞行为学
04105446, 8.1, 12480, 十一种孤独
04127527, 8.2, 10504, 厨房
05502995, 7.6, 31181, 1Q84 BOOK 3
03266345, 8.1, 12345, 三杯茶
05958726, 8.0, 14315, 质数的孤独
01848256, 8.0, 14132, 东京奇谭集
01016523, 7.5, 36702, 告别薇安
02376306, 7.8, 20233, 第三种爱情
03191044, 7.8, 20167, 华莱士人鱼
02143304, 8.1, 11832, 我爱问连岳
02078219, 8.0, 14021, 且试天下1
01255288, 8.0, 13988, 复活
01938591, 7.8, 19902, 鬼吹灯之昆仑神宫
01703544, 7.5, 35506, 兄弟（下）
01948502, 7.8, 19573, 1995-2005夏至未至
25984204, 7.6, 28786, 乖，摸摸头
03673651, 7.7, 23625, 岛
01059406, 7.1, 87446, 幻城
25747921, 7.2, 68352, 从你的全世界路过
01043485, 8.1, 11298, 檀香刑
01400707, 8.1, 11231, 广岛之恋
10740021, 8.0, 13238, 三生三世 枕上书
03009033, 7.8, 18807, 杂的文
03123939, 8.0, 13142, 不负如来不负卿1
03710879, 8.1, 11077, 凤囚凰（下）
05686369, 8.0, 13120, 何以笙箫默
02317973, 8.1, 10993, 素年锦时
01485495, 8.1, 10980, 楼下的房客
03124525, 7.7, 22420, 暮色
01054889, 7.7, 21933, 行者无疆
03506871, 7.6, 26511, 曾有一个人，爱我如生命
01020959, 8.1, 10632, 斯普特尼克恋人
01069059, 8.1, 10623, 雪国
03293231, 7.8, 17911, 许我向你看
01045247, 7.7, 21448, 面包树上的女人
02382705, 7.6, 25993, 不朽
05980360, 8.1, 10397, 曾许诺
03102324, 7.7, 21043, 秘密
01015584, 8.0, 12184, 看上去很美
04580972, 7.7, 20878, 流星之绊
04286204, 8.1, 10225, 麦田里的守望者
01010520, 8.1, 10191, 血薇
04152754, 7.7, 20722, 时生
01489555, 7.8, 17103, 寂寞空庭春欲晚
01067907, 8.1, 10142, 长恨歌
03594151, 8.1, 10134, 柑橘与柠檬啊
02016749, 8.1, 10064, 金陵十三钗
02062202, 7.9, 14135, 绾青丝Ⅲ
01027247, 7.9, 14123, 丑陋的中国人
01005918, 7.9, 13995, 堂吉诃德
05366278, 8.0, 11580, 走吧，张小砚
03010130, 7.7, 19745, 悲观主义的花朵
04241870, 7.7, 19741, 我在回忆里等你
06974102, 7.7, 19286, 盗墓笔记8・大结局（下）
03067169, 7.9, 13373, 丑陋的中国人
03103080, 7.6, 23205, 须臾
03905366, 7.8, 15861, 迟到的间隔年
01047138, 7.7, 18995, 少年维特的烦恼
02009825, 7.6, 22196, 绾青丝Ⅰ
04113090, 7.4, 33346, 我们台湾这些年
05289756, 7.9, 12688, 爱的地下教育
01856285, 7.3, 41290, 人生若只如初见
01201821, 8.0, 10514, 梦的解析
01012203, 7.6, 21608, w寄生
02115040, 8.0, 10338, 玫瑰的故事
01470158, 8.0, 10225, 圆舞
03801097, 7.8, 14270, 夏天・烟火・我的尸体
02129362, 8.0, 10026, 帝王业（上下）
01063245, 7.6, 20613, 通稿2003
01006004, 7.5, 25008, 樱桃之远
02081876, 7.3, 38099, 货币战争
04159088, 7.8, 14071, 理想的下午
20425053, 7.7, 16899, 我所理解的生活
04171951, 7.5, 24783, 失落的秘符
04169424, 7.9, 11677, 蛙
02267883, 7.9, 11640, 色，戒
03713327, 7.7, 16600, 圣女的救济
01001204, 7.9, 11579, 山居笔记
06732193, 7.9, 11520, 十年一品温如言
05317075, 7.2, 46314, 蔡康永的说话之道
01006113, 7.8, 13624, 源氏物语
07064313, 7.8, 13465, 突然就走到了西藏
02028070, 7.8, 13342, 绾青丝Ⅱ
02980812, 7.8, 13336, 踮脚张望的时光
01020241, 7.6, 19114, 千年一叹
04818929, 7.8, 13165, 夏至未至
02336093, 7.8, 13154, 池袋西口公园
01829836, 7.8, 12977, 品三国（上）
01914572, 7.6, 18790, 誓鸟
02034893, 7.6, 18722, 那些男孩教我的事
01009160, 7.3, 34613, 像少年啦飞驰
03018339, 7.7, 15335, 万物生长
01035362, 7.9, 10730, 神的孩子全跳舞
01440345, 7.8, 12650, 燕尾蝶
01008074, 7.5, 22089, 失乐园
01023500, 7.6, 18011, 告别薇安
01083477, 7.8, 12238, 包法利夫人
01478487, 7.8, 12150, 曼珠沙华
04115227, 7.5, 21233, 岁月是朵两生花
03061282, 7.6, 17390, 山月不知心底事
01871471, 7.8, 11699, 一座城池
01468493, 7.6, 16491, 梦回大清
03615061, 7.5, 19827, 宿命
03890174, 7.7, 13498, 信
02149655, 7.7, 13348, 鬼吹灯Ⅱ之一・黄皮子坟
01867642, 7.7, 13048, 世界是平的
04173403, 7.7, 13034, 温柔的叹息
03674353, 7.7, 12919, 沥川往事
01034108, 7.2, 35145, 零下一度
01076045, 7.6, 14965, 连城诀
01068308, 7.6, 14881, 雪山飞狐
03323987, 7.3, 26929, 杜拉拉2华年似水
02382094, 7.8, 10283, 绾青丝Ⅳ（上）
03043491, 7.7, 12262, 浮沉
02382087, 7.8, 10169, 绾青丝Ⅳ（下）
03056892, 7.5, 17586, 幻城
01915536, 7.3, 26418, 尘埃星球
03266968, 7.3, 26354, 秘密
01420368, 7.6, 14197, 裂锦
01925218, 7.4, 20947, 翻译官
01436348, 7.7, 11750, 八月未央（修订版）
04213995, 7.7, 11528, 黑笑小说
05275500, 7.7, 11524, 尘曲
03183785, 7.7, 11500, 爱你，是我做过最好的事
03000997, 7.6, 13751, 牛奶可乐经济学
02300626, 7.5, 16633, 蔓蔓青萝（全2册）
02699701, 7.6, 13695, 歌尽桃花
02201813, 7.5, 16412, 藏地密码1
02158194, 7.7, 11246, 且听风吟
26297606, 7.6, 13297, 从0到1
20278799, 7.6, 13150, 三十六大
03901238, 7.6, 13123, 历史是个什么玩意儿1
01007334, 7.2, 29346, 草样年华
01006073, 7.6, 13032, 七月与安生
02265312, 7.7, 10804, 鬼吹灯Ⅱ之二・南海归墟
01919072, 7.7, 10604, 长尾理论
01469051, 7.1, 35516, 左耳
04749115, 7.5, 15283, 蔡康永的f之道
04871447, 7.5, 15274, 东宫
02281912, 7.7, 10481, 醉玲珑（上卷）
01021056, 7.2, 27744, 谁动了我的奶酪？
03903387, 7.7, 10290, 香蜜沉沉烬如霜
04741216, 7.3, 21631, 我的奋斗
02271177, 7.7, 10034, 青春酷语（第四辑）
04928387, 7.5, 14422, 单恋
11612936, 7.6, 11910, 古董局中局
01793132, 7.5, 14235, 白马啸西风
01914078, 7.6, 11732, 三重门
01596305, 7.0, 40898, 泡沫之夏
03311009, 7.2, 24895, 原来你非不快乐
01074841, 7.5, 13374, 葵花走失在1890
05264779, 7.4, 16202, 背包十年
01028780, 7.6, 11049, 三个A Cup的女人
01083257, 7.4, 16046, 烈火如歌
10601137, 7.6, 10976, 你永远都无法叫醒一个装睡的人
01223845, 7.6, 10902, 男人来自火星 女人来自金星
26413027, 7.5, 12901, 虚无的十字架
01057206, 7.3, 19109, 数字城堡
02345727, 7.5, 12823, 蜗居
03284067, 7.6, 10624, 佳期如梦之海上繁花
01052380, 7.6, 10586, 飞狐外传(上下)
02220812, 7.6, 10574, 木槿花西月锦绣1
01822793, 7.6, 10444, 长安乱
03181927, 7.6, 10287, 大便书
06864307, 7.4, 14986, 像我这样笨拙地生活
24749465, 7.5, 12263, 断舍离
05403007, 7.6, 10168, 剩者为王
01796596, 7.3, 17966, 左耳
20429677, 7.5, 12042, 大数据时代
01030153, 7.5, 11966, 她比烟花寂寞
04753783, 7.4, 14155, 分身
03727329, 7.3, 17212, 千山暮雪
01855343, 7.2, 20728, 泡沫之夏Ⅱ
02062430, 7.2, 20183, 泡沫之夏Ⅲ
20443559, 7.4, 13302, 小王子
03908032, 7.3, 16140, 怪诞心理学
04224758, 7.3, 15999, 花千骨（上下）
01190868, 7.5, 10455, 烈火如歌
02284090, 7.5, 10436, 开到荼蘼
01283273, 7.3, 15089, 天黑以后
01087758, 7.2, 18505, 花季雨季
04264003, 7.4, 12383, 名侦探的守则
02214344, 7.5, 10234, 不存在的女儿
11614293, 7.5, 10087, 人生需要揭穿
03191328, 6.7, 58352, 小时代1.0折纸时代
01291760, 6.8, 41958, 会有天使替我爱你
01012802, 7.2, 16808, 十爱
03336465, 7.3, 13720, 被时光掩埋的秘密
03290010, 7.0, 25306, 澜本嫁衣
02340955, 7.4, 10691, 暖暖
04124855, 7.4, 10343, 人生若只初相见
26575812, 7.3, 12253, 阿弥陀佛么么哒
26356948, 7.0, 22445, 摆渡人
03865832, 7.1, 18001, 变身
03622904, 7.3, 11960, 不抱怨的世界
03028009, 7.2, 13770, 温暖的弦
02133556, 6.9, 26055, 光荣日（第一季）
01862115, 7.2, 12547, 当时只道是寻常
01440101, 7.2, 12314, 就这么漂来漂去
02265995, 7.1, 14953, 大象的眼泪
01006881, 6.7, 37129, 左手倒影，右手年华。
01046385, 7.1, 14619, 毒
03053207, 7.2, 11398, 侦探伽利略
02008972, 6.9, 21354, 沙漏
03786755, 7.2, 10773, 每天懂一点色彩心理学
24540864, 6.8, 24672, 第七天
01417905, 7.1, 11841, 废都
06710720, 7.0, 14360, 春宴
01062326, 6.9, 17473, 爱尔兰咖啡
02062200, 6.3, 81301, 悲伤逆流成河
03069728, 7.1, 11259, 良辰讵可待
02081286, 7.1, 10745, 沙漏II
06832303, 6.9, 16224, 别相信任何人
01028916, 6.9, 14326, 雨衣
01026674, 6.9, 13443, 狼的诱惑
04038164, 6.5, 33370, 小时代2.0虚铜时代
01019431, 6.9, 12824, 荒村公寓
04149893, 7.0, 10194, 每天懂一点好玩心理学
02133074, 7.0, 10037, 20几岁，决定女人的一生
01981355, 6.8, 15342, 墨迹
01041550, 6.7, 19255, 爱与痛的边缘
01012242, 6.8, 15176, 地狱的第19层
01043201, 6.8, 15032, 毕业那天我们一起失恋
02119843, 6.9, 11334, 钝感力
06792678, 6.9, 10895, 杉杉来吃
06732178, 6.8, 13222, 不二
01036067, 6.6, 19697, 那小子真帅
25895442, 6.8, 11643, 你的孤独，虽败犹荣
01021597, 6.7, 12842, 一光年的距离有多远
01034479, 6.5, 12235, 我为歌狂
06828611, 6.4, 14123, 小时代3.0：刺金时代
20278327, 6.0, 12970, 谁的青春不迷茫
