2017-01-23 16:17:59
Tag: 三毛
The number of books: 332 

ID, rating, votes, title
1084336, 9.0, 211561, 小王子
1770782, 8.8, 248832, 追风筝的人
1082154, 9.1, 120152, 活着
3066477, 9.2, 74617, 三体Ⅱ
1200840, 9.0, 93894, 平凡的世界（全三部）
1083428, 8.8, 80320, 傲慢与偏见
1361264, 9.0, 53512, 撒哈拉的故事
1858513, 8.9, 61663, 月亮和六便士
3995526, 8.7, 73711, 目送
10594787, 8.9, 50242, 霍乱时期的爱情
1085860, 8.9, 48442, 基督山伯爵
3674537, 9.1, 30857, 明朝那些事儿（1-9）
1090043, 8.5, 83101, 倾城之恋
1023045, 8.6, 68604, 我们仨
1389960, 9.2, 22050, 七珠 34
6388661, 8.8, 41028, 这些人，那些事
1029111, 8.9, 29013, 哭泣的骆驼
1066462, 8.4, 69211, 向左走・向右走
2154960, 8.7, 38672, 一个陌生女人的来信
2070844, 8.8, 25075, 梦里花落知多少
1767945, 8.8, 24793, 一只特立独行的猪
3426869, 8.3, 54799, 三生三世 十里桃花
1086249, 8.6, 30337, 荆棘鸟
1985223, 8.7, 24752, 倾城之恋
1014278, 8.4, 36399, 红玫瑰与白玫瑰
1056733, 8.3, 38733, 地下铁
2209098, 7.9, 78820, 致我们终将逝去的青春
1853785, 8.7, 17063, 天是红河岸
2256039, 7.8, 88457, 杜拉拉升职记
1449352, 8.6, 19648, 朝花夕拾
1056315, 8.8, 14155, 总统是靠不住的
1036490, 8.8, 14014, 万水千山走遍
1794844, 8.5, 18940, 有一天啊，宝宝……
2136140, 8.7, 13754, 雨季不再来
2158189, 8.5, 18847, 海边的卡夫卡
3693974, 9.4, 5076, 小王子
1420862, 8.9, 9371, 孩子你慢慢来
1050339, 7.8, 60657, 文化苦旅
1812439, 8.1, 33555, 步步惊心
1082518, 7.9, 48050, 麦田里的守望者
1418686, 8.6, 13585, 红拂夜奔
1083762, 8.7, 11545, 人类的群星闪耀时
2068249, 9.0, 7475, 温柔的夜
1760548, 9.2, 5537, 三毛作品集
1026035, 9.1, 6272, 你看起来好像很好吃
1125186, 8.5, 14842, 半生
2046236, 9.3, 4709, 庄子
3607117, 8.9, 7540, 稻草人手记
2250587, 7.6, 67361, 一个人的好天气
3311253, 9.0, 5975, 额尔古纳河右岸
1082162, 8.3, 16734, 第一炉香
1039752, 7.8, 39407, 且听风吟
2244146, 8.2, 18352, 穆斯林的葬礼
1082399, 8.6, 9470, 闹学记
1016300, 7.2, 142925, 梦里花落知多少
3608235, 8.5, 10838, 失物之书
3642673, 8.0, 23115, 我执
3713237, 8.8, 6122, 亲爱的三毛
2048364, 8.1, 17482, 独步天下（上下卷）
1049189, 7.4, 66767, 1995-2005夏至未至
1914636, 8.4, 10011, 蛤蟆的油
3616310, 7.6, 38840, 小团圆
1045352, 8.7, 5773, 二十首情诗与绝望的歌
6902639, 7.9, 20131, 青春
1851955, 9.3, 2577, 孙子兵法
21346636, 9.4, 2290, 三毛典藏全集
1065239, 8.5, 7304, 我的宝贝
1318126, 8.4, 8470, 雪国
4012128, 9.0, 3666, 星空
3561591, 8.0, 16056, 凤囚凰（上中）
2988943, 8.3, 9023, 青灯
2078219, 8.0, 14020, 且试天下1
3698390, 8.6, 5299, 送你一匹马
1004322, 8.6, 5227, 第二性
3723589, 8.6, 5203, 滚滚红尘
1050870, 9.3, 2128, 三毛经典作品（上下）
1013801, 8.8, 3659, 倾城
3054373, 9.2, 2237, 荷西 我爱你
3987362, 8.8, 3577, 春雪
3905366, 7.8, 15861, 迟到的间隔年
3927199, 8.2, 7865, 后宫・甄执VII
1856285, 7.3, 41288, 人生若只如初见
3698217, 8.6, 4263, 花田半亩
1382836, 8.7, 3680, A城
1049348, 8.8, 3153, 万历十五年
2310418, 8.8, 3032, H鄣陌驳铝
1382829, 8.6, 3885, f水千山走遍
1382840, 8.7, 3158, 背影
2137767, 9.2, 1720, 霸王别姬
1034922, 8.9, 2401, 莎士比亚喜剧悲剧集
3432304, 9.1, 1876, 大江东去（共三部）
1089518, 7.9, 9546, 萧十一郎
2076886, 9.1, 1759, 甲骨文
1034108, 7.2, 35142, 零下一度
1441707, 8.2, 5536, 小蝴蝶小披风
1382844, 8.7, 2691, [W
3740431, 8.4, 3964, 灵魂只能独行
3053868, 7.9, 8396, 永不永不说再见
2073521, 9.2, 1454, 三毛全集
1358416, 7.8, 9841, 1.2.3.木^人
1033843, 8.7, 2562, 张看（上下）
1037716, 8.7, 2554, 我的灵魂骑在纸背上
3143537, 9.3, 1277, 津巴多普通心理学
1489494, 8.5, 3120, 人与永恒
1040632, 8.5, 3046, 木偶奇遇记
1082369, 8.4, 3289, 滚滚红尘
1008732, 8.4, 3214, 失败之书
5264779, 7.4, 16200, 背包十年
1382833, 8.4, 3095, 送你一匹R
2220812, 7.6, 10574, 木槿花西月锦绣1
3759808, 8.6, 2262, 流星雨
1626532, 9.5, 811, 地藏菩萨本愿经
1731521, 8.2, 3486, 生死桥
1061572, 8.5, 2294, 随想
1368256, 8.1, 3791, 你我他
3191328, 6.7, 58343, 小时代1.0折纸时代
3018322, 7.6, 8323, 活着活着就老了
10757939, 8.5, 2131, 红玫瑰与白玫瑰
1788967, 8.6, 1803, 我们这一代
1033347, 8.7, 1479, 高原的百合花
3223552, 7.8, 5025, 转山
3816834, 7.8, 4970, 兰因・璧月（上、下）
3359739, 7.7, 5268, 格子间女人
1862115, 7.2, 12547, 当时只道是寻常
1389906, 8.6, 1430, 我的
1046385, 7.1, 14618, 毒
2301377, 9.2, 720, 玛法达
1313317, 8.4, 1683, 三毛私家相册
1082414, 8.6, 1240, 我的快乐天堂
1082415, 8.2, 1948, 谈心
5417810, 8.2, 1792, 三毛1943-1991
3726316, 9.8, 324, 郎雀
3877113, 9.1, 581, l人
1434435, 8.3, 1322, 春琴抄
3902723, 8.5, 998, 谢谢你毛毛兔
1398394, 8.5, 981, 倾城之恋
1603984, 8.1, 1552, 希腊神话故事
1865891, 7.8, 2205, 神了
1910779, 7.7, 2102, 迷失・鼓浪屿
1368083, 8.4, 812, 幸\海精b）
3662614, 7.9, 1492, 淡江记
25803923, 7.9, 1425, 你是我不及的梦
1808767, 7.4, 2866, 岛（VOL.7）
1382830, 8.5, 665, 高原的百合花
3073401, 7.4, 2858, 隐之书
1039572, 9.5, 257, 季诺漫画全集
1388224, 8.3, 803, 半生
1902601, 7.3, 3033, 岛（Vol.8）
1822810, 8.2, 850, 浮躁
1005121, 9.1, 333, 三毛流浪记
3078848, 7.7, 1576, 紫极舞
2311695, 7.2, 3037, 岛（Vol.09）
1382832, 8.7, 433, 我的快诽焯
1033950, 8.4, 559, 阅微草堂笔记
3891438, 9.4, 193, 三毛流浪记
3738140, 9.3, 200, 三毛流浪记全集
2125321, 9.1, 226, 现当代名家精品书系 三毛作品集
1036864, 8.5, 382, 余光中散文
1015275, 9.1, 209, 三毛从军记
6974199, 8.5, 332, 小毛驴与我
3247224, 8.7, 273, 昆虫记
1792257, 9.2, 177, 三毛流浪记
3078944, 8.1, 471, “坏”女人有人爱
2076929, 8.1, 416, 台北小吃札
1068437, 9.3, 140, 玛法达的世界：娃娃看天下(B卷3册)
5501097, 7.5, 793, 三毛的最后一封信
2137727, 8.4, 281, 三毛 昨日、今日、明日
1879937, 8.6, 217, 迟子建作品精选
3332786, 9.3, 124, 三毛流浪记选集
3223252, 9.2, 132, 百年孤寂
1176972, 7.5, 674, 谁摸了我一下
3094686, 7.6, 590, y座桑fg
3594808, 8.9, 158, 萧红十年集
1156866, 8.0, 358, 系统思考
1027659, 7.4, 721, 海岩文集--你的生命如此多情
3072319, 7.8, 419, 劫梦惊魂
2137632, 8.9, 148, 天堂之鸟
1820623, 7.6, 523, 美丽与哀愁-一个真实的三毛
2995375, 8.1, 283, 天狗
3598751, 9.1, 119, 梦里花落知多少
1011375, 8.9, 136, 三毛从军记
1856942, 9.1, 110, 三毛经典作品集――月落乌啼
2268814, 8.8, 135, 倾城
1009258, 8.0, 273, 背影
1748847, 7.9, 294, 少年维特之烦恼
4741362, 9.3, 88, 三毛・撒哈拉之恋
3290157, 9.0, 108, 温柔的夜
26416549, 8.3, 189, 兰屿之歌 清泉故事
3011960, 8.9, 112, 沙漠观浴记
3182452, 8.9, 112, 闹学记
6962656, 9.2, 88, 三毛流浪记
2332141, 8.0, 230, 把握我们有限的今生
3041306, 8.7, 122, 闹学记
1723594, 9.3, 79, 三毛作品选（台湾文学丛书）
1823476, 8.1, 200, 背影
3361748, 6.5, 1647, 倾世皇妃
3041280, 8.8, 107, 随想
1351536, 9.2, 79, 娃娃看天下（全集1）
1316620, 8.2, 167, 花香满径
3657207, 9.1, 83, 撒哈拉的故事
26905266, 9.6, 60, 11.11如何卖到一个亿
20411579, 7.1, 531, 你是锦瑟 我为流年
1948777, 8.6, 111, 雨季不再来
3053817, 9.1, 77, 背影
1103404, 8.7, 96, 名家名著经典文集
1038092, 8.7, 95, 历史研究（上中下）
19965479, 7.5, 272, 今生就这样开始
5976294, 9.4, 58, 撒哈拉q月
2308343, 7.4, 292, 村上春树论
3041293, 8.7, 85, 三毛说书（有声书）
3041300, 8.5, 97, 我的宝贝
3041272, 8.7, 83, 谈心
1642776, 9.3, 55, 张乐平连环漫画全集
3144474, 9.1, 61, 万水千山走遍
2348568, 7.6, 204, 二三毛――三毛传记
20472859, 7.4, 242, 我看到的世界和你们不一样
3447902, 9.0, 62, 三毛从军记
1358458, 8.3, 97, 看
1859844, 9.5, 44, (英)阿嘉莎 克莉丝蒂小说选(全10册)(特价)
2378247, 8.3, 96, 我的宝贝
1291079, 8.8, 62, x那r光(g作)
6559166, 6.9, 365, 三毛台北地图
1069753, 8.7, 65, 走进生物王国/三毛大世界
3657210, 9.1, 47, 哭泣的骆驼
2047229, 7.3, 196, 桑青与桃红
3290179, 8.6, 58, 梦里花落知多少
3121395, 7.7, 114, 三毛传
1450271, 8.3, 68, 凄美的欢颜
2269110, 9.1, 40, 三毛从军记
3244227, 8.6, 53, 夏日烟愁
25927547, 8.6, 52, 三毛流浪记
1081071, 7.3, 145, 中国才女
1856940, 8.8, 44, 三毛经典作品集续编――走出寂寞
24323298, 8.8, 43, 情若入画
24532110, 8.4, 55, 三毛：浪漫是一种病
3243026, 9.2, 34, 稻草人手记
1012525, 7.3, 135, 三毛传奇
3030295, 6.5, 336, 情倾天下Ⅲ大结局
3143034, 8.1, 59, 三毛 昨日、今日、明日
1542079, 7.8, 73, 懒得哭
3932742, 9.0, 33, 三毛经典作品集
2137715, 7.8, 69, 谈心
1197693, 7.1, 129, 中国才女的红尘旧梦
3919410, 8.3, 47, 林语堂散文
1030810, 8.4, 44, 三毛迎解放
6748307, 9.6, 23, 糁械拈
1657539, 7.6, 78, 为了忘却的纪念
1792258, 9.4, 24, 三毛从军记
1752355, 7.4, 87, 三毛画传
2368750, 8.7, 34, 背影
19955759, 7.2, 101, 给我一匹马 陪你走天涯
23714005, 7.1, 105, 因为懂得
3144458, 8.4, 37, 谈心
20387103, 8.2, 41, 三毛散文集
1108636, 8.4, 34, 世界名画欣赏(第2辑共10册)
3041308, 8.4, 34, 阅读大地（有声书）
10864433, 9.3, 21, 三毛作品集
3348317, 7.1, 90, 诸子百家看金庸Ⅰ
5375614, 9.1, 23, 三毛散文全编
3040310, 8.6, 29, 兰屿之歌
5350892, 9.2, 20, 奔走在日光大道
4273410, 8.9, 22, 撒哈拉的故事
1142614, 7.4, 53, 三毛传奇
4013637, 9.1, 19, 稻草人手
26253881, 8.4, 26, 听说
2180299, 9.2, 17, 三毛流浪记全集
1438218, 7.2, 54, 在西撒哈拉踏寻三毛的足迹
2133848, 8.5, 22, Getting To Maybe
1873614, 7.0, 61, 武侠世界的怪才――古龙小说艺术谈
3240019, 8.1, 27, 随想
1427247, 7.4, 43, 上海Memory：张乐平画笔下的三十年代
3538059, 6.4, 110, 听三毛讲远行
3436404, 8.3, 22, H鄣娜毛
1059987, 6.4, 89, 三毛，你为什么失约
25783592, 6.2, 111, 撒哈拉不哭泣：三毛传
3095688, 6.9, 52, 钟
3087424, 7.7, 28, The Book of Illusions
20444211, 6.1, 122, 撒哈拉的眼泪
1432577, 7.4, 34, 佛灭
3041304, 7.8, 26, 流星雨（有声书）
3123887, 8.0, 22, 三毛的世界
26364784, 7.7, 26, 三毛
1775812, 7.5, 29, 你是我不及的
1098952, 8.3, 18, 三毛解放记/精装
3186273, 7.4, 30, 兰屿之歌
25763134, 7.5, 27, 许我一生流浪，陪你地老天荒：三毛的今生今世
1044331, 8.1, 18, 三毛流浪记
3076818, 8.0, 18, 围棋入门
3014692, 8.1, 17, 台湾名家名作丛书
4733970, 8.3, 15, 三毛物语
25723522, 7.6, 20, 烟花易冷：三毛与荷西
1849335, 7.1, 26, 从川端康成到三毛
2378017, 7.6, 18, 清泉故事
1911577, 7.8, 16, 永远珍藏的三毛（全十册）
1076513, 8.4, 12, 张乐平漫画选
1029824, 7.6, 17, 三毛日记
3178404, 7.7, 16, 三毛散文遗作・名篇・精言欣赏
1431394, 7.6, 16, 背影・匆匆
1488107, 7.6, 16, 三毛新生记
1440837, 7.3, 19, 徽商
3172426, 7.8, 14, 万水千山走遍
1045069, 8.1, 12, 三毛大世界 漫游锦绣中华
26067543, 7.0, 22, 一个人的撒哈拉
25844049, 7.7, 14, 代我候
26304334, 7.3, 17, 永远的红尘追梦人
6028321, 7.8, 13, 稻草人的微笑
10784996, 6.4, 29, 每想你一次，天空飘落一粒沙
1053772, 5.8, 52, 哭泣的百合
6827886, 7.9, 11, 快肤[W去
10443156, 7.4, 14, 三毛的回声
25845862, 7.2, 15, 世间曾有三毛
2269132, 7.8, 11, 三毛爱科学
3313324, 7.8, 11, 谈心
5348239, 7.6, 12, 把快樊魅静
1027041, 7.4, 13, 张乐平连环漫画全集（全二册）
2111211, 7.4, 13, 茅盾作品集
1388439, 7.5, 11, The Rules of Attraction
5413108, 7.3, 12, 三毛
7060984, 6.3, 23, 万水千山
26279283, 7.2, 12, 你是锦瑟 我为流年
3107506, 6.8, 14, 三毛之死
3773311, 7.4, 10, 三毛三毛
5261221, 4.9, 104, 三毛之谜
20396724, 6.7, 14, 你若盛开 清风自来-世间曾有三毛
3178403, 7.3, 10, 随想
3243018, 7.3, 10, 随想
25863697, 7.3, 10, 三毛
20380315, 6.3, 18, 流光不负 岁月静好
25856492, 6.4, 16, 来不及好好告别  三毛传
4079506, 7.0, 11, 三毛的生死簿
2227411, 7.1, 10, 三毛――才女遗情佚事（光盘+书） (平装)
1459525, 3.9, 244, 三毛真相
