2017-01-23 16:17:59
Tag: 世界名著
The number of books: 523 

ID, rating, votes, title
1007305, 9.5, 112768, 红楼梦
1084336, 9.0, 211561, 小王子
6082808, 9.2, 94320, 百年孤独
1068920, 9.3, 73307, 飘（上下）
1019568, 9.2, 52615, 三国演义（全二册）
1040211, 9.2, 46896, 福尔摩斯探案全集（上中下）
1083428, 8.8, 80321, 傲慢与偏见
1017143, 8.5, 130023, 不能承受的生命之轻
1858513, 8.9, 61663, 月亮和六便士
1141406, 8.5, 101713, 简爱
1085860, 8.9, 48443, 基督山伯爵
1046209, 9.1, 34448, 安徒生童话故事集
2035179, 9.2, 28169, 动物农场
1827374, 9.0, 32497, 东方快车谋杀案
1046265, 8.0, 178766, 挪威的森林
1045818, 8.5, 59172, 苏菲的世界
1043008, 8.9, 27879, 格林童话全集
2154960, 8.7, 38674, 一个陌生女人的来信
3608208, 8.6, 45448, 牧羊少年奇幻之旅
2035162, 9.0, 22442, 刀锋
1205054, 8.9, 25762, 悲惨世界（上中下）
1119522, 8.4, 54414, 呼啸山庄
1400705, 8.1, 79068, 情人
1086249, 8.6, 30337, 荆棘鸟
1064275, 8.3, 50313, 老人与海
1051193, 8.6, 28481, 麦琪的礼物
2159042, 8.4, 38941, 挪威的森林
1034282, 8.8, 19395, 时间简史
1092335, 8.9, 16043, 教父
1803022, 9.0, 12737, 圣经
1024197, 8.3, 39254, 巴黎圣母院
2035171, 9.0, 10710, 人生的枷锁
4920007, 8.7, 16570, 不能承受的生命之轻
1008988, 8.3, 31967, 了不起的盖茨比
1013380, 8.1, 45147, 茶花女
1159939, 8.5, 21884, 一个陌生女子的来信
1915170, 9.2, 7384, 小王子
1856494, 9.3, 6356, 卡拉马佐夫兄弟
1205370, 8.1, 40974, 羊脂球
1035848, 8.6, 15716, 一千零一夜
1004821, 8.7, 12807, 理想国
1016003, 8.0, 40946, 鲁滨逊漂流记
1043815, 8.2, 28014, 骆驼祥子
1013225, 8.3, 23364, 生活在别处
1082518, 7.9, 48050, 麦田里的守望者
1865089, 8.4, 19129, 瓦尔登湖
1085470, 8.4, 18534, 海底两万里
1022238, 8.2, 25085, 菊与刀
3136271, 8.6, 12510, 罗生门
1213546, 8.3, 20085, 变形记
1258498, 8.3, 18229, 项链
1856025, 8.9, 7263, 道连・葛雷的画像
1006197, 8.4, 15287, 哈姆莱特
1005521, 8.1, 24858, 伊豆的舞女
1794620, 7.8, 43136, 芒果街上的小屋
1465324, 7.7, 51315, 洛丽塔
1007433, 8.1, 23562, 红与黑
1186392, 8.7, 8785, 约翰・克利斯朵夫
1048007, 8.2, 19066, 高效能人士的七个习惯（精华版）
1254731, 8.8, 6871, 欧・亨利短篇小说选
1022632, 8.7, 7491, 罪与罚
3136255, 8.8, 6419, 一个陌生女人的来信
1082584, 8.6, 8474, 追忆似水年华 Ⅰ
1883353, 8.8, 6330, 野性的呼唤
1427288, 8.4, 10825, 小妇人
1321789, 8.5, 8931, 美丽新世界
1053759, 8.3, 12190, 雪国 古都
6313461, 9.1, 3822, 月亮和六便士
1203251, 8.1, 15489, 雾都孤儿
1013502, 7.6, 39473, 钢铁是怎样炼成的
1007772, 8.2, 12735, 双城记
1275608, 8.7, 5875, 神秘岛
1012637, 8.2, 12231, 牛虻
1212488, 8.3, 9970, 罗密欧与朱丽叶
1031741, 7.8, 23719, 欧也妮・葛朗台
2253379, 8.7, 5429, 简爱
1996678, 9.4, 2160, 乱世佳人
1420508, 8.9, 3902, 最后一片叶子
1851385, 7.8, 21342, 我的名字叫红
1010472, 8.4, 7327, 安娜・卡列尼娜（上下）
1255288, 8.0, 13987, 复活
1878265, 9.1, 2660, 安徒生童话
2008724, 9.1, 2617, 百年孤独
1045466, 9.2, 2298, 一九八四
1203244, 8.2, 8576, 三个火枪手
1005918, 7.9, 13993, 堂吉诃德
1040397, 8.1, 9709, 假如给我三天光明
1044772, 8.6, 4494, 雷雨
1047138, 7.7, 18993, 少年维特的烦恼
1013469, 8.6, 4432, 战争与和平（全四册）
2036561, 8.4, 5802, 城堡
1859108, 8.8, 3263, 白痴
1092168, 9.1, 2256, 追忆似水年华（上下册）
1049957, 8.6, 4237, 浮士德
1077492, 9.0, 2437, 大师和玛格丽特
1006113, 7.8, 13620, 源氏物语
1085021, 8.2, 6691, 蝴蝶梦
1083435, 8.7, 3195, 契诃夫短篇小说选
1083432, 8.7, 3183, 巴黎圣母院
1083477, 7.8, 12235, 包法利夫人
1077778, 8.1, 7376, 爱的教育
2050767, 8.6, 3534, 绿野仙踪
1083434, 8.6, 3467, 莫泊桑短篇小说选
1275907, 8.3, 5208, 八十天环游地球
1000121, 8.5, 3899, 昆虫记
1091224, 9.3, 1466, 基度山恩仇记
1873900, 8.6, 3364, 变形记
1880823, 8.8, 2584, 格林童话
1034106, 8.1, 6788, 威尼斯商人
1016880, 8.8, 2545, 道连・格雷的画像
1000856, 7.9, 8941, 我是猫
1048403, 8.2, 5517, 家
1119528, 7.9, 8870, 高老头
1055234, 8.5, 3518, 神曲（全三册）
2161691, 8.3, 4659, 伊索寓言
1019628, 8.7, 2688, 卡夫卡中短篇小说选
2042629, 8.7, 2687, 九三年
1035477, 7.8, 9980, 德伯家的苔丝
1430530, 8.2, 5096, 汤姆叔叔的小屋
1030469, 8.2, 5074, 青鸟
1880824, 8.6, 2838, 一千零一夜
1021056, 7.2, 27742, 谁动了我的奶酪？
24736899, 8.0, 6187, 雪国
1643566, 9.2, 1295, 基督山伯爵
1014144, 8.3, 3890, 大卫・科波菲尔（上下）
1051714, 8.2, 4419, 等待戈多
1007045, 8.4, 3304, 茶花女
1018482, 8.0, 5870, 汤姆?索亚历险记
1839492, 9.2, 1221, 傲慢与偏见
1469878, 8.6, 2445, 日瓦戈医生
1038196, 8.4, 3176, 尤利西斯
1012489, 7.7, 8993, 童年 在人间 我的大学
1088812, 8.3, 3476, 第二十二条军规
1011702, 8.1, 4400, 廊桥遗梦
1276032, 8.3, 3243, 地心游记
1035478, 8.6, 2144, 静静的顿河（全四册）
1152701, 7.7, 7939, 漂亮朋友
1098641, 8.9, 1473, 海狼 野性的呼唤
1091904, 9.1, 1172, 丰饶之海（上下）
5063806, 8.6, 2051, 茶花女
1009285, 7.6, 9146, 童年
1092246, 8.1, 4046, 百万英镑
1019817, 9.1, 1148, 战争与和平（上下）
1022318, 8.7, 1782, 爱弥儿
1011228, 8.3, 2952, 远大前程
1186350, 7.8, 6128, 红字
1010898, 7.6, 8400, 格列佛游记
3114410, 9.0, 1190, 世界名著百部
4894485, 7.9, 5004, 麦田里的守望者
1012117, 8.2, 3150, 仲夏夜之梦
1397467, 7.9, 4558, 理智与情感
1048173, 8.0, 3874, 忏悔录
1088418, 9.0, 1080, 死屋手记
1056657, 8.8, 1295, 泰戈尔诗选
1885262, 8.6, 1623, 笑面人
1427281, 8.2, 2690, 羊脂球
1093078, 9.1, 896, 古龙作品全集（全53卷）
1657789, 8.7, 1368, 傲慢与偏见
1547860, 9.3, 714, 基督山伯爵（上下）
1083436, 8.5, 1699, 茶花女
1912993, 9.2, 731, 海蒂
1092264, 8.6, 1375, 格兰特船长的儿女
1039840, 7.6, 5623, 查特莱夫人的情人
2295122, 8.4, 1725, 卡门
1010779, 9.2, 686, 安徒生童话选集
1279212, 7.5, 6013, 十日谈
1021623, 8.7, 1114, 安娜・卡列宁娜（上下）
1506566, 9.0, 792, 福尔摩斯探案全集（1-4卷）
1093098, 7.8, 3580, 爱玛
1075371, 8.7, 1048, 马丁・伊登
1083170, 8.4, 1410, 老人与海
1092512, 8.9, 790, 泰戈尔散文诗全集
1100783, 9.0, 707, 约翰・克里斯托夫
1053246, 8.9, 782, 象棋的故事
2171661, 8.6, 1081, 老人与海
2138054, 8.7, 956, 简?爱
1893466, 8.0, 2269, 鲁滨孙历险记
2193881, 8.2, 1719, 汤姆・索亚历险记
1009536, 8.8, 845, 九三年
1641477, 9.0, 676, 刀锋
2174410, 8.2, 1663, 名利场
1491855, 8.6, 1017, 羊脂球
1085902, 8.8, 807, 牛虻
1320521, 8.8, 806, 一个陌生女人的来信
3127852, 8.6, 984, 推销员之死
1888031, 7.8, 2755, 格列佛游记
1089733, 8.5, 1092, 傲慢与偏见
1063388, 8.9, 705, 福尔摩斯四大奇案
1026547, 8.1, 1737, 一生
1664927, 9.0, 615, 浮士德
1095191, 8.7, 827, 蝴蝶梦
2221902, 8.1, 1696, 少年维特之烦恼
1084974, 8.4, 1146, 三个火枪手
2987378, 8.6, 905, 简・爱
1005801, 9.1, 536, 静静的顿河（全四册）
1019642, 7.9, 2122, 理智与情感
5378434, 8.8, 702, 罗生门
1511533, 8.4, 1080, 蝴蝶梦
1201947, 8.1, 1525, 哈克贝里・费恩历险记
2364762, 8.7, 744, 唐璜（上下册）
2036569, 8.2, 1322, 愤怒的葡萄
1031354, 8.0, 1709, 死魂灵
1088030, 8.6, 814, 莎士比亚喜剧集
1119471, 9.0, 527, 罪与罚
1059938, 8.8, 639, 泰戈尔诗选
1083804, 8.3, 1108, 永别了，武器
1085856, 7.9, 1858, 在人间
2377488, 9.2, 425, 老妇还乡
1858585, 8.1, 1349, 欧叶妮・格朗台 高老头
1316536, 8.6, 730, 萨特读本
1089892, 9.2, 404, 莎士比亚悲剧四种
2052229, 8.1, 1293, 爱丽斯奇境历险记
1914223, 8.2, 1140, 哈克贝里・芬历险记
2994181, 8.0, 1422, 钢铁是怎样炼成的
1085848, 9.0, 461, 静静的顿河
1657782, 8.8, 559, 一个陌生女人的来信
1263707, 8.7, 610, 怪异故事集
2032178, 8.7, 606, 包法利夫人
1083032, 8.1, 1191, 气球上的五星期
1098639, 8.3, 917, 纯真年代
1479662, 8.5, 726, 茶花女
1205777, 8.5, 713, 雪国
3200743, 8.7, 574, 一千零一夜
1047173, 8.7, 567, 战争与和平(上下)
1017941, 8.3, 853, 卡门
1205388, 8.5, 661, 茵梦湖
2032280, 8.5, 652, 伊索寓言
1075791, 8.6, 585, 梅里美中短篇小说集
3076985, 9.0, 385, 安娜・卡列尼娜
1427784, 7.8, 1469, 曼斯菲尔德庄园
2323320, 8.5, 596, 老人与海
1023295, 8.0, 1059, 雾都孤儿
1022767, 8.9, 395, 悲惨世界
1135331, 8.7, 475, 警察和赞美诗
1080959, 8.7, 471, 绿屋的安妮
1069405, 7.7, 1500, 我的大学
1048569, 8.3, 677, 希腊古典神话
1050368, 7.3, 2628, 子夜
1519058, 7.8, 1249, 母亲
1204231, 8.3, 670, 羊脂球(莫泊桑中短篇小说选)
1279113, 8.2, 750, 好兵帅克
1029951, 9.0, 332, 海蒂
2269422, 8.8, 397, 世界文学名著读本
3144806, 8.7, 432, 项链
1647083, 8.8, 390, 安娜・卡列尼娜
1078488, 8.0, 928, 爱的教育
1894746, 7.8, 1198, 金银岛 化身博士
1672101, 8.6, 467, 牛虻
6152974, 8.5, 517, 茶花女
1136277, 7.3, 2463, 嘉莉妹妹
5992554, 8.4, 565, 简爱
1466999, 8.1, 776, 上尉的女儿
1205419, 8.2, 682, 初恋
1050609, 8.2, 664, 呼啸山庄
1763669, 8.4, 500, 蝴蝶梦
1083430, 7.7, 1144, 十日谈
5407295, 9.2, 232, 悲惨世界（上下）
3082882, 8.0, 760, 理智与情感
1615235, 8.2, 583, 蒙田随笔
2044034, 7.7, 1065, 爱玛
1119908, 7.9, 818, 钢铁是怎样炼成的
2027999, 8.6, 376, 布拉热洛纳子爵
1122063, 8.0, 713, 雾都孤儿
1894744, 7.6, 1158, 钢铁是怎样炼成的
1052027, 8.2, 546, 禅宗与道家
1088029, 8.4, 419, 奥德赛
2176695, 8.0, 647, 春琴抄
2036576, 7.4, 1400, 看得见风景的房间
1040970, 8.1, 566, 汤姆叔叔的小屋
1085550, 8.4, 409, 三剑客
1051960, 8.0, 628, 鲁滨孙飘流记
1041704, 9.4, 169, 卡拉马佐夫兄弟（上下）
1084884, 8.2, 489, 二十年后
1168760, 8.4, 394, 永别了，武器
1272868, 8.1, 538, 童年 在人间 我的大学
1022272, 8.3, 431, 会飞的教室
1050006, 7.8, 752, 伪君子
1048826, 7.8, 728, 钢铁是怎样炼成的
1092558, 8.0, 572, 少年维特的烦恼 亲合力
1085807, 9.2, 181, 飘
1101543, 7.9, 605, 远离尘嚣
2161690, 8.7, 252, 二十年后
1100210, 8.2, 409, 哈克贝利・芬历险记
1657776, 8.3, 368, 茶花女
1092559, 8.1, 441, 雾都孤儿
1203240, 7.5, 889, 珍妮姑娘
1317830, 8.0, 475, 忏悔录
1017699, 8.9, 197, 草原和群山的故事
5406569, 8.9, 197, 羊脂球
1090631, 8.1, 396, 爱丽丝漫游奇境记
1520658, 8.5, 265, 三个火枪手
2050787, 7.9, 490, 剧院魅影
1909973, 8.4, 289, 好兵帅克
1053375, 8.2, 351, 希腊古典神话
1324938, 8.4, 284, 伊利亚特
1512350, 7.9, 478, 包法利夫人
2217936, 8.5, 257, 老人与海
1044038, 8.0, 425, 前夜 父与子
1029151, 8.0, 410, 贵族之家
1651913, 8.3, 300, Romeo and Juliet
1040887, 7.8, 499, 远大前程
1214171, 8.1, 353, 阴谋与爱情
1214638, 8.4, 260, 茶花女
1885227, 7.6, 622, 嘉莉妹妹
2364764, 8.8, 182, 彼得堡故事
1217867, 7.7, 531, 母亲
1084546, 8.0, 365, 罗密欧与朱丽叶
1043463, 8.3, 261, 还乡
2048297, 8.7, 182, 安娜.卡列尼娜-世界文学名著典藏（上.下）
1042783, 8.0, 351, 黑桃皇后
1981483, 8.7, 178, 复活
1005572, 8.5, 210, 白雪公主
1099298, 8.8, 161, 麦琪的礼物
1047417, 7.7, 441, 洛丽塔
1122915, 8.6, 179, 马丁?伊甸
1095828, 7.8, 389, 斯巴达克思
1274150, 8.0, 312, 伦敦塔
1085590, 8.5, 189, 苦儿流浪记
1086317, 7.8, 377, 会飞的教室
3082667, 9.2, 107, 野性的呼唤
1091895, 8.3, 214, 孤星血泪
1047559, 8.4, 187, 鹿苑长春
1051817, 8.7, 145, 狼群--第三帝国
1641474, 7.8, 336, 汤姆大伯的小屋
1672100, 8.4, 176, 神曲
1393414, 8.7, 137, 九三年
1053248, 8.2, 207, 高老头
1085557, 8.1, 226, 十字军骑士
1089736, 7.9, 275, 查泰莱夫人的情人
3797414, 8.8, 119, 飘
1052622, 8.7, 128, 傲慢与偏见
1000734, 8.6, 135, 巴黎圣母院
1084975, 8.1, 209, 巴黎圣母院
1208806, 8.4, 158, 爱丽丝漫游奇境记
2068986, 9.0, 98, 简爱
1077867, 7.8, 276, 沉船
1636483, 8.4, 151, 简．爱
1644956, 8.5, 138, 尼贝龙根之歌
1636447, 8.1, 194, 爱的教育
1092569, 7.9, 233, 童年  在人间  我的大学
1088350, 9.4, 71, 歌德文集（全十卷）
1122041, 8.3, 152, 茶花女
1086337, 8.6, 115, 汤姆・索亚历险记(青少版)
1085549, 7.9, 209, 欧叶妮・格朗台
2274572, 8.5, 122, 格兰特船长的儿女
1006433, 7.9, 206, 茶花女
1004874, 8.0, 183, 八十天环游世界－世界名著之旅
3863456, 8.3, 138, 浮华世家
1105797, 8.6, 108, 神奇的花园
1085579, 7.6, 270, 儿子与情人
2303170, 8.4, 125, 幽谷百合
3137192, 8.0, 171, 我是猫
1426938, 7.9, 186, 美国悲剧
1704801, 8.6, 101, 爱丽丝梦游仙境
1090000, 8.5, 108, 威尼斯商人-中英文对照全译本
1045819, 8.0, 164, 新爱洛伊丝
1090632, 7.7, 217, 理智与情感
1063870, 8.3, 122, 巴黎圣母院
2274570, 8.5, 101, 汤姆叔叔的小屋
1545836, 8.8, 80, 莫泊桑中短篇小说选
1050080, 7.0, 460, 珍珠夫人
1030541, 8.1, 137, 王子复仇记
1010601, 8.8, 79, 漫画世界文学名著(1):红与黑(平)
1527067, 8.7, 84, 尼尔斯骑鹅历险记
1043113, 8.6, 88, 第三帝国-噩梦沉沦-时代生活丛书
6515859, 9.5, 48, 傅译巴尔扎克代表作1
2149303, 7.7, 182, 所罗门王的宝藏
1265961, 8.1, 124, 羊脂球
1092900, 8.4, 97, 简・爱
1014531, 8.2, 112, 十二把椅子
1643585, 8.0, 131, 英雄艾文荷
1054987, 7.3, 263, 娜娜
1917402, 9.0, 61, 都柏林人 青年艺术家的肖像
1099299, 8.7, 74, 福尔摩斯探案选集
1019214, 8.4, 92, 漫画世界文学名著(8):莎乐美(平)
1086332, 7.9, 139, 茶花女
1078609, 8.2, 107, 欧文短篇小说选
2364639, 8.3, 98, 莫班小姐
19961142, 7.9, 137, 红字
1085092, 8.3, 97, 小妇人
1151847, 8.2, 104, 雅典的泰门
1853935, 8.2, 104, 蒙梭罗夫人（上下）
1022737, 8.7, 71, 铁路边的孩子们
1085564, 8.6, 76, 猎人笔记
3071919, 9.1, 54, 福尔摩斯探案集
3126718, 8.3, 91, 汤姆索亚历险记
1265892, 8.0, 115, 孤星血泪
1099009, 8.7, 67, 萨宁
3144760, 8.7, 67, 一生 两兄弟
1186367, 9.0, 55, 托尔斯泰中短篇小说选
1265895, 7.8, 133, 最后一课
1215193, 8.6, 68, 鲁滨孙飘流记
1205432, 8.1, 97, 鲁滨孙飘流记
1270043, 7.9, 113, 唐・吉诃德
1164734, 7.7, 133, 嘉丽妹妹
1313423, 8.1, 92, 邓尼茨元帅战争回忆录
1648512, 8.5, 68, 假如给我三天光明
1093398, 7.6, 143, 钢铁是怎样炼成的
2114474, 8.6, 62, 世界建筑师
1206592, 7.9, 105, 双雄记
1088409, 7.5, 152, 嘉莉妹妹
1109974, 7.8, 113, 昆虫记
1052908, 8.0, 94, 爱丽丝漫游奇境记
1010403, 8.9, 48, 漫画世界文学名（7）著:呼啸山庄(平)
1592762, 8.8, 50, 红与黑
1099300, 7.8, 104, 珍妮姑娘
1073074, 7.9, 95, 金银岛
1051361, 8.0, 87, 白鲸
1092617, 8.3, 69, 格兰特船长的儿女
3483450, 8.8, 49, SELECTED STORIES CHEKHOW契科夫精选小说
1097471, 7.3, 165, 罗马神话
1050271, 9.0, 42, 诺贝尔文学奖作品畅销书文库
1505434, 7.9, 89, 大街
1035631, 8.0, 82, 浮士德
1034736, 7.5, 123, 普希金诗选
1003293, 8.2, 68, 漫画世界文学名著DD一千零一夜
3797417, 8.5, 55, 哈姆莱特
6124278, 8.8, 45, 茶花女
1099296, 8.1, 72, 尼尔斯骑鹅旅行记
1645152, 8.2, 66, 复活
1099531, 7.8, 90, 丘吉尔
2364761, 7.4, 124, 亚瑟王之死（上下册）
1093244, 8.0, 73, 卓娅和舒拉的故事
1143425, 7.9, 76, 鲁滨逊漂流记
1101550, 9.0, 35, 斯居戴里小姐
1933694, 8.2, 57, 钦差大臣
1657785, 7.8, 77, 红字
1092634, 8.3, 52, 大卫・科波菲尔
1093003, 8.2, 55, 基度山恩仇记
6535041, 8.6, 42, 傲慢与偏见
6510394, 8.4, 47, 汤姆叔叔的小屋
2059068, 8.3, 49, 安妮日记
2015927, 8.2, 52, 安娜・卡列尼娜
2364816, 7.3, 108, 怎么办？
1081175, 7.8, 67, 希腊神话
1664113, 8.2, 48, 金银岛・化身博士
2339505, 8.7, 35, 洋葱头历险记-青少版
1085023, 7.8, 63, 少年维特的烦恼
1047705, 8.1, 50, 天方夜谭
2329286, 8.6, 36, 格兰特船长的儿女们
1322286, 7.3, 90, 二战秘密档案
1009200, 8.1, 47, 漫画世界文学名著(6):罪与罚(平)
1104504, 8.7, 32, 基度山伯爵（上下）
1093099, 8.1, 46, 苦难的历程(1-3)
1592773, 7.9, 53, 莎士比亚喜剧集
1088163, 7.4, 79, 魔沼
1642114, 8.1, 45, 康素爱萝
1004974, 8.4, 37, 施密特漫画（上下册）
1735178, 8.7, 31, 童年.在人间.我的大学
1944928, 8.3, 38, 拉封丹寓言诗选
1062176, 7.7, 57, 英雄凯撒
1657797, 8.1, 40, 普希金诗选
1101829, 7.5, 62, 最后的莫希干人
1885412, 8.5, 31, 海上劳工
1958305, 8.0, 42, 红磨坊
3200785, 8.9, 24, 死魂灵
2025626, 8.0, 39, 好兵帅克
6958065, 9.3, 19, 战争与和平（全四册）
1909941, 7.0, 82, 诱拐
1101547, 6.7, 108, 帕梅拉
1433169, 8.9, 21, 绿衣亨利（上下）
1664111, 7.7, 42, 娜娜
3762270, 7.7, 42, 堂吉诃德
1663838, 7.8, 39, 在人间
1825600, 8.1, 32, 特雷庇姑娘
3115765, 8.4, 26, 复活
1592767, 8.3, 27, 红字
1742014, 7.8, 36, 美国的悲剧-青少版
1592751, 8.2, 27, 猎人笔记
1107933, 8.0, 30, 少年维特之烦恼
3246306, 7.9, 31, 包法利夫人
1099297, 7.9, 30, 一生
1836002, 8.2, 25, 莫泊桑文集
2226603, 8.2, 25, 戈拉
2308418, 8.9, 17, 悲惨世界（上下）
1949582, 8.0, 27, 吉姆爷 黑暗深处 水仙花号上的黑水手
2332761, 7.7, 32, 娜娜
1409884, 7.0, 52, 红色的英勇标志
4605408, 8.1, 23, 假如给我三天光明
1044014, 7.8, 27, 约翰・克利斯朵夫（青少年版）
2296841, 7.3, 35, 阿芒得骑士
1047471, 7.7, 26, 邓尼茨
1085588, 7.3, 33, 臣仆
1742338, 8.1, 19, 老顽固
1102923, 8.2, 18, 三个火枪手DD纸生态书系?外国文学典藏
2048625, 8.2, 18, 茶花女
3797306, 7.9, 20, 鲁滨孙漂流记
1664926, 7.3, 28, 名人传
1265980, 7.4, 26, 十日谈（青少版）
1082803, 8.0, 18, 飘
6989958, 7.8, 19, 莫泊桑短篇小说选-全译本
1663094, 7.2, 26, 环游地球80天
2176750, 7.2, 26, 名人传
1109975, 6.9, 32, 圣经的故事
1084939, 7.6, 19, 匹克威克外传
3930160, 7.7, 17, 假如给我三天光明
1125522, 7.8, 16, 巴黎圣母院
2074975, 7.3, 21, 福尔摩斯探案选集(青少版) (平装)
1022254, 8.0, 14, 绿野仙踪-世界名著之旅
4917876, 8.1, 13, 世界名著-罗密欧与朱丽叶
5989027, 7.8, 15, 罪与罚
2274437, 7.5, 17, 十五岁的小船长
1265914, 7.3, 19, 普希金童话
1512835, 6.9, 24, 铁蹄
1027973, 7.0, 22, 铁木尔传
10760902, 7.6, 15, 红与黑
1475195, 7.2, 17, 铁面人
1592772, 7.2, 17, 罪与罚
20384892, 7.5, 14, 红与黑
1185819, 7.4, 14, 马亚一家
1641951, 7.5, 13, 森林之书
1272571, 7.6, 12, 欧也妮・葛朗台
3013375, 7.3, 14, 欧也妮・葛朗台
5906982, 7.8, 10, 飘
1924281, 7.4, 12, 打鹿将
1047921, 7.5, 11, 戈洛夫廖夫老爷们
1642116, 7.5, 11, 约婚夫妇
1855534, 7.6, 10, 爱的教育
1638617, 7.2, 12, 复活
1928546, 7.2, 12, 过河
1119300, 7.3, 11, 苔丝
3000832, 7.1, 12, 领航人
1642115, 7.2, 11, 修女拉摩的侄儿
