2017-01-23 16:17:59
Tag: 中国科幻
The number of books: 249 

ID, rating, votes, title
3066477, 9.2, 74629, 三体Ⅱ
5363767, 9.2, 74050, 三体Ⅲ
2567698, 8.8, 125433, 三体
1255624, 8.8, 43476, 神雕侠侣
5299764, 9.4, 14218, 1984
4242172, 8.3, 84632, 天才在左 疯子在右
1258490, 9.2, 10255, 基地
1394364, 8.8, 13712, 银河系漫游指南
2160556, 9.0, 8926, 十万个为什么
3266609, 8.8, 9475, 流浪地球
6518605, 9.3, 3589, 三体全集
2340609, 9.0, 3538, 2001太空漫游
1059406, 7.1, 87440, 幻城
1195590, 8.6, 4424, 带上她的眼睛
3571732, 8.4, 4708, 全频带阻塞干扰
1318622, 8.8, 2553, 青铜葵花
4219728, 9.4, 1084, 塔希里亚故事集Ⅲ
1015104, 9.3, 1161, 陶渊明集
1318431, 8.0, 5432, 幽灵旗
3124547, 7.7, 7993, 藏地密码2
1140726, 8.2, 3626, 计算中的上帝
26210607, 8.4, 2427, 时间移民
1292322, 8.2, 3103, 群星，我的归宿
1370069, 8.5, 2048, 阂
4326055, 8.4, 1982, 微纪元
3636385, 7.6, 5860, 超新星纪元
3266663, 8.2, 2254, 魔鬼积木・白垩纪往事
4245620, 8.4, 1656, 时光尽头
4937547, 7.9, 3152, 我的征途是星辰大海
1489158, 7.8, 3620, 过年
2032523, 8.5, 1231, 失乐园
6120501, 7.4, 5055, 中国式青春
2127790, 7.6, 2897, 蝴蝶风暴
3284411, 8.2, 1071, 头发
1906155, 8.5, 665, 爱因斯坦赤道
24935042, 7.4, 2543, 时间之墟
5996565, 7.8, 1351, 麦田里的守望者
6265750, 7.2, 3376, 三体X
6151679, 8.5, 572, 人生不相见
4832901, 7.8, 1217, 白垩纪往事
1362560, 8.1, 772, 魔力棒球
6060491, 8.1, 694, 现代中国的历程
1198312, 8.0, 775, 红色海洋
1465602, 8.1, 660, 七重外壳
3338894, 8.0, 664, 木炭
1980793, 8.5, 339, 王晋康科幻小说精选（全4册）
5063541, 7.9, 644, 卡勒米安墓场
3284415, 7.9, 624, 大厦
4814387, 8.1, 483, 2050年的母系氏族 Ⅰ
1945014, 7.0, 2083, 变形人
2146031, 9.2, 167, 科幻世界文库（全六册）
5336223, 7.0, 1833, 地铁
10864154, 8.3, 339, 刘慈欣卷：天使时代
3212644, 7.4, 976, 蓝血人
2231708, 7.5, 827, 掉线-星云VI
2226288, 7.3, 1068, 蚁生
1817625, 7.2, 1179, 善良的死神
3212670, 7.6, 628, 支离人
3224606, 7.6, 627, 老猫
1762956, 7.3, 925, 星云III-基因战争
1125282, 7.4, 795, 魔鬼积木
3448653, 7.3, 890, 十字
1919185, 8.3, 273, 绿野
3212654, 7.4, 740, 地底奇人
1812047, 8.2, 292, 宇宙墓碑
20501664, 7.7, 498, 荒潮
3212663, 7.7, 471, 回归悲剧
3224604, 7.5, 593, 沉船
1941049, 8.5, 204, 地火
6127328, 8.1, 289, 达尔文陷阱
3245170, 7.5, 563, 透明光
1081100, 7.6, 463, 当恐龙遇上蚂蚁
25729093, 8.2, 237, 中国太阳
1394305, 7.6, 450, 真空密室之i
1843252, 8.3, 211, 生命之歌
3212637, 7.4, 556, 妖火
1843486, 7.6, 431, 浮城
2040860, 7.4, 521, 冰火魔厨
3284413, 7.2, 659, 不死药
26638272, 7.2, 649, 天年
3245161, 7.5, 422, 真空密室之谜
10593893, 7.6, 357, 秘境之匣
4202105, 7.7, 300, 星云7
1858901, 7.2, 537, 谱
1494206, 7.1, 611, 奇门
1937240, 7.2, 522, 星云Ⅴ：格兰格尔5号
25898111, 8.1, 188, 伪人2075
1874455, 6.8, 857, 星云IV-深瞳
6059207, 6.6, 1173, 把你的命交给我
1394072, 8.6, 111, 星M曲
3245164, 7.3, 397, 盗墓
1547153, 7.1, 509, 仙境
10768061, 7.6, 276, 异海
1096528, 7.4, 345, 拉格朗日墓场
1132947, 8.7, 101, 中国科幻小说精品集
1060448, 7.2, 436, 类人
1539103, 8.6, 107, 苹果核里的桃先生
6845575, 7.0, 547, 与吾同在
1729000, 7.4, 325, 神殇・永离
6827865, 7.1, 472, 火星照耀美国
2130000, 7.8, 201, 生死平衡
26657597, 8.7, 92, 人和吞食者
1547144, 7.1, 418, 律
3338897, 7.3, 325, 地图
6789610, 7.6, 230, 银河之心・天垂日暮
5355647, 7.8, 185, 0000年的母系氏族
10827885, 7.0, 443, 古老的地球之歌
11503109, 7.5, 239, 关妖精的瓶子
3284409, 6.8, 573, 钻石花
1847803, 7.0, 420, t月亮
1846745, 7.1, 361, Q^
1211320, 9.0, 64, 2001年度中国最佳科幻小说集
2382245, 8.6, 84, 跨越三维空间
3284408, 7.0, 404, 鬼子
26598144, 8.7, 77, 再生砖
5990493, 7.3, 261, 流浪玛厄斯
6742582, 7.3, 259, 替天行道
2303070, 7.1, 326, 多了一个
1413219, 7.3, 242, 豹人
5283337, 8.4, 86, 新幻界壹周年精选集
1547136, 6.7, 511, 少年l斯理
1385559, 6.8, 431, 天外金球
2085131, 8.2, 96, 星云
7051742, 7.8, 134, 薄码
10527069, 8.3, 86, 水星播种
26596367, 8.0, 109, 完美末日
24741573, 7.3, 211, 中国科幻大片
6851610, 7.2, 236, 终极爆炸
25831055, 7.0, 295, 逃出母宇宙
1385561, 6.9, 328, 鬼子
3264673, 7.4, 178, 启示
1212471, 8.7, 60, 2002中国年度最佳科幻小说
1044309, 8.9, 52, 神奇蚂蚁
3338895, 7.1, 240, 鬼混
26649737, 9.5, 36, 中国科幻年度坐标
2918997, 7.7, 124, 中国科幻小说年选
23857400, 7.6, 135, 毁灭之城：生命副本
24538717, 7.3, 183, 毁灭之城：地球碎块
1089069, 8.0, 93, 天火
1867696, 7.0, 243, 笔友
11516839, 7.8, 106, 瘟疫
1213917, 9.0, 44, 2002年度中国最佳科幻小说集
26303961, 7.7, 109, 星际掠食
2151797, 7.7, 107, 飞向冥王星的人
1689421, 8.5, 55, 想像力宣言
11531717, 7.5, 122, 回到卡戎
10864152, 7.9, 82, 何夕卷：爱别离
1195589, 7.5, 98, 善恶女神
6052798, 8.0, 62, 黄金故事
11607281, 6.6, 249, 高铁
24899768, 7.5, 87, 银河之心-暗黑深渊
2117644, 8.4, 44, 鲁文基系列
6861508, 7.1, 125, 生命之歌
2021451, 7.4, 93, 珊瑚岛上的死光
3360651, 7.6, 77, 2008年度中国最佳科幻小说集
5355496, 7.8, 63, 新幻界・镜像
26369906, 8.0, 54, 独唱者
1261406, 8.5, 38, 狼蝙蝠
5915938, 7.6, 71, 2010年度中国最佳科幻小说集
6806490, 7.9, 56, 星旅人
10591692, 8.2, 43, 坠入苍穹
4267923, 6.9, 130, 聚盆
1781278, 7.6, 65, 祸匣打开之后
1337988, 7.4, 77, 海豚人
2373191, 7.7, 59, 2007年度中国最佳科幻小说集
7051734, 7.9, 50, 麦田里的中国王子
3194091, 7.7, 56, 银河新世纪（共3册）
10773829, 6.9, 114, 癌人
26636675, 8.0, 44, 与机器人同行
2007046, 8.5, 32, 死亡星球的复活
25769543, 8.6, 30, 中国科幻银河奖作品精选集⑥
3314233, 8.2, 38, 古星图之谜
2677700, 7.8, 50, 2007中国年度科幻小说
4299480, 6.9, 111, h
6946594, 7.5, 62, 红蚀
5355515, 7.6, 52, 新幻界・安魂师
26849200, 9.3, 19, 离开地球表面
1265098, 8.5, 28, 中国科幻小说（1―4册）
3112031, 7.8, 41, 东游记
4230137, 7.4, 54, 2009年度中国最佳科幻小说集
21267009, 7.9, 37, 2012年度中国最佳科幻小说集
1950077, 8.8, 21, T神缤
26336023, 6.7, 96, 时空平移
1490258, 8.0, 32, 时间的彼方
1491605, 7.4, 48, 2005中国年度科幻小说
4193118, 6.5, 112, M^
6515758, 7.5, 41, 龙族Ⅱ
10797498, 7.0, 60, 豹人
4832926, 7.3, 46, 解咒人
1970153, 7.0, 57, 2006年度中国最佳科幻小说集
1963101, 6.9, 58, 追杀K星人
20412100, 7.7, 31, 星海征程
4313226, 6.6, 77, 造
26801112, 8.1, 24, 医院
5351954, 7.2, 43, 月亮宝石
1622993, 7.5, 34, 时空死结
26695803, 7.5, 33, 去死的漫漫旅途
2248265, 8.0, 24, 天城・海城
10554700, 6.6, 68, 生死平衡
26707928, 7.0, 46, 天父地母
4087949, 7.4, 33, 星际浪子（全二册）
10864157, 7.0, 44, 王晋康卷：时间之河
4297384, 6.1, 113, 湖水
11597371, 7.2, 37, 小松与大盗贼
26896839, 7.1, 39, 无限房间
24696124, 7.6, 27, 轨道
1062138, 8.0, 21, 人猿北征.动物小说
7061395, 6.6, 58, 人形软件(卷二)-生死之轮
1412898, 7.7, 24, 生死之约
1328161, 8.1, 19, 安卡拉星来的使者
26739638, 7.3, 30, 时间之河
4291694, 6.0, 94, 合成
25729095, 7.7, 20, 斑鸠
1093505, 6.8, 37, 统一软件开发过程
25900677, 7.6, 20, 星・纪・原
25728338, 6.4, 49, 上帝之手
26385442, 7.6, 19, 穹顶之下・末日卷
1487795, 7.4, 21, 2004年度中国最佳科幻小说集
26312160, 7.2, 23, 天幕
6067587, 8.1, 13, 中国宝塔 上海卷
3148309, 7.8, 15, 小乒乓变了
1411934, 6.6, 32, 死亡大奖
20376114, 6.6, 32, S7系列之黑灵
1862401, 7.4, 18, 让我们一起寻找外星人
25845442, 7.4, 17, 新世纪小说大系（2001―2010）? 科幻卷
25716646, 7.5, 16, 2012
1328440, 7.4, 16, 在未来世界的日子里
21319954, 7.5, 15, 深海突围
1753522, 7.3, 16, 金|衣
1120735, 7.6, 13, 奇奇怪怪的人
4167856, 7.6, 13, 中国名园
10955954, 7.4, 14, 转生的巨人
1207391, 7.5, 13, 2001中国年度最佳科幻小说
20279674, 6.0, 39, 星云9
1095401, 7.4, 13, 沙漠古船
26628656, 7.4, 13, 15克星光
20260226, 5.9, 40, 血祭
6023753, 7.4, 12, 膜
4832903, 6.7, 18, 少年闪电侠
25795746, 6.9, 15, 2013年度中国最佳科幻小说集
26385441, 6.7, 17, 穹顶之下・危机卷
1163160, 6.4, 21, 寻找中国龙
3271020, 5.8, 35, 新纪元
3935676, 7.1, 12, 杜渐科幻小说集之三机器人传奇
26796546, 6.7, 15, 灵海
25805007, 6.8, 14, 2013中国年度科幻小说
2059977, 6.9, 12, 贾宝玉坐潜水艇
26694803, 5.4, 33, 星际战争
20442178, 5.6, 19, 不朽神皇
