2017-01-23 16:17:59
Tag: 中国历史
The number of books: 945 

ID, rating, votes, title
1873231, 8.8, 77612, 明朝那些事儿（壹）
1041482, 8.9, 54787, 万历十五年
3674537, 9.1, 30859, 明朝那些事儿（1-9）
1949338, 8.9, 39220, 明朝那些事儿（贰）
2052448, 8.9, 32660, 明朝那些事儿（叁）
1077847, 9.5, 12176, 史记（全十册）
1003479, 9.1, 21215, 中国历代政治得失
3626924, 9.0, 22761, 明朝那些事儿（柒）：大结局
2253642, 8.8, 30165, 明朝那些事儿（肆）
3009821, 8.8, 27459, 明朝那些事儿（伍）
3274113, 8.9, 22724, 明朝那些事儿（陆）
1046492, 9.3, 9015, 史大V（上下）
3239549, 9.1, 11375, 夹边沟记事
1015699, 8.3, 17358, 中国大历史
1675478, 9.0, 5893, 天朝的崩溃
3079029, 8.8, 7669, 大秦帝国
10471333, 8.9, 5781, 叫魂
1072295, 9.3, 3385, Y治通a（全二十裕
1014763, 9.2, 3338, 三国志（全五册）
1025723, 8.3, 11691, 潜规则
1012561, 8.6, 6297, 上下五千年
2376486, 8.8, 4744, 中国近代史
1427825, 8.5, 5948, 中国人史纲（上中下）
1000280, 8.5, 5913, 袁氏当国
1060025, 8.8, 3752, 中国近代史
1006560, 8.2, 8867, 血酬定律
1037060, 8.6, 4097, 曾国藩（上中下）
2032141, 8.9, 2288, 陈寅恪魏晋南北朝史讲演录
1030503, 9.2, 1426, 东晋门阀政治
3901238, 7.6, 13122, 历史是个什么玩意儿1
1050929, 8.7, 2360, 隐蔽的秩序
1425075, 8.8, 2001, 大秦帝国・第一部 黑色裂变（上、下）
10797092, 8.6, 2512, 蒋介石与现代中国
1017795, 9.5, 875, 隋唐制度渊源略论稿 唐代政治史述论稿
1055304, 9.5, 834, 中国历史地图集（全八册）
1050175, 8.0, 5123, 赫逊河畔谈中国历史
2118743, 8.6, 2120, 银元时代生活史
1277267, 8.6, 2033, 国史新论
1107841, 9.0, 1257, 战国策
3707886, 9.0, 1215, 中国通史
1051231, 8.3, 2818, 黄河青山
1029723, 9.2, 968, 汉书（全十二册）
20389202, 7.9, 5062, 唐朝穿越指南
1016864, 8.9, 1286, 士与中国文化
1055347, 9.0, 1149, 中国史纲
1893879, 8.5, 2067, 张居正（全四册）
6533042, 9.3, 840, 南明史
1008094, 9.3, 829, 春秋左髯（全四裕
6980818, 8.6, 1714, 浩荡两千年
1982427, 9.0, 1008, 大明王朝1566
1291355, 7.9, 4046, 非常道
25938605, 8.7, 1341, 天国之秋
1491537, 8.9, 976, 近代中国社会的新陈代谢
1039126, 8.8, 1080, 剑桥中国晚清史（上下卷）
1270509, 8.9, 961, 中国史学名著
1030526, 8.9, 947, 中国文化史导论
1337448, 8.9, 947, 简明中国历史地图集
2070186, 9.5, 526, 打飞机英雄集
1463256, 8.2, 2068, 大明王朝的七张面孔
2140283, 8.3, 1793, 国破山河在
1022938, 8.4, 1574, 中国历史研究法
1065335, 9.1, 687, 朱熹的历史世界(上下)
1253538, 8.6, 1147, 剑桥中华民国史（上卷）
3787085, 8.5, 1202, 三国史话
20473505, 8.8, 842, 山月记
5906321, 9.1, 612, 开放中的变迁
4173725, 7.4, 5622, 历史是个什么玩意儿2
1042070, 8.5, 1153, 历史的经验
2713409, 8.8, 821, 国民党的“联共”与“反共”
1834541, 8.8, 809, 柏杨白话版资治通鉴 第一辑
4827310, 8.7, 884, “中间地带”的革命
1139065, 9.0, 630, 党员、党权与党争
11636077, 8.3, 1365, 饥饿的盛世
2299164, 7.9, 2323, 帝国的终结
1034847, 8.4, 1201, 美国与中国
3063012, 9.1, 564, 上下五千年（一）
10597973, 8.1, 1747, 旧山河
5254242, 8.2, 1475, 嗜血的皇冠
6797768, 8.4, 1125, 一寸河山一寸血.1
1010189, 9.6, 329, 金明馆丛稿初编
1010512, 8.6, 849, 1901年
2701417, 9.3, 423, 史记（全四册）
1421029, 7.5, 3698, 帝国的惆怅
5906312, 8.7, 749, 兴盛与危机
1172077, 9.1, 497, 秦汉魏晋史探微（重订本）
1041622, 9.0, 543, 后汉书（全十二册）
3833335, 7.8, 2228, 两宋风云
1009529, 8.6, 784, 毛泽东、斯大林与朝鲜战争
3432401, 8.1, 1416, 苦难辉煌
3662567, 9.2, 430, 近代中国史纲
1485297, 7.6, 2809, 易中天品读汉代风云人物
1056883, 9.2, 420, 读通鉴论（上中下册）
1132689, 8.7, 679, 洪业
1052968, 8.8, 609, 剑桥中华人民共和国史（下卷）
25760457, 8.8, 600, 三案始末
2567326, 8.1, 1317, 从大历史的角度读蒋介石日记
6791427, 7.8, 1974, 帝国最后的荣耀
2058145, 8.1, 1287, 王立群读《史记》之汉武帝
1427450, 9.0, 466, 白话本国史
1014192, 8.5, 764, 剑桥中国隋唐史
1477774, 8.8, 554, 剑桥中华民国史（下卷）
1058245, 7.8, 1819, 帝国政界往事
1768526, 7.8, 1817, 国史十六讲
1005047, 8.6, 673, 剑桥中华人民共和国史（上卷）
1006419, 8.4, 836, 十六世纪明代中国之财政与税收
1280568, 8.7, 584, 毛泽东与莫斯科的恩恩怨怨
3409620, 9.1, 396, 东周列国志
24863358, 8.1, 1144, 易中天中华史：奠基者
1825043, 8.9, 474, 明史讲义
1265468, 9.3, 329, 廿二史札记校证（上下册）
1253638, 8.4, 780, 剑桥中国秦汉史
2191536, 9.1, 384, 资治通鉴-(柏杨白话版)(全九辑三十六册)(双盒装)
1796672, 8.2, 980, 万古江河
2220623, 8.6, 621, CCTV百家讲坛・易中天品三国：魏武挥鞭（第一部）
10796986, 9.1, 378, 魏晋之际的政治权力与家族网络
2347492, 8.1, 1090, 蒙曼说唐：武则天
1116205, 8.9, 450, 晋书（全十册）
3923369, 8.8, 495, 中华人民共和国建国史研究1
1801407, 8.2, 948, 苦命天子
1446867, 9.1, 368, x南北朝史（上下）
1289247, 8.7, 512, 戊戌变法史事考
26349445, 8.2, 872, 秦谜
4086800, 9.2, 313, 陈寅恪集
3525645, 8.0, 1087, 蒙元入侵前夜的中国日常生活
1025137, 7.9, 1236, 放宽历史的视界
1076013, 8.8, 446, 明史（全二十八册）
1052932, 7.9, 1224, 大历史不会萎缩
1205653, 9.1, 330, 大秦帝国（第一部 上下）
25844017, 8.5, 587, 讲谈社・中国的历史（十卷本）
3127122, 7.8, 1348, 公主之死
24522666, 7.6, 1727, 易中天中华史：国家
5343931, 8.6, 504, 中国通史（上下册）
2261243, 9.0, 337, 汉书
1207500, 8.8, 404, 布局天下
25778846, 8.1, 846, 易中天中华史：百家争鸣
26419408, 9.3, 256, 清代旅蒙商述略
1069301, 8.4, 587, 在中国发现历史
1777478, 8.5, 525, 剑桥中国明代史（上卷）
24522663, 7.5, 1835, 易中天中华史：祖先
2173201, 8.3, 649, 停滞的帝国
1061155, 8.4, 576, 中国官僚政治研究
1063540, 8.3, 634, 中华帝国晚期的叛乱及其敌人
1012114, 8.0, 889, 远东 朝鲜战争
1004250, 8.2, 697, 秦汉史
2255277, 9.1, 285, 魏晋南北朝史札记
1232523, 8.4, 557, 中国：传统与变迁
1014006, 8.8, 372, 中国近三百年学术史（全两册）
10740958, 8.8, 370, 剑桥中国史（全十册）
26334500, 8.3, 613, 说中国
1001953, 8.2, 670, 张居正大传
26042406, 7.8, 1088, 易中天中华史：三国纪
1001057, 8.3, 587, 龙旗飘扬的舰队
2082163, 8.2, 655, 开卷有疑
4745305, 7.5, 1607, 北洋裂变
10539156, 8.3, 578, 绚烂的世界帝国：隋唐时代
1427402, 8.6, 422, 青铜时代的蕨类战争
1314467, 9.4, 209, 读史方舆纪要
1057226, 8.2, 642, 伟大的中国革命
1082165, 8.6, 418, 柏杨版资治通鉴
25751114, 7.8, 1026, 易中天中华史：从春秋到战国
2153605, 7.6, 1345, 民国那些人
3191866, 8.1, 701, 杜甫的五城
6060491, 8.1, 694, 现代中国的历程
1808600, 7.8, 993, 皇后之死
1427476, 8.9, 303, 秦汉史
1033007, 7.7, 1124, 关系千万重
1322186, 8.7, 359, 秦汉的方士与儒生
3923370, 8.6, 395, 中华人民共和国建国史研究-2
24530428, 7.6, 1269, 许倬云说历史：台湾四百年
1321897, 8.0, 750, 岁月台湾
1959134, 8.1, 666, 中国皇帝的五种命运
1003828, 8.8, 320, 中国思想传统的现代诠释
2138608, 8.7, 345, 中国社会中的宗教
1447912, 8.8, 314, 五四运动
3746915, 9.6, 163, 资治通鉴
3272882, 8.1, 637, 王立群读《史记》之秦始皇
6860955, 7.7, 1046, 太平天国
25903866, 7.8, 916, 唐朝定居指南
1034248, 8.7, 340, 雍正传
1044347, 9.0, 259, 走向共和（上中下）
1084229, 9.0, 259, 明初以降人口及其相关问题
1071931, 8.9, 281, 隋唐帝国形成史论
1012929, 9.2, 218, 二十四史
3434743, 8.1, 627, 尊严不是无代价的
25828759, 8.0, 702, 中华的崩溃与扩大：魏晋南北朝
1170187, 9.1, 235, 史记
1024666, 7.6, 1156, 王氏之死
1959837, 8.1, 602, 柏杨曰
1825044, 9.1, 227, 清史讲义
1427558, 8.8, 292, 先秦史
3168449, 9.6, 154, 唐代政治史略稿
2160404, 8.5, 387, 晚清七十年 【壹】
3628934, 8.8, 291, 晚清七十年 【伍】
2010704, 8.6, 347, 剑桥中国辽西夏金元史
2298352, 8.7, 313, 西周的灭亡
1043650, 8.6, 343, 中国历史研究法
1962573, 8.6, 340, 剑桥中国明代史（下卷）
3071235, 7.3, 1607, 如果这是宋史
1134086, 8.7, 302, 中国文化与中国的兵
1052077, 8.9, 252, 文史传统与文化重建
1033811, 7.7, 900, 地北天南叙古今
4137080, 8.3, 443, 被`解的中v史
25902867, 7.8, 785, 易中天中华史：汉武的帝国
3423098, 8.6, 327, 波峰与波谷
1062355, 9.1, 208, 隋书（全六册）
1437607, 8.8, 268, 中国近百年政治史
1427514, 8.7, 292, 青铜时代的鳄鱼战争
25662880, 7.6, 984, 易中天中华史：青春志
1061239, 7.1, 2078, 正说清朝十二帝
1023084, 8.2, 474, 大门口的陌生人
2142680, 8.5, 348, 游民文化与中国社会
1480858, 9.1, 204, 吕思勉读史札记
1274943, 8.8, 262, 中国青铜时代
26368070, 7.9, 657, 秦崩
26022213, 8.3, 419, 历史深处的民国 壹 晚清
1019945, 8.2, 465, 拉贝日记
3402992, 8.1, 516, 历史大脉络
26602453, 8.6, 309, 战国歧途
4102053, 8.2, 461, 解放战争（下）（1948.10-1950.5）
1048771, 8.4, 365, 长征
1000364, 8.8, 249, 新唐书（全二十册）
26603137, 9.0, 210, 危机与重构
1427297, 8.7, 272, 青铜时代的蜥蜴战争
1052829, 8.9, 228, 士大夫政治演生史稿
4117627, 8.6, 296, 千古名将英雄梦（壹）
1013253, 8.2, 440, 细说宋朝
2979768, 8.4, 355, 晚清七十年 【贰】
25788139, 9.2, 176, 北平历史地理
3082942, 8.9, 224, 唐代基层文官
3181961, 7.6, 886, 朱元璋传
1278703, 8.6, 291, 中华帝国晚期的城市
3665980, 9.0, 205, 从甲午到戊戌
7056976, 9.2, 174, 明朝那些事儿9 图文精印版
3127396, 9.1, 186, 中A人民共和史 第三卷 思考cx
1277262, 8.1, 472, 孔子传
1876864, 8.7, 259, 祖宗之法
25867690, 7.7, 741, 易中天中华史：秦并天下
1025576, 7.9, 579, 中国史学入门
25969313, 7.7, 733, 易中天中华史：两汉两罗马
1146528, 8.9, 212, 宋论
4838107, 8.1, 455, 新宋
4160733, 8.5, 301, 癫狂的列国 第一卷
21452652, 8.5, 300, 黑洞
24863350, 7.4, 1073, 易中天中华史：文明的意志与中华的位置
2121038, 8.5, 296, 白话史记（上中下）
1465795, 7.6, 807, 天公不语对枯棋
4214302, 8.3, 359, 蒙曼说唐
1870759, 8.0, 493, 东周战争与儒法国家的诞生
3153599, 8.0, 493, 统一与分裂
21405316, 8.1, 441, 龙床
6895934, 8.3, 357, 读史求实
1446869, 9.1, 173, 隋唐五代史（上下）
1011290, 8.1, 434, 中华上下五千年
24829939, 7.8, 611, 民国纪事本末（1911-1949）
1410929, 9.3, 147, 唐代政治史述论稿
2065347, 8.3, 346, 走出中世纪
19941530, 8.3, 346, 坐天下很累
16636512, 8.7, 237, 二月河文集 康熙大帝 雍正皇帝 乾隆皇帝 （套装共13册）
4582330, 8.8, 216, 西周的政体
2382863, 8.9, 197, 六朝贵族制社会研究
1597252, 9.2, 155, 二十四史全译1-88
1271411, 8.7, 232, 六至九世纪中国政治史
1060962, 8.7, 229, f唐（全十六裕
10553731, 7.7, 639, 中国思想与宗教的奔流：宋朝
2268837, 9.5, 120, 东周列国故事新编（全二册）
4922253, 7.9, 495, 历史：何以至此
25828722, 7.9, 494, 三国志的世界：后汉 三国时代
26357810, 7.6, 710, 易中天中华史:南朝，北朝
2594830, 8.5, 259, 从战争中走来：两代军人的对话
6827961, 8.6, 236, 1911
1046738, 8.7, 215, 拓跋史探
5392437, 9.2, 144, 魏晋南北朝隋唐史三论
1088525, 8.4, 281, 1957年的夏季
1009852, 7.9, 469, 细说三国
25790421, 8.2, 339, 红雨
26711101, 8.2, 338, “边缘人”纪事
5917239, 7.6, 668, 康熙：重构一位中国皇帝的内心世界
2273650, 9.0, 164, 后汉书
3335643, 8.0, 412, 中国历史风云录
1270592, 8.9, 176, 中国史稿地图集（上册）
1772151, 8.6, 226, 翻身
1464897, 8.1, 366, 明朝的皇帝
10557529, 7.5, 734, 许倬云说历史：大国霸业的兴废
1032760, 8.6, 223, 战国史
25819260, 8.2, 325, 易中天中华史
26368072, 7.8, 498, 楚亡
26298766, 7.5, 719, 魏晋风度
1431966, 7.3, 930, 历史的坏脾气
25980792, 8.0, 388, 从华夏到中国
26290480, 8.4, 259, 历史深处的民国 贰 共和
6854982, 8.9, 167, 《春秋》与“汉道”
26612973, 7.8, 483, 易中天中华史:隋唐定局
1171967, 8.8, 181, 袁世凯评传（上下）
1851488, 8.6, 214, 毛泽东的中国及后毛泽东的中国
2305131, 9.3, 123, 内北国而外中国
26791320, 8.5, 231, 哇，历史原来可以这样学1
4198018, 7.3, 891, 五百年来谁著史
26282953, 8.5, 226, 大国推手
2173528, 9.1, 136, 酏R民
1937123, 8.5, 222, 西安事变新探
1116206, 8.7, 186, 新五代史（全三册）
1951495, 8.0, 357, 帝国的回忆
1049165, 8.5, 218, 留美幼童
1090705, 7.8, 441, 观察中国
1039510, 9.0, 142, 中国历史纪年表
1220840, 7.5, 626, 1949年：中国知识分子的私人记录
3184339, 8.0, 342, 华丽家族
4843865, 8.2, 278, 失去的机会？
1171525, 7.9, 379, 国史概要
4842450, 7.6, 536, 我者与他者
2158882, 8.5, 207, 中国启蒙运动
1432903, 7.1, 1031, 华丽血时代
5392430, 9.4, 102, 魏晋南北朝史论丛
6732223, 9.2, 117, 壹玖壹壹
1665241, 8.8, 155, 中国史稿地图集（下册）
1434309, 8.3, 238, 佛教征服中国
1161601, 8.5, 196, 宋史（全四十册）
20516973, 7.6, 494, 从神话到历史：神话时代、夏王朝
1660163, 9.3, 104, 中国历史地图集 第一册
1866520, 8.9, 139, 明季北略(全二册)
5292367, 8.3, 230, 国史讲话
2077135, 7.7, 430, 孟宪实讲唐史
3219109, 9.1, 118, 中国震撼世界
3706510, 9.1, 118, 中国文化思想史九种
1097745, 8.0, 306, 中国转向内在
1051004, 7.7, 420, 剑桥插图中国史
1313715, 8.4, 203, 春秋史
3741483, 7.9, 332, 大动乱的年代
1262848, 8.9, 134, 北史（全十册）
24859453, 7.5, 526, 这个历史挺靠谱
1836621, 9.1, 115, 两汉魏晋南北朝宰相制度研究
6729761, 7.7, 412, 我想重新解释历史
1531569, 9.2, 107, 二月河文集
1024528, 8.4, 201, 清史稿(全四十八册)
6894467, 7.2, 776, 血腥的盛唐
1045334, 8.5, 180, 北齐书（全二册）
1006694, 8.8, 139, 南史（全六册）
26476950, 7.9, 315, 制造汉武帝
1290266, 9.3, 96, 林汉达中国历史故事集
10786646, 7.2, 735, 这个历史挺靠谱2
4252718, 7.6, 438, 如果这是宋史4：仁宗盛世卷(下)
1087278, 9.2, 102, 元西域人华化考
1001165, 8.6, 160, 宋书（全八册）
1315239, 8.3, 207, 中国封建社会
24858161, 8.4, 189, 野哭
1011323, 8.2, 226, 曹操传
1815669, 9.2, 100, 魏晋南北朝史论拾遗
26422141, 8.5, 171, 何草不黄
1543882, 8.9, 124, 中国历史文选（上）
1073483, 9.6, 77, 日本学者研究中国史论著选译（第一卷）
3770531, 8.9, 123, 北洋海军舰船志
1437227, 8.8, 132, 中国历史通论
1762763, 9.0, 113, 清代宫廷生活
1255978, 8.9, 121, 纲鉴易知录（全八册）
24974938, 8.1, 239, 东方历史评论（第2辑）
2306652, 7.7, 364, 晚清有个李鸿章
26377294, 8.3, 196, 坐天下
1322125, 7.8, 322, 明代的漕运
2976744, 8.5, 164, 若干重大决策与事件的回顾（上下）
20473479, 8.9, 119, 建元与改元
3435830, 7.6, 400, 悠悠南北朝
4248139, 8.4, 177, 唐代藩镇研究
25828590, 7.6, 396, 始皇帝的遗产：秦汉帝国
10435397, 8.7, 136, 中国历史精神
4175453, 8.5, 160, 中国古代官阶制度引论
1312716, 9.0, 108, 话说中国(全15册?含索引、DVD)
1577735, 9.4, 82, 续资治通鉴长编（全二十册）
1559571, 8.3, 189, 汉帝国的建立与刘邦集团
1774882, 7.3, 560, 历史的底稿
3323331, 9.0, 107, 文白对照全译资治通鉴（第一辑 全三册）
26607789, 8.0, 250, 宫崎市定中国史
1225697, 8.7, 133, 中国古代简史
1008176, 8.2, 204, 魏晋南北朝史
3191676, 7.7, 340, 军绅政权
5914500, 8.3, 185, 近代的尺度
26916855, 9.7, 67, 中国通史
1289199, 8.7, 132, 左传译文
1320347, 7.8, 302, 曹寅与康熙
6975218, 8.1, 221, _巢唤痰闹近代史
20273178, 7.6, 375, 大民小国
20516976, 7.6, 375, 海与帝国：明清时代
1059204, 7.2, 617, 蒋介石评传（上、下）
6809193, 8.7, 130, 从中国历史来看中国民族性及中国文化
6785420, 7.9, 265, 辛亥年
3410734, 8.8, 119, 从爵本位到官本位
3620169, 8.8, 119, 体国经野之道
26847586, 8.8, 119, 哈佛中国史（全六卷）
1031725, 8.6, 139, 魏晋南北朝史论集
26386378, 7.5, 411, 文化不苦旅
3442805, 8.3, 179, 革命逸史（全三册）
2075685, 8.1, 214, 黎东方讲史:细说三国
5338275, 8.1, 213, 北洋往事
5288681, 8.7, 126, 被&#34;废除不平等条约&#34;遮蔽的北洋修约史
3358492, 8.7, 125, 李鸿章与北洋舰队
2251772, 9.0, 100, 北方民族史十论
24863220, 7.9, 255, 塞北三朝・辽
2041304, 7.7, 315, 岳飞传
4928309, 7.7, 312, 何处是“江南”？
10426968, 9.3, 80, 中国近代史
5360105, 7.9, 249, 被误解的中国
1012407, 8.9, 105, 先秦诸子系年
1908546, 7.6, 342, 武夫当国
1073656, 8.6, 131, 经历：我的1957年
1014817, 8.6, 130, 魏书（全八册）
1845499, 7.3, 483, 纵横十六国
1160760, 8.2, 182, 庚子勤王与晚清政局
1010019, 8.6, 129, 中国制度史
1966425, 9.3, 78, 战国策笺证
3077497, 8.3, 165, 走出中世纪二集
3014707, 9.0, 95, 前后汉故事新编
1260119, 8.7, 118, 隋唐嘉 朝野Ld
24838223, 7.8, 265, 皇上走了
1052411, 7.6, 328, 细说两晋南北朝
1926856, 9.5, 68, 三国志集解
1015356, 8.7, 117, 南齐书（全三册）
4155336, 8.4, 149, 读史的智慧
6397532, 8.3, 162, 西周史
1741716, 8.6, 126, 周恩来与他的世纪
1210773, 8.7, 116, 商文明
3360630, 7.8, 260, 宋史十讲
1011827, 8.5, 135, 西周史
2284985, 9.4, 71, 黄仁宇全集（全14册）
3437240, 8.1, 190, 每天学点中国史
1351151, 9.0, 91, China Marches West
10566123, 8.3, 155, 山海经
1015961, 8.1, 185, 细说清朝
10757884, 7.7, 276, 其实我们一直活在春秋战国
1069473, 8.9, 94, 中国古史的传说时代
26617662, 8.5, 127, 历史深处的民国 叁 重生
2058228, 7.7, 267, 唐史十二讲
3063921, 7.9, 217, 真名士自风流
1732805, 7.5, 332, 五胡录
1074659, 8.3, 149, 甲午战争前后之晚清政局
5392436, 9.3, 71, 魏晋南北朝史论丛续编?魏晋南北朝史论拾遗
1909748, 7.4, 368, 中国史纲要
25828767, 7.4, 368, 末代王朝与近代中国：清末 中华民国
1062168, 8.1, 175, 中国通史（1-10册）
1048535, 8.5, 124, 崇祯传
1869719, 8.5, 124, 中国史
1421650, 8.3, 146, 国史探微
3101063, 8.1, 174, 1644：帝国的疼痛
25788989, 8.1, 174, 遗失在西方的中国史（三册）
3091586, 8.9, 91, 中国民族史两种
3184340, 7.6, 287, 簪缨世家
5038827, 7.5, 321, 重读近代史
26821343, 7.6, 286, 封面民国
3512948, 8.0, 189, 甲午战争
1660719, 8.0, 188, 走向世界的挫折
1262810, 8.7, 104, 旧五代史（全六册）
1016468, 8.1, 171, 唐：日落九世纪
26694140, 7.6, 283, 晚清最后十八年
1433911, 8.5, 121, 唐代长安与西域文明
2678184, 7.5, 313, 帝国政界往事
3024498, 7.4, 350, 晚明七十年
1011034, 8.6, 110, 品位与职位
4209074, 9.1, 77, 中国历史研究法补编
20370558, 7.8, 223, 城殇
1936152, 8.4, 128, 中国历史年表
1038619, 8.5, 118, 梁书（全三册）
4848553, 8.3, 138, 百年孤影
1063824, 9.0, 81, 先秦政治思想史
1866523, 8.7, 100, 明季南略
3991955, 8.0, 178, 最早的中国
10435585, 8.1, 161, 明末农民战争史
3289279, 7.9, 193, 中国近百年史话
2270995, 7.3, 367, 悠悠南北朝
5348097, 7.4, 325, 这个天国不太平
1025355, 8.2, 144, 1966
1626946, 7.8, 209, 唤醒中国
2040851, 7.8, 207, 北宋政治改革家王安石
26655980, 7.9, 187, 顽疾
11603580, 9.0, 77, 历朝通俗演义
1174781, 8.4, 119, 中国政治制度史导论
2568552, 7.5, 279, 帝国政界往事
2173194, 8.8, 87, 中国文化史（上下）
1017604, 8.2, 139, 晚明史
26285623, 8.4, 117, 周恩来最后600天
3566570, 8.6, 100, 中国知青史
1958888, 9.3, 62, 严耕望史学论文选集（二册）
10482770, 8.2, 137, 银线
1932533, 9.1, 70, 中国古代都城制度史
4050715, 9.1, 70, 明清福建家族组织与社会变迁
3706302, 8.2, 136, 学问有道
2003499, 9.3, 61, 唐长孺文存
1907691, 7.7, 216, 从平城到洛阳
1119383, 8.7, 90, 中国上古史研究讲义
6390063, 8.7, 90, 唐代中层文官
4238851, 8.4, 113, 从混沌到秩序
1448971, 9.0, 73, 中华通史（1-10卷）
6526783, 7.8, 192, 蒋介石的人际网络
26855717, 8.4, 112, 北上
2211584, 8.2, 131, 立宪派与辛亥革命
20399478, 8.6, 95, 拓边西北
20516975, 7.1, 419, 疾驰的草原征服者
1780119, 8.3, 120, 资治通鉴皇家读本（上中下）
26860143, 7.8, 188, 易中天中华史  第十七卷：大宋革新
25815585, 7.7, 206, 大谋小计五十年：诸葛亮传
3037210, 8.2, 129, 汉口
2157039, 7.6, 228, 延安日常生活中的历史
25828586, 7.1, 408, 从城市国家到中华：殷周 春秋战国
3518534, 9.1, 66, 柏杨白话版资治通鉴全集
1180231, 8.0, 151, 中国通史 共12卷 22册
4722852, 8.0, 150, 天崩地解
4272356, 8.1, 137, 1945～1949：国共政争与中国命运
1971530, 8.5, 98, 中国古代史史料学
3463331, 7.7, 198, 人间正道是沧桑
4164480, 8.2, 123, 中A人民共和史 第二卷 向社主x^渡
4293430, 8.1, 134, 并未远去的背影
1040207, 7.0, 442, 林彪的这一生
1444195, 8.5, 95, 北朝村民的生活世界
2371899, 8.5, 95, 魏晋南北朝史（全二册）
2353973, 8.7, 82, 大明旗号与小中华意识
6772098, 8.6, 88, 北魏平城时代
1956172, 7.7, 189, 南明史
2161870, 9.7, 44, 春秋大事表
1012597, 8.6, 87, 元史（全十五册）
26676661, 8.6, 87, 从黄河文明到“一带一路”.第1卷
26864737, 8.6, 87, 原来你是这样的宋朝
1016920, 8.2, 119, 吴越春秋(上下)
3427166, 9.1, 62, 文史通义
1142511, 8.5, 93, 中国史通论
1441016, 7.4, 257, 野史记
1460080, 8.6, 86, 隋唐史
4814260, 7.8, 168, 八王乱
2226714, 8.3, 108, 中A民史稿
3663036, 7.8, 167, “五四”九十周年祭
26184836, 7.8, 167, 朱雀
5243494, 8.4, 99, 官阶与服等
3722952, 8.3, 107, 中国史学发微
1022267, 8.6, 85, 金史（全八册）
2378481, 8.7, 79, 明史纪事本末(全四册)
1030442, 8.3, 106, 周书（全三册）
3798874, 8.8, 73, 大秦帝国(套装全6部11卷)
2156289, 9.1, 60, 江浙财阀与国民政府（一九二七――一九三七年）
1685682, 7.9, 149, 中国古代社会史论
2353877, 8.4, 97, 东周与秦代文明
3428289, 8.4, 97, 康熙王朝
1151340, 7.5, 220, 甲申三百年祭
1950334, 7.7, 178, 从历史看时代转移（第二版）
1247901, 8.5, 89, 中国历代军事战略（上下）
1834833, 8.7, 77, 中国通史选读
4747135, 7.3, 273, 中华帝制的衰落
3998143, 9.9, 38, 中国古代史概要一览图
1489428, 9.3, 52, 国榷（全六册）
2266281, 7.7, 175, 灰皮书，黄皮书
1259896, 8.0, 132, 中国古代官僚政治制度研究
26823911, 7.4, 238, 易中天中华史：安史之乱
6535731, 8.1, 120, 历史意识与帝王意志
2156250, 9.1, 58, 中地方行政制度史
3606343, 8.7, 75, 建康实录（全二册）
2211629, 8.3, 101, 梁启超与民国政治
26705271, 8.8, 70, 一寸河山一寸血
2419991, 8.5, 86, 中国科学技术史
6515407, 7.9, 141, 大国海盗
2239329, 7.8, 154, 匈奴史稿
26694664, 8.2, 108, 遗失在西方的中国史
2257605, 7.4, 228, 门阀旧事
4095405, 8.7, 73, 先秦凶猛
26699027, 8.8, 68, 北宋晚期的政治体制与政治文化
26791323, 8.6, 78, 哇，历史原来可以这样学2
1490396, 7.6, 183, 中国的1948年
1031900, 8.7, 72, 世家大族与北朝政治
3616591, 8.7, 72, 中古北族名号研究
2043305, 8.0, 124, 恋恋红尘
26848651, 9.0, 59, 从历史中醒来
6432123, 8.6, 77, 帝国即将溃败
1268724, 7.6, 180, 中国共产党的七十年
5378426, 8.3, 96, 末代皇帝溥仪
26854269, 7.8, 147, 雍正帝
2057348, 9.1, 55, 戊戌变法史研究
25858046, 7.7, 161, 袁腾飞讲汉末三国（上下）
10799752, 9.4, 46, 曾文正公集（套装共2册）
1067620, 8.3, 94, 辽史(全五册)
2156281, 9.1, 54, 中地方行政制度史
2568041, 7.9, 131, 中国的思想与制度
10575975, 8.1, 109, 国史纲要
3181674, 7.9, 129, 品味奢华
4095411, 8.9, 60, 秦虎狼..并天下
11627336, 8.8, 64, 中国的历史
2357740, 8.0, 117, 中国经济史
3117554, 8.1, 107, 清朝的皇帝
1016941, 8.4, 84, 多视角看江南经济史
6047667, 8.4, 84, 待兔轩文存
1214114, 8.2, 98, 秦始皇传
3013085, 8.6, 72, 吕思勉文史四讲
25727497, 7.3, 229, 袁腾飞讲成吉思汗
1063837, 8.5, 77, 隋唐五代史（上、下册）
1924500, 7.8, 136, 中国之命运
2062517, 8.1, 104, 汉代社会结构
1962745, 8.8, 62, 吕思勉论学丛稿
1032904, 8.4, 82, 三国史
26583162, 7.4, 199, 晚明大变局
25835623, 7.9, 121, 亚财政
10532823, 8.2, 94, 东汉的豪族
1109998, 8.9, 57, 唐代科举与文学
6525712, 8.1, 101, 我的朝鲜战争
26585046, 7.8, 131, 蒙古帝国的兴亡（上下）
25791053, 8.6, 69, 大汉帝国在巴蜀
1397321, 8.5, 74, 中国中古社会史论
2075632, 7.5, 174, 开放的帝国
26731102, 8.2, 92, 晚清最后十八年2
26413582, 8.8, 59, 大棋局中的国共关系
3449100, 7.9, 116, 真秦始皇
2229217, 9.2, 46, 明清史讲义（上下册）
26437087, 8.3, 83, 国史讲话：上古
1818351, 7.3, 207, 变局：七千人大会始末
1998304, 7.8, 125, 中国制度史研究
1733783, 9.0, 51, 十七史商榷
20282875, 8.0, 104, 蒋介石
4767027, 7.2, 229, 另一半中国史
4915947, 8.9, 54, 残园惊梦
5333575, 7.7, 135, 看得见的城市
26467045, 8.3, 81, 中国历史地理十五讲
1734359, 8.7, 61, 古本竹书纪年辑证
4089734, 8.7, 61, 察举制度变迁史稿
2364983, 9.5, 38, 北周六典（上下）
2969120, 7.4, 180, 宫崎市定说隋炀帝
5912636, 8.1, 94, 天下
1081835, 7.3, 200, 中国历史十五讲
3025391, 9.1, 47, 两宋史研究汇编
3124456, 8.2, 86, 吕思勉讲三国
26287960, 8.2, 86, _明中v史vx
3986508, 7.3, 196, 晚清尽头是民国
1883137, 8.2, 85, 中华帝国对外关系史(全三册)
19967941, 8.2, 85, 隐匿的疆土
1438562, 9.0, 49, 派系分合与晚清政治
1961624, 9.0, 49, 古代中国的历史与文化
1005699, 9.1, 46, 通鉴胡注表微（全二册）
1169374, 8.1, 91, 梁漱溟自述
3127408, 8.4, 72, 中A人民共和史 第八卷 y以^m的「^m革命」
20492088, 8.7, 58, 中国历代战争史（第4册）
1678176, 9.0, 48, 唐、吐蕃、大食政治关系史
6895232, 7.8, 115, 李山讲春秋五霸
3107436, 7.2, 210, 五代十国风云录
3656542, 7.9, 105, 这一次，我们又挨打了
4087570, 7.6, 138, 陈诚回忆录
1823677, 9.1, 45, 乌桓与鲜卑
26285326, 8.3, 76, 细讲中国历史丛书・宋史
26262063, 7.3, 187, 袁腾飞讲先秦・战国纵横
2154838, 7.9, 104, 中国的民族主义和战争
26426977, 7.6, 136, 天命不足畏
3783004, 7.8, 112, 湘军崛起
20412232, 8.0, 94, 1942饥饿中国
25907759, 7.6, 133, 中国，被遗忘的盟友
2119830, 8.9, 49, 国史要义
4737530, 8.4, 68, 吕著史地通俗读物四种
3426791, 7.5, 145, 大地主刘文彩
25844023, 7.5, 144, 改变中国
10535287, 8.2, 78, 天衡
20391430, 8.2, 78, 明史讲稿
1312721, 7.5, 143, 中国纵横
1545957, 8.8, 51, 求索真文明
3127409, 8.4, 66, 中A人民共和史. 第十卷 v史的D
1175792, 9.1, 42, 中国文明的形成
1423253, 8.9, 47, 洪业论学集
1430444, 8.7, 53, 南北之争与晚清政局
24739557, 7.8, 103, 民国的忧伤
1014339, 8.3, 69, 中国通史
1825042, 9.2, 39, 明清史论著集刊（上下）
3671443, 6.9, 263, 唐史并不如烟（第一部）
1596853, 9.1, 41, 饮冰室文集点校
10344778, 8.3, 68, 大中国史
1463026, 8.2, 73, 明清社会性爱风气
1832715, 9.0, 43, 心史丛刊
4179028, 9.0, 43, 史学与史籍七种
3142329, 7.7, 109, 唐朝那些事儿
2000804, 8.8, 48, China
4019637, 8.0, 84, 被遗忘的盛世
26262060, 6.9, 254, 袁腾飞讲先秦・上古春秋
1023138, 8.5, 58, 中国古代史
21669196, 8.4, 62, 门槛上的民国
25837963, 7.2, 176, 胡若望的疑问
1020089, 7.5, 129, 宋史
4316857, 7.7, 106, 宰相故事
25859678, 7.4, 141, 大宋帝国三百年1
3227270, 7.9, 89, 大商人
5383659, 7.9, 89, 军统第一杀手回忆录1
1893812, 8.3, 65, 明清之际党社运动考
5392458, 9.2, 37, 山居存稿
26640179, 8.1, 75, 我们的中国
10796997, 8.0, 81, 中古时代的历史书写与皇帝权力起源
1427396, 7.3, 153, 鸦片战争
20413730, 8.8, 46, 吕思勉讲中国历史
3734575, 7.6, 113, 世界历史中的中国
26354375, 8.0, 80, 明代政治制度的源流与得失
4871286, 8.9, 43, 邓广铭治史丛稿
4095408, 8.3, 63, 先秦凶猛
26838266, 9.2, 36, 哈佛中国史05?挣扎的帝国：元与明
2306962, 8.7, 48, 中国皇权制度研究（上下）
3605665, 9.0, 40, 中国行政区划通史・总论、先秦卷
5315180, 8.3, 62, 戊戌政变记
2042033, 7.6, 109, 长安的春天
1289201, 8.2, 66, 两汉纪
2156564, 8.7, 47, 中国古兵器论丛
4095406, 8.7, 47, 先秦凶猛
4251874, 8.6, 50, 中国通史（全7册）
2219015, 8.0, 76, 国民党人与前期中华民国
10532183, 8.2, 65, 天平
26891290, 8.1, 70, 哈佛极简中国史
1044796, 7.8, 89, 上海警察，1927D1937
11516363, 7.7, 97, 私信@他们
2005422, 9.3, 33, 小腆纪年附考（上下）
3258994, 8.4, 56, 1898年中国故事
3182322, 8.6, 49, 民国政制史（上、下）
26504629, 7.8, 88, 家人父子
10576095, 8.8, 43, 中华史纲
1083025, 8.0, 74, 隋炀帝传
6973137, 7.8, 87, 中国古代宇宙观与政治文化
26838168, 8.4, 55, 哈佛中国史01?早期中华帝国：秦与汉
1391803, 8.6, 48, 史记笺证
3027063, 8.6, 48, 宋代研究工具书刊指南
26685892, 8.7, 45, 忧乐为天下
26275608, 6.8, 236, 国祚密码
25813296, 7.6, 100, 巾帼宰相上官婉儿
1823753, 9.1, 35, 南明史（全十四册）
25839088, 7.2, 145, 重新发现宋朝
2129589, 8.0, 70, 清代野记
3043786, 6.1, 651, 推背图中的历史
4219644, 7.4, 116, 古代中国与其强邻
3093436, 9.4, 29, 三朝北盟会编（全二册）
1813083, 7.8, 80, 封建考论
1022556, 7.7, 87, 秦汉史
1025825, 8.6, 45, 古本竹书纪年辑校 今本竹书纪年疏证
2977963, 9.2, 32, 通鉴纪事本末
3915177, 9.8, 24, 吕思勉文集
26671902, 8.7, 42, 制度与人情：中国古代政治文化
10766647, 7.6, 94, 中国历史的教训
25881733, 7.7, 86, 五代时期北方中国的权力结构
26600157, 7.2, 138, 宋
26355703, 7.8, 79, 我相信中国的前途
1775178, 8.2, 58, 中华文明史（第一卷）
2347011, 8.0, 67, 宋史纪事本末
26646622, 7.5, 102, 生活在宋朝
1040213, 8.0, 66, 秦汉史
2113721, 7.4, 110, 魏晋南北朝的社会
20279747, 8.3, 53, 李岩质疑
26363074, 7.2, 134, 绍兴十二年
6436988, 9.4, 28, 山居存稿续编
26378537, 7.5, 99, 古画里的中国生活
1877658, 8.2, 56, 中国文化与世界文化
2182760, 8.8, 38, 史记菁华录
26285254, 7.3, 118, 遗失在西方的中国史
1490542, 9.1, 32, 中国古代史读本（上下）
11498237, 7.4, 106, 盛世偏多文字狱
25662555, 8.2, 55, 上海书评选萃：谁来决定我们是谁
3545147, 8.5, 45, 史记会注考证（全十四册）
4850845, 7.8, 74, 魏晋南北朝史十二讲
3799766, 9.5, 26, 唐长孺文集（全八册）
1188079, 8.3, 51, 中国历代通俗演义 中国古典名著文库（全10册）
3082928, 8.0, 63, 宋辽关系史研究
2156251, 9.4, 27, 唐仆尚丞郎表
2170797, 7.7, 79, 大义觉迷录
1058433, 8.5, 44, 清史稿（全四册）
23038612, 8.0, 62, 刘邦与项羽
1027159, 8.3, 50, 国史旧闻(全四册)
1053741, 7.5, 93, 太平天国史（全四册）
1778338, 8.6, 41, 清朝全史（上下）
26851892, 8.6, 41, 最后的中华帝国：大清
3882367, 8.1, 57, 先秦史十讲
25978734, 5.6, 1484, 马伯庸笑翻中国简史
4057826, 7.5, 92, 陈布雷回忆录
3270907, 7.6, 84, 中国古代的王权与天下秩序
4082291, 7.7, 77, 中华大帝国史
25864487, 7.0, 150, 中国误会了袁世凯
3174584, 7.6, 83, 十八世纪中国社会
2335435, 8.6, 40, 历史学基础文献选读
26276637, 7.7, 75, 先秦古国志
1556266, 8.1, 55, 三国人物散论
1445948, 9.3, 27, 邓广铭全集（全十册）
25745883, 7.6, 81, 夏商周：从神话到史实
3768713, 8.8, 35, 帝国往事
1748189, 8.9, 33, 隋唐两京丛考
26851895, 8.9, 33, 哈佛中国史02?分裂的帝国：南北朝
4101399, 7.4, 96, 中国时代1900-2000(上卷)
3074835, 9.2, 28, 河山集 一集
1950598, 7.8, 66, 史华慈论中国
3237867, 7.8, 66, 帝国的迷津
3052678, 8.2, 49, 弱国的外交
4882138, 7.3, 101, 1949大撤退
26437144, 8.0, 56, 国史讲话：宋蒙三百年
3610242, 9.2, 27, 清实录（全60册）
25293942, 7.3, 99, 古人的文化
4127995, 7.4, 90, 文化的江山（上下册）
4731880, 9.0, 29, 中国历史图谱
25713875, 7.1, 116, 博弈三国
3017243, 7.7, 67, 中国十八省府
3136231, 8.0, 53, 讲述中国历史（上下卷）
25926549, 7.2, 103, 师友杂忆
26642260, 8.4, 40, 中国历史研究手册
1981433, 9.1, 27, 刘师培史学论著选集
6905402, 7.8, 60, 吴姐姐讲历史故事（第1册）
6430264, 8.7, 33, 曾国藩大传
2020609, 8.5, 37, 关于建国以来党的若干历史问题的决议
24849654, 9.0, 28, 中国历代战争史（1-18）
1844508, 7.7, 64, 先秦史十讲
26437121, 7.7, 64, 国史讲话：春秋
1460206, 9.7, 20, 未完成的革命
3094299, 9.2, 25, 宋史丛考
1659187, 8.9, 29, 古史辨(全七册)
1029847, 7.9, 54, 中国历代行政区划的变迁
1020061, 7.2, 97, 魏晋南北朝社会生活史
20391403, 7.5, 73, 魏晋南北朝隋唐史讲义
1741677, 7.9, 53, 中国革命中的无政府主义
6004621, 8.2, 43, 西夏史稿
26359102, 7.3, 87, 先秦穿越生存手册
1559800, 8.9, 28, 审讯汪伪汉奸笔录（上下）
2126974, 9.3, 23, 中国经济史考证（全三册）
5380883, 8.1, 45, 天朝的狂欢
1803229, 9.2, 24, 旧五代史新辑会证（共12册）
26359024, 9.2, 24, 近观中古史
26821702, 8.0, 48, 从甲午到抗战
26414452, 7.2, 92, 陪都重庆
1255976, 7.8, 55, 续资治通鉴（全十二册）
25815011, 7.3, 83, 极简中国史
1116208, 9.0, 26, 二十五史补编（全六册）
1813875, 9.0, 26, 清代通史(全5册)
1832259, 8.9, 27, The Cambridge History of China
10518802, 7.9, 49, 战后东北接收交涉纪实
4716141, 8.4, 35, 恶魔在徘徊
26383963, 7.8, 52, 西洋镜：海外史料看甲午
3673760, 7.3, 78, 郭汝瑰回忆录
5283581, 7.3, 78, 中国城市及其文明的演变
2054401, 8.7, 29, 秦汉官制史稿
2364988, 8.9, 26, 北周地理志（全二册）
2019427, 7.8, 51, 蔡东藩历史演义全书
5401975, 7.0, 102, 晚清二十年
1435577, 8.7, 28, 中国现代学术经典・陈寅恪卷
1795384, 8.4, 33, 敕勒与柔然
1659089, 8.3, 35, 秦制研究
4882096, 8.2, 37, 楚史
26293126, 6.4, 195, 中国历史的教训
10796984, 8.6, 29, 中古时代的礼仪、宗教与制度
26419790, 7.6, 56, 此史有关风与月
2225849, 7.7, 51, 成败之鉴
20282877, 7.2, 77, 决战
1253160, 8.5, 30, 两宋财政史
3219414, 8.5, 30, 政绩考察与信息渠道
7006813, 7.8, 47, 中国原生文明启示录（上中下）
2138422, 9.0, 23, 左传纪事本末
4038466, 9.0, 23, 写作大要
1820511, 8.1, 38, 历代职官表
26411400, 7.5, 58, 中国通史
10787848, 7.8, 46, “感觉主义”的谱系
1687851, 8.5, 29, 中国人口史
26586495, 8.7, 26, 隐公元年
4839090, 9.3, 19, 通鉴学
20473477, 8.8, 24, 终极之典
1326754, 8.0, 38, 这些从秦国来
1955997, 8.0, 38, 皇帝与皇权
26785968, 8.0, 38, 开国之惑
4273295, 8.5, 28, 宋夏关系史
2972648, 8.3, 31, The Pattern of the Chinese Past
25763573, 8.9, 22, 中国的历史
1135064, 8.5, 27, 绎史（共10册）
1492463, 7.3, 61, 明代特务政治
1556223, 8.2, 31, 明代的宦官和宫廷
4736966, 8.2, 31, 寻求历史的谜底
4145434, 7.8, 40, 中国古代的家族与国家
3804498, 9.4, 17, 唐代中央重要文官迁转途径研究
26816075, 6.9, 85, 皇帝的影子有多长
26374529, 7.9, 37, 千年悖论
2343135, 6.9, 84, 德龄公主回忆录
4007448, 7.0, 76, 二十世纪中国史纲（全四卷）
1832239, 8.3, 28, The Cambridge History of Ancient China
4265061, 8.3, 28, 民国川边游踪之《西康札记》
5323793, 8.5, 25, 当天朝遭遇帝国
2078973, 8.3, 27, Empire at the Margins
5990877, 8.5, 24, 中国民族史
26871065, 8.0, 32, 祖先
4291382, 8.1, 30, 宋朝阶级结构
10775944, 6.9, 75, 乾隆十三年
1116853, 7.8, 36, 毛泽东评点二十四史
25848086, 8.4, 25, 春秋左传精读
1799945, 8.5, 23, 南凉与西秦
24828847, 7.2, 54, 商鞅变法与王莽改制
5290521, 7.9, 32, 中国宗教、学术与思想散论
3825880, 8.2, 26, 唐宋变革期枢密院研究
1841259, 8.8, 19, 中A民史事日I（全四裕
6805979, 8.4, 23, 中国中古史研究（第二卷）
25790238, 7.7, 35, 晚明民变
26710752, 8.1, 27, 中国社会经济史讲稿
26579185, 7.4, 43, 帝国的溃败
26438503, 7.8, 32, 中国人的教训（上册）
3044845, 8.2, 25, 秦汉史论丛
1966405, 7.4, 42, 西夏史稿
4849839, 9.1, 16, 辽金史论
1446004, 8.1, 26, 活着的传统
25787045, 8.1, 26, 辽宋夏金史讲义
3067807, 8.4, 22, 中A二千年史
6773737, 8.8, 18, 图像学
2015502, 8.2, 24, 天有凶年
1269825, 8.1, 25, 历代宅京记
1703299, 8.5, 20, 秦史
26627806, 8.4, 21, 中国环境史
6313759, 8.7, 18, 中国古代史研究导引
10757622, 7.3, 41, 夷夏先后说
3036942, 7.1, 48, 回纥史
6735681, 7.7, 30, 中华民国史（全十六册）
2159877, 8.6, 17, 增补本李秀成自述原稿注
26832482, 7.8, 26, 毕竟战功谁第一（精装）
10581158, 8.6, 16, 三国志集解（全八册）
7057595, 6.8, 51, 旧闻中国
1659134, 7.8, 24, 古代人牲人殉通论
26832484, 7.7, 25, 近代史的明媚与深沉（精装）
26374380, 7.6, 26, 不忍面对的真相
21363858, 7.7, 24, 吴姐姐讲历史故事
1495864, 8.1, 19, 中国民间诸神（上下）
25863405, 7.8, 22, 中国食人史料钞
26819014, 8.0, 19, 历史的本色
1956813, 8.3, 16, 明元清系通纪
1491757, 7.5, 23, 五代十国制度研究
26853197, 7.3, 26, 《资治通鉴》与家国兴衰
1814307, 7.6, 21, 唐代党项
26909876, 7.6, 21, 火枪与账簿
25974759, 6.9, 34, 用年表读懂中国史
26920310, 8.2, 15, 看懂中国格局的第一本书
5391197, 7.4, 23, Y公日1945-1949
25882244, 7.8, 17, 其实我们一直活在春秋战国・珍藏版大全集
25908462, 7.9, 16, 31人说
4848564, 7.0, 27, 老太监的回忆
26804095, 7.5, 19, 百年经济史笔记
1839996, 7.8, 16, 近代中国史事日志
26829546, 7.8, 16, 西洋镜：中国衣冠举止图解
3278822, 6.6, 35, 鞑靼征服中国史 鞑靼中国史 鞑靼战纪
26700397, 8.0, 14, 故宫如意手记
1116854, 7.7, 16, 毛泽东阅点资治通鉴
20172199, 8.1, 13, 士与古代封建制度之解体 封建中国的王权和法律
25769650, 8.0, 13, 中国美术史:五代至宋元
3392049, 7.8, 14, 北魏政治史（一）
26314774, 7.8, 14, 战争与爱情
3206892, 7.4, 17, 四大禁书与性文化
3605676, 7.8, 13, 逆臣录
26700412, 7.6, 14, 大写西域
26659442, 7.9, 12, 宋史纪事本末（全二册）
4320769, 7.4, 15, 女真民族史
26821428, 7.6, 13, 活在古代不容易
3671839, 8.1, 10, 唐代的长安与洛阳（地图篇）
4854905, 7.5, 13, 中国古今地名对照表
26680990, 7.6, 12, 西洋镜：1907，北京―巴黎汽车拉力赛
24324967, 7.4, 12, 中国古代国家的起源与王权的形成
26718075, 7.5, 11, 史想录
26877370, 7.5, 10, 两岸新编中国近代史
6148964, 0.0, 99, 倮的困境
3757129, 0.0, 100, 超凡I袖的挫
1394907, 0.0, 1323, 雪白血红
