2017-01-23 16:17:59
Tag: 乡土中国
The number of books: 61 

ID, rating, votes, title
1795079, 9.2, 7773, 乡土中国
1310228, 9.2, 3311, 乡土中国 生育制度
26051883, 7.6, 619, 老生
24847834, 8.8, 135, 黄河边的中国
10759340, 8.0, 258, 我的乡土我的国
1046948, 8.2, 172, 楠溪江中游古村落
1058779, 8.0, 125, 新乡土中国
1002039, 7.9, 130, 徽州
1816327, 8.5, 79, 云南三村
26577466, 6.9, 329, 崖边报告
3697471, 8.4, 69, 乡族与国家
1315220, 9.1, 41, 定县社会概况调查
1071341, 8.1, 79, 武陵土家
1056760, 8.0, 82, 泰顺
1081233, 8.0, 77, 福宝场--乡土中国
1006041, 7.9, 76, 晋中大院
2227713, 8.5, 45, 乡土中国与文化自觉
1031647, 7.5, 93, 水乡绍兴
25902272, 7.6, 84, 回乡记
1025574, 8.7, 38, 楠溪江上游古村落
1752753, 8.5, 39, 千门万户
3675781, 8.6, 36, 发现另一个湖南・边界线
1276375, 7.9, 53, 乡土心路八十年
2161474, 8.3, 40, 丁村
3175524, 8.7, 30, 村落
1442489, 7.8, 51, 岭南五邑
1923404, 8.3, 34, 宗祠
1442278, 8.0, 39, 培田
1030530, 7.9, 41, 闽西客家
20378988, 8.7, 25, 中国乡土建筑初探
1082619, 7.4, 55, 摆贝
1886328, 8.3, 28, 庙宇
1010991, 7.6, 43, 锦屏
26681350, 7.2, 59, 神圣家族
2988958, 8.3, 24, 住宅
2277771, 7.8, 31, 郭洞村
5312395, 8.2, 24, 乡村社会关键词
1023208, 7.0, 55, 和顺
2311185, 8.0, 26, 记述村庄的政治
3666675, 7.6, 32, 乡村中国的权力与财富
25906449, 8.0, 24, 无主体熟人社会及社会重建
3171954, 8.4, 18, 乡土中国与文化研究
3085075, 7.7, 25, 乡土中国与乡村教育
1082620, 7.7, 24, 蓝田
2297686, 7.3, 30, 金门
1970036, 7.2, 28, 空间、自我与社会
3146334, 7.6, 20, 木船去湘西
1548746, 7.6, 19, 溪村家族
26899881, 7.8, 17, 探寻一个好社会
24878433, 7.2, 24, 礼乐01：大学之道
1001562, 6.8, 32, 衢州
2182019, 7.6, 18, 乡土中国的司法图景
20413514, 7.9, 13, 乡村与革命
25839956, 7.2, 16, 秦窑法庭（田野深描）
6791029, 7.3, 15, 找寻蔚县古堡
10535627, 7.7, 12, 耕者有其田
6015245, 8.1, 10, 潮汕乡土建筑
1954716, 7.6, 12, 中国腹地行
1186696, 7.4, 10, 天国猜想
3005026, 7.4, 10, 闽西客家古村落――培田村
3012504, 7.2, 10, 走向田野与社会
