2017-01-23 16:17:59
Tag: 人物
The number of books: 975 

ID, rating, votes, title
20424526, 8.9, 10312, 邓小平时代
1083762, 8.7, 11545, 人类的群星闪耀时
4010196, 8.1, 23308, 世界因你不同
1092149, 8.7, 8399, 梵高传
1037602, 8.9, 5832, 别闹了，费曼先生
1792668, 8.5, 9456, 苏东坡传
6152040, 9.1, 3115, 维特根斯坦传
4002701, 8.4, 6526, 朱F基答记者问
1076685, 8.8, 3281, 李鸿章传
1031526, 8.4, 5532, 一个广告人的自白
1037060, 8.6, 4101, 曾国藩（上中下）
1002690, 8.8, 3110, 陈寅恪的最后20年
1829836, 7.8, 12977, 品三国（上）
2045811, 9.0, 2071, 张国荣的时光
1433346, 8.7, 2987, 旁观者
1777823, 8.1, 6928, 八十年代访谈录
25902942, 9.0, 2032, 文明之光（第一册）
2275502, 8.1, 6828, 十年一觉电影梦
1752349, 8.7, 2700, 胡雪岩（全三册）
1279648, 8.4, 4013, 天使在人间
20453024, 8.6, 2937, 不要因为走得太远而忘记为什么出发
1061029, 8.8, 2157, 杜尚访谈录
10797092, 8.6, 2513, 蒋介石与现代中国
1049361, 8.3, 3406, 比我老的老头
1482625, 8.8, 1719, 德兰修女传
3316438, 8.3, 3176, 孤独及其所创造的
25902222, 9.0, 1294, 文明之光（第二册）
1313181, 8.5, 2351, 富兰克林自传
1418648, 8.4, 2612, 胡适口述自传
1441488, 8.4, 2574, 宫本武藏・剑与禅（上下）
1152971, 9.0, 1238, DOOM启世录
1012039, 8.1, 3824, 我的视觉日记
1485628, 7.9, 5146, 毛泽东传
2364215, 8.5, 2185, 此地无人生还
1051231, 8.3, 2818, 黄河青山
1893879, 8.5, 2067, 张居正（全四册）
1788967, 8.6, 1804, 我们这一代
10877051, 9.0, 1129, 顾城哲思录
1091203, 8.9, 1258, 少年凯歌
2284574, 8.3, 2571, 织田信长――菊与刀
1034470, 9.0, 1048, 柳如是别传（全三册）
3905365, 8.5, 1796, 水流云在
25897707, 9.0, 999, 沈从文的后半生
3227346, 8.1, 2979, 听杨绛谈往事
5922204, 8.3, 2247, 曾国藩的正面与侧面
1255445, 8.5, 1733, 切・格瓦拉画传
1142862, 8.1, 2867, 拿破仑传
1456524, 7.9, 3827, 这个世界会好吗
1270551, 9.0, 926, 八十忆双亲 师友杂忆
5288371, 8.4, 1849, 蒋经国传
1028805, 7.7, 4835, 品人录
1418650, 8.5, 1534, 胡适杂忆
2146277, 9.1, 784, 一个政治性人物的肖像
1053174, 8.6, 1351, 你干吗在乎别人怎么想？
1313317, 8.4, 1683, 三毛私家相册
1400710, 8.3, 1837, 读史阅世六十年
5408860, 8.2, 2019, 风雨哈佛路
1450065, 8.4, 1546, 李宗仁回忆录（上下）
26413154, 9.0, 781, 李光耀观天下
1159949, 7.8, 3431, 杰克・韦尔奇自传
2341866, 8.1, 2202, 合肥四姊妹
1499783, 8.3, 1667, 将心注入
2249020, 7.8, 3084, 林徽因传
3410763, 8.6, 1065, 最后的演讲
1484695, 8.1, 1982, 季羡林谈人生
3164123, 8.2, 1710, 巴菲特传
4898553, 9.1, 616, 阿加西自传
2979694, 9.2, 556, 赫尔佐格谈赫尔佐格
1017356, 8.3, 1469, D调的华丽
4238939, 8.1, 1796, 吴敬琏传
6431957, 7.8, 2716, 遇见一些人，流泪
3291970, 8.0, 2002, 滚雪球（上）
1464442, 7.6, 3623, 道路与梦想
19949881, 8.8, 740, 绝非偶然
3034706, 9.2, 494, The Last Lecture
1981355, 6.8, 15342, 墨迹
10491605, 8.5, 978, 余英时访谈录
1035600, 8.6, 848, 福柯的生死爱欲
10605328, 8.5, 935, 红顶商人胡雪岩
3292060, 8.1, 1502, 滚雪球（下）
1323573, 8.7, 712, 美丽心灵
1039208, 8.4, 991, 凡高画传
1014310, 7.4, 3983, 痛并快乐着
1279913, 8.6, 772, 安徒生剪影
24257591, 7.3, 4621, 绝望锻炼了我
1485297, 7.6, 2809, 易中天品读汉代风云人物
1915716, 8.5, 841, 负暄琐话
5404877, 8.2, 1175, 安持人物琐忆
1228098, 8.4, 924, 魔灯
10550571, 8.4, 920, 张纯如
3284230, 7.4, 3695, 我的成功可以复制
1075743, 7.3, 4366, 我把青春献给你
2567326, 8.1, 1317, 从大历史的角度读蒋介石日记
1253222, 8.6, 723, 居里夫人传
4154558, 8.7, 644, 人间草木
3427928, 8.8, 573, 契诃夫的一生
10546136, 8.3, 987, 我的兄弟王小波
5411366, 8.5, 775, 林徽因与梁思成
1191433, 7.5, 2925, 我的前半生
6101204, 7.2, 4822, 一问一世界
25858095, 8.7, 597, 我是你的男人
1011509, 7.8, 1767, 谁说大象不能跳舞？
1033449, 8.6, 662, 巨人三传
26262141, 8.3, 895, 毛姆传
1009368, 7.9, 1455, 李敖回忆录
2129831, 8.2, 986, 美与暴烈
1801923, 8.4, 775, 红顶商人
10522003, 8.3, 865, 艾伦・图灵传
1982116, 8.4, 771, 我与兰登书屋
25956005, 8.7, 558, 亚历克斯・弗格森：我的自传
1000531, 8.7, 557, 第二次世界大战回忆录（全六卷）
26220798, 7.7, 1872, 生命不息，折腾不止
2347492, 8.1, 1090, 蒙曼说唐：武则天
3605216, 8.3, 844, 小津
1001848, 8.4, 749, 格格不入
1975992, 7.8, 1580, 西风独自凉
1143930, 8.2, 940, 毛泽东传
1780208, 8.8, 489, 凯恩斯传
6531686, 8.0, 1178, 抉择时刻
1428309, 8.8, 459, 数学大师
10440415, 8.9, 414, 傅斯年：中国近代历史与政治中的个体生命
4001445, 8.9, 411, 梁启超家书
10734881, 9.1, 341, 曾文正公嘉言钞
1016204, 7.2, 3580, 不过如此
4884840, 8.4, 677, 我的漫画人生
1036793, 8.0, 1083, 杜拉斯传
2002938, 8.3, 745, 费曼的彩虹
1027725, 8.2, 834, 战天京
2159604, 8.1, 932, 寻访行家
3025580, 8.2, 824, 杰出的流年
11527058, 8.2, 816, 先生
4819994, 8.0, 1038, 也同欢乐也同愁
3088334, 7.8, 1329, 香奈儿的态度
2995151, 8.5, 571, 三生影像
1058869, 8.9, 383, 唐浩明评点曾国藩家书（上下）
1937955, 8.5, 567, 胡适之先生晚年谈话录
26220259, 8.3, 704, 褚时健：影响企业家的企业家
3340092, 7.2, 3249, 30而励
21363236, 8.8, 409, 寻找?苏慧廉
1435907, 8.5, 549, 我在通用汽车的岁月
26693418, 7.5, 1923, 按自己的意愿过一生
3193106, 8.1, 852, 胡雪岩的启示
1225982, 8.7, 440, 束星北档案
25802595, 7.3, 2501, 灵魂有香气的女子
6938349, 7.8, 1192, 遇见一些人，流泪.第2辑
5269145, 7.9, 1039, 沉浮与枯荣
3669394, 8.3, 642, 切・格瓦拉传
25723799, 7.7, 1347, 野心优雅
3088963, 7.7, 1330, 陈寅恪与傅斯年
2266339, 8.8, 377, 贝多芬传
1044177, 7.6, 1522, 李嘉诚全传
2135227, 8.4, 561, 一个数学家的辩白
3038143, 8.5, 503, 季羡林自传
25911978, 7.6, 1497, 知行合一王阳明（1472―1529）
1022829, 7.7, 1270, 记忆：往事未付红尘
1003373, 7.8, 1098, 李敖快意恩仇录
1001953, 8.2, 670, 张居正大传
6892602, 8.7, 391, 风云人物采访记Ⅰ(上下)
4242160, 8.2, 657, 细说民国大文人
3320904, 8.5, 472, 蒙田
1823064, 7.9, 914, 倾听村上春树
2153605, 7.6, 1345, 民国那些人
1082281, 7.4, 1786, 小S牙套日记
5978079, 7.8, 1009, 百家姓
25782608, 7.8, 998, 大道当然
1808679, 8.6, 403, 再造文明的尝试
1775389, 8.9, 304, 梁漱溟 王实味 储安平
1445978, 9.1, 255, 阿道夫・门采尔人物素描集
3071861, 8.4, 491, 周有光百岁口述
6723066, 7.1, 2828, 乔布斯传
1082186, 8.1, 682, 乞丐囝仔
6039246, 7.7, 1104, 国王的演讲
2023257, 8.7, 356, 深入非洲三万里
10831855, 8.0, 751, 俞敏洪口述
24845545, 8.0, 747, 阿桑奇自传
1963026, 7.7, 1090, 勇敢抉择
26354318, 9.1, 246, 梵高传
1100436, 8.2, 585, 完美的人
3035631, 8.5, 425, 康德传
1986386, 8.5, 420, 玛格丽特・杜拉斯
26849305, 8.9, 287, 成为乔布斯
1048907, 8.3, 513, 我是说谎者
6856131, 8.1, 640, 民国风度
1424665, 7.6, 1205, 我们的钱瑗
1082102, 8.3, 511, 风雨独立路
3272882, 8.1, 637, 王立群读《史记》之秦始皇
1034248, 8.7, 340, 雍正传
26755914, 9.2, 220, 先生们（《环球人物》10周年典藏书系）
1424797, 7.9, 802, 储安平与《观察》
2382080, 8.3, 499, 东方的女儿
2973558, 7.7, 1017, 丰臣秀吉（上下册）
1065159, 8.6, 364, 尼金斯基手记
1043416, 8.2, 549, 人有病  天知否
2142687, 7.3, 1770, 张学良口述历史
1070853, 9.1, 230, 重返艳阳下
2973228, 7.9, 760, 蔡澜谈倪匡
2125296, 8.3, 479, 政治的人生
1785342, 8.1, 597, 达・芬奇传
1019485, 6.8, 4122, 心相约
26755912, 9.2, 208, 商道（《环球人物》10周年典藏书系）
3781776, 9.2, 207, 纳博科夫传（上下册）
2154383, 8.0, 661, 我将是你的镜子
1060595, 8.2, 524, 阿加莎・克里斯蒂自传
1899787, 8.7, 316, 希尔伯特
1065531, 8.4, 420, 我的爱我的自由
1446407, 8.7, 313, 发现的乐趣
1046448, 8.9, 258, 八十忆双亲师友杂忆
1434426, 8.5, 373, 一个大学校长的自白
1593586, 8.2, 505, 四十自述
1959344, 8.9, 255, 兄弟相爱撼山河
1858193, 8.7, 301, 疯狂的眼球
1048524, 8.1, 550, 尼采传
1071819, 8.7, 298, 经济腾飞路
11526985, 7.2, 1834, 直到世界尽头
11601304, 7.9, 692, 梁启超传
1465547, 8.6, 326, 领袖们
1007897, 9.3, 178, 陈寅恪先生编年事辑
1949684, 8.4, 392, 师门五年记・胡适琐记（增补本）
1450049, 8.4, 391, 解读希特勒
26353581, 7.4, 1317, 成龙：还没长大就老了
1138763, 8.5, 344, 林肯传
10521316, 8.4, 379, 满是镜子的房间
1006203, 9.3, 171, 工商巨子
1056144, 7.5, 1084, 中的精神
26052898, 7.7, 826, 我从新疆来
26577691, 7.5, 1073, 人间采蜜记
1321315, 8.0, 568, 半梦
4212230, 8.1, 501, 许倬云谈话录
1225695, 7.8, 712, 美丽与哀愁
1083446, 8.7, 272, 麦哲伦航海纪\:探险史上最寂寞的壮举
1162468, 8.4, 357, 假如给我三天光明
25933324, 8.4, 357, 我幻想着粉碎现有的一切：苏珊?桑塔格访谈录
1361266, 7.5, 1028, 川u芳子
2078883, 8.3, 394, 毕加索的成败
1001432, 9.0, 207, 傅译传记五种
1433054, 8.8, 244, 风云人物采访记
1282824, 8.1, 484, 史家陈寅恪传
3181961, 7.6, 886, 朱元璋传
3599174, 7.5, 1006, 不实
1055522, 7.2, 1562, 亲历历史
2056197, 7.8, 678, 陈旧人物
6872019, 6.8, 3076, 黄瓜的黄 西瓜的西
6013381, 8.4, 347, 舍我其谁：胡适（第一部）
1040673, 8.2, 425, 笑忘书
2283665, 9.2, 172, 来自德国的大师
10531723, 8.5, 313, 爱因斯坦传
1057779, 8.2, 423, 哈耶克传
1782150, 8.6, 284, 武则天
1088630, 8.7, 259, 沃伦・巴菲特之路
25419097, 8.5, 311, 朱F基上海讲话实录
2159830, 8.4, 340, 离开微软 改变世界
24371403, 6.8, 2927, 过得刚好
4210829, 7.1, 1729, 蒋介石传
2370421, 9.1, 177, 回忆维特根斯坦
3543610, 8.5, 297, 往事不寂寞
4894978, 7.9, 558, 本・拉登传
3037075, 8.3, 357, 瞧
24296282, 8.5, 291, 我是怪人，我是独行者
3557854, 8.7, 242, 思虑中国
1964611, 7.3, 1179, 已逻的F族
2004475, 7.5, 881, 这个世界好些了吗
1069249, 8.2, 382, 卓别林自传
1075776, 7.7, 672, 张爱玲传
1073404, 8.9, 198, 长河孤旅
3599167, 7.5, 864, 不华
1023860, 8.4, 308, 最后的炼金术士：牛顿传
3011518, 7.5, 859, 设计的精神
1750013, 7.8, 586, 曼哈顿的中国女人
1054092, 8.1, 415, 罗素自传（第一卷）
1049924, 7.5, 851, 大卫・贝克汉姆
4035398, 7.5, 845, 问学
1966719, 8.6, 247, Founders at Work
21966356, 8.1, 402, 沃兹传
1460966, 7.2, 1259, 凭海临风
26323530, 8.3, 324, 念完哈佛念阿弥陀佛
3387522, 7.4, 925, 哪一种爱不千疮百孔
3654619, 8.2, 354, 梵澄先生
5904151, 7.5, 803, 马云内部讲话
3423381, 8.7, 220, 不可思议的惊奇
1186753, 8.1, 392, 在不确定的世界
3415676, 7.5, 801, 我父亲的梦想
1020587, 8.0, 433, 张之洞（全三册）
1088062, 8.3, 316, 五体不满足
1122587, 9.1, 156, 阿劳谈艺录
1015489, 8.1, 383, 杨度（全三册）
1119207, 8.0, 425, 周恩来
1480812, 8.5, 255, 思考与回忆
1029197, 7.3, 1015, 外交十记
26838873, 8.5, 254, 伍迪・艾伦谈话录
1483186, 8.2, 337, 走下圣坛的周恩来
1968882, 7.6, 659, 冰鉴
2183332, 8.0, 409, 甘地自传
4867187, 8.0, 409, 稻盛和夫自传
1071153, 8.4, 272, 寻求富强
5437424, 8.0, 408, 杜月笙传（上.中.下）
5903915, 9.0, 161, 曾文正公全集
1444217, 7.6, 648, 你是人间四月天
1052336, 8.8, 185, 顾准全传：拆下肋骨当火把
1019200, 7.2, 1086, 我的生活
6080028, 7.8, 492, 黑石的起点，我的顶点
1949905, 9.1, 145, 陈寅恪晚年诗文释证
5257635, 7.8, 490, 现代学林点将录
1058767, 9.0, 156, 活着就是爱
1047060, 8.6, 217, 数字情种
2604801, 8.0, 386, 我的一个世纪
1171967, 8.8, 181, 袁世凯评传（上下）
3211583, 7.8, 472, 莲灯微光里的梦
1061929, 7.2, 1024, 王菲画传
3040502, 9.4, 112, The Way I Am
1046615, 8.6, 207, 达利的秘密生活/一个天才的日记
26282953, 8.5, 226, 大国推手
10574080, 8.6, 206, 不够知己
1426106, 7.7, 517, 像赫本一样优雅
1047079, 7.5, 660, 美丽与哀愁:一个真实的林徽因
1055355, 8.3, 269, 储安平
1051036, 8.4, 244, 茜茜公主
11541383, 8.7, 187, 沙漠之花
5947457, 8.8, 172, 虚实之间
2981065, 7.8, 453, 自来水哲学
1045827, 8.5, 220, 方以智晚节考
4238148, 8.4, 241, 白石老人自述
25708362, 8.6, 201, 史家高华
20434398, 7.6, 568, 遇见一些人.流泪-第3辑
1395123, 8.0, 354, 乐者为王
1072021, 8.2, 288, 傅聪：望七了！
1205456, 7.8, 440, 未来之路
1778267, 7.7, 487, 说出来就过时
2969080, 8.5, 211, 胡适与鲁迅
21345535, 8.5, 211, 洪业传
1022604, 8.3, 253, 人性的光辉-林肯传
3184339, 8.0, 342, 华丽家族
1437908, 8.6, 192, 知无涯者
4109560, 8.9, 150, 吴冠中画语录
1817037, 7.4, 695, 伍迪・艾伦：电影人生
5397869, 7.9, 374, 被埋没的天才
20537674, 9.2, 118, 先知三部曲（全新插图修订本）
1161333, 8.6, 188, 爱因斯坦传（上下）
1552470, 8.5, 205, 重新打量每个生命
1820623, 7.6, 523, 美丽与哀愁-一个真实的三毛
3693102, 8.1, 297, 波诺谈波诺
1547329, 8.5, 201, 胡适留学日记
1963618, 8.5, 200, 伟大作曲家的生活
4267107, 8.5, 200, 多少往事烟雨中
2000789, 8.1, 291, 里芬施塔尔回忆录
11592003, 8.1, 291, 不得贪胜
1066510, 8.3, 239, 齐人物论
1017848, 8.2, 263, 杂记赵家
1000425, 8.0, 322, 花旗帝国
1958771, 7.7, 447, 病榻杂记
1464916, 7.4, 649, 飞得更高
2382825, 7.4, 649, 希拉里传
1084484, 8.5, 196, 马背上的水手
3239321, 7.8, 391, 活埋蓝调里
2343931, 8.3, 233, 解读杜拉斯
1448684, 8.0, 313, 蓝血十杰
11504666, 8.1, 280, 谁愿永生
3784712, 7.9, 344, 网络江湖三十六计
25827006, 8.7, 161, 大地清凉
5946467, 8.1, 277, 郦波评说曾国藩家训（上册）
1009840, 8.6, 174, 老照片（第一辑）
1765149, 8.7, 160, 林家女孩依晨的青春部落格
1023482, 8.6, 173, 居里夫人自传
3711441, 8.8, 146, 马丁・路德・金自传
5906083, 9.3, 101, 卡什肖像经典
3297608, 8.6, 171, 费曼手札
2213509, 8.4, 203, 理想主义的困惑
1074650, 7.6, 460, 双子座
6391211, 8.7, 155, 给未来的记忆
1039005, 9.1, 114, 倾听雅尼
1763890, 8.5, 183, 加尔文传
1450542, 8.3, 219, 齐如山回忆录
4199479, 7.8, 362, 盖茨是这样培养的
1313462, 8.2, 239, 我的大脑敞开了
2982254, 8.1, 262, 蒋介石王牌悍将张灵甫传
1439982, 7.8, 357, 麦肯锡传奇
3709135, 7.3, 658, 唐骏日记
19975229, 8.8, 140, 时间之线
1329967, 8.5, 179, 苏轼传
24754129, 7.5, 505, 相性
25773535, 8.7, 150, 迈尔斯・戴维斯自传
4199482, 7.9, 315, 我是布隆伯格
1668046, 8.9, 128, 在变老之前远去
4934719, 7.9, 313, 林依晨．美好的旅行
1076640, 7.8, 347, 蒋经国传
1318438, 8.6, 161, 南方纪事
3874990, 8.6, 160, 讲真话
1039636, 7.9, 306, 达利谈话录
26925239, 9.7, 73, 那些年，我们一起追的球星Ⅱ
6875437, 8.0, 274, 不尽之思
1019155, 8.5, 170, 小沃森自传
11520508, 7.9, 300, 姚明传
1020996, 7.7, 370, 王尔德
1362212, 8.9, 122, 碜赃h方的拷
1865546, 8.5, 168, 乔治・施蒂格勒回忆录
1318987, 7.7, 369, 一代才子钱钟书
2123168, 9.0, 113, 慕勒传
6527608, 8.4, 182, 我这一辈子
2972825, 8.7, 141, 峰华毕叙
6064709, 8.0, 264, 一步向前的勇气
2306652, 7.7, 364, 晚清有个李鸿章
1033917, 7.8, 325, 贝聿铭谈贝聿铭
26377294, 8.3, 197, 坐天下
1480809, 8.8, 129, 舞台生活四十年：梅兰芳回忆录（全两册）
1921523, 8.6, 151, 思想者
26640091, 8.8, 128, 痛苦与狂喜: 向石而生
10782031, 8.9, 118, 胡适的理想国
6390216, 8.4, 176, 南渡北w (3院鲜)
3633805, 7.4, 505, 铸就偶像
1039544, 7.3, 573, 梁思成、林徽因与我
1767646, 8.1, 231, 彭德怀自述
6024015, 8.0, 255, 蚕丝：钱学森传
24530426, 8.0, 252, 金庸传(修订版)
6607708, 8.6, 146, 最高职责
1062756, 8.0, 251, 林语堂传
1028521, 7.7, 344, 我的父亲邓小平
2364186, 8.3, 186, 胡适的前半生
1351480, 6.8, 1149, 柏拉D式性
2302841, 9.2, 92, 诸葛亮集
11627293, 8.1, 223, 王阳明・龙场悟道
4710739, 7.5, 425, 中国男
26673156, 7.8, 301, 关于山本耀司的一切
25725826, 8.6, 142, 拉法：纳达尔自传
20273178, 7.6, 375, 大民小国
1059204, 7.2, 617, 蒋介石评传（上、下）
4807993, 8.4, 167, 谁在敲我的门
4196445, 7.6, 372, 那些中国人
1439071, 7.8, 293, 伍尔夫传
1079698, 8.5, 151, 哥德尔
1080369, 8.4, 164, 康德传
1131805, 8.4, 164, 光荣的荆棘路
2053754, 8.6, 138, 大自然的猎人
1808333, 8.7, 127, 霍洛维茨之夜
2040775, 8.4, 162, 辛弃疾传 辛稼轩年谱
1075802, 8.0, 234, 天外有天
7047238, 8.1, 212, 王阳明
1060266, 8.3, 176, 罗素自传（第二卷）
1000210, 8.5, 148, 伦勃朗的人生苦旅
24852365, 7.8, 284, 天涯晚笛
25997023, 7.7, 313, 亚历山大・麦昆
1140543, 9.2, 86, 梁启超经典文存
2046520, 8.3, 171, 未M的才情
1442398, 7.9, 249, 思念依然无尽
4745300, 8.2, 186, 古色今香
2136481, 8.1, 204, 艺术不是惟一的方式
1737317, 8.3, 169, 我的生活
2183783, 8.4, 153, 粟裕回忆录
2382925, 7.9, 242, 宋氏三姐妹
2230560, 8.1, 196, 艾柯卡自传
1017170, 8.8, 109, 唐才子传
1741716, 8.6, 126, 周恩来与他的世纪
6954093, 8.7, 116, 追寻事实
26315071, 8.7, 116, 不要因为走得太远而忘记为什么出发――陈虻，我们听你讲 收藏版
26287433, 8.7, 115, 心若菩提
3183090, 8.0, 208, 许倬云问学记
3076851, 8.5, 133, 托尔金与世界大战
25697240, 8.2, 172, 生命的思索：史怀哲自传
26263832, 7.7, 282, 素媛
26660670, 7.4, 398, 人生不怕从头再来
1065156, 8.0, 207, 我生活的种种模式
1485602, 8.4, 144, 米开朗琪罗与教皇的天花板
1277282, 8.2, 171, 路易十四时代
1322130, 7.5, 350, 行走的刘索拉
21957705, 7.5, 349, 陈年旧事
25866997, 7.2, 506, 黑道风云杜月笙
5941142, 7.9, 225, 左宗棠传
2172431, 8.1, 185, 大时代中的知识人
1213462, 8.8, 103, 近二十年文化热点人物述评
3001001, 8.4, 140, 武则天
1853137, 8.6, 119, 司布真传
1077935, 8.4, 139, 费曼传
2975974, 8.7, 109, 曾国藩评传
3063921, 7.9, 217, 真名士自风流
3637184, 8.6, 117, 用生命爱中国
1058845, 8.8, 100, 书信集
1062274, 8.2, 162, 黄永玉自述
1139576, 8.3, 147, 贝多芬传
1820160, 8.3, 147, 马克思传
20282596, 8.6, 114, 王阳明三部曲之三 王阳明・我心光明
4919904, 8.1, 174, 眼之愉悦
25913083, 8.0, 191, 无人是孤岛：侯孝贤的电影世界
3605924, 7.7, 258, 滚雪球
3184340, 7.6, 287, 簪缨世家
26821343, 7.6, 286, 封面民国
1027818, 7.5, 320, 洛克菲勒回忆录
1017605, 7.1, 528, 逆风飞r
11577436, 8.5, 122, 困死局外
1084220, 8.9, 90, 四海为家
5408869, 7.5, 316, 灵魂的台阶
1187667, 8.1, 170, 华尔街之子
4119096, 7.4, 354, 查理・芒格传
10834107, 8.4, 130, 章太炎的思想
4912683, 8.0, 185, 极权制造
1472840, 8.1, 168, 谁是罗兰・巴特
5346359, 9.3, 68, 余英时学术思想文选
6784101, 7.9, 203, 十个人的德意志
1057892, 7.4, 346, 在性与爱之间挣扎
4812990, 9.0, 82, 成长
25872623, 8.4, 128, 加西亚・马尔克斯传
3631219, 8.5, 118, 胡m成．天地之始
1003138, 8.7, 101, 沙漠革命记
3611838, 9.3, 67, 梁启超年谱长编
1014595, 7.3, 386, 我的姊姊张爱玲
1949692, 8.5, 117, 量守庐学记
4246951, 8.0, 180, 周作人
1226350, 8.6, 108, 柯林武德自传
5414530, 7.5, 299, 与自己对话
5264795, 7.7, 240, 老子传
26899255, 8.1, 161, 进击的局座
1053221, 8.3, 135, 建筑师林徽因
20388492, 7.0, 549, 我的价值观
10605332, 8.1, 159, 天下得失
3413803, 8.4, 122, 钏影楼回忆录
24890463, 7.4, 323, 拒绝平庸
4894612, 8.2, 143, 个人历史
3422804, 7.5, 286, 漂泊者萧红
1783764, 8.3, 131, 陈寅恪与柳如是
26655980, 7.9, 187, 顽疾
1820641, 7.6, 253, 普京大传
26873136, 8.2, 141, 画在人心的苦闷上
4136529, 8.0, 167, 晚清有个袁世凯
1079076, 8.3, 128, 激情岁月
6827362, 9.4, 59, 汉密尔顿
1037303, 7.9, 183, 游向彼岸
1425910, 7.9, 183, 希特勒（上下）
21335829, 7.7, 223, 他们说
5325649, 8.8, 86, 一站一坐一生
3547881, 7.5, 273, 叔本华
1473115, 7.4, 306, 周星驰映画
1082108, 7.3, 341, 德龄公主
1007824, 8.0, 162, 萨特传
1960075, 8.0, 162, 为什么
2364996, 7.6, 241, 间谍王
1811560, 8.6, 98, 梵高自传
3021234, 8.2, 135, 宋子文与他的时代
1021530, 7.3, 338, 宋氏三姐妹
1785919, 7.8, 195, 凡・高与高更
1458967, 8.7, 90, 洛克菲勒日记
1473343, 8.4, 113, 生命的^M
3604958, 8.1, 145, 唐宁街岁月
6526783, 7.8, 192, 蒋介石的人际网络
4747424, 7.1, 427, 我和父亲季羡林
3544593, 7.7, 212, 民国人物过眼录
11531722, 7.5, 260, 希特勒的私人图书馆
20563231, 7.4, 291, 邓小平传
25852521, 7.2, 368, 朴槿惠传
26702743, 8.3, 119, 知中・再认识李小龙
2070169, 8.2, 128, 国士无双伍连德
5383511, 7.2, 354, 蒂姆・波顿的电影世界
25723679, 7.6, 222, 莱昂纳多・迪卡普里奥：在世界的中心流浪
4013328, 8.5, 98, 人类学家的文化见解
1106736, 7.9, 163, 曾国藩传
3667096, 7.7, 198, 难以企及的人物
3905263, 7.6, 219, 罗斯柴尔德家族.第1部
25846179, 8.4, 105, 无物之阵
1955691, 8.0, 147, 张学良、赵一荻私人相册
1059063, 8.3, 113, 钢铁大王卡内基自传
1040207, 7.0, 442, 林彪的这一生
19977140, 7.9, 160, 丰臣秀吉
25800791, 7.8, 176, 一个人与这个时代
1003209, 8.4, 104, 周恩来外交风云
3611560, 7.4, 268, 索罗斯传
5264604, 7.7, 194, 我在摩根士丹利做高管
1997221, 8.1, 133, 罗兰巴特自述
1032814, 8.6, 89, 艺术家的传奇
25953702, 6.6, 786, 习惯就好
1313463, 8.6, 88, 我的艺术生活
25817152, 8.0, 143, 木心逝世两周年纪念专号
1013910, 7.8, 172, 两个幸运的人
1426188, 7.9, 156, 李安
6750744, 9.1, 62, 暗室之光
1024249, 8.1, 129, 番薯人的故事
2689980, 8.1, 129, 从普通女孩到银行家
24748667, 7.2, 326, 朴槿惠日记
10569797, 8.1, 128, 争气
1485316, 8.5, 92, 传薪有斯人
2249275, 8.8, 74, 指挥家的境界
1464418, 8.3, 107, 琴恋
2239434, 6.8, 544, 胡雪岩
26327897, 8.1, 126, 压力测试
1069704, 8.5, 91, 我要作数学家
24089470, 7.8, 165, 最后的狂人
1390937, 8.7, 78, 走近爱因斯坦
25894782, 8.7, 78, 不朽的钢琴家
26608212, 8.3, 105, 那些说不出的慌张
1062177, 6.7, 611, 日子
1484487, 7.5, 218, 御香缥缈录
6506909, 7.2, 307, 不上流，不下流
1424856, 7.7, 177, 罗斯福传
10564562, 6.8, 521, 普京传
1950985, 8.3, 103, 励耘书屋问学记
1084760, 8.3, 102, 一知半解及其他
26637035, 7.4, 238, 武则天
1425600, 7.9, 143, 戴维斯王朝
6006578, 6.6, 685, 蒋介石：1887～1975（上）
1460453, 7.9, 140, 林徽因
25811502, 6.4, 933, 柴静×刘瑜：自由从何而来（中国故事）
1976217, 8.1, 117, 赫鲁晓夫回忆录（全三卷）
1551359, 8.2, 107, 亚历山大三部曲（共三册）
2009823, 8.4, 91, 锯齿啮痕录
2257605, 7.4, 228, 门阀旧事
1853113, 8.0, 126, 格伦・古尔德的生活与艺术
26613078, 8.5, 84, 父亲南怀瑾
1031331, 8.7, 72, 古斯塔夫・马勒
26663738, 8.5, 83, 一个广告人的自白（纪念版）
1786651, 8.0, 124, 我与商业领袖的合作与冲突
2101805, 9.5, 44, 梁启超文集
5378426, 8.3, 96, 末代皇帝溥仪
1366606, 9.3, 49, 怎知春色如S : 白雪仙珍藏相簿
10802766, 7.1, 315, 我的朋友鲁迅
5398106, 9.1, 55, 林肯与劲敌幕僚
1318419, 7.0, 356, 比尔・盖茨全传
6121224, 8.1, 112, 一个时代的斯文
4011409, 7.7, 161, 阿伦特与海德格尔
26681315, 8.9, 62, 一个定理的诞生
5405064, 7.8, 146, 高罗佩事辑
1008179, 8.3, 95, 大国寡民
1274259, 8.4, 87, 钱穆与中国文化
25870328, 9.2, 51, 永生或猝死
1138197, 8.6, 75, 涅高兹谈艺录
10532809, 8.6, 75, 翁山K姬
4823776, 7.0, 348, 壹百度2：人生可以走直线
26318286, 9.1, 54, 牛棚杂忆
25909372, 8.1, 110, 小楼与大师：科学殿堂的人和事
4915132, 7.0, 343, 毛泽东最后七年风雨路
1094819, 7.8, 142, 毛泽东传
26278990, 8.6, 73, 逝年如水
3900879, 8.1, 107, 光与盐
1792475, 8.1, 106, 莫扎特
2205243, 8.9, 59, 中国近代思想史上的胡适
1144242, 7.5, 184, 爵士圣经
1192582, 8.4, 83, 李叔同
3150953, 7.2, 256, 马云正传
1491087, 8.1, 105, 我的奋斗
3064831, 8.3, 89, 千古大变局
6396608, 7.9, 124, 我读天下无字书
1737180, 8.0, 113, 王安石传
1140492, 7.9, 123, 奥威尔传
1917203, 7.3, 223, 切・格瓦拉之死
10578285, 8.4, 81, 三十岁前的孙中山
1005865, 7.5, 178, 影响人类历史进程的100名人排行榜
1019619, 8.4, 80, 罗曼・罗兰文钞
1431568, 7.1, 276, 少不读鲁迅 老不读胡适
10774929, 7.9, 120, 静子
3827990, 7.3, 218, 毛泽东的读书生活
2046272, 8.5, 74, 俗世威尔
4728640, 7.5, 174, 从蔡元培到胡适
6868806, 8.3, 85, 出版人
1068803, 7.4, 192, 上海的女儿
12425726, 8.0, 108, 探寻孤独斗室的灵魂
25924949, 7.4, 191, 特斯拉自传
10199324, 6.8, 395, 韩寒
25382842, 8.4, 78, 舍我其谁：胡适（第二部）
3668168, 8.1, 98, 近代藏书三十家
1806534, 6.9, 339, 行为糟糕的哲学家
3683788, 7.3, 208, 马云管理日志
5992422, 7.3, 207, 高岗传
5275260, 8.0, 105, 赵俪生高昭一夫妇回忆录
2246938, 7.8, 125, 达芬奇大传
20272933, 8.5, 71, 美国简史
3756524, 9.0, 51, 狄拉克
2123589, 7.3, 205, 岩中花树
1272879, 7.8, 124, 棋行天下
1277314, 7.8, 124, 朱可夫元帅战争回忆录
10441231, 7.8, 124, 打量
6254828, 7.0, 291, 这才是马云
3012644, 8.9, 54, 玩具大
4254757, 8.1, 95, 奥本海默传
1068738, 8.0, 103, 沃森传
25762654, 8.7, 61, 邬达克
2032584, 8.2, 87, 毕加索：创造者与毁灭者
2262233, 8.2, 87, 托洛茨基：我的生平
1796547, 6.6, 497, 忏悔无门
10443152, 9.3, 42, 本经阴符七术
20366617, 8.0, 101, 斯皮尔伯格传
4317958, 8.8, 56, 加缪传
1077069, 8.5, 68, 卡斯特罗传
1144501, 8.4, 73, 约翰逊传
1767672, 8.4, 73, 文茜Z
1169374, 8.1, 91, 梁漱溟自述
26628827, 7.3, 192, 宫崎骏和他的世界
1918357, 7.4, 171, 英格玛・伯格曼
1138765, 8.2, 83, 罗曼・罗兰传
2114474, 8.6, 62, 世界建筑师
4258923, 9.0, 48, 穿越歧路花园
1188789, 8.1, 89, 李斯特论肖邦
3022778, 9.1, 45, 爱因斯坦传（世界名人传记丛书）
1661462, 8.3, 76, 陈省身传
1010475, 8.0, 96, 战略家
24531423, 7.3, 186, 闲来笔潭
25849190, 8.4, 69, 流动的斯文──合肥张家记事（全二册）
3082973, 7.6, 134, 大卫・奥格威自传
26756122, 9.1, 44, 我是你的莫扎特：莫扎特书信集
24859817, 8.2, 79, 塔莎的传家宝
1634795, 8.6, 59, 阿・鲁宾斯坦缤纷录
10758623, 8.6, 59, 悠游100年/悠[100年
25752447, 7.9, 99, 改变美国的时刻
6433149, 7.0, 248, 染花集
1034431, 7.6, 129, 肯尼迪传
5328053, 8.2, 77, 卡尔.萨根的上帝
1647096, 7.9, 98, 孤独与超越:钢琴怪杰古尔德传
10866978, 7.5, 141, 沈从文家事
6810299, 9.2, 40, ⑷衄r的三十六堂表演n
6392085, 7.4, 155, 奥普拉传
26816164, 8.1, 82, 盗火与革命
3997957, 8.6, 57, 有奉献精神的父母培养大人物
1399465, 7.5, 138, 赫本风格
5249778, 7.8, 104, 最后的大师
5321893, 7.4, 151, 死海搏击
3108843, 7.9, 94, 漫话东坡
2971703, 7.8, 102, 阅世品人录
19986455, 9.1, 41, 李叔同的自我修养
5945034, 7.3, 165, 蒋介石传
24743330, 8.0, 86, 胡适：孤立的人最强大
10558785, 7.7, 111, 星星・月亮・太阳
26930006, 8.6, 55, 读库1606
4268921, 7.5, 132, 秀场后台
6800511, 8.1, 78, 希特勒的心态
3142329, 7.7, 109, 唐朝那些事儿
1944436, 7.8, 99, 华盛顿传
5449773, 8.1, 76, 简明教会历史
5395701, 7.5, 127, 中国演员访谈录
10750460, 7.2, 173, 司马懿吃三国
25906749, 8.2, 70, The Innovators
25805041, 7.6, 115, 革命时代的士大夫
1053032, 7.8, 96, 张家旧事
4096751, 7.5, 125, 25岁，我赚了3个亿
24752328, 7.5, 125, 家国万里
1147707, 7.8, 95, 另一面
1005291, 7.6, 113, 非常营销：娃哈哈--中国成功的实战教案
26314527, 8.6, 52, 若为自由故
20480670, 8.0, 80, 安迪・沃霍尔: 15分钟的永恒
2043382, 7.6, 112, 奇人王世襄
1322277, 7.9, 86, 钱穆与七房桥世界
1765494, 9.5, 31, The Beatles Anthology
1156398, 9.2, 36, 卡萨尔斯论演奏艺术
20501523, 8.8, 45, 马世民的战地日记
25796007, 7.1, 183, 帝王师：刘伯温
1029851, 7.4, 133, 巴赫传
1003562, 8.0, 78, 从家乡到美国-赵元任早年回忆
1032335, 8.4, 58, 西蒙娜・韦伊（上下册）
1971117, 7.9, 84, 茨威格评传
6710896, 6.6, 342, 非常道II
1425820, 7.7, 99, 生与死的交响曲
26810905, 8.2, 66, 曾国藩：又笨又慢平天下
2029914, 7.5, 118, 通往权力之路
25983635, 8.3, 61, @弦：汪精l的政治生涯
24742976, 8.0, 76, 红圈 : 海豹突击队前狙击手总教练回忆录
2311715, 9.0, 39, 叛逆的`魂
5449794, 8.2, 65, 爱因斯坦档案
2280534, 6.8, 250, 曾经风雅
5333588, 8.2, 64, 杜尚传
1449583, 8.2, 63, 晏阳初传
1847583, 8.3, 58, 酶的情人
5341182, 8.2, 61, 谁制造了韩寒
6954080, 7.9, 76, 莫迪里阿尼传
1448577, 8.6, 46, 骆宝善评点袁世凯函牍
25956734, 8.4, 52, 失落年代
3397031, 9.1, 34, 梁巨川遗书
1124907, 8.3, 55, 未完成的旅行
25839997, 8.1, 63, 文学史微观察
1046138, 7.3, 125, 莫扎特传
5954616, 7.5, 103, 普鲁斯特传
5945094, 8.2, 58, 安徒生的童话人生
25997352, 8.3, 54, 三国名将
1910763, 8.9, 37, 异域之眼
25853109, 8.9, 37, 通往权力之路
3071677, 7.3, 123, 狂人刘文典
3813386, 7.1, 151, 你我之间
26335810, 8.0, 66, 一个医生的故事
5254286, 8.3, 53, 奇异恩典
25774402, 7.5, 100, 庭院深深钓鱼台
3885856, 8.7, 41, 翁山K姬
6531657, 7.9, 71, 郝柏村解xY公日 一九四五～一九四九
3034122, 7.6, 91, 大江健三郎口述自传
7916115, 8.4, 49, 爱因斯坦自述
1135343, 8.0, 64, 斯大林
1279933, 7.7, 81, 历史与意志
4261930, 8.2, 55, 传灯
1781637, 8.4, 48, 苏东坡大传
6864325, 7.7, 80, 大法官奥康纳传
5423029, 7.8, 73, 藏锋
1065571, 7.5, 94, 在宋美龄身边的日子
2241149, 8.4, 47, 林肯传
1365773, 8.7, 39, Benjamin Franklin
6724869, 8.5, 44, 卡夫卡传
10485326, 7.5, 93, 完美的证明
1148215, 8.2, 53, 斯特拉文斯基访谈录
1392942, 8.4, 46, 建筑师不是描图机器
1410395, 8.4, 46, 福特传
1225234, 7.7, 75, 普京
25876364, 8.0, 59, 无上荣耀
1226036, 7.6, 81, 普利策传
26663582, 7.6, 81, 帝王师：张居正
1691568, 7.5, 87, 我与悲鸿
1090157, 7.0, 142, 顾城绝命之谜D&lt;英儿&gt;解秘
3918885, 6.5, 261, 徘徊的灵魂
2263270, 8.9, 32, 沈曾植年谱长编
1450314, 8.1, 52, 赵小兰
25893830, 8.1, 52, 失业的程序员
2009944, 8.6, 37, 一位精神分析家的自我探索
1187523, 7.6, 75, 地狱门前
26806746, 7.4, 89, 行者
3464889, 7.4, 88, 天才的拓荒者
26827725, 8.7, 34, 安身与立命
10528202, 7.1, 115, 民国范儿
1079465, 8.5, 38, 乱世学人
5502987, 8.2, 46, 顾颉刚和他的弟子们
3036938, 8.3, 43, 李提摩太在中国
1491715, 7.5, 78, 与公牛一起奔跑
25926549, 7.2, 103, 师友杂忆
1050941, 8.4, 40, 达尔文传(上下)--欧文.斯通文库
26292388, 8.3, 42, 700天极地生还
1928560, 7.9, 55, 彼得大帝（共两册）
26285395, 8.0, 51, 我们都是散落的星骸
25867201, 7.8, 59, 英雄
1064874, 8.1, 47, 结构与符号
20416707, 6.8, 149, 优雅与权势
25807869, 7.7, 62, 人物百一录
26267259, 7.1, 106, 孤独相伴
1253555, 7.6, 67, 第一人：普京自述
20394055, 8.3, 40, 没有时间的世界
25788643, 7.6, 66, 曼德拉传
1108590, 8.6, 33, 周恩来邓颖超通信选集
1047609, 8.4, 37, 张忠谋自传
3172011, 7.2, 93, 将世界甩在身后
20414496, 7.1, 102, 一知半解
1792507, 7.5, 69, 阿伦特
2294930, 8.2, 41, 毛泽东早期文稿
3744787, 7.7, 57, 世界游戏制作大师
1009049, 7.5, 66, 牛棚日记
26349050, 7.2, 86, 成吉思汗：意志征服世界
26812857, 7.2, 86, 师傅，走吗
26452494, 7.7, 56, 世界因你不同:李开复自传(纪念版)
1143736, 8.7, 29, 人物默写教程
1139600, 7.5, 64, 罗斯福
25887109, 7.2, 83, 活着你就得有种
1146705, 6.8, 125, 瀛台泣血记
1945073, 7.4, 69, 没有不散的筵席
2249145, 7.4, 69, 慕庐忆往：王叔岷回忆录
3373715, 6.7, 138, 上海滩名门闺秀
25795772, 7.5, 62, 安迪・沃霍尔自传及其私生活
1088599, 8.3, 35, 寻墓者说
3014540, 7.7, 52, 卡斯特罗访谈传记
25897841, 6.6, 150, 异人志
24232359, 8.6, 29, 亚当・斯密传
10521795, 7.6, 56, 负伤的知识人
1043980, 8.1, 39, 我作为社会弃儿的一生
1275330, 7.7, 51, 从上海市长到“台湾省主席”（1946-1953年）DD吴国桢口述回忆
2225849, 7.7, 51, 成败之鉴
26905279, 8.0, 41, 大人物的世界史
1450892, 7.8, 47, 范蠡
3539107, 8.9, 24, 中国科技的基石
5501982, 8.6, 28, 闲话文人
25894569, 7.8, 46, 我是一个中国的美国人
26657403, 7.8, 46, 中国电竞幕后史
24845149, 7.7, 49, 困窘的潇洒
6016140, 7.7, 48, 我的父亲高更
2340328, 6.9, 97, 蒋纬国口述自传
1481704, 8.4, 30, The Autobiography of Malcolm X
26767045, 8.4, 30, 宋慈大传
3930300, 8.0, 38, 李济传
6784467, 7.8, 43, 丘吉尔传
1799203, 8.3, 31, 孙中山与中国革命的起源
24743676, 8.6, 26, 张伯驹集
5984668, 8.4, 29, 卅三剑客图（全四册）
3883057, 7.7, 45, 奥利弗・温德尔・霍姆斯
5942453, 7.5, 52, 九十春秋
1361596, 8.1, 34, W黛?赫本：好R]的r尚髌
1480190, 7.3, 61, 周恩来的晚年岁月
26411081, 8.6, 25, 爱有止境2：喧嚣
25969351, 7.2, 65, 成为最好的自己
4174852, 8.2, 31, 加尔布雷斯传
1033935, 8.4, 27, 寄庐茶座
3005206, 7.7, 42, 乱世枭雄张作霖
4882515, 7.7, 42, O逸仙
6012507, 8.2, 30, 圣经里的女性
1595292, 7.7, 41, 知识英雄 2.0
24860612, 7.7, 41, 绝响
2401635, 7.6, 44, 杜月笙正传
2025889, 8.1, 31, 方诗铭论三国人物
1006161, 8.2, 29, 柏辽兹回忆录
23860624, 8.8, 21, 黄万里的长河孤旅
26248115, 8.8, 21, 历史的事实：库比茨克回忆希特勒
1493752, 8.7, 22, 嵇康评传
1275925, 8.5, 24, 香港商战风云录(上中下)
1047635, 7.7, 39, 生死恋歌
1659495, 7.9, 34, 不思量自难忘
2337483, 7.8, 36, 戈培尔日记
26356332, 7.4, 48, 马云内部讲话
1101662, 6.9, 74, 巨人离席：世界100名人的临终时刻
10736853, 5.9, 258, 神奇圣人王阳明
2294488, 7.6, 40, 我和毛泽东的一段曲折经历
26545176, 8.4, 24, 国家窃听
23778132, 7.5, 42, 江青的往事往时往思
1427485, 8.1, 28, 有多少优雅可以重现
26683762, 6.7, 85, 夜伴三庚
1213076, 8.6, 21, 甘地传
1394392, 8.5, 22, r空的E：塔可夫斯基的世界
19977076, 8.3, 24, 最后的遗言
1088718, 7.4, 43, 上帝与拉里.埃里森的不同
1363807, 8.0, 28, 摘星的人 
6872539, 6.9, 63, 一生负气成今日
3694210, 6.7, 76, 白崇禧口述自传（上下）
1160707, 8.3, 23, 恽毓鼎澄斋日记
4264054, 8.3, 23, 近三百年人物年谱知见录（增订本）
26054686, 6.5, 92, 默克尔传
1034840, 8.1, 25, 华尔街教父
1291602, 8.1, 25, 战争回忆录（共3册）
3853979, 8.1, 25, 刘节日记
26384991, 6.8, 66, 民国大人物
20272152, 7.9, 28, 日本游戏制作理念初探
26419653, 7.6, 34, 温格传
3181882, 7.8, 29, 毛泽东自述
26685118, 7.8, 29, 荒野寒山
26702594, 8.1, 24, 青木桌上的女孩
3024038, 7.2, 44, 搞垮巴林银行之后
26795068, 7.2, 44, 无码：艺术大师的秘密生活
1510357, 6.9, 56, 戴笠其人
1328180, 8.0, 25, 孙中山：勉为其难的革命家
25753115, 7.6, 32, 弘一大师传
3807888, 7.9, 26, 我是特朗普接班人
10539603, 7.2, 41, 故人风清
26793699, 6.6, 70, 笔误：文学大师的秘密生活
1499292, 8.2, 21, 左宗棠传
1982202, 8.5, 18, 我与孙悟空
25833955, 7.4, 34, 异端人物
4904583, 8.7, 16, 顾随致周汝昌书
4011309, 7.5, 31, 政治思想与政治思想家
26791192, 7.4, 33, 各在天一涯
1271644, 8.2, 20, 列宁选集 第一卷
3531673, 7.8, 25, 吴清源回忆录
25835506, 7.6, 28, 这也是清朝
24844260, 7.2, 36, 蒋介石后传
26206486, 7.3, 32, 旧日风云
3108284, 7.6, 26, 酚
26383037, 7.6, 26, 重看民国人物
24743287, 7.5, 26, 雷军
3131840, 7.9, 20, 陈织娘的一生
25790289, 6.9, 39, 斯大林传
25983027, 7.7, 22, 法兰西帝国玫瑰
26836667, 8.0, 18, 世道与人心
26902365, 8.0, 18, 世家的天下
6985690, 8.1, 17, 八十逆旅
6003671, 6.8, 40, 让・科克托
25873060, 6.7, 43, 不离不弃，且行且珍惜
1899181, 7.1, 30, 反思郭沫若
25723646, 6.0, 86, 钦口说：我眼中的德云社
1768475, 8.1, 15, Grace
3287488, 6.9, 31, 我的丈夫金无怠之死
1073971, 7.7, 18, 惊天铁案（上下）
1018638, 7.6, 19, 冬天里的尼克松
25963061, 7.6, 19, 槐聚心史
26899881, 7.8, 17, 探寻一个好社会
4213587, 7.2, 24, 最后的绅士
3797615, 6.9, 29, 玛莎・斯图尔特传
3067088, 7.7, 17, 一个非凡女人的一生：莎乐美
25903468, 7.3, 21, 好男孩上天堂，坏男孩走四方
24869726, 8.0, 14, 在爱慕与矜持之间：胡适与韦莲司
24526608, 7.4, 19, 飞向无限
25897847, 8.1, 13, 清代学者像传
1606420, 8.0, 13, 立u（全十卷）
26680822, 8.0, 13, 拿破仑论
25833044, 7.1, 21, 我们有一样的孤独
25952641, 6.7, 25, 一个艺术迷的自白
2331170, 7.6, 14, 斯蒂格利茨经济学文集（1-6卷）
3099034, 7.6, 14, ゴ蟮氖≌
26760888, 7.6, 14, 暗夜里，还亮着灯
10737756, 7.7, 13, 金石声
25902024, 7.5, 14, 赌城不是天堂
26721534, 7.7, 11, 鲁迅形影
2060213, 7.5, 12, 明清两代嘉兴的望族
26602502, 7.4, 12, 追求真理
1659379, 7.5, 11, 春秋左传人物谱（上下）
1907943, 7.5, 10, 巨匠与情人
25854446, 7.3, 10, 江泽民在一机部
