2017-01-23 16:17:59
Tag: 人生哲学
The number of books: 384 

ID, rating, votes, title
1775691, 8.3, 51928, 少有人走的路
2340100, 8.1, 52258, 遇见未知的自己
3026879, 8.8, 13330, 爱的艺术
3261600, 9.3, 5589, 人生的智慧
1056295, 8.3, 18838, 人性的弱点全集
2194123, 8.4, 15427, 相约星期二
1041128, 8.5, 10741, 天蓝色的彼岸
1003986, 8.8, 5848, 病隙碎笔
2359003, 8.2, 14045, 沉思录
2363651, 8.2, 13374, 十四堂人生创意课
2193877, 8.1, 15707, 你在天堂里遇见的五个人
1045716, 8.7, 4878, 人生中不可不想的事
1005193, 8.6, 4670, 重新认识你自己
1262986, 8.1, 9312, 我不是教你诈
3413836, 8.4, 5689, 当下的力量
3711733, 8.6, 3785, 那个姐姐教我们的事
1269900, 8.2, 6687, 活法
1033248, 8.9, 2426, 幸福之路
1045201, 8.2, 5718, 哲学的慰藉
1721111, 8.6, 3092, 周国平人生哲思录
3740431, 8.4, 3964, 灵魂只能独行
3266968, 7.3, 26351, 秘密
1021056, 7.2, 27742, 谁动了我的奶酪？
1161817, 8.7, 2192, 洛克菲勒留给儿子的38封信
3800022, 8.2, 4105, 活出全新的自己
1069805, 8.7, 1879, 给青年的十二封信
3123393, 7.6, 9171, 遇见心想事成的自己
1077129, 8.5, 2313, 一生的学习
1135734, 8.6, 1983, 追寻生命的意义
1071821, 8.1, 3834, 你不可不知的人性
2065564, 8.1, 3805, 一日重生
1841625, 8.9, 1312, 标竿人生
1004539, 8.5, 2008, 爱与孤独
1258513, 8.5, 1843, 爱与寂寞
3622904, 7.3, 11960, 不抱怨的世界
1987453, 7.9, 3893, 人生不过如此
24875416, 8.3, 2181, 生命最后的读书会
1312995, 8.5, 1596, 周国平作品精选
1162784, 8.1, 2699, 超越自己・创造自己・肯定自己
4124876, 8.2, 2317, 易经的奥秘
3750309, 8.4, 1761, 安静的位置
1001895, 7.8, 3809, 靠自己去成功
1027085, 8.3, 1838, 叔本华人生哲学
3035606, 8.5, 1378, 七个心理寓言
4904074, 8.3, 1758, 塔莎奶奶的美好生活1－跟着感觉走就对了
3224456, 7.7, 3977, 少有人走的路Ⅱ
1186712, 8.2, 1896, 各自的朝圣路
1912086, 8.3, 1663, 我不是教你诈
26831234, 8.8, 876, 不属于我们的世纪
3410763, 8.6, 1065, 最后的演讲
1484695, 8.1, 1982, 季羡林谈人生
3327830, 7.7, 3541, 前世今生：16堂生死启蒙课
1097800, 8.0, 2249, 我不是教你诈(1)
2049781, 8.5, 1135, 世界在你心中
3722967, 8.3, 1422, 人生十论
1053526, 8.4, 1182, 哲学与人生
4934733, 8.3, 1326, 真实的幸福
1004719, 8.6, 899, 谈修养
2133074, 7.0, 10037, 20几岁，决定女人的一生
1931318, 7.0, 9733, 于丹《论语》心得
3773959, 8.4, 1101, 只有一个人生
2147562, 8.6, 844, 棋与人生
2119843, 6.9, 11333, 钝感力
1958741, 7.8, 2322, 追逐日光
2381093, 7.4, 4147, 一辈子做女孩
1000804, 9.1, 485, 楞严大义今释
3005066, 8.1, 1446, 在爱中修行
25858068, 7.6, 2905, 100个基本
3712855, 8.3, 1087, 为何越爱越孤独
1220789, 8.1, 1385, 爱上双人舞
1058229, 8.7, 668, 智慧书
1207847, 8.5, 791, 增广贤文
1048672, 8.0, 1426, 尼采生存哲学
2333837, 7.8, 1846, 雨天炎天
4898535, 8.4, 841, 来一点信仰
1029739, 8.0, 1344, 生命的留言
1291593, 7.8, 1723, 跨一步就成功
2157629, 8.2, 1004, 平常禅
2003451, 7.2, 4263, 于丹《庄子》心得
1082601, 7.6, 2166, 羊皮卷
1271579, 7.6, 2124, 礼物
1817332, 8.8, 487, 爱因斯坦谈人生
1015807, 7.9, 1356, 肯定自己
1722020, 8.7, 528, 最初和最终的自由
1029796, 8.1, 998, 我不是教你诈3
1059069, 8.4, 696, 培根论人生
4846035, 7.6, 1941, 干法
1020820, 7.8, 1446, 超越自己
1469414, 8.7, 474, 世界美如斯
1083067, 7.6, 1732, 萤窗小语.1
4087554, 8.0, 998, 活法（叁）
1274932, 7.7, 1484, 冷眼看人生
3616968, 7.8, 1286, 活法（贰）
3654465, 7.7, 1449, 少有人走的路III
1777898, 8.0, 960, 以诈止诈
4214217, 7.5, 1897, 女人明白要趁早
3098548, 7.3, 2574, 寻找时间的人
1005389, 8.0, 945, 我不是教你诈(2)
4746273, 7.6, 1613, 十四堂人生创意课III
3863494, 8.0, 917, 季羡林读书与做人
4852691, 8.4, 576, 你不可不知的人性（全二册）
3687099, 7.9, 1007, 心灵密码
10801462, 7.7, 1310, 苦才是人生
1978928, 8.1, 775, 永远有多远
3226037, 7.8, 1127, 世说心语
1000972, 8.1, 771, 一生的忠告
1912080, 8.2, 684, 我不是教你诈.3
3079768, 8.1, 752, 我们与这个世界的误会
1012536, 7.8, 1082, 爱不厌诈
1922042, 8.4, 527, 你不可不知的人性
1016709, 7.8, 998, 爱原来可以如此豁达
1912088, 8.2, 612, 我不是教你诈2
1051492, 7.8, 993, 我很重要
1912395, 8.2, 590, 我不是教你诈.4
2339968, 8.3, 528, 周国平论人生（周国平卷）
2297218, 7.7, 1076, 蚁呓
1119239, 7.7, 1016, 爱何必百分百
1067625, 7.9, 780, 成长是一种美丽的疼痛
1058564, 7.9, 748, 因为年轻所以流浪
1775895, 8.5, 366, 心的出路
3842681, 8.7, 299, 面对危机中的世界
25747597, 7.5, 1164, 不能不去爱的两件事
4615442, 7.6, 964, 生命的清单
1836258, 7.8, 729, 成长比成功更重要
1964884, 7.4, 1224, 为什么幸运的人总幸运倒霉的人老倒霉
1019770, 7.8, 710, 创造自己
1053836, 6.8, 3259, 细节决定成败
1041591, 7.7, 800, 爱就注定了一生的漂泊
2341195, 7.3, 1358, 20几岁，可以改变女人的一生
1061615, 7.6, 876, 方与圆
1009052, 7.9, 581, 生生世世未了缘
3562110, 8.3, 372, 这一辈子
1018026, 7.6, 837, 做个快乐读书人
1423465, 8.8, 232, 爱与思
6004438, 7.5, 939, 做你自己
1157631, 8.0, 500, 哈佛家训
1055795, 7.8, 575, 面对人生的美丽与哀愁
20273181, 8.1, 408, 生命是长期而持续的累积
1083068, 8.1, 395, 把话说到心窝里
1330004, 7.7, 622, 爱又何必矜持
1044180, 7.8, 534, 做个飞翔的美梦
1683998, 8.1, 376, 顺生论
3389982, 7.9, 459, 单身女子的138条军规
1028714, 7.9, 455, 攀上心中的巅峰
3035440, 7.3, 970, 我用一生去寻找
1062945, 7.6, 622, 创造双赢的沟通
10430437, 7.4, 801, 人生百忌
1093623, 8.1, 340, 我不是教你诈4
2129374, 7.3, 888, 20qQ定女人的一生
1048529, 8.4, 248, 论老年 论友谊 论责任
26853566, 8.2, 288, 出家
1027461, 7.7, 484, 下一站，成功
1228533, 7.6, 540, 人生的真相
1068140, 7.7, 475, 对错都是为了爱
2142034, 7.0, 1236, OFF学
10456975, 8.4, 221, 刀下留人
2340318, 8.3, 239, 人生的艺术
26108383, 6.9, 1332, 人生永远没有太晚的开始
1315678, 8.1, 284, 不要累死你的爱
20386246, 7.8, 390, 人生那么长，停一下又何妨
1107519, 7.6, 480, 把握我们有限的今生
2143975, 7.8, 380, 再试1次就成功
3074774, 8.3, 225, 读书 治学 写作
1082315, 7.9, 333, 那条时光流转的小巷
2078106, 8.0, 288, 爱的美丽与疼痛
1420334, 8.3, 214, 爱的密码
3874990, 8.6, 160, 讲真话
3193134, 8.8, 136, 人生观的故事
4005454, 7.4, 514, 妖眼看西游
2177813, 8.8, 126, 新原人
1138232, 8.9, 116, 敬畏生命
1028837, 7.7, 343, 生死爱恨一念间
1100809, 7.9, 274, 迎向开阔的人生
25756626, 8.0, 247, 布雷特的生命清单
19995776, 6.9, 952, 我和这个世界不熟
2016627, 7.4, 464, 余秋雨人生哲言
1055661, 8.7, 128, 美德书
1080870, 7.7, 322, 一生能有多少爱
1692109, 7.9, 257, 禅外说禅
4323622, 7.5, 393, 向宇宙下订单
1043001, 7.2, 566, 王蒙自述
4269578, 8.2, 186, 独特的视界
5968797, 7.9, 247, 活法（肆）
26183838, 7.5, 381, 我想看到的世界
4035265, 7.5, 380, 奋斗书
1322208, 8.4, 152, 生命的学问
24860806, 6.4, 1944, 薄荷日记
3160772, 8.2, 176, 爱默生随笔
26612363, 8.1, 193, 每当我找到生命的意义，它就又变了
1065624, 7.7, 283, 点滴在心的处世艺术
26591755, 9.1, 85, 聪明的渔夫
1844869, 8.1, 182, 肯定自己
26365909, 7.2, 467, 人生只有一次，去做自己喜欢的事
26640794, 7.5, 296, 没事别随便思考人生
20388492, 7.0, 549, 我的价值观
1025546, 7.6, 260, 蜜色阳光
10443011, 8.6, 104, 活出你的小宇宙
2018324, 8.4, 121, 哈佛家训II
1870366, 7.3, 362, 人生以快乐为目的
24732489, 8.8, 89, 生命安宁
1009872, 7.5, 276, 掬起每一滴感动
3254065, 7.7, 219, 女人，学会舍得
1262961, 7.5, 256, 花痴日记
25891329, 8.5, 101, 心法
2025957, 8.7, 87, 心灵指南
3405277, 7.7, 205, 世间情
1964398, 8.0, 140, 幸福之源
3133270, 8.8, 74, 智慧书
1026784, 8.2, 115, 布克狗
1082832, 8.8, 73, 生命的七大精神法则
1490288, 7.6, 196, 爱为什么总矛盾
1272943, 8.3, 103, 爱就住定了一生的漂泊
3897498, 8.2, 110, 从书房到厨房
2331278, 7.0, 378, 我的人生哲学
1030608, 7.6, 184, 心灵的四季
1067583, 7.7, 158, 善待自己
3642494, 7.9, 130, 论生命的意义
1316107, 7.8, 142, 没有不能沟通的事
1039731, 7.8, 141, 一种人生观
25727355, 8.2, 98, 瓦尔登湖
1110081, 7.6, 167, 母亲的伤痕
1318270, 8.2, 97, 人生哲学
3043428, 7.9, 124, 破惘
3994602, 6.6, 567, 毕业5年决定你的一生
3422747, 7.0, 318, 别为小事抓狂
26389504, 7.9, 121, 不疯魔，不成活
1018837, 7.5, 173, 在灵魂居住的地方
1833518, 8.1, 98, 生活值得过吗
1834166, 7.9, 116, 人生真实
20442237, 7.6, 153, 这一生为何而来
1492233, 8.0, 104, 塔木德智慧全书
1219123, 8.0, 102, 犹太人的智慧全集(珍藏版)
1312151, 7.7, 128, 从跌倒的地方站起来飞扬
3025262, 6.6, 456, 乖女孩没糖吃
1431352, 8.0, 94, 诗样的人生
11442495, 8.1, 81, 人性观察
1813138, 7.8, 103, 阅尽沧桑
1950727, 8.0, 87, 老子绎读
1172679, 9.2, 39, 莎拉：“所罗门”指导她飞翔
5388019, 8.5, 59, 哲学与人生（I+II)
3172260, 8.4, 61, 拈花菩提
25725591, 8.6, 53, 红尘中最美的重逢
6038309, 8.3, 60, 进入成人世界的9个密码
3836715, 8.0, 74, 生活的意义
26695020, 7.8, 87, 正直
1014264, 7.9, 79, 生死爱恨一念间
1331558, 7.6, 100, 生生世世未了缘
2055214, 7.4, 120, 我们缺什么
3069670, 8.1, 65, 听傅佩荣讲人生问题
1320795, 7.6, 94, 摇摇沉淀的爱
1690721, 8.2, 57, 叫母亲太沉重
25768468, 8.7, 41, 爱有8种习惯
1955250, 8.5, 46, 帕斯卡尔与人生的意义
1126507, 8.8, 36, 一生相伴的智慧
1988706, 8.2, 52, 围炉夜话
3465113, 8.1, 55, 我爱故我在
10435396, 8.6, 38, 人生十论
5040218, 8.2, 46, 国学六法
5243431, 8.0, 52, 矍榈奈引力法t
1087229, 7.5, 77, 在生命中追寻的爱
4821354, 8.1, 47, 不眠之夜
3570895, 8.3, 40, 李宗吾全集
1051712, 7.1, 104, 夜之族
10575377, 8.0, 48, 稻盛和夫的人生哲学
4174603, 7.2, 91, 随便想想
26325585, 7.6, 63, 存在的幸福
1007141, 8.0, 45, 放下就是快乐-一滴智慧改变一生|心灵感悟滴水文丛(1)
1439496, 8.6, 30, 不逃避的智慧
4117203, 7.8, 48, 酱缸
1060656, 7.1, 84, 现代症候群
25909436, 7.8, 46, 幸福的哲学
1007986, 7.7, 49, 心灵指南
1017791, 7.2, 74, 吹牛要打草稿
1037397, 7.1, 81, 早知道早幸福
1196134, 8.3, 32, 人生天地间
25840715, 6.9, 95, 人生四书
6892010, 7.5, 55, 这是我的人生，不是别人的
10485648, 8.0, 37, 如果没有明天
3247296, 9.2, 19, 素问悬解
1082465, 7.2, 64, 幸福人的座右铭
1709271, 7.6, 46, 在生命中追寻的爱
1172812, 9.0, 19, 莎拉和塞斯奇遇记
5920927, 7.7, 39, 自我的觉醒
26151346, 7.0, 66, 水知道答案
11592898, 7.5, 43, 西游原来是禁书
1525908, 8.0, 30, 许地山作品精选
2182109, 7.1, 58, 听南怀瑾讲《庄子》
26351364, 7.1, 56, 生命从来未曾看轻任何人
24872813, 8.4, 23, 与美对话
1082595, 8.0, 28, 旅行者的礼物
10582030, 7.2, 49, 周国平论人生
3044768, 7.8, 31, 人生的乐趣
3813291, 7.4, 41, 学会选择学会放弃
1732741, 8.0, 27, 感悟人生全集
1288950, 8.2, 24, 人生哲学
1836543, 8.5, 20, 年轻人要懂得的生活哲学-一位外交家写给儿子的信
6798708, 7.4, 39, 舍弃
1004305, 7.3, 41, 点灯智慧
3691442, 7.3, 41, 歪门正道
1031874, 8.4, 20, 治心经
25921322, 7.6, 29, 鸳鸯香炉
3165284, 7.4, 32, 英雄书
3340433, 7.0, 43, 柠檬味的cappuccino
5337685, 6.6, 57, 我在北京当小偷
1185751, 7.7, 24, 青年的四个大梦
26303692, 7.7, 24, 没有虚度的人生
1023955, 8.0, 20, 犹太名人读本
2243742, 6.8, 46, 博弈全书
3062633, 7.6, 25, 身边禅
3518730, 7.3, 28, 余秋雨语录
5360237, 7.6, 23, 了凡四训译解
1045545, 7.9, 19, 商人家书
4827580, 7.3, 27, 自在
10486812, 7.3, 27, 哲学与人生
1118136, 7.6, 22, 基本人际关系技巧
2063302, 8.3, 15, 怀师－我们的南老师
10430436, 7.7, 20, 萤窗小语
1062625, 7.5, 22, 盗取你的美丽
1067968, 7.3, 25, 问天命?命运的诅咒（第一部）
1083252, 7.8, 18, 手中的牌
11538566, 7.0, 30, 骆意不绝
4851343, 7.3, 24, 思考力决定竞争力
3177962, 7.1, 27, 秘密3
3638747, 6.6, 39, 石头剪子布
1041604, 7.2, 24, 道德的沦陷
1137915, 7.2, 24, 学会选择 懂得放弃
26265000, 7.4, 20, 蔚茫尾坏
3208221, 6.8, 30, 每天学点博弈学
6892011, 7.2, 22, 成功是人生最大的谎言
1172906, 8.0, 14, 猫头鹰一言值千金
2026689, 6.9, 27, 三分做事七分做人
4359816, 7.1, 23, 人生三论
5920931, 7.7, 16, 傅佩荣－完整人生1
10594126, 7.7, 16, 五种遗规
1015509, 7.8, 15, 商人家书
1290101, 7.1, 22, 人一生要养成的50个习惯
1807344, 6.0, 55, 改变一生的100个小习惯
1051904, 7.1, 21, 钱与闲
4881852, 6.6, 30, 老爸，别哭
3178744, 6.2, 43, 人类神秘现象破译(上下)
3072039, 7.0, 22, 勇气
1056826, 7.9, 13, 潘晓讨论
2310471, 7.2, 19, 杜亚泉著作两种
5338820, 7.0, 21, 女人的修养与处世智慧全集
1523348, 7.4, 16, 裸语
6117863, 7.5, 15, 撒下好命的种子
1891803, 8.1, 11, 引爆趋势-举手之劳成大事 (平装)
6024208, 5.2, 140, 中国饭局里的潜规则
1884520, 7.1, 18, 方与圆全集
5272334, 7.4, 15, 王蒙的道理-我的人生哲学
6966300, 7.4, 15, 你生而富有
4167067, 7.5, 14, 海鸥乔纳森・利文斯顿
6854521, 7.5, 14, 男人来自火星，女人来自金星
1042466, 6.7, 23, 生活中的鱼
1127075, 7.2, 16, 性格决定命运
1056653, 7.3, 15, 尘世是唯一的天堂
1065599, 7.3, 15, 穷人与富人的距离0.05厘米
26363281, 7.3, 15, 狡猾的思想
1490923, 7.0, 17, 千万别成熟
1211945, 7.2, 15, 戴安娜做女人的感悟
19979621, 7.7, 11, 了凡因语
26042403, 6.9, 17, 每天做好最重要的一件事
25817676, 7.5, 12, 创意的未来
10826182, 5.5, 62, 我就是教你混社会
1072197, 7.3, 13, 与你在巅峰相会
2977550, 7.6, 11, 女人成功靠自己
5920929, 7.6, 11, 重归心灵家园
4584422, 7.8, 10, 智慧书
2227798, 7.4, 12, 张中行作品集（第四卷）
3807740, 7.7, 10, 成功法则全书
2303648, 6.4, 21, 这年头
2225745, 6.8, 15, 情调
1143717, 7.5, 10, 理解贝茜
1011681, 7.3, 11, 糊涂学
4165796, 6.9, 13, 这样做女孩才好命
3495886, 7.3, 10, 点灯智慧
6534680, 7.3, 10, 修好自己的这颗心
25811519, 7.1, 11, 人生有太多不需要
1278989, 7.0, 11, 人一生要解决的50个关键问题
19979233, 7.1, 10, 王阳明教你驭心术
1084063, 6.6, 13, 三星
2189983, 6.7, 12, 人的宣言
1127224, 7.0, 10, 老狐狸格言
10739198, 4.4, 68, 包装出来的西方文明
