2017-01-23 16:17:59
Tag: 人类学
The number of books: 804 

ID, rating, votes, title
25985021, 9.3, 17916, 人类简史
1795079, 9.2, 7773, 乡土中国
1813841, 8.8, 11254, 枪炮、病菌与钢铁
1022238, 8.2, 25087, 菊与刀
2328458, 9.1, 3943, 社会性动物
1310228, 9.2, 3311, 乡土中国 生育制度
6712255, 8.8, 3512, 天真的人类学家
1325507, 8.9, 3063, 江村经济
1393447, 9.1, 1755, 忧郁的热带
2143904, 8.8, 2341, 进化心理学
1315190, 8.8, 2180, 想象的共同体
4312810, 8.6, 2676, 裸猿
4146756, 8.5, 2590, 浮生取义
4246151, 8.0, 4980, 厨房里的人类学家
10607615, 8.8, 1551, 第三种黑猩猩
1905742, 8.8, 1477, 金枝（上下册）
4312825, 8.6, 1442, 人类动物园
2988944, 8.6, 1320, 金翼
3062632, 8.6, 1100, 日常生活中的自我呈现
1704159, 8.6, 1053, 街角社会
4818177, 8.2, 1676, 英国人的言行潜规则
3035593, 8.2, 1615, 崩溃
4312829, 8.3, 1405, 亲密行为
1247769, 8.6, 951, 家庭、私有制和国家的起源
26425892, 8.5, 987, 我的凉山兄弟
1062309, 9.0, 573, 基因组
1870212, 9.0, 439, 宗教生活的基本形式
21966353, 7.7, 1810, 贫穷的本质
10491608, 8.6, 578, 神o、陵墓与学者
3785326, 8.4, 711, 黑猩猩的政治
1082196, 8.8, 464, 林村的故事
1277279, 8.2, 800, 文明与野蛮
4046736, 8.4, 606, 神似祖先
1274491, 8.3, 670, 文化、权力与国家
1493134, 8.6, 474, 文化人类学
1322852, 8.8, 383, 孤筏重洋
1799788, 8.5, 504, 华夏边缘
1661440, 8.9, 336, 生育制度
1034759, 8.6, 439, 礼物的流动
1428050, 8.7, 392, 礼物
3094349, 8.6, 403, 羌在汉藏之间
1740073, 8.5, 439, 中国绅士
3365386, 8.2, 580, 马丁・盖尔归来
2138608, 8.7, 345, 中国社会中的宗教
6799513, 8.9, 287, 跨国灰姑娘
4891219, 8.3, 481, 甜与权力
2030855, 8.5, 382, 弱者的武器
25848493, 8.4, 419, 猿猴的把戏
2979316, 8.1, 577, 人类学的邀请
24838641, 8.5, 376, 神堂记忆
1491734, 8.2, 513, 私人生活的变革
1809130, 8.7, 307, 野性的思维
2567964, 8.6, 334, 道德的重量
1288895, 9.0, 233, 在乌苏里的莽林中
1315234, 8.1, 523, 图腾与禁忌
1051928, 9.1, 198, 跨越边界的社区
3077186, 8.1, 499, 群氓之族
2186646, 8.8, 250, 蒙塔尤
26415165, 7.9, 620, 沐猿而冠
1176241, 9.2, 177, 宗教思想史
4071854, 8.9, 225, 考古学专题六讲
21370327, 8.5, 308, 学做工
2261636, 8.6, 275, 被遗忘的王国
1770266, 8.8, 226, 结构人类学 （1-2）
6062348, 9.3, 149, 前往伊斯特兰的旅程
1093249, 8.5, 285, 文化的解释
3321594, 8.4, 304, 游牧者的抉择
3121161, 7.9, 516, 性趣探秘
2379345, 8.7, 229, 中国农村的市场和社会结构
5414013, 8.1, 390, 美好生活
1431735, 8.9, 185, 神圣与世俗
1783986, 8.4, 282, 仪式过程
25900305, 8.1, 376, 舌尖上的历史
1836616, 8.5, 253, 写文化
1443869, 8.5, 251, 人类的性存在
1315175, 8.7, 210, 实用人类学
3267933, 8.5, 249, 古代艺术与仪式
26785959, 8.6, 226, 疯狂人类进化史
4826395, 8.4, 270, 巫士唐望的教诲
1772103, 8.2, 328, 再造“病人”
3268426, 8.3, 291, 洁净与危险
24699353, 8.0, 385, 现代世界的诞生
24527462, 8.6, 214, 人类学入门
1017823, 8.3, 279, 努尔人
1869096, 8.4, 252, 乱伦禁忌及其起源
1546841, 8.5, 229, 西太平洋的航海者
26591565, 8.1, 335, 香港重庆大厦
10048862, 8.3, 268, 中国社会的个体化
1843001, 8.5, 221, 给莉莉的信
3024461, 8.4, 238, 摩洛哥田野作业反思
1069915, 9.3, 114, 科学养猪
4246991, 8.5, 210, 疾痛的故事
6756124, 8.5, 203, 危险的边疆
1157293, 8.3, 234, 原始思维
25719659, 9.3, 104, 忧伤的驯鹿国
1060019, 8.4, 210, 古代社会（上下）
1085487, 8.5, 181, 农民的道义经济学
2277034, 8.6, 165, 发须爪
1085541, 8.2, 233, 传统的发明
1924039, 8.0, 284, 最后的天空之后
26369891, 8.7, 150, 猿形毕露
5941341, 8.3, 209, 全球“猎身”
1950984, 7.7, 380, 裸女
3309690, 7.9, 301, 萨摩亚人的成年
1029365, 8.2, 222, 甜蜜的悲哀
3023839, 8.1, 244, 苦痛和疾病的社会根源
1036860, 8.0, 267, 艺术的起源
1433002, 9.1, 105, 寂静的知识
1077717, 8.2, 218, 论集体记忆
1488318, 8.5, 166, 先天，后天
5253349, 8.8, 130, 解离的真实
1452076, 9.1, 104, The Practice of Everyday Life
1016822, 8.5, 161, 美德的起源
4071865, 8.3, 188, 石器时代经济学
1017452, 8.3, 186, 地方性知识
26262128, 8.9, 113, 圣巴托罗缪大屠杀
26721301, 8.7, 131, 反思史学与史学反思
1936600, 8.2, 200, 小历史与大历史
23782049, 8.3, 181, 儿童的世纪
1010570, 7.5, 413, 人类学是什么
6124799, 8.2, 196, 死亡与右手
1439691, 8.4, 163, 古代中国的节庆与歌谣
1060030, 8.5, 149, 草根绝唱
3596784, 8.6, 136, 小地方，大论题
25807475, 8.3, 172, 城市里的陌生人
1000139, 8.1, 205, 苏北人在上海，1850-1980
4220628, 8.1, 205, 皇帝和祖宗
3380406, 8.6, 131, 祖a下
1159180, 7.8, 273, 人类前史
3865990, 8.8, 112, 缅甸高地诸政治体系
4322861, 8.0, 221, 人类学家在田野
1151136, 8.5, 140, 神圣的欢爱
2212118, 8.6, 129, 宅形与文化
25908573, 7.7, 298, 昨日之前的世界
2222424, 7.5, 374, 女人的起源
3528068, 8.2, 179, 文化模式
20453794, 7.4, 411, 人体交易
1414881, 8.4, 148, 尼加拉
6954093, 8.7, 116, 追寻事实
1799718, 8.3, 161, 嫉妒的制陶女
10593781, 8.2, 176, 如何做田野笔记
2567481, 8.6, 124, 看人
26872888, 7.7, 285, 人类砍头小史
20276019, 8.4, 145, 公开
1048587, 8.4, 142, 作为文化批评的人类学
20365139, 8.0, 203, 父亲那场永不止息的战争
1449367, 8.0, 202, 社会如何记忆
1437620, 7.7, 271, 人类死刑大观
1041578, 8.6, 116, 考古人类学随笔
6038174, 9.0, 86, 反景入深林
4737019, 9.2, 75, 在国家与社会之间
1883052, 9.1, 79, 城之理念
1988744, 8.4, 132, 阿赞德人的巫术.神谕和魔法
26235442, 9.4, 65, 在历史中寻找中国
10562768, 8.1, 171, 电影或想象的人
1129198, 8.4, 128, 历史之岛
3758143, 8.0, 180, 礼物、关系学与国家
1137222, 7.9, 195, 人类学通论
1062899, 8.2, 145, 文化人类学理论学派
5408894, 7.5, 290, 你需要多少朋友
26743027, 8.2, 144, 黑麋鹿如是说
2053303, 8.5, 112, 神话学
3316088, 8.1, 156, 英雄祖先与弟兄民族
1866489, 8.2, 141, 欧洲与没有历史的人民
2282133, 8.1, 154, 一种幻想的未来 文明及其不满
3528067, 8.3, 129, 圣杯与剑
3711191, 8.1, 153, 寻羌
1437359, 9.1, 71, 力量的传奇
1434082, 7.6, 248, 神话简史
25899380, 8.8, 86, 桑切斯的孩子们
1887249, 8.9, 80, Homo Sacer
1094811, 7.9, 180, 文化论
1400723, 7.7, 219, 西方人类学思潮十讲
1223793, 8.1, 149, 原始文化
4130905, 8.6, 98, 生育与村落文化
3825685, 8.1, 147, 人类学透镜
2269047, 7.8, 191, 游戏的人
26327402, 8.7, 89, 猿猴家书
1315251, 8.3, 121, 藏族宗教史之实地研究
1054671, 7.4, 291, 中国食物
25980979, 8.2, 130, 生命的寻路人
1382607, 9.3, 59, Logics of History
7564081, 8.8, 81, 人类学
4219161, 8.4, 107, 过渡礼仪
4001341, 9.5, 51, 庄学本全集（全两册）
4013328, 8.5, 98, 人类学家的文化见解
1074668, 8.2, 124, 好吃：食物与文化之谜
26818873, 7.9, 161, 我们都是食人族
1939118, 8.3, 113, 文化与承诺 一项有关代沟问题的研究
1000786, 8.0, 146, 垃圾之歌
2389079, 7.9, 160, 邻里东京
6826610, 7.8, 175, 倾听底层
24754918, 9.1, 63, 麻风
26429188, 7.9, 158, 基因战争
10785930, 8.2, 120, 消散的现代性
3039090, 8.8, 76, 中国古代社会
2062217, 8.6, 87, 神话学：从蜂蜜到烟灰
1738712, 8.0, 141, 我在京都当艺伎
1886055, 7.6, 205, 人类学概论
1044559, 8.4, 99, 社会学与人类学
10518118, 8.4, 99, 远逝的天堂
25908549, 7.6, 203, 无政府主义人类学碎片
2426851, 8.2, 116, 人类学经典导读
1282624, 8.0, 137, 自我的他性
2050594, 8.2, 115, 媒介事件/传播学名著译丛
3864313, 8.8, 73, The Art of Not Being Governed
1951399, 8.6, 84, 神奇故事的历史根源
1979226, 8.0, 136, 巫术的一般理论 献祭的性质与功能
6851644, 8.4, 97, 世界史前史
1429345, 7.7, 170, 他者的眼光
2042046, 8.7, 74, 麦芒上的圣言
20272111, 8.1, 117, 债
1538996, 7.9, 139, 红色皇后
1085542, 8.1, 115, 实践感
3710534, 8.2, 105, 生命的尊严
25751980, 7.5, 200, 他们以为他们是自由的
25815071, 8.8, 67, 理解早期文明
1472999, 7.8, 148, 人类学历史与理论
2135466, 8.1, 113, 被治理者的政治
2894686, 9.2, 52, The Age of Wild Ghosts
3101027, 8.2, 102, 从“异域”到“旧疆”
1400711, 7.7, 155, 社会人类学与中国研究
1816327, 8.5, 79, 云南三村
1035755, 8.8, 64, 故事的歌手
1810022, 8.2, 99, 看听读
3351025, 8.4, 84, 芒市边民的摆
1006798, 8.5, 78, 人这种动物
4909240, 8.3, 90, 风景与认同
1921937, 6.9, 375, 消失的搭车客
1022784, 7.7, 149, 狂欢与日常
1888009, 8.0, 110, 中国大众宗教
26022684, 8.1, 101, 一本严格意义上的日记
1761663, 8.6, 69, 伊甸园的飞龙
5309759, 8.6, 69, 人类的没落
10454494, 8.5, 74, 比较的幽灵
1925132, 8.4, 79, 人类学的哲学之根
25917406, 8.9, 56, 音乐神童加工厂
1556423, 7.9, 118, 一个中国村庄
5369929, 8.3, 84, 超越文化
5979211, 7.9, 116, 四大门
1543626, 9.2, 46, 金枝精要
3152602, 8.2, 90, 列维－斯特劳斯传（附卷）
4100363, 8.6, 67, 人类和动物的表情
1291439, 8.9, 55, 凉山夷家
1290859, 8.1, 97, 人文类型
3309691, 7.9, 114, 玛格丽特・米德与萨摩亚
3032291, 8.6, 66, 人类学历史本体论
1060126, 7.4, 184, 民俗与迷信
1072292, 8.4, 76, 手
25957452, 8.0, 104, 重返人类演化现场
24529592, 8.3, 81, 论著与生活
1276947, 8.7, 61, 第二天性
5333574, 7.6, 148, 烹饪、菜肴与阶级
4155358, 8.4, 75, 泰利的街角
6966477, 8.2, 87, 伊隆戈人的猎头
1958294, 8.4, 74, 象征之林
1315168, 7.7, 131, 原始分类
1251782, 8.7, 59, 原始宗教理论
2347449, 8.6, 63, 中国新石器时代
20271283, 8.6, 63, 人类沟通的起源
5369928, 7.7, 129, 无声的语言
1024459, 8.7, 58, 家庭史（全三卷）
1058681, 7.4, 169, 中国东南的宗族组织
1829580, 8.1, 89, 西方神话学读本
3597412, 7.9, 105, 人类学的四大传统
1126175, 7.9, 104, “土著”如何思考
2052230, 7.9, 104, 赛博空间的奥德赛
3697471, 8.4, 69, 乡族与国家
1095502, 7.6, 134, 民族与民族主义
1183880, 8.5, 64, 彝人首领
1783797, 8.1, 86, 猞猁的故事
5975975, 7.6, 133, 无边的恐惧
1315169, 7.8, 110, 图腾制度
4013329, 8.3, 73, 文化与社会人类学引论
1276186, 8.6, 59, 大母神-原型分析
4817398, 8.1, 84, 《旧约》中的民俗
4737314, 8.1, 82, 瘟疫与人
1433613, 8.8, 50, 蒙古的人和神
1883092, 8.7, 53, 亚当之家
3016692, 7.8, 104, 制造同意
20385476, 9.0, 44, 实验室里的诗人
1071226, 7.7, 113, 人类学
1973331, 8.5, 60, 心灵考古
2078243, 8.5, 60, 神话学：裸人
1661167, 8.0, 86, 民间信仰与社会空间
3622234, 8.7, 52, 追寻人类的过去
1048899, 8.3, 68, 无父无夫的国度
1064738, 7.6, 121, 神秘的舞蹈
5976617, 7.1, 203, 裸男
5341308, 8.7, 51, 地方性知识
4842449, 7.6, 119, 灵验・磕头・传说
1265821, 7.7, 108, 变迁之神
1424993, 8.6, 54, 中国文明的开始
1491148, 7.8, 98, 安达曼岛人
1287091, 8.3, 66, 文化与实践理性
3284704, 8.4, 61, 作为表演的口头艺术
3088531, 8.1, 76, 论人的天性
1118592, 7.5, 127, 文化地理学
10541078, 8.0, 81, 二十世纪的四种神话理论
4272352, 8.0, 80, 宗教的起源与发展
3093316, 7.5, 123, 帝国的隐喻
3866434, 8.1, 73, 社会调查自白
1370597, 9.1, 38, Outline of a Theory of Practice
1552061, 8.6, 51, 人类的视野
1014808, 7.5, 121, 银翅
5354060, 8.1, 72, 娘家与婆家
2081910, 8.3, 62, 羌戎考察记
10785920, 7.5, 119, 虚构的犹太民族
4207182, 7.4, 131, 小玩意
3024752, 8.8, 44, 活着的女神
1468474, 9.0, 39, The Hidden Dimension
26293798, 7.8, 89, 档案中的虚构
1087531, 7.7, 97, 文化人类学
1223794, 8.3, 60, 民俗解析
6773572, 8.7, 46, 人类学讲义稿
21330893, 8.2, 64, 人类六万年
2078643, 7.6, 104, 社会记忆
26642261, 9.0, 38, 回忆空间
6067647, 8.4, 55, 小村故事
2315899, 8.1, 68, 人类的起源
2068823, 8.2, 63, 人类学讲演集
2309832, 8.2, 63, 戏剧、场景及隐喻
1011525, 8.1, 67, 未开的脸与文明的脸
2078242, 8.1, 67, 遥远的目光
2089976, 8.1, 67, 宗族・种姓・俱乐部
1799707, 8.0, 72, 种族与历史・种族与文化
1803195, 7.6, 100, 技术与性别
1678219, 9.0, 37, 夏娃的七个女儿
1790231, 8.1, 66, 巫术科学宗教与神话
1153482, 7.9, 77, 玻璃的世界
26271595, 7.6, 98, 大象的退却
2909294, 9.3, 31, Sidewalk
1074084, 8.0, 69, 人类婚姻史
6963323, 7.6, 96, “自我”中国
1894013, 8.2, 59, 人的现象
1946295, 8.8, 40, 忆往昔
3128998, 8.5, 48, 森林人
25881177, 8.6, 45, 技术世界中的民间文化
1095656, 8.4, 51, 二十世纪中国民俗学经典
1310152, 7.6, 94, 建成环境的意义
6010891, 8.1, 62, 小村故事
1423223, 8.3, 53, 伊朗琐罗亚斯德教村落
1882376, 7.8, 77, 中国乡村生活
1765207, 7.9, 70, 都市里的农家女
3866416, 8.3, 52, 文化的生与死
1888474, 7.3, 118, 心与物游
1087735, 7.9, 69, 义序的宗族研究
1473276, 8.1, 59, 古代神话与民族
3792191, 8.3, 51, 互动仪式链
26321190, 8.3, 51, 黎明之前
1429609, 7.6, 87, 电视与乡村社会变迁
1059398, 7.7, 79, 中国人类学逸史
1333526, 8.7, 39, 天真的人W家之重返多瓦悠m
1832380, 8.0, 62, 另类的现代性
1791776, 7.5, 93, 没有后门的教室
1310145, 8.0, 61, 斯瓦特巴坦人的政治过程
5365206, 8.3, 49, 桥村有道
1278724, 7.5, 91, 人类学与现代生活
4071845, 7.9, 65, 帕斯卡尔式的沉思
24868380, 7.9, 64, 高家村
26694225, 8.3, 48, 神话与意义
1045262, 7.8, 69, 飘泊中的永恒
23008778, 7.6, 81, 文明人类的八大罪孽
1400210, 7.5, 88, 社会人类学方法
1084505, 7.7, 74, 宗教人类学导论
4766972, 7.9, 63, 他者的历史
10566933, 8.6, 39, 庄学本相册
3059288, 8.1, 54, 人类学、发展与后现代挑战
6023531, 9.0, 31, The Religious Question in Modern China
3176164, 7.8, 67, 1956，潘光旦调查行脚
1190747, 7.3, 103, 西方人类学名著提要
3389457, 7.3, 102, 单身者舞会
1939943, 7.9, 61, 双重束缚
6791727, 9.0, 30, e睡
3648581, 6.7, 193, 饕餮之欲
1781075, 8.3, 45, 村落中的“国家”
1492013, 8.2, 48, 泸沽湖纪事
1584495, 8.8, 33, 民俗文化与民俗生活
11171156, 7.6, 75, 空间 文化 表演
3121178, 7.7, 69, 技术时代的人类心灵
1315245, 7.5, 81, 《仪礼》与《礼记》之社会学的研究
1227044, 6.8, 165, 野蛮人的性生活
3993715, 8.0, 54, 自由与文明
4820893, 8.4, 41, 疾病与治疗
24888091, 8.1, 50, 文明与野蛮
20381440, 7.6, 73, 动情的观察者
26433345, 7.8, 62, 现代生活的古代资源
1442638, 7.7, 66, 社会文化人类学的关键概念
4103223, 7.5, 78, 苦涩的结合
26842369, 8.9, 30, 像我们一样疯狂
2152246, 7.9, 56, 原始社会的犯罪与习俗
4915493, 8.2, 45, Coming to Terms with the Nation
1672226, 7.6, 70, 独乡电视
2027600, 8.5, 37, The Social Life of Things
2300859, 7.4, 83, 西方作为他者
1678978, 8.8, 31, 高唐神女与维纳斯
2212372, 8.0, 51, 经验与心态
2252536, 8.0, 51, Desiring China
1274840, 7.8, 59, 村落视野中的文化与权力
19941464, 7.7, 63, 改变人类学
20276061, 7.9, 54, 男性特质论
3178488, 7.6, 68, 面具之道
1448877, 7.1, 107, 人类学的四个讲座
5355511, 7.3, 88, 人生史与人类学
1833818, 8.4, 38, 原始人的法
1660975, 7.9, 53, 田野中的族群关系与民族认同
1194381, 7.8, 57, 原始社会的结构与功能
5350988, 8.0, 49, 我们从未现代过
2071436, 7.5, 72, 隐藏的祖先
1439647, 6.9, 129, 与巫为邻
1946207, 7.4, 78, “贼”“民”之间
5254883, 8.5, 35, 民间传承论与乡土生活研究法
1546373, 8.6, 33, 文化与交流
1851091, 9.4, 22, Time and the Other
1059555, 8.9, 28, 教育人类学
1005301, 8.7, 31, 实用人类学
26834220, 8.7, 31, 人类的演化
2127764, 7.7, 60, 自我中心性与神秘主义
24866268, 7.5, 70, 小冰河时代
25857941, 7.9, 51, 病毒来袭
2389081, 7.4, 76, 兄弟并不平等
20271383, 9.0, 26, 文化人类学
1340991, 8.2, 41, Black Skin
4111115, 8.5, 34, 灵长类的社会进化
1126530, 7.7, 58, 物理与人理
26581121, 8.3, 38, 天生的烦恼：基因、种族与人类历史
1521553, 7.2, 89, 扶箕迷信的研究
1087779, 7.6, 62, 面孔
2115301, 7.5, 67, 民族志
1318152, 8.5, 33, 类人猿和寿司大师
1420251, 8.5, 33, 中国西南古纳西王国
6434994, 8.6, 31, The Gender of Memory
3653550, 8.3, 37, 宴飨的故事
2299198, 7.8, 52, 骑马民族国家
26651780, 7.8, 52, 仪式、政治与权力
3041482, 7.9, 48, 纳文
1952505, 7.8, 51, 木材之流动
1538521, 7.7, 55, 死亡、战争与献祭
1044044, 8.4, 34, 今昔纵横谈--克劳德.列维-施特劳斯传
2969760, 8.4, 34, A序人I：卡斯特w系及其衍生F象
1895153, 8.1, 41, 头目哈古
1263673, 8.3, 36, 原始艺术(插图珍藏本)
3803859, 8.8, 27, 官府、宗族与天主教
3195054, 8.2, 38, Just One Child
1129046, 7.8, 50, 两性社会学
26376340, 7.5, 63, 金拱向东
4207185, 7.6, 58, 全球药物
4119499, 8.7, 28, 驱逐捣蛋者
1743389, 8.1, 40, 阅读过去
4241893, 8.4, 33, 人类学的询问与记录
3006535, 7.8, 49, 美国人与中国人
1141769, 7.3, 73, 走在乡土上
2378047, 8.2, 37, 文化的起源
1420605, 7.4, 66, 人类学定位
5365207, 7.6, 56, 夏村社会
1456008, 8.8, 26, Writing Culture
2204030, 8.8, 26, 物与物质文化
6847831, 8.8, 26, l土香港
6101379, 8.1, 39, 儿童的发现
1067118, 8.3, 34, 乡土社会的秩序、公正与权威
21351876, 8.5, 30, 吾思鱼所思
3176243, 7.2, 76, 人类学与社会学五讲
2212715, 7.1, 83, 爱经
1327400, 8.8, 25, 内在革命
26718553, 8.8, 25, 追随直觉之路
1070610, 8.2, 35, 逝去的繁荣
1722556, 8.2, 35, 什么是人类常识
2247720, 8.2, 35, Non-Places
25854087, 8.2, 35, 路上^察W入T
6984813, 7.6, 53, 月的另一面
4230645, 7.9, 42, 医学、理性与经验
1038528, 7.8, 45, 替罪羊
2189629, 7.8, 45, 三个原始部落的性别与气质
2246521, 7.8, 45, 从骑士精神到恐怖主义
2078241, 7.6, 52, 神话学：餐桌礼仪的起源
25662941, 7.6, 52, 中国网络政治的历史考察
1871308, 7.4, 61, 吃
3100419, 7.7, 48, 中国民族的形成
1428975, 8.6, 27, 费孝通文集（全十六卷）
2098803, 8.2, 34, 费孝通论文化与文化自觉
5347402, 9.1, 21, Developmental Fairy Tales
1142257, 7.9, 41, 伊特鲁里亚人
19965201, 7.7, 47, 宗教简史
3930300, 8.0, 38, 李济传
1066808, 7.4, 59, 中华民族多元一体格局
4924885, 7.6, 50, 人类身体史和现代性
3364848, 7.8, 43, 20世纪西方人类学主要著作指南
3636014, 7.9, 40, 移民、户籍与宗族
25059884, 8.4, 29, 烛幽之光
26353386, 8.4, 29, 通过仪式抵抗
3242128, 7.2, 68, 历史人类学导论
5333598, 7.1, 74, 飞蛇与龙
1374252, 9.1, 20, 神话何为
24845154, 7.3, 61, 潘多拉的种子
19958692, 7.4, 56, 超越&#34;新战国&#34;
6957869, 8.6, 25, 北江盆地
3248754, 8.1, 33, 旅游者
6723200, 8.1, 33, 遭遇发展
25904154, 6.6, 118, 华夏上古神系
1604652, 7.7, 43, 仪式与社会变迁
2291156, 8.3, 29, 人类学仪式的理论与实践
4016868, 7.1, 69, 洪水、饥馑与帝王
3637174, 7.2, 63, 偷窃历史
4146666, 7.5, 49, 论社会人类学
1348899, 8.7, 23, Social and Cultural Anthropology
6727736, 7.6, 45, Deep China
10617887, 7.6, 45, 在中国做田野调查
20501152, 8.6, 24, 莫斯传
4265061, 8.3, 28, 民国川边游踪之《西康札记》
1070236, 8.5, 25, 宗教与神话
3754005, 7.1, 66, 游客凝视
1926686, 7.5, 47, 列维-斯特劳斯
2117916, 8.1, 31, 比较神话学
1440036, 8.4, 26, 吐火罗人起源研究
6722184, 7.9, 35, 发展的受害者
10726380, 8.7, 22, 雪山之书
1017357, 7.2, 59, 神圣的饥饿：作为文化系统的食人俗
4831879, 8.3, 27, 音乐人类学
1156840, 8.0, 32, 论人类学与文化自觉
1962674, 7.3, 53, 想象的异邦
26269947, 8.1, 30, 族群与边界
23780223, 7.9, 34, 贫与富
6256438, 7.5, 45, 口述史读本
1266285, 6.8, 83, 民族学通论
3529590, 7.8, 36, 文化研究
6133557, 8.0, 31, 猎鹿与社会结构的进化
25856263, 8.7, 21, 人类学理论史
1813873, 8.8, 20, 中国的多元文化与中国人的认同
1219105, 7.4, 47, 黑色上帝
2057075, 7.5, 43, 礼物之谜
3026521, 6.5, 110, 中国古代的食人
20514308, 7.9, 32, 什么是人类学
10526725, 9.1, 17, 水俣病
1181227, 7.6, 39, 民族社会学
4703675, 7.2, 53, 中国古代巫术
3996219, 7.7, 36, 人类学与旅游时代
1159564, 8.7, 20, 穿越帕米尔高原
26718143, 8.7, 20, 古代中国的动物与灵异
1273925, 8.6, 21, 族谱
2374766, 7.4, 44, 巫术的兴衰
1264267, 8.0, 29, 中国妇女与农村发展
5921589, 8.3, 24, 文化、技术与社会中的身体
1843274, 7.9, 30, 哲学人类学
25932128, 7.7, 34, 巴黎地F上的人W家
1046480, 9.1, 16, 20世纪西方宗教人类学文选（两册）
4182334, 7.6, 36, 客厅即工厂
4837370, 7.3, 45, 阉割与狂狷
1458657, 8.5, 21, The Mismeasure of Man
2452324, 8.7, 19, Siam Mapped
2230305, 8.1, 26, 中国北方民族萨满出神现象研究
3930419, 7.8, 31, “习以为常”之蔽
2111786, 7.3, 44, 回应革命与改革
4317992, 7.6, 35, 中国人的宗教信仰
26315314, 7.6, 35, 作为自我的稻米
4875348, 7.3, 43, In Search of Paradise
4164532, 7.8, 30, 近代早期西欧的巫术与巫术迫害
2910218, 8.4, 21, Muslim Chinese
5501115, 8.4, 21, Cosmologies of Credit
2820361, 8.6, 19, Art and Agency
1316833, 8.2, 23, 养猪秘诀
26367330, 8.8, 17, 破译史前人类的技术与行为
7163222, 7.8, 29, 简明文化人类学
10757622, 7.3, 41, 夷夏先后说
3930417, 7.5, 35, 信徒与公民
2991132, 8.0, 25, 东道主与游客
10618037, 7.4, 37, 丁戊奇荒
2268368, 8.4, 20, U子、h人c羌族
3809849, 8.5, 19, 费孝通全集（全二十册）
6539276, 7.8, 28, 权力及其伪装
1089625, 8.3, 21, 西南访古卅五年
1820990, 8.3, 21, 五华楼
1076041, 8.2, 22, 中国民间故事类型
2023281, 7.9, 26, 生殖崇拜文化论
4087045, 8.7, 17, 北方通古斯的社会组织
3660743, 8.1, 23, 禁忌的功能
21786372, 7.6, 31, Anxious Wealth
3788644, 8.0, 24, w物入微
2969759, 8.4, 19, A序人II-卡斯特w系及其衍生F象
10486864, 8.4, 19, 猴、猿、人
1214876, 8.2, 21, 神话求原
24883067, 7.5, 32, 礼物
3217041, 7.7, 28, Women and the Family in Rural Taiwan
4898563, 7.1, 43, 论技术、技艺与文明
3352600, 7.4, 34, 中间圈
2913349, 8.0, 23, Miraculous Response
3530469, 8.0, 23, 国家的真正财富
4862414, 7.3, 36, 人类学与当今人类问题
1223159, 7.1, 42, 去远方：一个人类学家的朝圣之旅
26110803, 7.1, 42, 身体与笔
1437138, 7.6, 29, 神话学
1799172, 7.9, 24, 初民社会
4182333, 7.9, 24, 校长办公室的那个人
26281876, 7.9, 24, 日常生活实践・2
6104716, 7.7, 27, 事物的起源
1747767, 8.3, 19, 客家传统社会(上下编)(附光盘1张)
3006760, 7.8, 25, 原始人的心智
3273135, 8.4, 18, Ways of Being Ethnic in Southwest China
3930418, 8.4, 18, 社群、组织与大众民主
1049015, 7.0, 44, 寻找神秘的萨满世界
26617109, 7.7, 26, 文化的进化
2235839, 6.5, 69, 视觉人类学
25750072, 7.9, 23, 马林诺夫斯基
26890250, 7.1, 39, 北冥有鱼
1332133, 7.8, 24, 鬼魅神魔
6879022, 7.5, 29, 我们是谁
1614547, 8.1, 20, 文学与仪式：文学人类学的一个文化视野
25663379, 8.1, 20, 人类学与古典学
26221102, 8.1, 20, 文化人类学
2377070, 7.7, 25, 变异的思想
25949556, 7.7, 25, 狂欢史
1999898, 7.9, 22, 中国的宗族与戏剧
4604315, 7.9, 22, 返回爱与自由的生活世界
3793238, 7.8, 23, 死的困扰与生的执著
10581463, 7.8, 23, 类人猿、赛博格和女人
26412683, 7.8, 23, 征程
26136156, 7.7, 24, 数码人类学
26391253, 7.3, 31, 运动通史
3031837, 8.3, 17, 寻找文化身份
25840294, 7.8, 22, 礼物的回归
1040665, 7.5, 26, 殖民者的世界模式
2004339, 7.6, 24, 王权与神o
2442126, 8.1, 18, Qigong Fever
5423818, 7.9, 20, Constructing China&#39;s Jerusalem
1219953, 7.3, 29, 实验室生活
1968606, 7.3, 29, 仪式思维
6401131, 7.8, 21, 语言人
25877987, 7.5, 25, On the Run
1339146, 8.3, 16, 科技渴望性e
1017619, 7.7, 22, 猎民生活日记
3022821, 7.3, 28, 中国祭祀戏剧研究
4213571, 7.3, 28, 微“盐”大义
10577790, 7.9, 19, 人群.聚落.地域社会
26642322, 8.1, 17, 地球的主人
4246950, 6.8, 40, 看不见的性别
25977981, 7.4, 25, 中国社会中的宗教与仪式
3112428, 6.9, 36, 事物的起源
25724432, 6.9, 36, 农民社会与文化
1038434, 7.0, 33, 中国北方村落的社会性别与权力
1970036, 7.2, 28, 空间、自我与社会
26795050, 7.3, 26, 汉藏之间的康定土司
26593896, 7.9, 18, 道德的起源
4723811, 7.8, 19, 艺术的进化
1135054, 7.7, 20, 米德尔敦
7063022, 7.6, 21, 人类认知的文化起源
1351824, 7.0, 31, 论个体主义
4213555, 6.9, 33, 历史与神圣性
1955318, 7.8, 18, 流动的精神社区
26397643, 7.9, 17, DK人类进化圣典
1438814, 6.4, 50, 玉米与资本主义
26838264, 8.1, 15, 在古老的土地上
1077215, 7.3, 23, 印第安人的诵歌
2912517, 8.2, 14, Vita
25903580, 7.7, 18, Euphoria
1217390, 7.5, 20, “裂缝间的桥”
5280685, 7.5, 20, 文学人类学教程
24899303, 7.9, 16, 罗芒狂欢节
1125403, 7.2, 24, 文化认同与全球性过程
4213587, 7.2, 24, 最后的绅士
26394191, 7.0, 27, 超社会体系
5405328, 8.1, 14, 泰国华人社会
10758004, 7.6, 18, 民族志方法要义
1006634, 7.2, 23, 人类学的趋势
1049590, 7.4, 20, 虚构与想像
25663394, 7.4, 20, 论人类学与古典学的关系
4043879, 7.9, 15, 人类学社会学研究文集
6843836, 7.9, 15, The Paper Road
11605837, 7.9, 15, 苏亚人为什么歌唱
1092855, 7.5, 18, 1907年中国纪行
2282496, 7.4, 19, 中国巫术
26293616, 7.4, 19, 何处解急
4713612, 7.3, 20, 人类学诗学
2893874, 7.8, 15, Science in Action
2900765, 7.8, 15, Nisa
25836978, 7.1, 22, 日常激情
3030795, 7.5, 17, 近代中国人的宗教信仰
3525997, 7.5, 17, 人类史
26394220, 7.5, 17, 酷读中国社会
2259435, 8.2, 12, Genealogies of Religion
3661889, 7.4, 18, Privatizing China
5348749, 7.6, 16, 从马林诺斯基到费孝通
26660855, 7.6, 16, U品生活
1811062, 7.3, 19, 信仰、仪式与乡土社会
2092498, 7.7, 15, 凉山彝家的巨变
26902807, 6.8, 26, 绿色黄金
3709768, 7.8, 14, 变革社会中的人生与学术
26254770, 7.8, 14, 人类的天性
26800340, 7.9, 13, 神风特攻队、樱花与民族主义
4480003, 6.8, 25, Red Lights
3918846, 7.2, 19, 村庄里的闲话
6974828, 7.2, 19, Sex at Dawn
20326171, 7.1, 20, 泰国北部的云南人
26320479, 6.5, 31, 成辄SN人
4588363, 7.7, 14, Liquidated
3064917, 7.0, 21, 流行病与文化
2332700, 8.2, 11, Formations of the Secular
3109429, 7.3, 17, 绍兴堕民
25663422, 7.3, 17, 论祈祷
25663426, 7.3, 17, 大象与民族学家
6849312, 7.8, 13, 龙骨山
6889213, 7.8, 13, 日常叙事的体裁研究
1149615, 7.4, 16, 彝人的信仰世界:凉山彝族宗教生活田野报告
4861841, 7.2, 18, 民族、文明与新世界
25900285, 7.0, 20, 制度如何思考
1795904, 7.6, 14, Everything Was Forever
25711639, 7.6, 14, 媒体世界
25970314, 7.6, 14, 信号与噪音
1458536, 8.1, 11, Witchcraft
2385286, 8.1, 11, Death Without Weeping
2988449, 6.9, 21, 魔鬼的律师
2899912, 7.7, 13, Neoliberalism as Exception
3782468, 7.7, 13, 乌鸦印第安人
25831732, 7.7, 13, 灵长目与哲学家
25834904, 7.2, 17, 田野里的大师
25663404, 7.3, 16, 火起源的神话
26283018, 7.3, 16, 民族志纪录片创作
20428385, 6.8, 22, 再造的祖先
2203784, 7.4, 15, 人类学家三部曲:故乡.田野.火车
3140364, 7.4, 15, 中国民间信仰
4110521, 7.0, 19, The Good Communist
26423418, 7.0, 19, “恶所”民俗志
5341155, 7.5, 14, 人类的学习
26668588, 8.0, 11, 人类学概论（第二版）
24713785, 7.8, 12, 华人与中国
25984006, 7.8, 12, Love&#39;s Uncertainty
1952769, 8.2, 10, 李济文集
2032573, 8.2, 10, Steps to an Ecology of Mind
1596841, 7.3, 15, 现代背景下的族群建构
1926240, 7.9, 11, 族群归属的自我认同与社会定义
26730206, 7.9, 11, 中国乡约制度
1825868, 7.4, 14, Cultural Encounters on China&#39;s Ethnic Frontiers
4101170, 7.4, 14, 社会性别的平等模式
25900386, 7.4, 14, 世界文明史
26036245, 7.4, 14, 上海拉拉
4924406, 7.7, 12, 文化交流
11604278, 7.5, 13, Ten Thousand Things
25921659, 7.5, 13, 人性之窗
25756188, 7.2, 15, 饮食人类学
26640007, 7.2, 15, 重庆“棒棒”
25723738, 7.8, 11, Van Gogh on Demand
25828758, 7.8, 11, 嫉妒的制陶女
10546879, 7.3, 14, 文化公民身份
26309054, 7.3, 14, 记忆的伦理
4078677, 8.0, 10, 中国古代旅行之研究
25939224, 7.4, 13, 孙村的路
2242570, 7.7, 11, 世界各民族神话大观
6861218, 7.7, 11, 田野工作的艺术
6732262, 6.9, 17, 白堠乡的故事
2910867, 7.9, 10, The Historic Turn in the Human Sciences
4319519, 7.5, 12, 苗族调查报告
6985285, 7.5, 12, The Social Conquest of Earth
10945286, 7.5, 12, 中国北方边疆地区的史前社会
24920343, 7.5, 12, 帝俄时代生活史
1009431, 7.2, 14, 数术探秘
25700883, 6.7, 19, 茶叶的流动
1074711, 7.3, 13, 东北亚的萨满教：韩中日俄蒙萨满教比较研究
4111851, 7.6, 11, 艺术人类学
2899630, 7.8, 10, The Body Multiple
6061475, 7.8, 10, 田野的技
26606369, 7.8, 10, 自然的政治
25870896, 7.0, 15, 神话、仪式与口述
10559482, 7.4, 12, 美国的社会与个人
26721360, 7.4, 12, 他邦的文明
26794985, 7.4, 12, 怒放的地丁花
3053299, 7.1, 14, 文明的生态史观
25348924, 7.1, 14, 古代世界的巫术
3023777, 7.2, 13, Between Mecca and Beijing
3555439, 7.2, 13, Creating the Zhuang
2282836, 7.5, 11, The Predicament of Culture
5388227, 7.5, 11, 荒野中的认知
21329308, 7.5, 11, 兴隆场
26595330, 7.5, 11, 芭啡祟W
1468832, 7.7, 10, Devil and Commodity Fetishism in South America
25853528, 7.7, 10, 地球人
3567620, 7.3, 12, 世界各国的族群
3817843, 7.3, 12, 斯科特与中国乡村
4737320, 7.3, 12, 从部落到帝国
26262047, 7.3, 12, 生命本身的政治
26707804, 6.9, 15, 过日子：农民的生活伦理
6401116, 7.1, 13, 从神话到小说
10546100, 7.1, 13, 巫与祭司
25960935, 7.1, 13, 性与宗教
3904377, 7.4, 11, 神秘的萨满世界-中国原始文化根基
4215016, 7.6, 10, 从人类学看香港社会
3636951, 7.5, 10, rg、v史c
20486996, 7.5, 10, Fighting for Breath
25739494, 7.5, 10, Taming Tibet
26333426, 7.5, 10, 民俗学中的死亡文化
3174563, 7.3, 11, 生命与言辞
1226984, 7.1, 12, 中国的民族识别
26671584, 7.4, 10, 文化复合性
3170749, 7.2, 11, 族群性与民族主义
3663227, 7.2, 11, 水德配天
24845302, 7.2, 11, 血汗和麻将
2325250, 7.0, 12, 环境决定论与文化理论
25821834, 7.0, 12, 监狱亚文化
26076095, 7.3, 10, 狮龙共舞
26808871, 6.8, 13, 羡慕嫉妒恨
25759847, 6.9, 12, 饮水思源
1929413, 7.2, 10, 世界，是我的田野
10797689, 7.1, 10, 迁徙、家乡与认同
26281360, 7.1, 10, 都市中国的乡土音声
26220186, 6.4, 15, 大龄未婚男性的性福利与性安全
26861415, 6.3, 16, 粥的历史
4843182, 4.9, 18, 物质文化与大众消费
