2017-01-23 16:17:59
Tag: 伦理学
The number of books: 337 

ID, rating, votes, title
5408882, 9.1, 3995, 公正
1116367, 8.7, 2024, 道德情操论
1051943, 9.1, 1236, 尼各马可伦理学
1028268, 8.8, 1729, 正义论
1223897, 9.1, 564, 实践理性批判
1274953, 8.7, 825, 伦理学
2061863, 8.6, 728, 自私的德性
3072490, 8.5, 801, 功利主义
1315172, 9.1, 385, 道德形而上学原理
1784921, 8.9, 390, 论道德的谱系
3222065, 8.6, 487, 伦理学与生活
1039771, 8.9, 358, 法哲学原理
1083309, 8.9, 341, 论可能生活
1002562, 8.7, 388, 论道德的谱系 善恶之彼岸
26363926, 8.6, 410, 何为良好生活
20366367, 7.8, 988, 金钱不能买什么
3237711, 8.7, 318, 自由的伦理
2567964, 8.6, 334, 道德的重量
10434858, 8.6, 312, 我们为什么离正义越来越远
1030171, 8.3, 373, 中国人的道德前景
1427824, 8.7, 249, 无政府、国家与乌托邦
25867785, 8.7, 245, 正义之心
25923695, 8.0, 438, 电车难题
1183231, 8.5, 250, 动物解放
3199212, 8.6, 204, 伦理学导论
3215710, 7.9, 343, 伦理学的邀请
24699866, 7.5, 531, 反对完美
1427471, 8.3, 217, 道德与立法原理导论
1116342, 9.0, 121, 斯宾诺莎书信集
1010750, 8.7, 152, 伦理学的两个基本问题
26264205, 9.5, 84, 道德的谱系
1135056, 8.4, 186, 道德原则研究
3412260, 8.5, 170, 道德的理由
1252661, 8.9, 123, 追寻美德
2284288, 8.7, 141, 善的脆弱性
4857077, 8.4, 180, 医学伦理
1442127, 8.3, 196, 法律的道德性
1052860, 9.0, 111, 正义的两面
1016822, 8.5, 161, 美德的起源
1138232, 8.9, 116, 敬畏生命
1055661, 8.7, 128, 美德书
7163150, 8.5, 144, 本真性的伦理
1254363, 8.7, 114, 斯宾诺莎的实践哲学
25794646, 8.4, 134, 你的权利从哪里来？
1085582, 8.0, 179, 自由主义与正义的局限
3140638, 8.6, 107, 何怀宏品读《沉思录》
1253309, 8.1, 159, 伦理学简史
3067304, 8.1, 154, 投影
1252367, 8.2, 137, 没有世界观的世界
5394483, 8.5, 107, 货币生产的伦理
1068227, 8.1, 140, 人的问题
1116369, 8.4, 108, 伦理学与经济学
3614521, 7.8, 183, 我们时代的伦理学
1272898, 8.7, 83, 自我的根源
26299530, 8.0, 132, 善恶之源
2030524, 9.3, 49, On the Genealogy of Morality
1039412, 7.3, 242, 伦理学是什么
1870236, 8.7, 68, 职业伦理与公民道德
2059987, 8.6, 72, 自我、他人与道德
5291061, 8.1, 99, 为什么做个好人很难？
2264195, 8.6, 65, 地球也是它们的!
6873431, 8.8, 56, 知性乃道德职责
10830567, 7.5, 155, 图利的猫
3069644, 9.0, 48, 康德的道德哲学
20375518, 8.3, 75, 模糊性的道德
25698186, 8.9, 49, 真理与真诚
2117001, 8.7, 55, 海德格尔与伦理学问题
4327996, 9.2, 40, H鄣模e把上帝s小了
1281180, 7.3, 165, 《耶路撒冷的艾希曼》:伦理的现代困境
1368067, 8.5, 59, 公平的正义
3431936, 8.4, 63, 论边沁与柯勒律治
5269156, 8.7, 51, 道德・上帝与人
4239057, 8.4, 62, 论道德原理・论人类理智
26384976, 9.0, 42, 慷慨的正义
25793582, 8.7, 49, 羞耻与必然性
3072489, 8.7, 48, 文化哲学
1258700, 8.6, 50, 生命与逻各斯
2036485, 8.9, 41, 康德著作全集（第6卷）
1080372, 8.3, 60, 道德的人与不道德的社会
2068750, 8.3, 60, 伦理学
2129379, 8.5, 52, 道德运气
3212409, 8.5, 52, 正义与非正义战争
7153506, 8.7, 45, 超越功利主义
4175388, 7.5, 109, 诗性正义
10529340, 8.9, 39, 理解功利主义
1027500, 8.4, 53, 价值的颠覆
1315262, 8.4, 53, 自由主义、社群与文化
5068098, 8.9, 38, 本然的观点
1448955, 8.3, 55, 实践伦理学
20492338, 8.5, 48, 底线
1288386, 8.7, 42, 理与人
22273147, 9.3, 30, 道德形而上学
1247750, 8.9, 37, 哈佛演讲录
4257987, 8.9, 37, 自然正义
2367706, 7.7, 83, 动物权利
1066184, 8.8, 38, 伦理学中的形式主义与质料的价值伦理学（上下）
2219881, 8.8, 38, 论人的使命 神与人的生存辩证法
1315195, 8.0, 64, 恶的象征
25816571, 7.6, 88, 回应桑德尔及其他
1955325, 8.3, 50, 休谟散文集
1947372, 9.4, 26, Ethics and the Limits of Philosophy
5380671, 8.8, 35, 进化论与伦理学
20387664, 9.2, 27, 康德《道德形而上学奠基》句读
3206314, 8.3, 44, 理解自由意志
1870224, 8.2, 47, 道德教育
6139561, 8.1, 49, 亚里士多德伦理学
1512353, 7.8, 61, 善的研究
2978197, 7.6, 68, 经过省察的人生
1871459, 8.5, 36, 政治的道德基础
1980602, 8.4, 38, 自由意志与道德责任
1315244, 7.5, 72, 伦理学原理
1064386, 7.3, 86, 恶为什么这么吸引我们？
1197909, 8.7, 31, 道德语言
2127764, 7.7, 60, 自我中心性与神秘主义
6901615, 8.9, 27, 论道德与文学
5311703, 8.0, 46, 有道德的利己
25373001, 7.9, 49, 演化、设计、心灵和道德
1041592, 8.0, 45, 至上的美德
1291029, 8.2, 39, 后现代伦理学
1950852, 8.2, 39, 市场经济与道德基础
3093623, 8.9, 26, 意向
1313087, 7.7, 55, 101个道德难题
1006531, 8.1, 41, 作为公平的正义
26177185, 8.8, 27, 政治哲学
4289755, 7.9, 46, 规范性的来源
1074312, 8.4, 33, 人之常情
1734368, 7.8, 49, 伦理学入门
6519946, 8.5, 31, 理21
6815949, 8.2, 37, 维特根斯坦论伦理学与哲学
10529774, 8.8, 26, 社会世界的意义构成
1430513, 8.3, 34, 道德自我之建立
2348699, 8.3, 34, 伦理学关键词
1002246, 7.9, 43, 伦理学导论
5377610, 7.9, 43, 分配正义简史
2122414, 8.2, 35, 道德的基础
1427553, 7.9, 42, 中国伦理学史
4857101, 8.9, 23, 道德的理想主义
1491568, 7.9, 41, 事实与价值二分法的崩溃
3232529, 9.3, 19, On the Genealogy of Morals
1110632, 8.0, 38, 环境伦理学
1492878, 8.7, 25, 道德哲学与实践理性
20413554, 7.9, 40, 世界主义
25744582, 8.3, 31, 未完成的审判
2113720, 7.6, 49, 佛教伦理学
1493040, 9.1, 20, 情感 秩序 美德
6016237, 8.1, 34, 论老年 论友谊
3314550, 7.5, 51, 伦理学导论
3697500, 7.7, 43, 扶友损敌
1660577, 8.3, 29, 生活在碎片之中
2376134, 8.4, 27, 伦理学
3662235, 8.2, 30, 道德论集
1055888, 7.9, 36, 龙文鞭影
6516185, 7.2, 61, 中国的忧伤
10576196, 8.1, 31, 生命，如何作答
2483734, 9.0, 19, Medical Ethics
1079571, 7.7, 39, 道德与宗教的两个来源
3567615, 8.1, 30, 良心论
2071416, 7.5, 45, 责任的落寞
2346122, 7.5, 44, 二十世纪性史
4251462, 8.3, 26, 当代政治哲学名著导读
3040051, 8.0, 31, 人性的高贵与卑劣
1029032, 7.8, 35, 道德哲学史讲义
1868864, 9.0, 18, 伦理学体系
1131430, 8.6, 21, 博弈论与社会契约（第1卷）
25956745, 8.6, 21, 伦理学
1879310, 8.8, 19, 心智.知识与道德
5350341, 8.5, 22, 博弈论教程
11226137, 7.8, 33, 槭颤N狗是物？i是食物？
1427773, 7.7, 35, 论至善和至恶
1256252, 7.6, 37, 安乐死和医生协助自杀
26341071, 8.6, 20, 中道之国
1998052, 8.4, 22, 伦理学
25728088, 8.8, 18, 依赖性的理性动物
1396732, 7.8, 31, 自由主义、社会契约与政治辩护
1663362, 8.0, 27, 打开牢笼
1828162, 8.0, 27, 人道主义的僭妄
3522358, 8.2, 24, 伦理学与人生
2041734, 7.3, 43, 视读伦理学
4265851, 8.4, 21, 道德和政治论文集
4106150, 8.3, 22, 道德原则与政治义务
2974178, 7.7, 31, 伦理学史纲
25839632, 7.7, 30, 从理学到伦理学
2974578, 8.5, 19, 正义二十讲-大家西学
6984674, 7.5, 34, 荣誉法则
5037316, 8.2, 22, 尼各马可伦理学义疏
5950887, 8.2, 22, 幸福的历史
1315210, 7.7, 29, 道德哲学原理
1035593, 7.5, 33, 后现代道德
1559339, 8.3, 20, 伦理学方法
3605626, 8.3, 20, 从绝对自我到绝对他者
6985005, 8.3, 20, 实践理性与规范
3879737, 8.4, 19, 性别伦理学
26562299, 8.4, 19, 根本恶
1434207, 7.7, 28, 动物权利论争
4831656, 8.6, 17, 意愿与自由
4836948, 8.6, 17, 基督宗教伦理学（上下卷）
6777998, 7.7, 27, 道德情操论
1489459, 7.0, 45, 马基雅维里
2295559, 8.2, 20, 功利主义
4191855, 7.5, 30, 动物权利与人类义务
2970443, 8.0, 22, 中国伦理十二讲
5300084, 8.0, 22, 《实践理性批判》通释
1546940, 8.5, 17, 康德的自由理论
1228189, 7.7, 26, 新伦理学
1288855, 7.8, 24, 中国伦理思想研究
1124055, 8.2, 19, 伦理学
1427823, 8.3, 18, 谁之正义？何种合理性？
3033692, 7.7, 25, 无本体论的伦理学
1049682, 8.4, 17, 小爱大德
2969418, 7.1, 37, 101个人生悖论
3033694, 7.7, 24, 正当与善
1484998, 8.1, 19, The Elements of Moral Philosophy
4811943, 8.1, 19, 恐怖主义研究
5365442, 7.9, 21, 自然法与道德哲学
25717315, 7.9, 21, 理性的权威
1018406, 6.7, 49, 生物伦理学十五讲
3080317, 7.0, 37, 林语堂的半半哲学
4254751, 7.8, 21, 西方道德难题九章
4256749, 7.5, 24, 伦理学纲要
1256442, 6.5, 53, 伦理学原理
2129381, 6.5, 53, 道德的基本概念
6004642, 7.8, 20, 中国伦理学史
26368640, 7.6, 22, 什么是道德？
3261309, 6.6, 46, 道德哲学原理十五讲
26791548, 5.9, 99, 第九区・避难所
26593896, 7.9, 18, 道德的起源
1045876, 7.7, 20, 政治的罪恶
1498754, 7.6, 21, The Sunflower
1448876, 7.8, 18, 伦理思想的突破
6073106, 7.8, 18, 生生大德
22487544, 7.9, 17, 罗尔斯论文全集
24861384, 7.3, 24, 新纲常
4739193, 8.4, 13, Justice for Hedgehogs
3466116, 7.7, 18, 伦理学理论
20375182, 7.7, 18, 自律的发明
11603693, 7.5, 20, 马斯洛说完美人格
1547759, 7.9, 16, 五种伦理学理论
3208360, 8.0, 15, 权利、合作与福利的经济学
6039241, 7.0, 27, 细读《尼各马可伦理学》
4191857, 7.6, 18, 动物权利研究
1149677, 7.3, 21, 西方伦理思想史
26270316, 7.5, 18, 利他主义的可能性
2384500, 8.1, 13, Morality
2380766, 7.2, 21, 西方伦理十二讲
3265173, 7.9, 14, 道德情操论
3813033, 7.9, 14, 西洋伦理学述评 西洋伦理学史
2308655, 7.5, 17, 中国伦理学史
3212577, 7.5, 17, 技术、医学与伦理学
1837508, 7.6, 16, 幸福与优雅
3336781, 8.0, 13, 道德形而上W原理
3409602, 7.7, 15, 媒体与信息伦理学
2278346, 7.2, 20, 美德伦理与道德要求
2175548, 7.8, 14, 现代环境伦理
1890889, 8.3, 11, The Nicomachean Ethics
23009510, 7.2, 19, 德性、修辞与政治哲学
11622736, 7.6, 15, 发现你的道德盲点
1910131, 7.1, 20, 经济伦理学
1934674, 7.7, 14, 生命伦理学基础
1942107, 7.7, 14, 实践中的道德
2247152, 7.7, 14, 道德哲学的问题
7064339, 7.7, 14, 承认的过程
5415359, 7.8, 13, 自主权利的道德界限
1323373, 7.4, 16, 道德发展心理学
3682403, 7.4, 16, 道德的悖论
1051577, 7.2, 18, 天主教经济伦理学
3270350, 7.6, 14, 经济分析、道德哲学与公共政策
4196433, 7.6, 14, 伦理观的故事
1483989, 8.1, 11, Practical Philosophy
1878337, 8.1, 11, Ethics
1275432, 7.9, 12, 论义务
1434205, 7.9, 12, 动物权利导论
25831732, 7.7, 13, 灵长目与哲学家
1399769, 7.3, 16, 中国传统伦理思想史
2248065, 7.3, 16, 医学伦理学十五讲
3638453, 7.3, 16, 德性之镜
5501671, 7.3, 16, 道德问题
2131400, 7.1, 18, 马尔库塞
1663364, 7.4, 15, 动物福利
6523004, 7.8, 12, On What Matters
11636922, 7.8, 12, 简论罪与信的涵义
1444003, 6.8, 21, 人性论
3078563, 7.6, 13, 正义与公民
1055653, 7.9, 11, 伦理学和政治学中的人类社会
26806123, 7.7, 12, 寻求有尊严的生活：正义的能力理论
2160067, 7.5, 13, 21世纪的十诫
3226180, 7.5, 13, 境遇伦理学
3282662, 7.0, 17, Batman and Philosophy
5356227, 7.2, 15, 心的秩序
26845776, 7.8, 11, 陌生的荣耀
26383190, 7.6, 12, 尊严
26309054, 7.3, 14, 记忆的伦理
1927033, 8.0, 10, Ordinary Vices
3300778, 7.4, 13, 我们彼此负有什么义务
4044058, 7.7, 11, 理W
1988395, 7.1, 15, 计算机伦理学
2050503, 7.5, 12, An Introduction to Contemporary Metaethics
5501667, 7.5, 12, 事关己者
26639105, 7.2, 14, 伦理学是什么
6137468, 7.6, 11, 现代西方伦理学史（上、下卷）
26354321, 7.6, 11, 论人权
1397825, 7.7, 10, Being Good
1538559, 7.7, 10, 经济学与伦理学
5354871, 7.7, 10, 道德情操论
25843163, 7.7, 10, 基督教旧约伦理学
4902646, 6.9, 15, 西方伦理思想史
1054787, 5.7, 41, 伦理学
1275159, 7.1, 13, 西方伦理学名著提要
1476911, 7.1, 13, 作为现代化之代价的道德
1619569, 6.0, 29, 三种对立的道德探究观
1443454, 7.4, 11, 后现代语境中伦理文化转向
1721384, 7.4, 11, 亚里士多德选集（伦理学卷）
3300730, 7.6, 10, 回归自我
1444113, 7.2, 12, 对话伦理学与真理的问题
26773299, 6.7, 16, 道德博弈
3059437, 7.5, 10, 宽容之难
25731398, 7.5, 10, 理想主义之后的伦理学
25918509, 7.5, 10, 媒体的良心
1418332, 7.3, 11, 伦理学的问题
2974739, 7.3, 11, 善恶二十讲
4723808, 7.3, 11, 中国伦理学史
25889132, 7.3, 11, 追问膳食：食品哲学与伦理学
1663729, 7.1, 12, 儒家伦理争鸣集
6875706, 7.1, 12, 幸福简史
1258708, 6.6, 16, 性伦理学
2041302, 7.4, 10, 伦理学体系
26107996, 7.4, 10, 布莱克维尔《尼各马可伦理学》指南
4248141, 7.2, 11, 生命伦理学
1443780, 7.1, 11, 道德哲学
25784639, 6.8, 13, 为“三纲”正名
1015303, 7.2, 10, 底线伦理
4016877, 7.0, 11, 论美与德性观念的根源
4815223, 7.0, 11, The Honor Code
3655458, 6.8, 12, 伦理学原理-第三版
1823965, 7.1, 10, 西方元伦理学
1925554, 6.3, 16, 伦理学引论
3149415, 6.7, 12, 中国道德智慧十五讲
11520288, 6.8, 11, 邪恶
