2017-01-23 16:17:59
Tag: 信仰
The number of books: 862 

ID, rating, votes, title
1803022, 9.0, 12738, 圣经
20326626, 8.6, 6424, 少年Pi的奇幻漂流（插图珍藏版）
4922655, 8.4, 7612, 酥油
1311280, 9.0, 2617, 灵魂的事
2066374, 9.1, 1629, 返璞归真
3842847, 8.6, 2707, 深河
1482625, 8.8, 1719, 德兰修女传
1444900, 8.7, 1870, 爱的五种语言
1060531, 8.5, 2398, 忏悔录
1841625, 8.9, 1312, 标竿人生
6510070, 8.3, 2621, 人生不设限
3733083, 8.8, 1285, 你往何处去
3866885, 8.5, 1797, 沉默
2213463, 8.7, 1282, 拯救与逍遥
1254278, 8.7, 1131, 思想录
1945160, 8.4, 1406, 游子吟
3649304, 8.9, 753, 无语问上帝
2568268, 8.9, 737, 四种爱
3034706, 9.2, 494, The Last Lecture
5347700, 7.9, 2168, 我坐在彼德拉河畔，哭泣
3009030, 8.5, 981, 天堂沉默了半小时
1057879, 9.1, 503, 荒漠甘泉(附黑门山路)
1780032, 8.3, 1167, 六世达赖仓央嘉措情歌及秘史
4884858, 9.4, 371, 魔鬼家书
4812799, 9.1, 478, 认识佛教
5954613, 9.0, 525, 谁可以这样爱我
2066445, 8.7, 687, 卿卿如晤
3797322, 8.9, 546, 悲惨世界
24748615, 8.4, 888, 天幕红尘
4007145, 8.5, 790, 我有平安如江河
1000353, 8.6, 683, 纳尼亚王国传奇（全7册）
4898535, 8.4, 841, 来一点信仰
11528305, 8.2, 1012, 朝圣
4202352, 9.3, 327, 基督教要义
19963287, 9.0, 413, 诸神的面具
1986775, 8.7, 543, 丽质天生
1019308, 8.1, 985, 圣经的故事
1400888, 8.4, 676, 法律与宗教
1021529, 8.9, 392, 重负与神恩
1310155, 8.1, 894, 莱博维茨的赞歌
2066232, 8.8, 420, 痛苦的奥秘
21363236, 8.8, 409, 寻找?苏慧廉
4214003, 9.2, 281, 密室
5946558, 8.3, 671, 莲生与阿玉
26303520, 9.0, 331, 婚姻的意义
1400697, 8.0, 942, 古兰经
6079385, 9.3, 250, 耶稣真貌
25774978, 8.7, 425, 眼泪与圣徒
1754852, 9.5, 211, JR神
1925865, 9.1, 291, 摩西五
3174506, 8.5, 508, 一个自行发完病毒的病例
19963296, 9.3, 240, 一掷千金的上帝
2367799, 8.7, 394, 莲心禅韵
24859742, 8.2, 654, 我奈床徽JR
1020296, 8.7, 385, 恐惧与颤栗
1006005, 8.5, 453, 过犹不及
11442895, 8.5, 443, 永不抵达的列车
4767833, 9.2, 232, 恩典多奇异
3041474, 8.7, 359, 裸颜
2023257, 8.7, 356, 深入非洲三万里
1078516, 7.9, 795, 心灵史
3653125, 9.1, 233, 摄影师的朝圣
1322218, 9.2, 213, 纪伯伦的诗（中英对照）
2024220, 8.2, 537, 从异教徒到基督徒
1283295, 8.2, 506, 平衡的智慧
1959344, 8.9, 255, 兄弟相爱撼山河
2777035, 8.9, 254, 前车可鉴
2377537, 8.3, 445, 活着，为了什么？
3753941, 9.2, 185, 我爱吕西安
3221766, 8.9, 233, 男孩遇女孩
1264155, 9.1, 196, 带着爱来中国
1827054, 9.1, 196, 诺斯替宗教
1938320, 7.7, 808, 美国的本质
1462846, 8.8, 249, 克尔凯戈尔日记选
10796071, 9.0, 208, 里外更新
4260799, 9.2, 176, 灵魂幸存者
4006535, 8.7, 263, 神的杰作
1391672, 9.1, 185, 罗马书释义
4912808, 9.0, 197, 新s
11444012, 8.3, 356, 昼信基督夜信佛
19987166, 8.0, 482, 活着再见
2046136, 7.6, 753, 圣经故事
4134761, 8.9, 193, 跳过墙垣
6527144, 8.8, 207, 狱中书简
24912330, 8.8, 207, 廖智：感谢生命的美意
1822467, 9.4, 127, 竭诚为主
1253713, 8.7, 219, 基督教神学思想史
4841506, 8.5, 260, 忏悔录
1054275, 8.7, 214, 在期待之中
4199629, 7.2, 1171, 棚屋
1082496, 8.7, 209, 黑门山路
2142176, 9.5, 113, 渴慕神
1915479, 8.7, 207, 从岁首到年终
1658437, 9.0, 158, 作门徒的代价
1982432, 9.0, 158, 新铁证待判
1155817, 8.2, 319, 基督教概论
6967540, 9.4, 117, 《加拉太书》注释
1058767, 9.0, 156, 活着就是爱
1979209, 8.6, 217, 上帝之城（上下）
25741377, 9.6, 101, 圣洁
4035941, 8.9, 166, 与马同跑
11629355, 9.1, 141, 简朴生活真谛
6869079, 8.1, 341, 但愿婚前我知道
1007492, 9.0, 152, 在约伯的天平上
1315211, 8.9, 163, 论三位一体
7065568, 8.1, 333, 卢布林的魔术师
1443361, 8.7, 186, 圣经导读（上）
6557779, 8.4, 241, 告别娑婆
1799933, 8.4, 239, 所罗门的智慧
1044502, 8.3, 262, 颤栗与不安
3838032, 9.1, 131, 给孩子们的信
1467127, 8.3, 256, 走向十字架上的真
25908039, 8.6, 193, 少年派的奇幻漂流：一部电影的诞生
3245529, 8.7, 176, 赐我甘露
1261542, 8.3, 249, 基督教会史
20440204, 9.4, 102, 宗教情感
10797680, 8.4, 220, 我是马政委
1085245, 8.1, 290, 天路历程
6977907, 8.7, 167, 至高喜乐的传承
1441533, 8.7, 165, 相爱的秘密
1996620, 8.6, 179, 论宗教大法官的传说
3024819, 9.4, 98, 浪子回头
3361052, 8.2, 255, 终极之问
6894147, 8.3, 227, 妻子，荣耀的帮助者
6397251, 8.7, 159, 回到正统
1921738, 8.4, 205, 外婆的古城
3711441, 8.8, 146, 马丁・路德・金自传
3722951, 8.8, 146, 教会史
3590638, 9.0, 124, 成就爱
25850540, 7.6, 464, 耶路撒冷
1763890, 8.5, 183, 加尔文传
6429701, 9.4, 92, 我们合理的信仰
4855584, 8.5, 178, 我心狂野
1892443, 9.0, 118, 属灵操练礼赞
2216161, 8.9, 127, 心灵花园
2197028, 8.7, 148, The Alchemist
2382332, 8.6, 160, 黑暗中的舞者
2025442, 9.0, 117, 穿越荣耀之门
1310187, 8.8, 136, 超越东西方
3193134, 8.8, 136, 人生观的故事
5406925, 9.2, 101, Fate／Zero（1） 第四次}杯檎秘
1484714, 8.9, 125, 心有灵犀
1426988, 8.7, 146, 怀大爱心 做小事情
3079907, 8.7, 145, 智慧
20273641, 9.1, 107, 狂热的爱
19977778, 8.4, 186, 设计信仰
1439855, 8.5, 170, 基督教的兴起
11527197, 9.1, 106, 谦卑
1019076, 9.0, 113, 旷野呼告 无根据颂
2123168, 9.0, 113, 慕勒传
4060789, 9.0, 112, 天路客的行囊
1194965, 8.1, 239, 为什么真爱需要等待
2368198, 8.5, 161, 一生必读的关于信仰与人生的30部经典
2063619, 8.8, 126, 历史的轨迹-二千年教会史
1248766, 8.4, 174, 稳行高处
22166524, 9.5, 76, 圣徒永恒的安息
6310967, 8.9, 114, 一生的呼召
10825291, 9.2, 91, 心灵爱语
4882456, 8.7, 129, 有话问苍天
4231733, 8.5, 151, 论自由意志
1022725, 8.9, 110, 马丁・路德文选
1084222, 8.0, 236, 圣灵降临的叙事
1426157, 9.1, 94, 我是旷野的小花
1073843, 8.9, 106, 雅典与耶路撒冷
3645425, 9.1, 92, 挚爱中华――戴德生
7014878, 9.1, 92, 基督徒的生活
20434433, 8.0, 227, 永不止步
1171774, 8.6, 133, 牵一只蜗牛去散步
1040187, 8.0, 225, 老木的琴
10868148, 8.9, 105, 改变带来医治
3404608, 8.1, 203, 丧钟为谁而鸣
24748675, 8.0, 223, 错引耶稣
25817237, 8.0, 222, 庄周睡了，庄周醒了
3830650, 9.1, 90, 胜过黑暗
1856633, 8.6, 130, Blankets
3582276, 9.6, 65, 正常的基督徒生活
19941238, 8.4, 150, 预备成为帮助者
6025826, 8.5, 137, 异教徒
1443359, 8.7, 115, 圣经导读（下）
21966358, 7.8, 253, 就在你所在的地方生根开花
25798756, 7.0, 673, 麻雀
1169532, 9.3, 74, 虚云和尚开示录
1146605, 8.7, 112, 六A的力量
1430367, 8.6, 121, 特里莎嬷嬷
1261543, 8.3, 153, 旧约概论
1316620, 8.2, 167, 花香满径
1853137, 8.6, 119, 司布真传
1806490, 8.0, 199, 我和上帝有个约
5372672, 8.5, 128, 自由在哪里
10548353, 8.8, 101, 你当刚强壮胆
3637184, 8.6, 117, 用生命爱中国
2283936, 8.7, 108, 我爱上了一个女孩
4706761, 8.5, 126, Life Without Limits
2027833, 9.5, 62, 隐言经
20625420, 8.0, 191, 怀疑的时代需要怎样的信仰
10605693, 9.0, 85, 入世的清教徒
1396726, 8.4, 133, 新约概论
4712849, 9.1, 79, 神的形象
2339932, 8.3, 144, 男人需要尊重 女人需要爱
2045864, 8.9, 90, 奥卡人的新生
3060497, 8.5, 121, 秘密
3732363, 8.8, 96, 论信望爱
10601559, 8.7, 103, 上帝的情书
1012469, 7.8, 223, “蝙蝠”文库系列丛书（4种）
3000879, 7.7, 246, 圣经故事
2025443, 8.1, 166, 十诫人生
2382235, 9.5, 59, 负伤的治疗者（the wounded healer）
24848638, 7.3, 375, 天堂的证据
1083042, 8.9, 85, 爱你本来的样子
3900685, 9.5, 58, 生命的重整
6052092, 9.5, 58, 清教徒的脚踪
2215053, 8.4, 123, 现在开始讲解瑜伽
1011746, 7.9, 192, 基督徒的激情
5910691, 7.7, 234, 仓央嘉措诗传
1197433, 8.8, 89, 为孩子立界线
1912589, 9.0, 77, 古希伯来语教程（1、2）
10502466, 8.2, 141, 与神对话
3552534, 8.8, 88, 宗教改革运动思潮
1423896, 9.3, 63, 思辨与启示
1220930, 8.8, 87, 往事
1188720, 7.8, 201, 基督教对文明的影响
1763870, 8.5, 107, 爱德华滋传
1971644, 9.0, 74, 与神同在
3796614, 9.2, 65, 给未曾归正者的警告
1888099, 8.7, 91, 馨香的没药/Sweet Smelling Myrrh
3604385, 9.5, 54, 又四十年
5423786, 8.5, 104, 殉道史
25903009, 9.0, 72, 光辉岁月
2969365, 8.4, 110, 七重山
10944735, 9.3, 59, 团契生活
2252665, 9.5, 52, 失而复得的日记
10767378, 8.5, 100, 不再约会
1010119, 8.4, 108, 这是我的立场
10540807, 8.7, 86, 爱与罪
1485484, 8.2, 127, 死亡9分钟
2347761, 7.8, 182, 哲学的慰藉
1233381, 9.1, 65, 基督教导论
1338285, 9.1, 65, 如何樽约憾\告
4709554, 8.8, 79, 大河之源
5988595, 9.0, 69, 牵手一世情
4772522, 8.2, 122, 隐士
4855578, 8.0, 145, 麻雀变凤凰
3700725, 8.4, 103, 如何找对另一半
4221368, 9.6, 47, 研读版圣经新译本
1029675, 8.4, 102, 天国在你们心中
2342028, 8.2, 119, 收刀入鞘
6750744, 9.1, 62, 暗室之光
1019818, 8.4, 101, 林巧稚
1398448, 8.1, 129, 张承志散文
21330243, 9.2, 58, 宽容的不宽容
2301615, 8.8, 75, 英国复兴领袖传
2283758, 8.9, 70, 我愿意
1859392, 9.8, 41, 不再一
1278858, 8.4, 98, 追随他的脚步
25852130, 8.8, 73, 致年轻加尔文主义者的信
5581690, 8.6, 84, 当好男人遇上试探
3530868, 7.4, 248, 恐怖分子
1418821, 8.8, 72, 基督教会史
1962029, 8.5, 89, 力阻狂轮
10601568, 9.1, 59, 基督教神学导论
3195320, 9.0, 62, 祷告的学校
3637787, 9.0, 62, 多美的故事
3697475, 9.0, 62, 论道成肉身
3944885, 8.1, 120, 全然美丽
1428306, 7.9, 143, 公路上的灵魂
1891862, 9.1, 58, 疾L烈火
3897498, 8.2, 110, 从书房到厨房
26415833, 7.9, 142, 刺我一个吻
1957966, 7.8, 155, 科学的灵魂
3021808, 8.9, 65, 祈祷出来的能力
3713669, 9.1, 57, `性低潮
1014283, 8.1, 117, 人生下半场
3142974, 8.1, 117, 给星期五的信
3503921, 8.3, 99, 源于期待
3810394, 9.3, 50, 磐石之上
4851778, 9.3, 50, 现代世界之道
5904424, 9.2, 52, 孝敬父母
3012966, 9.0, 58, 祈祷真谛（港版译名《亲爱主，牵我手》
26910593, 8.5, 81, 重生
5340971, 7.7, 157, 放下，刹那花开
4941751, 9.4, 45, 效法基督
2022501, 8.6, 74, 单身爱之语
4830180, 8.4, 85, 特蕾莎修女传
3900879, 8.1, 107, 光与盐
3607722, 9.1, 52, 击开捆锁
24871240, 9.0, 54, 安息日的真谛
4073606, 8.5, 75, 为约会立界线
6423681, 8.5, 75, 灵心小史
4001861, 9.5, 40, 与神同行
2269232, 9.4, 42, 基督徒的自由
3450920, 8.1, 99, 愤怒，爱的另一面
6890297, 9.3, 44, 莫测树下
10493986, 8.7, 63, 行在水面上
6901549, 9.0, 52, 完全饶恕
20444592, 8.6, 67, 当男孩遇见女孩
21330250, 8.7, 62, 思想的境界
4843450, 9.0, 51, 解深密经
1033413, 7.7, 136, 神的历史(修订版)
2974974, 8.9, 54, 智慧和信仰
1986347, 9.2, 45, 寻神启事
1257995, 8.6, 65, 重返理性
1907494, 9.0, 50, 暗室之后
3684053, 9.0, 50, 爱的纯全
4953482, 9.3, 42, O果教我的事
2142453, 8.9, 53, 信仰与政治哲学
1961806, 8.4, 74, 寻找跑跑
1213572, 8.5, 68, 玛利・琼斯和她的《圣经》
4753973, 8.7, 59, 属灵传统礼赞
10734347, 9.4, 39, 《子女心
10606366, 8.6, 63, 珍珠项链
3001014, 8.8, 55, 文学苦难精神资源
24381563, 8.5, 67, 斯格拉柔达
4285881, 8.7, 58, The 5 Love Languages
3019922, 9.0, 48, 直奔金牌
3041091, 9.0, 48, 陌生客 同路人
3574396, 8.2, 82, 犹太文化之旅
1360195, 7.8, 114, |天生
1081311, 7.9, 104, 生命的追问
2157500, 8.6, 61, 每日与主同行
5945436, 8.1, 88, 美国宪法的基督教背景
3714661, 7.8, 113, 重回耶路撒冷
2153658, 9.2, 42, 答自己问
3450104, 8.9, 50, 活在圣灵中
24843536, 8.9, 50, 多走一里路就是一台戏
1064091, 8.8, 53, 第一亚当与第二亚当
1077043, 8.1, 87, 基督教哲学1500年
1456823, 8.2, 80, 花香常漫
2330891, 9.4, 37, 始于静谧处
3123649, 9.2, 41, 世界观的故事
3076913, 8.2, 78, 不要惧怕
3075613, 8.1, 84, 恩典与自由
5355296, 8.4, 67, 摩西的生平
1881701, 7.7, 118, 生活在约旦河西岸
1058376, 7.7, 117, 复乐园
3739780, 8.5, 62, 做个真女人
4197231, 8.2, 77, 奉你的名
5328053, 8.2, 77, 卡尔.萨根的上帝
6002633, 9.3, 38, 天路历程
6438580, 9.3, 38, 荒漠甘泉
4141814, 8.7, 54, 论四福音的和谐
24888041, 9.4, 36, 敬虔与圣洁生活的严肃呼召
1561392, 9.2, 40, 协同书－路德教会信仰与教义之总集
4327996, 9.2, 40, H鄣模e把上帝s小了
3448962, 8.2, 76, 信仰之问
3412006, 9.5, 34, 传福音与神的主权（修订版）
3192640, 8.5, 61, 怀特菲尔德传
4212283, 8.3, 70, 从基本到超凡
3084916, 8.7, 53, 和平之子
20281430, 8.6, 56, 奉他的名
4820719, 9.3, 37, 五十年来
22712251, 9.2, 39, 异乡客
2348554, 7.3, 164, 电影之于人生
2373376, 9.0, 43, 亚当――神的爱子
3163734, 9.0, 43, 传道书
1265821, 7.7, 108, 变迁之神
3451011, 9.8, 28, 瑜伽师地论科句披寻记
11632543, 6.9, 251, 然后在第八天
26384976, 9.0, 42, 慷慨的正义
6878088, 8.7, 50, 成功的辅导
25662491, 8.7, 50, 陶恕传
5449773, 8.1, 76, 简明教会历史
4240439, 8.9, 44, 圣经里的故事
6709832, 9.2, 37, 做个大丈夫
26722581, 9.1, 39, 基督教史
1910715, 8.4, 60, 班扬传
1957786, 8.5, 56, 人的破碎与灵的出来
3104080, 9.6, 30, 跨越希望的T
6866219, 8.7, 49, 真正的修行
1029094, 8.3, 64, 梁漱溟先生论儒佛道
2145093, 8.3, 64, 镜中的男人
3552539, 8.6, 52, 改教家路德
1443385, 7.5, 123, 亲历宗教（东方卷）
1258627, 8.4, 59, 狂禅
2252638, 7.9, 86, 道歉的五种语言
1261739, 9.2, 36, 基督教信念的知识地位
2343336, 9.2, 36, 活出有爱的生命
1059277, 8.7, 48, 爱默生和中国
1882252, 8.8, 45, 人的本性与命运
3793113, 7.6, 110, 现代化的本质
1917295, 8.2, 67, 基督信仰的起源
2160751, 8.2, 67, 活出美好
4240866, 8.2, 67, 凡・高传
1032335, 8.4, 58, 西蒙娜・韦伊（上下册）
1872586, 7.3, 147, 活在美国
5401928, 8.9, 42, 炼爱
1662575, 8.6, 50, 奥古斯丁的基督教思想
6025651, 9.1, 37, 约翰・牛顿自传
1799938, 7.3, 143, 态度决定一切
1825938, 9.0, 39, 我有一个梦想
1396728, 8.2, 65, 基督教与西方思想（卷一）
3211855, 9.3, 33, 心思的战场
3993924, 8.3, 60, 加尔文传
2048529, 7.7, 96, 追寻一己之福
7060546, 8.8, 43, 良心的自由
20282379, 8.8, 43, 沙漠教父言行录
3026211, 7.6, 104, 基督宗教
10726569, 8.3, 59, 当男孩爱上女孩
25717775, 8.3, 59, 冈底斯遗书
6853067, 9.2, 34, 失而复得的日记
1082238, 8.2, 63, 非常选择 非常MATCH
4909242, 8.2, 63, 普利茅斯开拓史
3526023, 8.9, 40, 效法耶稣的服侍
3684063, 8.7, 45, 爱的简约
1071998, 8.5, 51, 基督的人生观
3918573, 9.3, 32, 字里藏珍
2023782, 9.0, 37, 罗马城的小丑戏
1766127, 9.4, 30, I Kissed Dating Goodbye
3162050, 7.6, 99, 自由的崛起
4040450, 9.2, 33, 圣灵论
4099986, 9.2, 33, 密勒日巴大师全集
5381984, 7.0, 182, 只为途中与你相见
1521471, 8.5, 49, 基督教教义史
4317808, 9.5, 28, 常常祷告
6799855, 8.4, 52, 我心安稳
4304273, 9.1, 34, 赞美诗（新编）
2052132, 8.8, 40, 直奔标杆
3163939, 8.5, 48, 永活的信心
19906957, 7.8, 80, 笛卡尔的骨头
7564219, 8.7, 42, 史怀哲传
1319716, 7.1, 154, 施洗的河
1064740, 7.8, 79, 信仰的力量
3012588, 9.3, 30, 心`面包
3177259, 9.3, 30, 21世纪新约导论
10485840, 9.1, 33, 敬虔生活原理
6849708, 8.2, 57, 工作的呼召
5254286, 8.3, 53, 奇异恩典
26165690, 8.7, 41, 当他沉默时
4110209, 9.2, 31, 褥子团契
1955250, 8.5, 46, 帕斯卡尔与人生的意义
2188198, 8.4, 49, 灵魂的高度
4830828, 7.6, 90, 上帝的语言
4291228, 8.9, 36, 自在之行
3411404, 8.1, 60, 《出埃及记》释义
10521794, 8.3, 52, 从失去开始的永远
1793051, 8.8, 38, 宋尚节传
3021781, 9.1, 32, 从幻想到祈祷
3172125, 9.6, 25, 神的预定与人的自由
1003841, 8.6, 42, 信仰与重负
3280857, 8.8, 37, 雅比斯的祷告
3993911, 8.8, 37, 改教家的神学思想
4245441, 8.8, 37, 三个国王的故事
3541476, 9.4, 27, 基督教护教学
3711542, 9.0, 33, 养生书
4241749, 8.1, 57, 德兰修女信念的力量
6892857, 8.4, 46, 女人误信的谎言
6711932, 8.8, 36, 罗马书注释
2133692, 9.7, 23, My Utmost for His Highest
6827410, 8.9, 34, 路加福音
2256989, 9.0, 32, 简朴生活真谛
3012933, 9.0, 32, 黎明路上
4820334, 8.2, 52, 世界观的革命
3611687, 9.4, 26, 祷告
10521792, 8.4, 45, 信与思
1441982, 8.1, 55, 基督教大思想家
23679340, 8.7, 37, 生命的旅程
1069906, 6.9, 160, 犹太人为什么优秀
1868317, 9.0, 31, 基督教神学手册
25834771, 7.8, 67, 活得优雅
25894667, 7.4, 94, 谁都不敢欺负你
1901195, 7.2, 114, 末世迷踪
4009714, 9.7, 22, 基督教教义
4733053, 9.1, 29, 约翰福音注释（上下卷）
26388575, 9.4, 25, 《马太福音》释经默想（莱尔四福音释经默想）（内部发行）
4811880, 8.4, 43, 不再一样
3918129, 8.6, 38, 人啊，你往何去？
2136051, 9.0, 30, 当代讲道艺术
26726406, 9.0, 30, 爱的持久战
2541478, 9.2, 27, Redeeming Love
6730542, 8.6, 37, 相系深深
3040714, 8.9, 31, 巴黎谈话
4709436, 8.9, 31, 诸天述说
3013759, 9.5, 23, 奉耶稣的名
3807973, 9.6, 22, 神操
2229239, 9.4, 24, 新生命 福音性查经
3259827, 9.0, 29, 衣衫褴褛的福音
4905867, 9.0, 29, 清晨的甘露
2060001, 8.6, 36, The Davinci Code
4001782, 8.6, 36, 人文主义批判
1138432, 7.5, 79, 死海古卷
2688140, 8.0, 53, 我的第一本祈祷书
11595204, 9.2, 26, 四福音注释
3036938, 8.3, 43, 李提摩太在中国
11636069, 7.7, 66, 安拉.别为我哭泣
20385103, 8.9, 30, 清教徒之约
3598202, 8.4, 40, 重审耶稣
1478502, 7.3, 93, 复杂的善意
5340937, 8.1, 48, 歌手
1736970, 8.7, 33, 为了每一天
26221000, 8.7, 33, 山雨
1043427, 7.4, 83, 领导力21法则
2135597, 8.2, 44, 我槭颤N不成榛督徒
3089874, 9.2, 25, 理性的规避
2996486, 8.5, 36, 诺克斯传
19949360, 8.5, 36, 寻便寻见
19982753, 8.5, 36, 从今以后我叫丁
5924514, 8.4, 38, 领袖
1263967, 8.2, 43, 理性的追问
1045015, 8.8, 30, 与上帝交谈
1255010, 8.8, 30, 觅人的上帝
3619485, 8.8, 30, 系统神学
1393651, 8.3, 40, 积极思考就是力量
1431058, 8.3, 40, 花满朝圣路
3129044, 7.7, 61, 原野的花束
1955251, 7.6, 66, 天堂简史
26585473, 8.5, 35, 上帝的火柴
1683963, 8.6, 33, 为婚姻立界线
10754681, 9.4, 22, 健康教会九标志
1840012, 8.9, 28, 布道大计
5945435, 8.4, 37, 信仰与秩序
3769260, 9.1, 25, 系统神学
1029778, 7.8, 55, 见证基督
1232346, 7.8, 55, 当代新兴巴哈伊教研究
1201121, 8.8, 29, 上帝在哪里
1879850, 7.7, 59, 白昼提灯
3986138, 9.7, 19, 基督荣耀的身体-教会论
26767617, 8.1, 44, 软弱之道――靠主得力的人生
1859507, 8.6, 32, 慕迪神学手册
10449946, 8.9, 27, 爱之蔓延时
4102932, 7.8, 53, 说禅论道
2979678, 9.3, 22, 我的信仰
5904040, 9.2, 23, 只夸基督十架
10781603, 9.2, 23, 风闻有你
3023027, 9.4, 21, 信仰、试炼与得胜
1006719, 7.1, 96, 末世迷踪
1025271, 8.8, 28, 画说哲学：神圣的根
20380740, 8.8, 28, 真正的复兴
3781534, 9.5, 20, 基督教神学概论
4229135, 9.5, 20, 巴哈伊祷文
10428339, 9.9, 17, 神的故事，你的故事
1994147, 8.3, 37, 何必上教
1470412, 8.0, 45, 先贤之信
1391500, 8.1, 42, 宗教的意义与终结
1434126, 8.0, 44, 东正教神学导论
3262392, 8.1, 41, 我在哈佛的信仰
20516492, 8.1, 41, 希特勒的十字架
6401537, 7.6, 59, Heaven Is for Real
4361545, 8.5, 32, Purpose Driven Life
1794851, 7.9, 47, 布什总统的信仰历程
1180223, 8.3, 36, 基督教文学经典选读（上下）
3742217, 8.8, 27, 基督徒须知
1669489, 7.1, 91, 圣经故事
1008923, 8.6, 30, 古代基督教史
1035387, 8.6, 30, 宗教精神
1289594, 7.7, 54, 基督教与西方文化
1181217, 8.2, 38, 真理的教师
1439793, 7.2, 82, 上帝是否存在？
20513306, 8.7, 28, 活得精彩
1207180, 8.4, 33, 仁爱一生
3777715, 8.4, 33, 《约伯记》双重修辞解读
1390294, 7.6, 57, 东正教
1360376, 8.5, 31, 另一世界的餮
5261738, 7.4, 67, 天堂之旅
21364254, 8.2, 37, 丈夫，天生需要帮助者
1315814, 8.0, 42, 基督教音乐之旅
10506819, 7.1, 87, 警察难做
1706830, 8.5, 30, 界线对谈
5341017, 8.5, 30, 创世六日
10522588, 8.5, 30, 面对心中的巨人
1765449, 9.0, 23, Boy Meets Girl
21329286, 9.0, 23, 为何是k
24694727, 8.9, 24, 亚伯拉罕
6837987, 8.3, 33, 仍然在成长
24295000, 8.3, 33, 小雅歌
5392509, 8.4, 31, 圣诞礼物
3229721, 8.1, 37, 新约文献与历史导论
3174575, 8.5, 29, 世界的智慧
26284639, 8.5, 29, 切今之事
3023708, 9.1, 21, 公务员
1359569, 9.0, 22, 但以理x法
5401863, 9.0, 22, 耶d所鞯母Ｒ
3120756, 8.9, 23, 返璞归真的牧养艺术
26589040, 8.9, 23, 转化生命的友谊
1274168, 7.9, 41, 论基督徒(上)
6959769, 8.8, 24, 今日如何读新约
2239570, 8.7, 25, 优秀是训练出来的
4174026, 7.6, 50, 细节中的文明
1148001, 8.2, 33, 爱情书
1073814, 8.1, 35, 基督的二性
3823080, 7.4, 58, 汉代的信仰、神话和理性
2174700, 8.6, 26, 父母离婚后
2678181, 8.4, 29, 契合与转化
1267997, 7.9, 39, 约瑟夫著作精选
6872852, 8.5, 27, 丛林的秘密
26256212, 8.5, 27, 与上帝拔河
1938841, 7.5, 52, 古兰经的故事
1443185, 8.1, 34, 信仰寻求理解
4061286, 9.2, 19, 重寻圣洁
1420764, 7.4, 56, 生命中不可错过的智慧
3790249, 8.7, 24, 穿越网络的信仰思辨
25921764, 7.8, 41, 意义的惊现
2365713, 7.7, 44, 我错了
1069058, 8.4, 28, 有心无题
1916964, 9.3, 18, Passion and Purity
25712774, 8.6, 25, 书中之书讲演录
5415512, 7.5, 50, 简单中的富足
25916604, 8.0, 35, 消失的帝国
1426158, 7.2, 64, 优质思考的十个习惯
1258382, 8.3, 29, 科学、信仰与社会
2979306, 8.3, 29, 不一样的人生
11600230, 8.9, 21, 谁需要神学?
1416244, 7.1, 69, 中世纪的信仰
6852889, 8.8, 22, 莫非爱可以如此
6012507, 8.2, 30, 圣经里的女性
20281431, 8.2, 30, 伟大的织匠
1946426, 7.3, 56, 我的人学
10598226, 7.7, 41, 日光之上
21214086, 7.7, 41, 信念
4734150, 8.4, 26, 踏上红地毯
10554314, 8.7, 22, 旧约圣经背景注释
10440019, 7.6, 42, 生命的觉醒
10567323, 7.9, 34, 港漂双城记
10554301, 8.4, 25, 新约圣经背景注释
24696936, 8.4, 25, 随处自在
5339852, 8.3, 26, 婚姻书
6002631, 8.3, 26, 逆境中的祝福
26369111, 8.7, 21, 朋霍费尔
1425037, 8.8, 20, 与爸爸和好吧
1028431, 7.4, 47, 布哈里圣训实录精华
1041024, 7.9, 32, 论基督徒(下)
1957346, 8.0, 30, 听狄更斯讲耶稣的故事
4216036, 7.8, 34, 幸福的秘密
1058010, 7.6, 39, 培育男孩
4208761, 8.3, 25, 沙漠教父的苦修主义
7059425, 8.7, 20, 十步释经法
1254505, 7.5, 41, 福音派与基督教的未来
6002580, 7.9, 31, 漫长的人生归途
10524093, 7.4, 44, 改变大脑的灵性力量
19976975, 8.1, 27, CEO的信仰
1794983, 8.3, 24, 成熟之爱
3165746, 7.3, 46, 上帝与天文学家
6856533, 7.9, 30, 圣经的来源
20282598, 8.2, 25, 破碎与重整
6873859, 7.7, 34, 美国大法官的法理及信仰
10565153, 8.0, 28, 相信
5254544, 6.9, 64, 解密2012
1181218, 7.2, 49, 信仰的疆国
1394240, 8.5, 21, 死亡e狂傲
5387377, 8.2, 24, 磐石上的婚姻
1996234, 7.9, 28, 彼岸的跫音
5312556, 7.9, 28, 领导力
4196710, 8.3, 22, 如何认识和提升自己
5976880, 8.3, 22, 鲁迅：幽暗意识与光明追求
1039216, 8.8, 17, 在中国信仰
1196477, 7.8, 29, 论灵魂及其起源
4887985, 7.4, 38, 当你爱得太深时
3223703, 7.1, 48, 亲历死亡
2372601, 7.9, 27, 你为何要信
6781499, 8.0, 25, 重拾教父传统
4001955, 8.4, 20, 基督教真伪辨
3285045, 8.5, 19, 生命中的耶稣
3021775, 8.3, 21, 默观的新苗
5333836, 8.2, 22, Have a Little Faith
3893434, 8.7, 17, 无与伦比的基督
1254506, 7.4, 36, 认识美国基要派与福音派
3110699, 8.0, 24, 大家西学信仰二十讲
3289717, 8.0, 24, The Love Dare
1830706, 8.3, 20, I And Thou
10573727, 8.3, 20, 道路与真理
10490848, 8.4, 19, 系统神学
4837326, 8.1, 22, 马太・亨利传
26576604, 7.8, 26, 从灵开始做父母
10571764, 8.0, 23, 十六世纪的无信仰问题
6853149, 8.7, 16, 荒漠甘泉
1987121, 8.3, 19, 克里姆林宫的钟声
3165689, 8.2, 20, 自伽利略之后
3464921, 6.8, 52, 塔木德
1976073, 7.8, 24, 上帝国的信息
10828075, 8.2, 19, 复兴神学家爱德华兹（上下）
2116281, 8.1, 20, 我相信
25905766, 8.3, 18, 理所当然的侍奉
2029525, 7.1, 38, 失落的圣经
4023399, 8.4, 17, 人的景况与神的大能
25840392, 6.5, 65, 信仰
3353566, 7.8, 23, 信心是一把梯子
25892519, 6.7, 51, 成就好爸爸
10745487, 8.1, 19, 精读本圣经
19986601, 8.0, 20, 圣经戏剧
10484717, 8.2, 18, 绘画大师的心灵世界
1951529, 7.2, 33, 后现代主义的承诺与危险-思想与人生
3027078, 7.8, 22, 圣经文学导论
3196267, 7.8, 22, 追寻之旅
1761725, 8.4, 16, 走遍美国
3928543, 8.4, 16, 圣灵 良心或撒旦的声音
2281355, 7.1, 35, 奥古斯丁图传
11509639, 7.5, 26, 香草山
4909374, 8.0, 19, 理性、浪漫主义和基督教
6527145, 8.1, 18, 保罗的祷告
20399575, 8.1, 18, 上帝的蓝图
3131840, 7.9, 20, 陈织娘的一生
3771284, 7.9, 20, x@玩意
21616923, 6.7, 47, 当我们回到上帝怀里
10521793, 7.3, 28, 发现人性
10763465, 7.6, 23, 上帝的国度
26594680, 8.4, 15, 懒惰
4887606, 8.0, 18, 论基督教信仰
10566245, 7.8, 20, 我该结婚吗
4045197, 8.1, 17, 成长神学
4074633, 8.1, 17, 神学入门
4120694, 8.2, 16, 懒惰
3056633, 8.3, 15, 如何明白神的引I
10472667, 8.3, 15, 天主教教理
3810626, 7.9, 18, 窄路难行
6027375, 7.9, 18, 华理克读经法
21329674, 7.9, 18, 马丁.路德桌边谈话录
1793056, 7.8, 19, 更深经历耶稣基督
3715558, 7.8, 19, 母亲的使命
1445753, 8.0, 17, 深渊里的求告
1443497, 7.4, 24, 拜占廷的信仰
3678013, 8.2, 15, 马丁路德罗马书讲义
1937893, 7.8, 18, 那一百零八天
1096349, 6.5, 46, 中国冥界诸神
3129043, 7.2, 26, 有信仰的资本
3191402, 7.2, 26, 如果]有耶d
1219829, 7.7, 19, 幸福婚姻圣经
1289859, 7.7, 19, 用胸膛行走西藏
3012968, 8.3, 14, 心应心
10606997, 7.6, 20, 在那神}c鄣度
26834739, 7.6, 20, 遇见信天翁
3358681, 8.1, 15, 简易祈祷法/Experiencing the Depths of Jesus Christ
23038611, 7.4, 22, 撒旦篇章
1920279, 8.2, 14, 信仰的历程
3004410, 7.7, 18, 仆人式领导
1015988, 8.0, 15, 华莱士财富宣言
3097748, 8.0, 15, 建立高 EQ 的教
4005299, 8.0, 15, 约翰福音注释-卡森
5243478, 8.0, 15, 基督徒看钱、性与权势
5397095, 8.3, 13, 牵一只蜗牛去散步
6756178, 8.3, 13, 君尊皇族的觉醒
10023768, 8.3, 13, 揭开奥秘
6903094, 8.1, 14, 攻克己身
26414755, 8.1, 14, 讲道与讲道的人
1443342, 7.6, 18, 理性与信仰
1022101, 7.7, 17, 一个犹太人在今天
26767611, 7.8, 16, 工作的意义
26028785, 7.9, 15, 师徒之道
11507160, 8.2, 13, 渴慕神
25811769, 6.1, 57, 饥饿的信仰（中国故事）
1498372, 8.0, 14, 诗篇撷思
3178484, 8.0, 14, 建立生命的职事
3887813, 8.0, 14, }你想得不一
22788368, 8.0, 14, 丰筵之约
1317530, 7.6, 17, 神图与鬼板
19949362, 7.7, 16, 七日灵性生活
3887682, 8.1, 13, 回来吧
3909499, 8.1, 13, 都是恩典
11525937, 8.1, 13, 喜@新生
3739515, 7.8, 15, 邮递真爱
26590066, 7.8, 15, 飞机为什么没有撞到羊
11622234, 7.0, 24, 日本平安时代的社会与信仰
4199944, 7.9, 14, 婚姻灵修学
5248377, 7.9, 14, 圣灵的劝诫
5379136, 7.9, 14, 生命的冠冕
6891137, 7.9, 14, 永不朽坏的钱囊
20387373, 7.9, 14, 使徒行传
26285475, 8.2, 12, 爱的作为
20260918, 7.4, 18, 上帝的悄悄话
5421131, 7.6, 16, 眼泪并未擦干
1811062, 7.3, 19, 信仰、仪式与乡土社会
1332241, 8.0, 13, 法拉第的故事
3619754, 8.0, 13, 历代教会信条精选
24697837, 8.0, 13, 走出心理幽谷
2136062, 7.7, 15, 实用解经讲道
4221994, 7.7, 15, 美国总统的信仰
3028258, 7.2, 20, 中国思想与信仰讲演录
2286390, 7.8, 14, 早安圣灵
3315725, 7.8, 14, 历史神学
25918578, 7.8, 14, 幸福真谛
2229675, 8.1, 12, 认识预定论
4227528, 8.1, 12, 王明道文库(上、下）
10463879, 8.3, 11, 清晨甘露
11526868, 7.5, 16, 给和平一次机会
4149364, 7.9, 13, 十二篮
20424074, 7.9, 13, 以基督为中心的敬拜
19990235, 6.3, 38, 坛城
1491688, 7.6, 15, 八福客栈
20283137, 7.1, 20, 还我伊甸芳容
1451362, 8.2, 11, Augustine of Hippo
3769263, 8.2, 11, 屹立磐石上
26840136, 8.2, 11, 惊悦
3285072, 8.0, 12, 化哀伤为舞蹈：在逆境中寻得盼望
20413296, 8.0, 12, 如何为你的丈夫祷告
26298341, 8.0, 12, 给他们恩典
4211844, 7.8, 13, 情绪四重奏
5926002, 7.8, 13, Jesus Calling
5966053, 7.8, 13, 优秀父母的6堂训练课
6946667, 7.8, 13, 与刺猬共舞
1253873, 7.5, 15, 圣经和希腊主义的双重视野
4908813, 7.5, 15, 心灵希望丛书-得胜
1078536, 7.6, 14, 正当青春期(精选版)
26657351, 7.6, 14, 丰盛的筵席
26431244, 8.1, 11, 危机四伏的呼召
25819969, 7.9, 12, 旧约历史
3284950, 8.3, 10, 炽热的心
3042013, 7.7, 13, 回应上帝：用诗篇祷告
3322429, 7.7, 13, 奥古斯丁《上帝之城》中的社会生活神学
3998285, 7.7, 13, 崇拜：认古识今
5329795, 7.7, 13, 怎样阅读《出埃及记》
1928520, 7.2, 17, 信仰、革命与权力秩序
10527565, 7.5, 14, 基督教预定论
1900509, 8.0, 11, Don&#39;t Waste Your Life
7061375, 8.0, 11, 改变生命 改变心
2298788, 8.2, 10, 念兹在兹
6053705, 8.2, 10, 属灵人
19965917, 8.2, 10, 心意更新的教会
26700942, 8.2, 10, 与永恒有关的30个观念
1668043, 7.6, 13, 迷途指津・致孩子・箴言录
2006901, 7.6, 13, 简明圣经史地图解
7054007, 7.6, 13, 圣经历史哲学（上下）
10557264, 7.6, 13, 学习一门爱的语言
1393566, 7.2, 16, 人生光明面
3854107, 6.9, 19, 目击道存
3063034, 7.4, 14, 20世纪五人行
3424282, 7.4, 14, 《雅各书》《犹大书》释义
1892423, 7.7, 12, 灵性操练真谛
2976065, 7.7, 12, 在基督里长进
1262291, 7.5, 13, 活着的萨满
26340420, 7.5, 13, 从流浪到归家
26693274, 7.5, 13, 越野十年
1795728, 7.2, 15, Beyond Death&#39;s Door
2120683, 7.2, 15, 认识《圣经》文学
2303865, 7.2, 15, 德黑m的囚徒
4210417, 7.8, 11, 生命更新解经系列 返璞归真：创世记
26352369, 7.8, 11, 研读妥拉
26845776, 7.8, 11, 陌生的荣耀
4784630, 7.3, 14, Are You There God? It&#39;s Me
3323461, 8.0, 10, 鹅掌女王烤肉店
10582746, 8.0, 10, 听妈妈讲那圣经里的故事
26715299, 8.0, 10, 《马可福音》释经默想
6533409, 6.1, 33, 忠诚与背叛
1316405, 7.4, 13, 个体的人
26269190, 7.4, 13, 胖东来，你要怎么学？
1794859, 7.7, 11, Jesus in Beijing
25812173, 7.7, 11, 启示的哲学
1018233, 7.2, 14, 历史与社会中的信仰
3151017, 7.3, 13, 英国自然神论
3876183, 7.6, 11, 比翼双飞
26307846, 7.8, 10, 贤德的妻子
4113431, 7.4, 12, 返璞归真：创世记；蒙召得赎：出埃及记；分别为圣：利未记；忠心善仆：民数记；整装待发：申命记
7163233, 7.4, 12, 历史中的十诫
10456938, 7.4, 12, 早期基督教思想的精神
24899974, 7.4, 12, 驳塞尔修斯
26307913, 7.4, 12, 偶像的挑战
3245074, 7.7, 10, 心意更新
6799089, 7.7, 10, }安|尼
25843163, 7.7, 10, 基督教旧约伦理学
5283181, 7.6, 10, }教xc`（卷二）
10739665, 7.6, 10, 改变生命的代祷
25910995, 7.6, 10, 重建范型
26589678, 7.6, 10, 当青蛙念到蜗牛大学
1050652, 7.0, 13, 上帝与理性
5431619, 7.5, 10, 服事可以不流泪
25856491, 6.7, 15, 总有骄阳
2296354, 7.4, 10, Dynamics of Faith
1391490, 7.2, 11, 关于上帝信仰的对话
23185622, 7.2, 11, 慕安德烈传
25857634, 7.0, 12, 革命分子耶d
26791806, 7.3, 10, 启示与更新
1681082, 7.1, 11, 圣经地理
2319064, 7.1, 10, 东正教在华两百年史
7065591, 0.0, 16, 糖溪帮探险记
25761079, 0.0, 35, 漫画圣经故事：旧约（上篇）
2281064, 0.0, 102, 三棵树的愿望
