2017-01-23 16:17:59
Tag: 修行
The number of books: 921 

ID, rating, votes, title
2340100, 8.1, 52259, 遇见未知的自己
1963912, 8.8, 12260, 正见
1409704, 8.9, 5772, 金刚经说什么
5990251, 8.5, 8516, 西藏生死书
3158482, 8.9, 4378, 新世界
3566368, 8.3, 7956, 空谷幽兰
1761759, 8.9, 3128, 超越死亡
3413836, 8.4, 5689, 当下的力量
5332713, 9.0, 2452, 人间是剧场
7064313, 7.8, 13465, 突然就走到了西藏
3834938, 8.3, 5646, 与神对话（第一卷）
2083981, 8.7, 3157, 了凡四训
1840859, 9.6, 1115, 心经
1812011, 9.0, 2026, 佛教的见地与修道
6526752, 8.8, 2412, 生命之书
5290370, 8.6, 3004, 禅的行囊
5913472, 9.4, 1110, 蒋勋细说红楼梦
3800022, 8.2, 4105, 活出全新的自己
1626532, 9.5, 811, 地藏菩萨本愿经
3123393, 7.6, 9171, 遇见心想事成的自己
10546850, 8.9, 1423, 内在的天空
1859649, 8.1, 3980, 生命的不可思议
2376506, 8.8, 1486, 生命的轨迹
3042785, 8.7, 1652, 学佛三书（共3册）
2122992, 9.0, 1164, 故道白云
2372450, 8.6, 1635, 改变，从心开始
1258513, 8.5, 1843, 爱与寂寞
1448820, 9.7, 501, 大佛顶首楞严经
3671442, 8.5, 1644, 修炼当下的力量
4843462, 9.5, 450, 楞严经
5450660, 8.7, 977, 次第花开
2070807, 8.5, 1229, 懂得爱
3069690, 8.5, 1214, 人生的起点和终站
4294353, 9.2, 569, 净空法师讲《了凡四训》
4843444, 9.4, 473, 维摩诘经
3327830, 7.7, 3541, 前世今生：16堂生死启蒙课
25978763, 8.8, 848, 僧侣与哲学家
2241168, 8.4, 1329, 内在的探索
2049781, 8.5, 1135, 世界在你心中
25898124, 7.6, 3781, 得未曾有
4898627, 8.3, 1391, 禅者的初心
4836697, 8.3, 1376, 看见真相的男孩
6966843, 7.8, 2652, 重遇未知的自己
3874168, 8.1, 1650, 零极限
2125593, 8.6, 873, 克里希那穆提传
1016033, 9.1, 518, 圆觉经略说
2347737, 8.1, 1573, 深夜加油站遇见苏格拉底
3802048, 8.9, 620, 我说参同契（上）
1256284, 8.4, 1064, 谋生之道
5364104, 8.7, 731, 朝圣
1000804, 9.1, 485, 楞严大义今释
3875610, 8.9, 584, 内观
3005066, 8.1, 1446, 在爱中修行
5248376, 8.6, 764, 一味
3894081, 8.7, 665, 最后的日记
1478831, 8.8, 592, 当鞋合脚时
3642050, 8.3, 1015, 宽恕就是爱
11601993, 8.1, 1274, 安静
4874162, 8.3, 988, 与神对话（第二卷）
1319893, 8.1, 1256, 当和尚遇到钻石
1045248, 8.9, 514, 如何修证佛法
5383915, 7.7, 2167, 只为途中与你相见
4843458, 8.9, 506, 四十二章经
4053315, 8.3, 959, 一念之转
1091751, 8.9, 501, 瑜伽
3618256, 8.9, 476, 禅与生命的认知初讲
2157629, 8.2, 1005, 平常禅
3005076, 8.7, 567, 再活一次
25693190, 8.3, 869, 舍得让你爱的人受苦
4830829, 9.2, 349, 根道果
26827590, 8.9, 459, 八万四千问
3910883, 8.8, 494, 观呼吸
5282139, 9.4, 287, 维摩诘的花雨满天（上）
2241169, 8.7, 539, 解脱之道
21324451, 8.9, 440, 不是为了快乐
2029641, 8.1, 1049, 南怀瑾与彼得・圣吉
2241170, 8.6, 585, 自我的真相
4710580, 8.7, 522, 智慧的觉醒
1051931, 8.9, 423, 西藏度亡经
3582354, 8.0, 1108, 找回你的生命礼物
2256361, 8.8, 447, 箭术与禅心
2240928, 8.7, 485, 当生命陷落时
1076067, 9.5, 237, 妙法莲华经
25777461, 8.4, 651, 日日是好日：茶道带来的十五种幸福
2306659, 9.0, 357, 道德经心释（上下）
3276880, 9.1, 317, 光耀生命
1075729, 8.8, 417, 药师经的济世观
5363118, 9.6, 210, 慧灯之光（全6册）
4843463, 9.0, 344, 圆觉经
3070009, 9.0, 343, 答问青壮年参禅者
6010792, 8.5, 551, 与神对话（第三卷）
3012903, 9.0, 337, 关于这颗心
3784639, 8.6, 489, 超越时空
10747361, 7.8, 1237, 遇见心想事成的自己
11614538, 8.7, 435, 程序员的职业素养
1160733, 8.4, 586, 静坐修道与长生不老
4045849, 8.8, 388, 无可摧毁的纯真
4726852, 8.5, 506, 正念的奇迹
6773583, 9.0, 313, 意识光谱
10801462, 7.7, 1310, 苦才是人生
3023149, 8.5, 500, 狂喜之后
25771551, 9.1, 284, 不离：上师人生开示录
23780225, 8.8, 368, 能断
3696966, 8.9, 330, 踏上心灵幽径
3079768, 8.1, 752, 我们与这个世界的误会
3236762, 9.0, 300, 事事本无碍
2367799, 8.7, 394, 莲心禅韵
1895965, 8.6, 430, 鬼谷子
1485079, 8.6, 425, 心灵神医
3358570, 8.5, 464, 你可以不怕死
10795220, 7.7, 1182, 喃喃
4827904, 9.2, 241, 入T：古埃及女祭司的`魂旅程
1482890, 8.8, 338, 静心：狂喜的艺术
10759777, 7.9, 889, 秘密副作用
3823020, 8.8, 337, 性、生态、灵性
1367126, 9.4, 198, c神υIII
4258808, 8.3, 537, 还我本来面目
25885179, 9.3, 213, 我为青春狂
2324913, 9.4, 197, 佛陀的⑹
10747362, 7.9, 844, 活出全新的自己
6858459, 8.2, 587, 当下的力量Ⅱ
2281420, 8.8, 316, 巴坦加里的瑜伽经
19989305, 8.4, 460, 做才是得到
6427971, 7.7, 1045, 学会爱，超越爱
4151190, 8.2, 567, 完美的爱，不完美的关系
4133007, 7.4, 1541, 一只牡羊的金刚经笔记
1366878, 9.3, 192, 与神对话
3183283, 8.5, 377, 无常
1958486, 9.2, 202, 自由的迷思
1861325, 8.1, 562, 图解西藏生死书
3842681, 8.7, 299, 面对危机中的世界
4188381, 9.0, 227, 我说参同契（中）
4062735, 8.5, 352, 对生命说是
26905389, 8.4, 385, 人生所有经过的路，都是必经之路
4817590, 8.3, 426, 雪洞
1941925, 9.1, 204, 入菩萨行论
5362056, 8.3, 423, 无量之网
3010573, 8.1, 521, 遇心想事成的自己
4132844, 9.0, 219, 心的经典
4123046, 8.9, 238, 禅修入门
4812801, 9.1, 200, 太上感应篇
1035117, 8.8, 257, 定慧初修
5260230, 8.8, 253, 与生命相约
5939011, 9.3, 168, 列子臆说（上）
1367052, 9.2, 181, c神υII
25849143, 8.9, 230, 佛陀
25955940, 8.6, 298, 透过佛法看世界
1476920, 9.1, 191, 五十奥义书
5288625, 8.9, 225, 活在喜悦中
7001419, 9.4, 151, 突破修道上的唯物
2241291, 8.7, 265, 转逆境为喜悦
5028585, 8.5, 319, 关系之镜：两性的真爱
6534492, 9.8, 114, 僧伽吒经
1482894, 9.1, 186, 隐藏的和谐
4039932, 8.6, 282, 内证观察笔记
1255989, 9.2, 168, 化书
1423465, 8.8, 232, 爱与思
3719427, 8.8, 230, 心灵瑜伽
5949800, 8.5, 297, 你可以，爱
10539120, 8.4, 326, 寂静之道
5994832, 8.3, 358, 天空之R
3796598, 8.6, 267, 爱情与工作的每日禅
25912907, 8.7, 242, 烦恼都是自找的
1789108, 9.3, 149, 发现心中的日月
6062348, 9.3, 149, 前往伊斯特兰的旅程
3662079, 8.5, 288, 呼吸之间
23780851, 8.4, 316, 金刚经修心课
20394988, 9.0, 185, 灵性炼金术
4857084, 8.4, 314, 守护者
21329705, 8.5, 283, 灵性开悟不是你想的那样
1418383, 9.1, 169, `魂永生（斯）
1228335, 9.4, 132, 米拉日巴大师集（上中下）
2286166, 8.9, 191, 大师在喜马拉雅山
1065088, 9.0, 176, 楞伽大义今释
3772058, 7.5, 828, 吸引力法则
2241263, 8.7, 224, 与无常共处
26323530, 8.3, 324, 念完哈佛念阿弥陀佛
2125536, 8.5, 260, 懂得生命
4056324, 8.4, 284, 因是子静坐养生法
6714584, 8.2, 346, 轮回
1899741, 9.2, 143, W修U卡
3238342, 8.6, 232, 山中花开
4834886, 8.4, 279, 我需要你的爱
1791175, 9.4, 122, 证悟者的心要宝藏
1367116, 9.1, 150, 奇n程
1127363, 9.2, 139, 影尘回忆录
4826395, 8.4, 270, 巫士唐望的教诲
2309208, 8.4, 269, 你就是世界
7015323, 7.0, 1518, 日月
6507601, 9.3, 126, 生命喜悦的祈祷
2057229, 9.4, 117, 大方广佛华严经
2048022, 8.5, 239, 图解金刚经
1423466, 9.0, 152, 单纯的品质
1274326, 8.8, 178, 佛法概论
1169157, 9.0, 151, 大乘起信论校释
1513154, 8.8, 173, 人生的亲证
4262950, 8.4, 243, 关系的真谛
20496057, 9.3, 117, 约书亚的传导
3066678, 8.3, 265, 花出青嶂
6557779, 8.4, 241, 告别娑婆
25894316, 9.2, 125, 有求
4842456, 8.8, 169, 禅心三无
1799933, 8.4, 239, 所罗门的智慧
3681639, 8.2, 286, 正念
3874474, 8.6, 197, 人之初
4864406, 8.7, 180, 教育就是解放心灵
5404240, 8.9, 153, 无我的智慧
4823003, 8.2, 283, 比神更快乐
1003972, 8.5, 212, 般若之旅
1983018, 8.3, 252, 现代学佛者修证对话
2044433, 9.6, 91, 清净道论
23160441, 8.1, 303, 呼唤洁净的世界
20458135, 9.3, 110, 瑜伽师地论 声闻地讲录
1881776, 8.7, 173, 现在开始讲解瑜伽
4721659, 8.9, 147, 我说参同契（下）―（太湖大学堂系列图书）
1578810, 8.7, 172, 生存智慧
2134266, 9.8, 79, 普贤上师言教
11592003, 8.1, 291, 不得贪胜
24533105, 8.5, 198, 生命这出戏
6101341, 8.4, 216, 回到当下的旅程
24708188, 9.1, 122, 哪怕两手空空
1428473, 8.6, 180, 告e娑婆
19995936, 7.4, 641, 往西，宁静的方向
4164215, 7.7, 439, 当一切改变时，改变一切
20386246, 7.8, 390, 人生那么长，停一下又何妨
3248865, 8.6, 177, 活着，就要幸福
1351217, 9.2, 111, X醒的勇狻栋⒌{之修心七要》
23037911, 9.1, 119, 正念禅修
1444813, 8.4, 209, 灵魂的黑夜
10755668, 8.6, 175, 自我观察
4843449, 8.7, 161, 无量寿经
2080980, 8.2, 251, 懂得健康
4030358, 7.9, 341, 心灵午夜密谈
3928558, 8.7, 159, 宁静的森林水池
1456019, 9.0, 125, 到达真爱的旅程
11498624, 9.1, 116, 心湖上的倒影
3352074, 8.1, 268, 萨提亚冥想－内在和谐、人际和睦与世界和平
26377479, 8.1, 268, 素食
10573947, 9.4, 93, 无死的金刚心
26126563, 8.1, 264, 囚徒健身2
1255977, 8.8, 142, 童蒙止观校释
1193313, 9.7, 76, 心经诀隐
25805198, 8.3, 214, 初学者的冥想书
6006409, 7.7, 393, 生命数字密码
2382103, 8.6, 162, 生与死的冥想
25885424, 7.4, 563, 不焦虑的女人：《金刚经》教授女人静心课
1950044, 9.1, 110, 生命、爱与欢笑
6840678, 7.2, 735, 于丹趣品人生
2216161, 8.9, 127, 心灵花园
4225194, 8.6, 157, 生活的难题
3082201, 9.6, 77, 大智度论
2134786, 9.1, 107, 觉悟之道
4326244, 8.4, 185, 与心对话
2159379, 9.0, 114, 禅观正脉研究
5907290, 8.6, 154, 业力管理
6001611, 8.4, 182, 瑜伽之树
3070942, 8.3, 199, 如实生活如是禅
6800946, 7.1, 791, 做自己的先知
2018401, 8.9, 121, 习禅录影
3070498, 9.3, 91, 你可以更慈悲
1388359, 8.9, 120, 瓶同\
3662078, 8.6, 151, 生活在禅中
1388288, 9.4, 84, 人相的本|（斯）上、下
4729791, 9.4, 84, 回到当下
3424068, 7.6, 395, 生命的心流
1418371, 8.4, 175, 灵魂之旅
2374344, 9.6, 73, 掌中解
1474445, 8.8, 125, 静心
6522881, 7.9, 278, 与仓央嘉措一起修行
5301258, 8.6, 145, 个人觉醒的力量
4850804, 8.3, 187, 禅与生活
4872667, 8.1, 225, 爱自己
1423467, 9.0, 106, 浩渺无垠
26315455, 7.9, 273, 心之道
3994012, 9.3, 86, 入中论讲记
2970301, 8.7, 130, 生活禅钥
1087375, 9.4, 79, 孙禄堂武学录
21966337, 8.9, 111, 论关系
6018571, 9.3, 84, 轮回是战场，菩萨是勇敢的战士
1335321, 8.4, 165, 矍槿占星
4247651, 8.6, 139, 生命不再等待
6894125, 8.4, 164, 回家之旅
6313401, 8.5, 150, 生命即当下
6313354, 8.8, 118, 让阳光自然播洒
6986029, 8.1, 211, 心灵突破60问
3640005, 8.5, 147, 全然接受
21249031, 8.6, 135, 灵性亲密关系
6528785, 9.1, 93, 终止你内心的暴力
1267063, 8.9, 107, 让心自由
1292291, 8.8, 115, 白云之道
1351050, 9.4, 76, 修行百《在俗世修行的一○一忠告》
25803201, 8.2, 188, 家师逸事
3809822, 8.6, 132, 禅的真义
4126251, 9.1, 91, 八正道
1134133, 9.2, 85, 米拉日巴传
25798953, 8.4, 155, 大地母亲时代的来临
3804304, 8.8, 112, 证悟
2240291, 8.3, 168, 秘苑玫瑰
3297281, 9.4, 74, 皈依修学手册
1423464, 8.8, 111, 思考从结论开始吗
1436700, 9.0, 96, 做个喜悦的人
1460381, 8.6, 129, 沙的智慧
10521979, 8.2, 180, 唤醒内在的智慧
6002550, 8.0, 214, 轻而易举的富足
24371137, 8.1, 194, 城市就是健身房
1332029, 8.0, 212, 胞
1491082, 7.2, 527, 一个瑜伽行者的自传
11522757, 8.6, 125, 生命之花的`性法t
3464891, 8.3, 160, 西藏的睡梦瑜伽
25711748, 8.5, 134, 灵性的自我开战
4101204, 9.1, 85, 发心
25746237, 8.2, 171, 生命之轮
3928342, 8.5, 132, 南怀瑾先生答问集
1169532, 9.3, 74, 虚云和尚开示录
6072799, 8.8, 104, 冥王星：`魂的演化之旅
4714878, 8.6, 121, 愉快的书法
4806691, 8.2, 169, 你值得更幸福
2278308, 8.4, 140, 生命
4879054, 8.7, 109, 回到你心中
4932903, 8.5, 127, 灵魂之心
6886394, 8.4, 137, 你可以不生气
3572716, 9.2, 76, 瑜伽之光
2371271, 8.7, 107, A知生命大：由恐肿呦鄣撵`魂M化旅程
4194910, 7.7, 262, 开启的世界
6424417, 8.7, 106, 一心走路
3881415, 9.4, 66, 一梦漫言
5063378, 7.8, 230, 进入你的感官世界
3091645, 9.3, 69, 噍
3885660, 8.2, 156, 生命不仅仅如此
4077967, 8.5, 121, 这个世界的真相
1372203, 9.2, 73, 仍诘幕鹧妫唐望故事
3005084, 8.9, 89, 信心铭
26350938, 8.4, 130, 悟道录
25747198, 9.3, 68, }全
25662148, 8.6, 110, 南师所讲呼吸法门精要
25734499, 7.8, 222, 这世界啊，随他去吧
2368360, 8.0, 181, 领袖性格
2185252, 9.1, 76, 蕙兰瑜伽
1005770, 8.9, 87, 寻找奇迹
2159947, 8.6, 108, 参禅日记
2327357, 9.1, 75, 博伽梵歌原意
3719444, 7.3, 376, 变形纪・找自己
5364479, 8.6, 106, 静谧之心
1425757, 8.3, 134, 一行禅师释佛
2215053, 8.4, 123, 现在开始讲解瑜伽
6011081, 7.0, 547, 冥想5分钟，等于熟睡一小时
3643702, 8.3, 130, 作樯的妻子：我和邱巴的人生
6027725, 8.3, 130, 生死学十四讲
5326861, 8.8, 88, 喜悦无处不在
2133610, 8.3, 129, 召咎焓
3681643, 7.6, 251, 世上是不是有神仙
4922703, 8.6, 100, 克里希那穆提画传
1291214, 9.0, 75, 生活智慧
2977280, 9.0, 75, 降伏其心
4742960, 7.8, 198, 冥想的艺术
6440652, 8.8, 85, 六祖讲金刚经
2284458, 9.0, 74, `?奇?光行者
4879642, 8.9, 79, 大师读心经
1245515, 9.1, 69, 神圣人生论（全两册）
1057794, 8.3, 123, 东洋冥想的心理学
5408900, 8.1, 146, 阴影的力量
5974322, 8.6, 97, 与神回家
4932919, 8.3, 122, 黄庭禅
6737815, 8.2, 129, 湫碌睦硭然
3103049, 8.1, 140, Thiaoouba Prophecy
4861583, 7.9, 168, 抛开妄想，告别任性
4875686, 8.0, 153, 逝去的武林・高术莫用
4312357, 8.2, 128, @一生楹味
1419061, 8.5, 100, 生命v程全占星
1017779, 8.7, 86, 华严金师子章校释
2018399, 8.7, 86, 生与死
25853217, 6.8, 613, 一切都是最好的安排
10546097, 8.4, 107, 陪伴生命
1899868, 9.2, 61, What the Buddha Taught
2159938, 8.8, 79, 佛f入胎今
3529202, 8.2, 125, 禅意生活
1074601, 9.1, 64, 穿越生命之界
6775832, 8.5, 97, 生而为人
2378182, 8.0, 147, 图解瑜伽经
25792009, 7.7, 196, 不分心：初学者的正念书
2225575, 9.7, 45, 圆觉经
2382446, 9.7, 45, 妙法莲华经
5348108, 8.7, 83, 因是子佛学入门
5288935, 9.1, 63, 我说参同契（上中下）
3272443, 8.0, 142, 生命的教导
25769406, 7.6, 209, 一个人不要怕：完美升级版
1016324, 7.7, 188, 珍贵的礼物
10480843, 8.9, 70, 身心灵全面疗愈
3413662, 8.7, 80, 了凡四训
6509471, 7.4, 254, 大成若缺
1281554, 8.5, 92, 心经与生活智慧
25720754, 8.5, 92, 办公室实用暴力美学
3653133, 9.4, 51, 光的课程
25755541, 8.6, 85, 不抑郁的活法：六祖坛经修心课
7062415, 7.6, 200, 寻访终南隐士
26372364, 7.6, 200, 你在忙什么
6105662, 8.2, 114, 不思考的
25774384, 8.6, 83, 冥想
11513516, 9.5, 47, 琉璃光如肀绢功德
3931781, 9.9, 38, 王骧陆居士全集（上下）
2052420, 8.4, 95, 圣雄箴言录
1358674, 8.5, 88, UWSP
3017588, 8.0, 132, 佛教
25827479, 8.7, 76, 再活一次，和人生温柔相拥
1624701, 9.0, 62, 明清四大高僧文集
3115092, 8.9, 66, 生与死的禅法
3391977, 8.4, 94, 禅悦
1370367, 9.1, 58, 老的予－唐望故事
3797804, 9.7, 41, 观世音普门品
3033405, 8.5, 86, 当绿叶缓缓落下
10539151, 9.0, 61, 茶道淼氖五N幸福
2371261, 9.1, 57, 新世oPN之光
25893196, 8.6, 79, 与自己和解：治愈你内心的内在小孩
20442309, 9.5, 45, 朋w源流
25918577, 7.7, 168, 每时每刻皆为逍遥时光
4714816, 8.2, 107, 心经
1029184, 8.7, 73, 曾国藩家训
1441400, 8.2, 106, 生死的幻觉
20387639, 8.2, 106, 《庄子》内七篇析义
19987165, 8.0, 125, 破碎重生
1873114, 9.8, 38, 佛法要论
21966338, 8.4, 90, 心灵日记
26767504, 8.2, 105, 孤独
1372123, 8.8, 67, 巫士的鞒校唐望故事
3628063, 8.3, 96, 奈粗中解
6437041, 7.7, 161, 沉默入门
2185633, 7.8, 146, 吃茶一水间
5346154, 9.0, 58, 佛陀之心
1838801, 9.6, 41, 转识成智――贾题韬与佛学
2040967, 8.4, 87, 千峰映月
2284446, 8.9, 61, 梦参禅学系列:修行.随缘.禅・简单启示
10791825, 8.9, 61, 觉醒之后
3126279, 8.2, 101, 佛陀小传
5340971, 7.7, 157, 放下，刹那花开
6952711, 8.2, 100, 生命之光
20440847, 7.9, 129, 前世今生2
3269870, 8.3, 92, 奥义书
5214622, 9.2, 50, 般若经讲记
3388249, 9.5, 42, `性成L
20423414, 8.0, 115, 不思考的练习
1331944, 8.9, 59, 成熟
24872436, 8.7, 67, 超越孤独
10426423, 7.9, 124, 佛陀的厨房
4301498, 8.9, 58, 
4932918, 7.2, 250, 找到你的灵魂伴侣
1332010, 9.1, 51, c神橛
4212459, 8.4, 81, 心的导引
1957092, 8.3, 87, 藏传佛教中观哲学
25783416, 7.0, 312, 去远方发现自己
24743325, 8.6, 69, 从伤痛中开出最美的花
1189952, 8.5, 74, 佛教禅定
2111837, 9.0, 53, 瑜伽气功与冥想
1289226, 7.8, 129, 纯粹瑜伽
10812235, 8.5, 73, 荷欧波诺波诺的幸福奇迹
3550605, 8.4, 78, 禅与自在解脱
6526810, 7.4, 188, 小女生职场修行记
20442237, 7.6, 153, 这一生为何而来
5241253, 9.2, 46, 张廷模临床中药学讲稿
2992142, 9.5, 39, 任应秋中医各家学说讲稿
4171549, 9.5, 39, 虚云和尚全集（全9册）
5359600, 7.3, 207, 我生命的最后一天
3341128, 8.2, 89, 八仙得道传
10800709, 7.7, 137, 孤独是一种修行
10452429, 7.9, 114, 念力的秘密
4843450, 9.0, 51, 解深密经
6899256, 9.0, 51, 光明大手印：实修顿入（全二卷）
20509730, 8.2, 88, 生活就像练习
1809168, 9.6, 36, 虚云老和尚法汇
3161191, 9.0, 50, 旋宇宙序曲
4915338, 8.3, 80, 上帝从不眨眼
1360193, 8.9, 53, }能量1
4043267, 8.9, 53, 超越轮回
3336908, 9.8, 32, 解深密经
19990858, 9.4, 39, 百业经
1734346, 9.1, 46, 菩提心与道次第
25840365, 7.8, 117, 致总有一天会出发的你
11516429, 7.5, 155, 只要会呼吸.就能做冥想
2260337, 9.2, 43, 道德经圣解
1419060, 8.1, 90, 人HG份全占星
25843053, 8.2, 83, 生命的真相
1009642, 8.6, 62, 宋高僧传(上下)
24531830, 9.4, 38, 道家真气
6967324, 9.8, 31, 佛法修证心要（套装上下册）
10565780, 8.4, 70, 旅途的脚印
25755793, 8.2, 81, 唐太宗的枕边书
24844038, 7.5, 149, 看见神圣：旅途中的光影
1367200, 8.8, 53, c奇人相遇 Meetings With Remarkable Men
1347453, 9.1, 44, 修行
1353117, 8.9, 49, 阿姜查的U修世界－戒(第一部) Food for the Heart: The Collected Teachings of Ajahn Chah 
4272190, 8.4, 68, 心经禅解
3151937, 9.0, 46, 佛教心理学
3924299, 8.1, 84, 问道
1791149, 8.9, 48, 顶果钦哲法王传
24743319, 7.3, 174, 打造创意版自己
3179498, 9.0, 45, X悟勇士：香巴拉的智慧鞒
10354347, 9.0, 45, 哈达瑜伽之光
1418382, 9.3, 38, 簟⑦M化cr值完成（斯）
5214624, 8.7, 54, 学佛三要
2381207, 8.0, 89, 出走
3247505, 7.7, 115, 如何在36岁以前成功
20493038, 8.9, 47, 太阳，我的心
6829168, 8.7, 53, 唤醒能量
25910207, 8.7, 53, 灵性冲撞
25934819, 9.6, 32, 孟子与尽心篇
5405128, 7.6, 124, 生命的重建
3903192, 9.3, 37, 四圣谛讲记
1532274, 9.2, 39, 黄元吉文集:道德经讲义、乐育堂语录
20391339, 9.2, 39, 道德经注释
3082202, 9.4, 35, 大般涅经
2154936, 8.0, 86, 禅的生活
1910716, 8.7, 52, 心传录-一位西藏著名修行者的笔记
5977469, 9.5, 33, 明月
3433704, 8.5, 59, 轮回转世之约
6517272, 8.8, 48, 慧心自在
3925150, 9.2, 38, 缈嘀道
6952510, 8.5, 58, 活得安详
6969134, 8.9, 45, 凯龙星
3407488, 7.3, 160, 不丹的旅行者与魔术师
1418377, 8.6, 54, 襞c意R投射（斯）
3451011, 9.8, 28, 瑜伽师地论科句披寻记
5437087, 8.3, 66, 窈窕淑女的标准
10607781, 8.5, 57, 耶稣也说禅
2339040, 7.9, 89, 超越宗教
25725591, 8.6, 53, 红尘中最美的重逢
1245491, 9.1, 39, 学佛者的信念
6866219, 8.7, 49, 真正的修行
1359375, 8.9, 43, 你可以不生
20270778, 9.8, 27, 猪传染病防控技术
5422846, 8.4, 59, 正念之道－每天解脱一点点（万千心理）
1332101, 9.3, 34, 老子常清o
25981248, 7.5, 121, 程序员健康指南
4838589, 8.5, 54, 零阻力的S金人生
1418142, 8.7, 47, 药师经法研究
10607680, 8.3, 61, 亲密关系的重建
25695309, 8.5, 53, 超越自我之道
4723785, 8.0, 76, 冥想的力量
1418387, 9.3, 33, 心`的本|（斯）
2133593, 9.3, 33, 的故事
3009036, 6.4, 444, 口吐莲花
5404578, 7.5, 116, 西点军校送给男孩的最好礼物
1331720, 8.9, 41, y以置信：科W家探神z信息
25721642, 8.9, 41, 禅门内外：南怀瑾先生侧记
5373553, 6.7, 286, 淡定的力量
6973956, 8.4, 56, 唐立淇2012星座\荽蠼馕
25810092, 8.7, 46, 如其本来
3671027, 8.1, 69, 心的依止
4317969, 8.2, 64, 克里希那穆提精选集
2304073, 9.4, 31, 达摩四行观
7004129, 7.8, 87, 爱的能量
5962438, 9.6, 28, 心要建言
26268580, 7.5, 112, 转山八年
25977138, 7.6, 102, 金钱的灵魂
20563181, 8.5, 50, 巴坦加里的瑜伽经
4067264, 9.1, 35, `魂之
4932573, 8.1, 66, 身心合一
4099986, 9.2, 33, 密勒日巴大师全集
3348425, 9.6, 27, 空行法教：H授空行母伊喜．措嘉之教言合集
10750459, 7.6, 98, 慢慢喝水，就能消除焦虑的慢动作冥想法
25770208, 9.3, 31, 八部金刚功
3031841, 8.5, 49, 阿斯汤伽瑜伽
19899457, 7.8, 81, 对话稻盛和夫
1418379, 9.1, 34, 未知的相（斯）一、二卷
4730245, 7.9, 74, 内在小孩解道德经
4817576, 8.5, 48, 想遇到我
1157084, 8.1, 63, 止学
5422851, 8.1, 63, 觉悟的生活
22994123, 8.1, 63, 禅与生活
4334314, 8.2, 58, 拙火瑜珈
20241536, 8.2, 58, 转念的力量
26256971, 8.2, 58, 新零极限
3135250, 9.1, 33, 陈撄宁仙学精要（上下）
4931803, 9.5, 27, 安士全书白话解（上下册）
3013474, 8.7, 41, 心灵简史
26600144, 7.9, 71, 生活U
1511427, 9.4, 28, 雪狮的蓝绿色鬃毛
1320077, 8.2, 56, 瑜伽论
4291228, 8.9, 36, 自在之行
23762193, 8.8, 38, 禅修指引
1360194, 9.1, 32, }能量II
3000360, 9.1, 32, 静止的流水
25719315, 7.9, 69, 梦想花园
24867995, 8.4, 48, 寻找当下最美的自己
2370820, 9.5, 26, 碜哉世界的音 Views from the Real World
3360984, 8.3, 51, 大手印实修心髓
1019116, 8.8, 37, 绘画菜根谭
26738816, 7.8, 73, 莫过如此
5299299, 8.1, 58, 前世的愿望是今生的际遇
10566302, 7.6, 86, 富在工作
7006517, 8.3, 50, 刹那冥想
4071592, 9.1, 31, 喜乐的曼达拉
5372473, 8.0, 61, 心灵的重建
3005138, 8.8, 36, 禅说庄子（一）
25941529, 9.7, 23, 《禅海蠡测》语译
26021872, 9.7, 23, 阿毗达摩讲要（上）
1466857, 8.5, 43, c生命相s
1353177, 9.2, 29, 阿姜查的U修世界：定(第二部) Food for the Heart: The Collected Teachings of Ajahn Chah 
2139001, 8.7, 38, 俄罗斯精神巨匠长老西拉
3183277, 8.7, 38, 心的世界
4930471, 8.7, 38, 圣严法师教观音法门
4294466, 8.1, 56, 沉思课
4292048, 8.2, 52, 秘源
26678965, 8.2, 52, 人生啊，要拿得起放得下
7053270, 6.5, 276, 玛雅日历2012
4309492, 7.7, 75, 秘源
2382668, 8.1, 55, 古代神zW院入T：超感能力c}_通
1495041, 9.3, 27, 信心
2080982, 9.3, 27, 一行禅师佛学讲演录
24872437, 8.2, 51, 《杂阿含经》校释（全八册）
10732497, 7.2, 117, 气场修成手册
3778814, 8.4, 44, 如何聆天使息
1517799, 9.0, 31, 七真传
1823478, 7.9, 62, 瑜伽之路
3691428, 8.5, 41, 灵性科学入门
10426428, 8.5, 41, 当下觉醒
23801765, 9.7, 22, 前行引导文
25843915, 7.7, 72, 爱是勇者的游戏
2139643, 9.1, 29, 成佛之道--殊胜证悟道前行法
3101193, 9.1, 29, 晚晴集v
1542594, 8.7, 36, 道教与养生
26383445, 8.7, 36, 开悟者眼中的生命真相
1199058, 8.9, 32, 神会和尚禅话录
6773038, 8.9, 32, 生命的完整
21365396, 7.6, 77, 伪善入门
2091863, 9.0, 30, 大念住经要义
20385695, 8.4, 42, 精神分析与佛学
1332025, 8.7, 35, `魂D生的W秘
4258869, 8.0, 55, 生命可以如此（下）
20493040, 8.8, 33, 来自心上的答案
1359334, 8.6, 37, 荷光者
25850143, 8.6, 37, 我们真正的归宿
1393917, 9.4, 24, 代南鞣鸾檀
2110677, 9.3, 25, Burlesque and the Art of the Teese/Fetish and the Art of the Teese
6811600, 9.0, 29, 五灯会元
20474818, 8.6, 36, 呼吸之间
26910859, 8.8, 32, 冥想
2283575, 8.2, 46, 不老的身心
7015786, 7.8, 61, 拉筋让你更年轻
1962491, 7.5, 78, 瑜伽哲学十四讲
21427100, 7.2, 103, 内在小孩
10569636, 8.4, 40, 觉悟
2185156, 8.2, 45, 道海玄微
10512476, 8.2, 45, 爱的正念
1183544, 8.6, 35, 佛教各宗大义
26743743, 8.3, 42, 穿越孤独
3214577, 8.7, 33, 我从西藏来
5214627, 8.7, 33, 药师经讲记
1148046, 7.6, 70, 荣格心理学与佛教
4919592, 8.8, 31, 圣严法师教默照禅
1901933, 8.4, 39, 禅风禅骨
2138218, 8.4, 39, 禅者的思索
6753671, 8.4, 39, 空性之舞
26781653, 8.4, 39, 弗洛伊德遇见佛陀
1811549, 9.7, 20, 来果禅师语录
3090784, 8.3, 41, My Stroke of Insight
3126372, 7.6, 68, 心想事成的秘密
24878128, 7.4, 79, 世界越来越狠，但完全可以战胜
2019264, 9.3, 23, 菩提道次第广论集注（卷1-13）
3217711, 9.3, 23, 观世音菩萨普门品浅释
6958231, 8.2, 41, 星云禅语
1418385, 8.7, 30, 心`探U─斯修法
3451119, 8.1, 43, 定不在境
26654398, 8.0, 46, 没什么放不下
1107405, 9.2, 23, 步入解脱
21354724, 9.2, 23, 内观基础
5483229, 9.4, 21, The Big Book of Endurance Training and Racing
3703077, 9.1, 24, 大准提陀罗尼法门
1341738, 8.3, 37, 死亡．奇．A言
1353204, 9.0, 25, 阿姜查的U修世界－慧（第三部）Food For The Heart : The Collected Teachings of Ajahn Chah 
4665276, 7.9, 48, 李少波真气运行法
26380032, 7.4, 71, 有梦不觉人生寒
1011632, 8.2, 39, 周易参同契注译?悟真篇注译
1331729, 8.9, 26, c`贤
6399045, 8.9, 26, 中观论颂讲记
1411340, 8.8, 27, 临济录
1439496, 8.6, 30, 不逃避的智慧
7361316, 8.6, 30, 心力
25843244, 8.2, 38, 人生就是放下
5959519, 7.8, 50, 明日之神
1877052, 9.1, 23, 菩提道次第广论
5908488, 9.1, 23, 掌中之叶
2977544, 7.9, 46, 佛教十二讲
2022775, 9.0, 24, 金刚密乘大圆满
10519204, 9.0, 24, X醒r刻
22601779, 9.0, 24, 与无常共处
1821723, 8.5, 31, 中华仙学养生全书（全三册）
25816535, 7.2, 78, 嫁给西藏
25873654, 7.3, 71, 不纠结的修行
1320088, 8.3, 34, 综合瑜伽
1430513, 8.3, 34, 道德自我之建立
3704368, 7.9, 44, 性格卡片
3168068, 8.7, 27, 亲临风尚
4827137, 8.2, 36, 爱的提醒
26276646, 8.2, 36, 灵魂的暗夜
20431439, 8.5, 30, 心灵治疗与宇宙传统
4915767, 9.1, 22, 佛在人间
26643059, 9.1, 22, 话说中庸
25981306, 7.5, 59, 少有人走的路4
26359465, 9.3, 20, 永不失败的面包烘焙教科书 （享誉世界的日本y专业厨艺联盟学校的面包大师教你零失败做面包，800多幅专业图片步步图解，20
22994122, 7.8, 46, 悟性的提升
1353087, 8.8, 25, ^照的奇
10776288, 7.8, 45, 这世界无处不美
4882127, 8.0, 39, 阿维斯塔
6998457, 7.4, 61, 感谢那些让你不开心的事儿
2122198, 8.3, 32, 道家养生学概要
10583429, 8.3, 32, 禅：两刃相交
1895990, 9.1, 21, 橘子U
25798759, 9.0, 22, 世界上最幸运的人
5326866, 8.1, 36, 乔普拉七法则
2046190, 8.9, 23, Be Here Now
3630925, 8.9, 23, 非常心经
6892010, 7.5, 55, 这是我的人生，不是别人的
2064837, 8.7, 25, 狂野作
10758645, 9.4, 18, 印光大师文钞菁华录
26914216, 8.3, 31, 山是山水是水
2078742, 8.1, 35, 南怀谨与彼德・圣吉
5373522, 8.0, 37, 心灵的成长比成功更重要
2113720, 7.6, 49, 佛教伦理学
1641386, 8.9, 22, 弘一法师年谱
4222475, 8.9, 22, 天堂教我的七堂n
5995329, 8.9, 22, 炎夏飘雪Snow in Summer
20283127, 8.5, 27, 活在恩典中
6759143, 7.5, 52, 冥想日记
3005085, 8.8, 23, 禅说庄子
11631823, 7.2, 66, 王阳明最神奇的心学
1924940, 7.7, 44, 让兔子去跑，别教猪唱歌
26838508, 7.7, 44, 具身认知：身体如何影响思维和行为
3159893, 7.5, 51, 双手合十
4074775, 9.3, 18, 了解性，超越性―从性到超意识
2101454, 8.6, 25, 与天堂对话
6903272, 6.9, 85, 猫的禅
5409005, 7.6, 46, 当下的觉醒
5248396, 8.9, 21, 观音菩萨与观音法门
5913296, 7.1, 69, 白云深处
25736047, 9.0, 20, 云深不知处
25870097, 8.7, 23, 探索与洞察
4738691, 9.2, 18, 《问道》第五～九辑
4766748, 6.8, 90, 绝望中遇见梅尔达
4291226, 8.0, 33, 真爱无惧
2221907, 8.4, 26, 止观讲义
25718092, 7.7, 40, 零极限的美好生活
3072614, 7.3, 54, 不笑烟花只笑禅
4008617, 9.1, 18, 地狱游记
10440019, 7.6, 42, 生命的觉醒
24696936, 8.4, 25, 随处自在
3409263, 9.2, 17, 大乘o量劢白解
3277935, 8.3, 26, 室利・罗摩克里希那言行录
1358642, 8.4, 24, |疑克里希那穆提
3940887, 8.4, 24, 越尘集
25960652, 6.8, 76, 英雄
6534521, 8.6, 21, 法华经新释
2989617, 8.8, 19, 鬼谷子人生智慧
10524093, 7.4, 44, 改变大脑的灵性力量
2250880, 7.5, 40, 做自己的心理治疗师
10776300, 7.3, 46, 心学大师王阳明
6014497, 8.2, 25, 老子瑜伽
6731393, 7.4, 42, 活着即修行
1807542, 8.3, 23, 名山游访记
1335302, 7.7, 33, 生命不死
3042387, 8.9, 17, 佛学今诠
26805290, 8.0, 27, 清凉山上
4277062, 8.2, 24, 因是子健康养生经
4278490, 8.2, 24, 邀你的指ъ`
24714158, 7.1, 50, 喝茶是修行
4168771, 8.4, 21, 心如野马：转化烦恼的修心七要
20444264, 8.6, 19, 改造生命的原理
26654401, 8.0, 26, 有什么舍不得
10759322, 8.2, 23, 奇迹
19987734, 8.2, 23, 修真图
4714893, 8.0, 25, 爱的勇气
3699031, 7.9, 26, 图解观呼吸
4015601, 7.3, 39, 30天W`魂出w
6973241, 8.7, 17, 姥姥的`悟天-生命大X醒的智慧
4721379, 7.8, 27, 秘密全集
10796790, 8.8, 16, 密宗道次第广论
6124328, 7.3, 38, 冥想
2006810, 8.3, 20, 曲肱斋全集
6726121, 8.3, 20, 彭鑫谈内壮健康法
6967598, 8.3, 20, 禅堂夜话
3945369, 8.2, 21, 参同契阐幽・悟真篇阐幽
24704442, 8.2, 21, `魂的出生前
11444013, 7.7, 28, 道家内证与生命科学
11578301, 7.7, 28, 科学禅定
3560425, 7.8, 26, 五十到一百的人生规划
26588563, 7.5, 31, 断舍离・瑜伽篇
2275168, 8.3, 19, 爱德加・凯西自然疗法健康手册
3127007, 8.2, 20, 手感和L刺子C
4269725, 8.8, 15, 性命圭旨
26313131, 7.4, 32, 秘密实践版
25914819, 7.7, 26, 生活是最好的修行：办公室里的修行课
4254197, 7.9, 23, 太极拳往事
2982662, 7.8, 24, 如何安心如何空
10448566, 7.6, 27, 疗愈场
25809412, 8.2, 19, 中国佛教文化简明辞典
20516782, 7.4, 30, 金刚经・心经释义
23134222, 6.8, 48, 这些年，我们都忘了爱自己
10738024, 7.3, 31, 道路无限宽广
1790823, 8.3, 17, 甘露法洋
4085090, 8.3, 17, 非常坛经
1363207, 8.4, 16, 106q，有鄄焕
4026605, 8.4, 16, 童蒙止^ 六妙法T
25911995, 7.2, 32, 别让小情绪害了你
26318150, 6.7, 48, 精神问题有什么可笑的
1462604, 7.0, 37, 拙火
1019410, 8.0, 19, 钟吕传道集注译?灵宝毕法注译
25763702, 7.9, 20, 看不见的彩虹：人体的耗散结构
2978400, 7.4, 27, 内丹养生功法指要
3674013, 7.4, 27, 胜王瑜伽禅定之道
3597822, 8.2, 17, 佛子行三十七颂
1418281, 8.3, 16, 能量t
26710502, 8.3, 16, 幕后：一位觉者的实修日记
3994787, 6.8, 42, 遇见喜马拉雅山的大师
3904766, 7.9, 19, 新编吕洞宾真人丹道全书（上中下）
3794437, 8.0, 18, 超越生死T
2556325, 8.1, 17, If You Meet the Buddha on the Road
20562736, 8.1, 17, 就在今生
10588664, 8.2, 16, ，好幔浚好骶腿什ㄇ小搁_心U」引
25873060, 6.7, 43, 不离不弃，且行且珍惜
2008751, 8.3, 15, 罗摩功行之湖
3370177, 7.9, 18, 新编张三丰先生丹道全书
26585417, 7.9, 18, 冥想，活在当下的练习
6026163, 7.8, 19, 牛的印迹
10560601, 7.8, 19, 呼吸的科学
2228179, 7.7, 20, 艺苑趣谈录
14267173, 8.4, 14, 又行扌
26720006, 8.4, 14, 人本食气
2160114, 8.1, 16, 印加巫士的智慧洞
6729199, 7.5, 22, 哲学书简
1879279, 8.2, 15, 手臂录
2346846, 8.2, 15, @密A通成佛心要集
2548970, 7.8, 18, Ultimate Journey
6537002, 7.8, 18, 不理
25769462, 7.7, 19, 愈少愈自由
6870643, 8.3, 14, 瑜珈:身心`合一之旅
1470244, 7.9, 17, 美赫巴巴语录
1742556, 7.9, 17, 道书十二种
2029296, 8.0, 16, 百法明门论讲析
24841280, 8.0, 16, 袁了凡静坐要诀
26844213, 8.1, 15, 雪漠2016年最新力作《空空之外》
3701893, 7.1, 27, 活出热情
26342284, 6.5, 44, 认识你自己
24531902, 6.6, 40, 全观的视野
25928760, 8.2, 14, 瑜伽之心
26685599, 7.7, 18, 自由・修行・幸福
11601379, 7.6, 19, 生命的真相
2286963, 7.8, 17, 空虚的云
1468199, 7.9, 16, 禅定指要
2992144, 7.9, 16, 刘景源温病学讲稿
10541147, 5.2, 253, 你在荒废时间的时候，别人都在拼命
22010232, 8.0, 15, 心`女鹗
4816684, 8.1, 14, 遇见巴楚仁波切
2346880, 7.8, 16, UcX：_悟如何改大X的\作
7007314, 7.8, 16, 感恩太极
3013926, 7.9, 15, `性团d：科Wc宗教的整合道路
4816970, 7.3, 21, 养生有良方
3894517, 8.0, 14, 敞开你的心扉
6403859, 8.0, 14, 中即解：藏hψgb本
1530038, 7.6, 17, 修道入门
26377143, 7.3, 20, 诸般不美好皆可温柔相待
10517927, 8.1, 13, 大圆满前行释修宝典
4893191, 6.5, 36, 一个老男人给女人的N条忠告
11631078, 7.9, 14, 升起你的`性天
24873059, 8.2, 12, 松X藏:向空行母伊喜 措嘉_示之甚深藏口E
2311106, 7.6, 16, 易经新解
1937749, 7.7, 15, `魂出w
21328006, 7.7, 15, 在浮世
6784026, 7.8, 14, 长老偈・长老尼偈
3643714, 8.1, 12, 鳎荷花生大士的生平故事
4583203, 8.1, 12, 如何面对痛苦
26679145, 8.1, 12, 芳C全
25798747, 7.0, 22, 十年游走，带着孩子去旅行
1359390, 7.9, 13, 再造自己
4085089, 7.9, 13, 非常金刚经
6513845, 7.6, 15, 找回祈\的力量
2227017, 6.9, 23, 用声音打通经络
6967365, 7.7, 14, 自从有了你
25955929, 7.7, 14, 和平勇士的智慧之道
3609323, 8.2, 11, 移喜措嘉佛母密传
2041043, 8.0, 12, 西藏密教之父阿底峡尊者
11026658, 8.0, 12, 名望，富c野心
25951724, 8.0, 12, 幸福
6742496, 7.8, 13, 灵性的奥秘
20435851, 7.8, 13, 正念的心理治疗师（万千心理）
24755316, 7.8, 13, 印度さz之旅：在印度遇R哈希
4880186, 7.2, 18, 自由跑酷
26564839, 7.6, 14, 帝国镖路
1709806, 8.1, 11, 太虚法师年谱
10434758, 8.1, 11, 摩X止^
10618039, 7.9, 12, 彩虹丹青
23744106, 7.7, 13, 30岁之后最好的修行是婚姻
4028206, 7.4, 15, 图解西藏睡梦瑜伽
6966300, 7.4, 15, 你生而富有
26291539, 7.4, 15, 正念冥想
1401097, 7.8, 12, 米
26790125, 7.8, 12, 注意力
5984809, 8.2, 10, 事业洲岩传法-六中有自解脱导引
3408295, 7.1, 17, 《摩诃止观》修道次第解读
2309404, 7.0, 18, 跟南怀瑾大师学佛悟道
25784153, 7.3, 15, 人可能进化的心理学
1191784, 7.7, 12, 至尊宗喀巴大师传
3152561, 7.7, 12, 优雅的离去
4885262, 7.7, 12, 翳べづc自然光的修
26581103, 7.2, 15, 宇宙的裂缝：一位修禅者的科学观
6963747, 7.8, 11, 今生
4216649, 7.6, 12, 密教特异功能开发法
6150303, 6.8, 19, 正念生命中重要之事
5998210, 7.4, 13, @一生要具涞氖N力量
26308452, 7.4, 13, 静心禅绕画
7564216, 7.7, 11, 禅定入门
26334620, 7.7, 11, 幸福来自绝对的信任
2344060, 7.9, 10, 禅宗心法
5440594, 7.9, 10, 走进王芗斋
10535994, 7.9, 10, 就在当下
1941639, 7.3, 13, 大智度论的故事
1325337, 7.4, 12, 郭店楚简老子校释
4717432, 7.7, 10, 作为佛教的佛教
20265939, 7.0, 14, 内心强大，谁都伤不了你
25875338, 7.2, 12, O的手感
1805320, 7.5, 10, 女子美德书
10449756, 7.5, 10, 丹道薪传
4215116, 5.1, 82, 离开公司你什么都不是
20426050, 7.4, 10, 至上瑜伽
