2017-01-23 16:17:59
Tag: 健康
The number of books: 829 

ID, rating, votes, title
20431965, 8.5, 8399, 只有医生知道!
20507206, 9.1, 2969, 众病之王
25717097, 8.7, 3485, 囚徒健身
2000641, 8.2, 4357, 求医不如求己
3181927, 7.6, 10287, 大便书
1440885, 8.0, 5025, 人体使用手册
1254942, 9.2, 1069, 黄帝内经
1060298, 8.6, 2094, 思考中医
4121562, 7.9, 4898, 吃的真相
7067916, 9.3, 844, 施瓦辛格健身全书
11608712, 8.7, 1434, 无器械健身
1105890, 8.2, 2552, 生命的重建
3318174, 8.2, 2217, 这书能让你戒烟
1485625, 9.1, 757, 瑜伽之光
2074851, 8.1, 2450, 食品真相大揭秘
26359758, 7.9, 2495, 硬派健身
3433208, 8.5, 1093, 问中医几度秋凉
2270925, 8.5, 1050, 病者生存
1984347, 8.3, 1238, Power Sleep
24751913, 9.0, 546, 健瘦身，一把椅子就蛄耍
25768216, 8.8, 664, 冀连梅谈：中国人应该这样用药
24751904, 8.9, 544, 塑身女皇教你吃出窈窕c健康
1900356, 8.5, 787, 中国健康调查报告
26592648, 9.0, 461, 癌症・真相：医生也在读
1091751, 8.9, 501, 瑜伽
3655433, 8.4, 799, 西尔斯怀孕百科
19930665, 8.5, 671, 重生手记
1058276, 8.5, 665, 走近中医
1862145, 8.0, 1187, YOU：身体使用手册
25750714, 7.7, 1472, 爱上跑步的13周
1959248, 8.4, 616, 科学成就健康
5068077, 8.3, 611, 拉伸
5946541, 7.8, 1077, 吃的真相2
3924442, 8.4, 491, 黄帝内经家用说明书(上古天真论)/国医健康绝学系列
4077879, 8.4, 484, 零起点学中医
2339948, 7.9, 851, 黄帝内经・养生智慧
26706730, 9.1, 232, 肠子的小心思
3619883, 8.8, 297, 神医这样看病
1916819, 8.1, 596, 美丽圣经
1326023, 8.7, 321, 肌肉健美训练图解
4114636, 8.3, 470, 性学观止（上下册）
3374562, 8.5, 382, 营养圣经
2240612, 7.1, 2208, 不生病的智慧
25999980, 8.3, 445, 妇产科男医生告诉你
2136633, 7.4, 1361, 31岁小美女的养颜经
25910692, 8.8, 268, 科舟求健
25882638, 7.0, 2368, 轻断食
3567734, 7.7, 817, 黄帝内经使用手册
2340062, 7.4, 1199, 跑步圣经
3140556, 7.7, 752, 内因决定外貌
5411583, 8.6, 279, 中国居民膳食指南
21330892, 8.8, 233, 黄帝内经・四气调神
2310529, 8.8, 226, 遵生八笺
3148591, 7.6, 804, 从头到脚说健康
26292422, 7.7, 683, 顾中一说：我们到底应该怎么吃？
3115895, 7.9, 521, 两个素食者的创意厨房
1678412, 9.1, 167, 名老中医之路
25778505, 7.7, 656, 女人明白要趁早之和潇洒姐塑身100天
22993407, 7.7, 622, 跑步，该怎么跑？
26852595, 9.7, 103, 解梦大师
4056324, 8.4, 284, 因是子静坐养生法
6507601, 9.3, 126, 生命喜悦的祈祷
5067922, 8.1, 349, 回家吃饭的智慧
3419515, 8.0, 387, 青花鱼教练让男人拥有“王”字腹肌
26312476, 7.5, 652, 你的身体，是一切美好的开始
3219204, 8.1, 316, 跑步
26837082, 9.2, 122, 消失的微生物
3271484, 9.0, 140, 全注全译黄帝内经(上下)
26774272, 8.2, 276, 一平米健身：硬派健身
2130180, 8.7, 175, 怀孕圣典
11520909, 8.5, 207, 崔玉涛图解家庭育儿1
3070273, 7.8, 406, 人体复原工程
25747269, 7.7, 454, 颠覆医疗
24696686, 8.2, 257, 范志红：不懂健康，难做美丽女人
26648290, 9.0, 129, 酸痛拉筋解剖书
2080980, 8.2, 251, 懂得健康
6729866, 7.3, 673, 健康流言终结者
26126563, 8.1, 264, 囚徒健身2
3693826, 7.6, 449, 美肌生活
2047387, 8.4, 195, 图解本草纲目
2052636, 7.9, 316, YOU身体使用手册2-腰部管理
4166077, 8.2, 228, 这才是中医
3042606, 7.3, 607, 温度决定生老病死
1798844, 7.1, 797, 水是最好的药
3924465, 8.0, 262, 手到病自除
2015976, 7.5, 457, 人体经络使用手册
3997272, 8.3, 196, 万病皆可心药医
1907518, 8.3, 195, 气的乐章
26377453, 7.6, 399, 谷物大脑
3411059, 8.9, 117, Meeting Research and Education Needs in Coastal Engineering
3030861, 8.0, 252, 曲黎敏养生十二说
25843816, 8.5, 158, 徐文兵、梁冬对话：《黄帝内经・天年》
1593696, 10.0, 56, 擒拿与格斗
7062736, 8.4, 165, 营养圣经
5038579, 8.2, 197, 看懂食物标签
3140555, 8.1, 216, 活到天年
1822851, 7.6, 364, 医事
1931462, 8.0, 237, 非常瘦身
5390793, 9.1, 95, 艾扬格瑜伽
24891766, 7.8, 288, 怀得上，生得下
6799531, 7.6, 351, 人体地图
2971250, 7.8, 281, YOU：身体锻炼手册
1925936, 9.0, 99, 默克家庭诊疗手册
5241992, 9.1, 92, 人体
6389915, 7.4, 440, 脸要穷养，身要娇养（全新图文修订版）
3793789, 8.0, 226, 不生病的纪律
26894476, 9.6, 66, 华人育儿百科
3112468, 8.2, 183, 悦食悦己
3622394, 7.7, 294, 从头到脚要美丽
26613060, 7.7, 293, 食帖06：理想身材，吃即王道！
24371137, 8.1, 194, 城市就是健身房
25755874, 7.6, 323, 运动改造大脑
11581273, 8.1, 188, 减肥这件正经事儿
3758306, 8.2, 166, 女人的身体 女人的智慧
25821789, 7.9, 218, 马拉松训练宝典
26615680, 8.5, 126, 暖暖的女人不生病
3572716, 9.2, 76, 瑜伽之光
19980140, 8.0, 195, 四周练出一身肌肉
3174905, 8.6, 115, 人生的四大秘密
4905858, 7.9, 209, 后天美女养成记
10738864, 9.2, 74, 中医人生
1209019, 9.4, 65, 告别腋臭
25909417, 8.6, 111, 虾米妈咪育儿正典
24294495, 7.7, 249, 脾虚的女人老得快
25782929, 8.6, 110, 崔玉涛图解家庭育儿7
2293412, 9.5, 60, 蕙兰瑜伽 简易系列三碟装3片装(DVD)
25917319, 8.7, 101, 徐文兵、梁冬对话・黄帝内经・金匮真言
2185252, 9.1, 76, 蕙兰瑜伽
1445810, 9.6, 56, 痔疮揭秘
26387817, 8.3, 137, 核心基础运动
4827425, 8.4, 126, 阴阳一调百病消
1007580, 8.6, 107, 瑜伽手册
25698974, 8.3, 135, 吃对你的家常菜
4209949, 7.6, 264, 胖补气 瘦补血
3903009, 7.2, 423, 不上火的生活
3110727, 7.6, 261, 黄帝内经
19930175, 7.7, 234, 吃的真相3
3621280, 7.1, 475, 这样吃最健康
1261928, 9.7, 51, 跟我吃――不会便秘
3527661, 7.5, 284, 医行天下
4930738, 7.0, 527, 卷卷就能瘦！
3681643, 7.6, 251, 世上是不是有神仙
3056109, 8.4, 118, 哈他瑜伽关键肌肉全解
26369484, 7.2, 398, 我们为什么会发胖？
4855867, 8.0, 166, 两个素食者的创意厨房2
4322411, 7.5, 275, 把健康彻底说清楚
1318127, 7.7, 219, 食物是最好的医药
24858364, 6.8, 672, 神奇的肌肤能量书
2158970, 7.0, 500, 露露胖公主变身记
3656423, 7.7, 215, 我的那条叫做“抑郁症”的黑狗/与抑郁症相伴的日子
26866642, 9.6, 51, 救护车到来前，你能做什么？
1958732, 7.4, 294, 瑜伽天后LULU&#39;S脊美瑜伽
26760489, 9.4, 56, 冀连梅谈：中国人应该这样用药（图解母婴版）
3700467, 8.4, 108, 求医不如求己家庭医学全书
1748027, 7.1, 404, 法国女人吃不胖
3062584, 7.4, 265, 病从寒中来
10558529, 8.5, 94, 药房里买得到的传世名方
25802255, 8.5, 94, 崔玉涛图解家庭育儿8
1146495, 8.7, 81, 身体使用手册
3354612, 8.5, 93, 骨盆美体操
3903011, 8.2, 118, 原来吃素最健康
2985774, 8.6, 85, 健身解剖指南
3038361, 7.4, 248, 父母是孩子最好的医生
5921328, 8.1, 124, 麦肯基疗法
6510145, 8.6, 83, 新世纪饮食
1818579, 7.3, 272, 别让不懂营养学的医生害了你
4139324, 6.6, 706, 把吃出来的病吃回去
26435681, 9.3, 52, 图解舌诊
2161392, 8.0, 130, 百岁医生教我的生机健康法
4934607, 8.1, 117, 《黄帝内经》现学现用
26639257, 8.6, 79, 女人暖养更年轻
1263565, 8.3, 99, 健康生活新开始
1959947, 8.7, 72, 火柴棒医生手记
3607427, 7.7, 161, 中医体质养生
5363493, 8.4, 88, 有病不能乱投医
6878192, 8.1, 111, 吃到饱减肥
1194180, 8.2, 102, 神秘的睡眠
1911022, 8.6, 74, 老老恒言
5325416, 8.6, 74, 徐公解梦
1540270, 9.3, 47, 太极拳全书
4774243, 7.2, 261, 瘦子房间的秘密
25937922, 7.2, 259, 不跑会死
6862134, 7.9, 126, 范志红谈怎样吃最安全
26869120, 8.6, 72, 走路健身法
10537384, 9.2, 48, 蕙兰瑜伽1
6876484, 7.0, 316, 大便书2
6990085, 8.1, 102, 这样选购食品最安全
4846015, 7.0, 310, 性福圣经
2111837, 9.0, 53, 瑜伽气功与冥想
4229369, 8.1, 100, 24节气养生法
4910688, 8.1, 99, 超级名模教你show出明星腿
2977314, 7.0, 304, 法国女人不会老
3191936, 8.3, 82, 赵之心哑铃最健身
4140386, 8.3, 82, 舒适快眠的40个方法
1522021, 8.4, 76, 素食者膳食指南
26838785, 8.4, 76, 最好的抉择
25818693, 7.3, 205, 人类危险，小心轻放
10600616, 8.0, 103, 怀孕可以很简单
4953482, 9.3, 42, O果教我的事
11622317, 9.9, 31, 按手按脚养生疗病
5301485, 8.0, 101, 不一样的健康心理学
25808383, 8.6, 64, 让孩子不发烧、不咳嗽、不积食
1291343, 7.1, 244, 改变一生的饮食计划
5044283, 8.7, 59, 食物营养与配餐
25905338, 7.7, 127, 太极跑
25881012, 8.2, 83, 一周腰瘦10厘米的神奇骨盘枕
3891585, 7.9, 106, 肠道内经
1783097, 8.0, 96, 津津有味谭・食疗卷
6024014, 7.7, 124, 呼吸的奇迹课程
5281861, 9.2, 42, 健康养颜蔬果汁1+1
11528003, 9.2, 42, 做自己的按摩师
3083569, 7.5, 149, YOU：身体使用手册3
3027426, 7.2, 205, 不生病的智慧2
1288733, 8.8, 53, 嗓音的科学训练与保健
5363501, 8.8, 53, 疾病写在脸上
24744529, 7.8, 111, 给时光以生命
3105216, 7.4, 161, 不生病的智慧3
6114170, 9.0, 46, 血管决定生老病死
26876440, 8.6, 59, 吃货的生物学修养
4821930, 8.1, 84, 德国足球队队医的完全健康手册
5384910, 7.7, 117, 大明星最爱的瘦身书
10493119, 8.2, 77, 女性健康私密书
4628271, 7.5, 141, 先别急着吃三餐
3703105, 7.2, 190, 肠道清洁书
1257419, 8.3, 70, 吃的营养科学观
5096980, 9.6, 32, 101种战胜糖尿病的特效法
6015798, 7.5, 137, 很老很老的老偏方，小病一扫光
5253625, 8.0, 87, 健康生活新开始
2340007, 8.1, 80, 不生病凭什么
4833459, 8.0, 86, 选择中医
4937467, 8.3, 68, 瞎吃
6846510, 8.5, 59, 我的第一本中医精油宝典
1223823, 7.3, 162, 一生的性计划
25957492, 7.4, 144, 德约科维奇：一发制胜
19982719, 9.8, 28, 特效穴位按摩手册
4259715, 8.2, 71, 手到病自除2
5911289, 8.5, 57, 林敏生活瑜伽
5096982, 9.3, 35, 101种降低高血压的特效法
2976226, 6.9, 243, 减肥天书
26421453, 7.8, 95, 基因革命
25916656, 8.6, 52, 伤精与养精康复之道
26251937, 7.5, 124, 谣言粉碎机:危言出没
20270778, 9.8, 27, 猪传染病防控技术
25856623, 8.1, 73, 美国医生谈：我在中国的高水平健康生活
3140552, 7.6, 111, 人体自有大药
1336277, 8.7, 48, 露芳香法
25981248, 7.5, 121, 程序员健康指南
20270775, 9.0, 40, 肠道黄金书
1871310, 8.0, 78, 圣雄修身录
1048479, 8.3, 62, 这是女孩子的事
26427528, 6.9, 230, 运动饮食1U9
5936417, 8.2, 66, 不可替代的牙齿
1254205, 8.4, 57, 营养学
6851609, 6.5, 387, 养瘦
10729466, 7.2, 159, 于康 吃好每天3顿饭
5096984, 9.9, 25, 101种降低高血脂的特效法
4723785, 8.0, 76, 冥想的力量
20443594, 7.9, 82, 让家人吃出健康
4090362, 8.2, 64, 漫画健康养生手册
26268557, 8.2, 64, 说吧 医生
4931705, 7.3, 138, 空腹力革命
25863453, 8.3, 59, 专属你的解决方案:完美皮肤保养指南
1065814, 8.4, 55, 身体的力量
2241285, 7.6, 103, 特效穴位使用手册
6990157, 7.6, 103, 很老很老的老偏方， 女人烦恼一扫光
6730313, 9.2, 34, 酒井式瘦身法
3306315, 7.1, 170, 能量倍增
26415836, 7.2, 152, 半年前的食物塑造了今天的你
26351948, 9.3, 32, 肌肉训练完全图解：拉伸训练
3475455, 7.5, 111, 无病时代:走出健康误区
26435231, 8.2, 62, 医生是怎么看病的
25848402, 9.0, 37, 运动解剖学图谱(第3版)
10454414, 8.1, 66, 真原t
2364919, 8.3, 57, 求医不如求己养生救命大宝典
20385411, 6.5, 348, 急诊科女超人
6558211, 8.7, 43, 美肤必修课
5287504, 8.4, 52, 美肌特权色
1458977, 7.2, 141, 跑步
10441545, 8.3, 55, 茶包小偏方喝出大健康
26586185, 8.4, 51, 囚徒爆发力
2142617, 7.3, 124, 无效的医疗
6048393, 9.6, 26, 于康教您远离三高从吃开始
1347979, 9.3, 30, 健康之道：最後的一堂斯n（斯）
3434107, 7.4, 112, YOU：原来可以这样美！――身体内外兼修手册
26780208, 9.0, 35, 《为我的身体养阳气》
26003487, 8.8, 39, 瑜伽3D解剖书I：肌肉篇
3731307, 8.1, 61, 图解经络穴位按摩速查手册
4836495, 8.1, 61, 保卫你的心脏
2309625, 7.9, 71, 步入中医之门
4244682, 7.9, 71, 单桂敏灸除百病
26596435, 7.6, 91, 养眼就是养精神
26429379, 9.4, 28, 拉伸全书：上班族必看的肌肉伸展训练图解
26353258, 7.4, 109, 睡眠正能量
6714220, 7.7, 83, 子宫好 女人才好
1084074, 8.5, 46, 清心瑜伽
6039341, 7.8, 76, 我为什么还抑郁？
5259534, 7.0, 164, 不疲劳的活法
21792506, 7.6, 90, 你吃对了吗?
6000502, 8.3, 52, 食物革命
1047167, 8.8, 38, 所有女孩都应知道的
7000246, 7.5, 97, 柔软的身心
26818259, 7.9, 69, 精准拉伸：疼痛消除和损伤预防的针对性练习
3195228, 7.0, 160, 甲田式断食法
23744074, 7.8, 74, 写真 水知道答案 大全集(全4册)
26841235, 8.6, 42, 我要内脏变年轻
25873118, 8.0, 63, 优雅地老去
1392171, 7.9, 68, 人类的性、生育与健康
3419517, 7.5, 95, 干净的皮肤，男人的竞争力
3826581, 6.6, 258, 神奇巴娜娜！香蕉早餐减肥法
3529721, 8.9, 35, &#34;赤脚医生&#34;手册
26367428, 8.8, 37, DK家庭医生
1055688, 7.8, 73, 财富第五波
3184740, 7.8, 73, 养生的智慧
3803480, 6.3, 397, 晚间西红柿减肥
6510382, 8.1, 58, 生命之重建
2142615, 7.1, 140, 百年谎言
3711542, 9.0, 33, 养生书
6978645, 8.7, 39, 内证观察笔记
2348709, 7.4, 103, 力量与肌肉训练图谱
5264002, 8.0, 62, 减肥使用手册
25748267, 8.6, 41, 一分钟医学速记――协和医学博士的漫画
4292048, 8.2, 52, 秘源
3060392, 7.7, 76, 素食有理
2034094, 8.3, 48, 不生病的生活：全美首席胃c科t的健康zE
4309492, 7.7, 75, 秘源
6523148, 8.8, 35, 过敏，原来可以根治
10537385, 8.8, 35, 蕙兰瑜伽2
26319654, 7.4, 96, 护肤品全解码 100款超人气护肤品成分大检阅
1162586, 7.8, 68, 疼痛
1055453, 8.6, 39, 登上健康快车
26258238, 8.3, 47, 让孩子的脊椎挺起来
1572598, 8.4, 44, 人体药库学
26577878, 8.4, 44, 无器械健身（女性版）
26351957, 9.2, 28, 肌肉训练完全图解：终极健身百科全书
3265968, 7.7, 73, 和失眠说再见
4162478, 7.2, 115, 小穴位大健康
1505695, 7.8, 67, 小说中医
3923590, 7.5, 86, 颈椎腰椎康复书
1792631, 6.8, 177, 图解黄帝内经
2075096, 9.1, 29, 无痛一身轻
1089935, 8.4, 43, 中医基础理论
1684518, 8.2, 49, 中国营养师培训教材
5335983, 7.2, 112, 改变2万人的PUSH美腿秘籍
5058559, 8.0, 56, 选对食用油
1596628, 7.7, 70, 健康忠告
25796015, 8.3, 45, 只有医生知道的血管健康书
26352211, 8.7, 35, 跑步运动系统训练
3878481, 7.1, 119, 大A小Q聊
18606904, 7.8, 63, 牛奶，好东西
26409581, 7.6, 74, 囚徒增肌
2997844, 8.2, 47, 牵伸解剖指南
1521491, 9.4, 24, 默克诊疗手册
3248531, 7.9, 58, 大脑使用手册
20474818, 8.6, 36, 呼吸之间
26910859, 8.8, 32, 冥想
2283575, 8.2, 46, 不老的身心
7015786, 7.8, 61, 拉筋让你更年轻
2185459, 7.1, 114, 胖是因为你吃饭太快
1083171, 7.5, 77, u宏健身书
25967933, 7.5, 77, 丹尼尔斯经典跑步训练法
3004479, 7.8, 60, 将中医进行到底
1956692, 8.7, 33, 活得够长活得更幸福
6037418, 7.3, 90, 漫画中医（第1册）
25912333, 7.1, 109, 跑步时该如何呼吸
3109981, 9.2, 25, 体适能基础理论
3875951, 8.9, 29, 21世纪健康饮食
4080956, 6.4, 251, 咖啡无罪的101个理由
25866991, 7.9, 54, 手印
3825949, 7.5, 74, 厕所决定健康
3522012, 7.6, 68, 别让不懂营养学的医生害了你
3248555, 8.4, 38, 性高潮的科学
4089770, 7.7, 62, 记录式减肥
2678314, 7.9, 53, 子宫-写给女人的情书
1389035, 8.8, 30, 巴哈花疗法心灵的解药
3238388, 7.3, 86, 不一样的自然养生法
3333720, 7.2, 94, 享“瘦”其实很容易
2088998, 7.4, 78, 马拉松跑
1431224, 7.8, 56, 食物是最好的医药2
1278389, 8.5, 35, 选择健康
10453496, 8.1, 45, 艾扬格女性瑜伽
25852573, 6.6, 181, 神奇的肌肤能量书Ⅱ
3893586, 7.9, 51, 瑜伽解剖学
4198061, 7.9, 51, 我的单一饮食之路
3238219, 7.4, 76, 牛奶  谎言与内幕
1080607, 7.3, 83, 女性跑步健体书
3353610, 8.1, 44, 体温决定生老病死
3671526, 8.1, 44, 点食成金
6519700, 7.1, 100, 不减20斤就别说你瘦了
4767381, 6.7, 155, 成为世界第一美女的减肥法
2022594, 7.5, 69, 大脑使用手册
5354091, 7.8, 54, 真相
10745323, 7.7, 58, 一周30分钟健身之道
1962791, 6.7, 151, 水这样喝可以治病
1400161, 8.1, 43, 食物的背后
4820910, 8.1, 43, 初会瑜伽
1319818, 6.4, 221, 激发身体潜能的10种方法
6727854, 9.2, 23, 310例营养蔬果汁DIY
5483229, 9.4, 21, The Big Book of Endurance Training and Racing
26736186, 9.4, 21, 拉伸运动系统训练
1000041, 8.3, 37, 游泳技巧图解
20428695, 8.3, 37, 郝万山说健康
5350223, 7.7, 56, 36.5℃决定健康
2308673, 8.1, 42, 图解中医
6905156, 8.1, 42, 优雅地，慢慢地，变老
10559543, 9.0, 25, 蕙兰瑜伽3
3402881, 6.1, 334, 深睡眠
2374744, 7.3, 78, 水是最好的药Ⅲ
5291096, 7.3, 78, 柔美人，“强”秀发
4665276, 7.9, 48, 李少波真气运行法
20442487, 6.7, 142, 瘦孕
25838012, 7.8, 50, 攻克超级便秘啦啦啦
26661725, 9.2, 22, 救命之方
3924443, 8.0, 43, 苹果胡萝卜汁减肥
26432754, 9.4, 20, 解剖列车――徒手与动作治疗的肌筋膜经线
4097223, 7.6, 57, Food Rules
1091220, 8.9, 25, 健身游泳
1282131, 8.0, 42, 脑内革命 第一卷:重新认识、开发、利用你的大脑
1879430, 7.5, 61, 图解人体使用手册
5410569, 7.5, 61, 我能让你睡
1083499, 7.7, 52, 新饮食习惯
26355300, 8.8, 26, 运动解剖书
1024028, 7.4, 65, 肠内革命
4825923, 8.3, 34, 吃出健康很容易
5356192, 6.6, 146, 男人来自火星，女人来自金星4
19955761, 8.2, 36, 营养圣经实用指南
1083393, 7.8, 47, 斑马为什么不得胃溃疡
26387908, 7.8, 47, 德式无器械健身
26827482, 8.9, 24, 吃的真相4：需求与恐慌
6394482, 7.4, 63, 脑内革命
2239609, 8.4, 31, 吃错了
11603584, 6.6, 139, 女生这样做，吃不胖、晒不黑、人不老
26652620, 7.2, 74, 超体能健身
1320382, 8.7, 26, 神奇的少食健康法
4736984, 8.0, 39, 赶走你的抑郁
4924494, 7.4, 61, 请你跟我这样瘦
5372470, 6.1, 269, 高效人士四小时熟睡法
5335985, 7.7, 48, 改变2万人的PUSH美腰秘籍
25942655, 7.7, 48, 《怀得上，生得下2》
25848442, 8.2, 34, 肌肤改变命运
26693417, 8.8, 24, 从零开始学跑步（全彩图解版）
25873421, 7.4, 59, 姿势对了
3802056, 6.8, 104, 内脏减脂书
1431519, 7.8, 43, 火星人的秘密食谱?金星人的健康法则
1112402, 8.2, 33, 关注你的身体（男性卷）
3658002, 8.2, 33, 吃好喝好身体好
25767765, 8.2, 33, 骑行，健康才是正经事
4187248, 8.3, 31, 最先端医学 常见病卷
6440188, 8.1, 35, 你吃对营养了吗？
4703910, 7.2, 69, 肠胃会说话
26309883, 8.4, 29, 素食圣经
3527334, 7.1, 75, 田中宥久子的美体按摩法
1868564, 8.0, 37, 食物圣经
2126672, 7.2, 68, 不生病的生活方式
4107751, 7.8, 42, 这样吃最健康3
2249323, 7.7, 45, 全食物密码
4177973, 8.9, 22, 再BYK法
4834140, 7.2, 67, 九种体质使用手册
25712777, 7.6, 48, 7天瘦肚子的神奇蔬果汁
25918071, 7.3, 61, 女人体虚先变丑
2161162, 8.3, 30, 图解艾灸疗法
26417745, 8.7, 24, 寿康宝鉴
26775602, 8.7, 24, 燃脂力
3696482, 6.9, 88, 马悦凌细说问诊单
1018347, 7.3, 60, 欺骗时间
1015562, 6.5, 135, 懒女孩的健康指南
20389199, 7.1, 71, 每周健身4小时
3729119, 6.7, 106, 我要一双明星腿
25901098, 8.1, 33, 郭老师的跑步课（赠动作示范DVD）
3064769, 7.4, 54, 光冈知足说肠内革命
3714986, 7.0, 76, 解密中国人的九种体质
2127260, 6.8, 92, 儿童经络使用手册
26881024, 8.2, 30, 你对自己好不好，身体知道
1046672, 6.2, 188, 无毒一身轻21天改造体质（随光盘）
3484021, 7.3, 56, 让父母健康长寿的31件事
25697243, 8.4, 26, 我妈一直很想要的安全买菜经
6319456, 7.7, 40, 拉筋瑜伽物语
24757480, 8.8, 21, 吃我吃我：38种改善情绪和恢复精力的神奇食材
26413982, 8.8, 21, 吃对你的家常菜2
3755957, 6.7, 96, 筋长一寸 寿延十年
26745354, 8.7, 22, 轻健身
4262133, 6.6, 107, 不疲劳的生活
21235202, 9.1, 18, 急救手册
3244497, 8.0, 32, 健康从原生态开始
2046384, 7.5, 45, 不生病的活法
1798882, 6.0, 229, 改善你的视力
1027328, 7.2, 57, 别让医生杀了你
26600223, 8.4, 25, 幸福的三个真相
20385436, 7.3, 52, 全食物调养秘笈-每天清除癌细胞
1082611, 6.0, 224, 12周摘掉眼镜恢复视力
26302002, 7.6, 41, 健康快到碗里来
2115140, 6.8, 81, 病由心生
1079622, 7.4, 47, 减肥
24858773, 7.4, 47, 中国人的病与药
25836439, 7.4, 47, 不要再上癌症的当！
6801888, 7.8, 35, 鲨鱼真的不会得癌症吗
25917199, 6.9, 72, 5:2轻断食
4164628, 8.5, 23, 一生健康
2188645, 8.2, 27, 营养与食品卫生学
20172598, 8.2, 27, 和阿雅一起做乐活美人
2078052, 7.7, 37, 抗衰老计划
4897136, 7.0, 64, 和眼镜说再见 改善视力的贝茨博士护眼法
3784590, 7.0, 62, 血液清洁书
1266751, 7.2, 52, 变美
3365079, 7.5, 41, 黄帝内经十二时辰养生法
5348117, 6.7, 83, 温暖美人减肥法
10800113, 8.5, 22, 健康养生从刮痧开始
4874532, 8.0, 29, 每个孩子都能好好吃饭
4742681, 6.9, 66, 这样做，至少多活20年
26840456, 8.3, 24, 躯干跑步法
3687655, 7.8, 32, 低卡路里美食
25851706, 7.8, 32, 牙齿有毛病，身体一定出问题
3354804, 6.1, 164, 失传的营养学
5035944, 8.0, 28, 小腹减肥大作战
2004533, 7.4, 42, 摘掉眼镜完美视力
10537390, 6.6, 87, 袷
1425821, 7.6, 36, 抗衰老饮食
2246296, 7.0, 58, 水的漫舞
3133343, 6.6, 86, [本草纲目]中的女人养颜经
1664158, 8.1, 26, 中国食物成分表
25839863, 8.1, 26, 让你年轻10岁的酵素蔬果汁
26739573, 8.8, 18, 厨房里的营养功夫
3108000, 7.8, 31, 超新陈代谢轻松自动减肥法
6977987, 7.8, 31, 瘦身秘笈36计
25803031, 7.7, 33, 乳房健康书
4249305, 6.6, 83, 女人28天身体日历
26361664, 7.0, 56, 女人面色润、妇科好、精神足， 养好内分泌是关键
6087595, 7.2, 47, 断食法
25854805, 7.5, 37, 少食健康
2025599, 7.3, 43, 范长伟极简艾灸
3549623, 7.3, 43, 刮痧变美-赠送价值20元刮痧板
4860588, 7.0, 55, 癌症不是病
4113068, 7.7, 32, 癌症不是绝症
10596709, 7.6, 34, 家庭用药手册
26712323, 7.6, 34, 上班族每日健康+
3133193, 8.0, 26, 易筋经与洗髓经
4007343, 8.0, 26, 黄帝内经十二时辰养生法Ⅱ
21361318, 8.0, 26, 90%的病自己会好
3595773, 8.2, 23, ChiRunning
2329799, 6.8, 62, 公共营养师
1452480, 7.3, 40, 营养免疫学
2048036, 7.7, 30, 一生的减龄方案
2114498, 7.7, 30, 细节决定健康2
26808894, 8.5, 19, 回家吃饭的智慧（全新修订典藏版 上、中、下三册）
1912247, 8.2, 22, 瑜伽初级教程
10759486, 7.9, 26, 中医祖传的那点儿东西1
6946868, 8.7, 17, 8步治背痛
1182885, 7.4, 36, 乳房圣经
3186239, 8.1, 23, 魔法不老美人
10796116, 8.0, 24, 女性形体与健美训练图解
2006454, 7.9, 25, 看健康写在脸上
1026815, 8.3, 20, 第一营养
3197254, 7.2, 40, STOP! e再e`保B啦!
4238224, 7.2, 40, 就医法门
5271555, 7.7, 28, 屁股小起来
6975492, 8.1, 22, 康复是一场旅行
26285557, 8.1, 22, 癌症早知道
3560425, 7.8, 26, 五十到一百的人生规划
25969417, 7.8, 26, 吃什么呢?
10448612, 8.0, 23, 范志红餐桌上的营养智慧
4042005, 6.9, 50, 养生一定要简单
1770312, 6.1, 119, 刘太医谈养生
3205272, 7.9, 24, 不生病的活法2・实践篇
20499195, 7.9, 24, 运动拉伸实用手册
1837108, 7.1, 41, 疾病发明者
1033011, 8.3, 19, 太极拳动力的科学
2275168, 8.3, 19, 爱德加・凯西自然疗法健康手册
4821073, 7.3, 35, 纽崔莱传奇 上册
3351107, 7.8, 25, 倾听你的荷尔蒙
26809778, 8.4, 18, 中国居民膳食指南（2016）（科普版）
3200719, 8.1, 21, 食物圣经
26691114, 8.1, 21, 我是大医生：医生不说你不懂
21967059, 8.0, 22, 肌肉百科全书
4758242, 7.6, 28, 百岁医生教我的生机健康法2
26200175, 7.3, 34, 盖洛普科学家告诉你，三个细节决定健康
3527843, 7.8, 24, 体态决定你的健康
26331961, 7.5, 29, 饭菜就是特效药
1581991, 8.2, 19, 中国营养科学全书（上下册）
4243400, 8.1, 20, The 4-Hour Body
6866185, 8.0, 21, 高级运动营养学
26818582, 8.0, 21, 父母懂调理，孩子吃饭香、身体棒、少生病
2081008, 7.1, 38, Skinny Bitch
1084152, 7.2, 35, 给莫文蔚的健美汤饮
3421711, 7.4, 30, 健康的首要任务是养骨
6875752, 7.3, 32, 瘦不了的错误
2144806, 7.1, 37, 健康的时尚
3077758, 7.2, 34, 神奇养生
6783768, 6.5, 62, 化妆品的真相
1091750, 7.4, 29, 看一眼就会的瑜伽健身法
1015993, 7.5, 27, 维生素全书
10524848, 8.0, 20, 食t
3622272, 7.2, 33, 不能吃的药
3705719, 7.2, 33, 健康的邀请
4822316, 7.0, 38, 回归身的喜悦
1974483, 6.8, 45, 排毒饮食计划
6729588, 7.7, 23, 女性身体使用手册
26287084, 7.7, 23, 吃法决定活法：四季养命食方
5260214, 7.5, 26, 真气运行法
2047626, 8.0, 19, 医学三字经白话解
26702586, 8.1, 18, 来自地球的一个餐桌：潘潘猫的幸福家宴
24708193, 7.9, 20, 可大可小的常见病轻松就搞定
25844489, 8.2, 17, 哈佛家庭医学全书(上册)
6525670, 7.8, 21, 肌肉力量基础训练
25852266, 6.9, 39, 选男人
10739601, 8.6, 14, 甜蜜一生由自己
1418281, 8.3, 16, 能量t
5939786, 7.7, 22, 中国居民膳食指南
10956265, 7.7, 22, 家庭健美训练图解
1164180, 7.6, 23, 素食革命
1779167, 7.6, 23, 食物是最好的医药3
11538584, 7.4, 26, 高血压看这本就够了
1189360, 7.9, 19, 食品安全
5317066, 7.9, 19, 救命食
25843079, 7.9, 19, 外公是个老中医2
26769732, 7.9, 19, 女人不发胖、容颜好、不生病，化瘀通络是关键
1195270, 8.0, 18, 现代营养学
7057692, 7.5, 24, 男性健身全攻略
25986508, 6.9, 37, 天使波多野Y衣：盛真
26265223, 7.2, 29, 睡眠的科学
25934618, 7.1, 31, 轻而易举的健康
26412684, 7.6, 22, 一分钟视力革命：7个神奇的视力恢复法，眼睛自然好
26899973, 7.6, 22, 疾病的模样：京虎子医学科普笔记
4248952, 6.8, 39, 养生必养肾
26410904, 7.5, 23, 坨坨妈：元气滋补汤
2010131, 7.2, 28, 医生向左病人往右
3554597, 7.2, 28, 癌症只是慢性病
22538495, 5.4, 221, 吃到自然瘦
5446336, 7.9, 18, 心理减肥－美食者的减肥方案
6885556, 7.9, 18, 脊椎告诉你的健康秘密
25921417, 7.8, 19, 关灯就睡觉
10354312, 8.0, 17, 眼保健操，现在开始
25849584, 7.1, 29, 我得的感冒比你打的喷嚏都多
4149914, 7.5, 22, 本草纲目和黄帝内经中的女人养颜经
6982372, 7.3, 25, 哇!身体这么奇妙
1748217, 8.2, 15, 中华食物养生大全
3106600, 6.8, 36, 79个不生病的生活习惯
26656017, 6.9, 33, 郝鹏飞极简派健身
6509766, 7.4, 23, 健康长寿饮食指南
6123828, 7.8, 18, 我最想要的手诊书
25905970, 7.8, 18, 塑身女王郑多燕终极S瘦身操
3376584, 7.9, 17, 吃的营养与保健
20270449, 7.9, 17, 腰骶椎病防治
25040493, 7.6, 20, @人的力回脱矍虿
10736522, 8.1, 15, 通则不痛 痛则不通-敲开健康之门
3259613, 7.4, 22, 营养的奥秘
6127776, 7.4, 22, 女人减肥这样做
1312179, 7.3, 23, 芳香疗法全书
1577540, 7.7, 18, 舞蹈解剖学
3293144, 7.7, 18, 地球上最健康的150种食材
26384318, 7.7, 18, 张宝旬妙招，按压手穴祛百病
10488029, 7.6, 19, 脸上的真相
26051394, 7.8, 17, o坐的科W、tWc心`之旅
26266097, 7.8, 17, 不生气就不生病
3018251, 6.4, 47, 早餐的革命
26806685, 7.2, 24, 范志红写给女人的美丽健康书
6439480, 6.3, 50, 让榨汁机成为你的药房
2157411, 7.3, 22, 人体营养手册
5343048, 7.1, 25, 自愈力
25836990, 6.8, 31, 不老仙妻水谷雅子美丽秘籍
25802883, 6.2, 54, 拿铁，还是卡布奇诺：1天24小时的120个正确选择
1132547, 7.6, 18, 运动解剖学
4247712, 7.7, 17, 治愈癌症救命疗法
26411408, 7.7, 17, 全民健康膳食宝典
26679118, 7.7, 17, 100种过度医疗大公开
1028853, 7.5, 19, 美国妇女自我保健经典
10428043, 7.5, 19, 抗癌饮食
26678780, 7.4, 20, 癌症真相
26290253, 6.4, 43, 断食：饮食也要断舍离
26422744, 7.0, 26, 28天内分泌平衡书
3701051, 7.1, 24, 致命药方
25746582, 6.6, 35, 一万种美白方法
25846684, 8.0, 14, 哈佛家庭医学全书(下册)
26582028, 8.0, 14, 亲手做零食 家人放心吃
26891182, 8.0, 14, 在孩子下次生病前
2382838, 6.8, 29, 女人的28天
26107378, 7.5, 18, 吃的百科
4925082, 7.4, 19, t行天下 下: 拉筋拍打治百病
1614374, 7.7, 16, 运动生理学
25905738, 7.7, 16, 明星月嫂才知道的月子宝典
2974540, 7.3, 20, 地位决定你的健康
4232177, 7.3, 20, 糖尿病看这本就够了
26817987, 8.1, 13, 能救命的癌症常识
1485771, 7.9, 14, 食品热量一览表
2976788, 7.9, 14, 瑜伽和普拉提
3554083, 5.9, 66, 瘦身女王
3181948, 7.5, 17, 女人是家庭的CEO
2274397, 8.2, 12, 拍手治百病
26761601, 7.4, 18, 低卡料理家
3823604, 6.7, 29, 脑呼吸
26426886, 6.7, 29, 10天绿汁酵素排毒法
10759487, 7.6, 16, 中医祖传的那点儿东西2
21364526, 7.6, 16, 一日一餐的健康奇
1420530, 7.7, 15, 现代医疗批判
4558673, 7.7, 15, 易化牵伸术
26265476, 7.7, 15, 人体自有特效药
10452401, 7.2, 20, 幸福人生，从善待大脑开始
1189359, 6.8, 26, 食品政治
3100661, 7.8, 14, 简易X形平衡法
10765163, 7.8, 14, 精油生活DIY全书
19981076, 7.8, 14, 家庭医学百科全书
25795926, 8.1, 12, 小鼹鼠急救队
2974906, 7.0, 22, 医生，牛奶来
1047231, 7.4, 17, 增高
23116975, 7.3, 18, 你买的保养品是垃圾还是宝?
1879425, 7.5, 16, 按摩全书
5395711, 7.5, 16, 女人养生养脾胃
10452400, 7.5, 16, 《健康生活，从善待大脑开始》拒绝小肚腩、屏幕脸、沙发臀、压力心的最佳方式，就是善待你的大脑。
1043303, 7.9, 13, 维生素圣典
26386377, 7.9, 13, 曲黎敏图说人体自愈妙药
4111098, 6.8, 25, 性健康十五讲
3186996, 7.2, 19, 运动圣经
3865578, 7.6, 15, 饭水分离
26373389, 7.6, 15, 爱自己的女人会调养
2227017, 6.9, 23, 用声音打通经络
26431249, 6.9, 23, 天生就要练
6885165, 7.1, 20, 最伟大的排毒术
1540412, 7.7, 14, 医生对你隐瞒了什么
10762437, 7.7, 14, 经络穴位按摩大全
26674300, 8.0, 12, 大医生说：五谷杂粮吃对比药好
10793398, 7.3, 17, 健身运动指导全书
2182206, 7.2, 18, 药祸
3880282, 7.2, 18, 运动生理学
5376811, 7.2, 18, 我的护肤品可以吃
2309307, 7.5, 15, 改变一生的排毒计划
4192662, 7.5, 15, 远离经皮毒
25707341, 7.5, 15, 哪些病适合看中医，哪些病适合看西医
10568244, 7.6, 14, 图解黄帝内经
1683828, 7.9, 12, 排毒拔罐疗法
4744301, 5.8, 58, 营养品的真相
1290446, 6.2, 37, 你可以摆脱眼镜
5262097, 8.3, 10, 开家赚钱的瑜伽馆
26915916, 7.7, 13, 素颜女神：听肌肤的话
2057015, 7.2, 17, 癌症人性的一面
26586096, 7.2, 17, 《内脏伸展练习》
6423877, 7.4, 15, 痛风看这本就够了/图解健康系列
10482170, 7.5, 14, 健康心理学
25958162, 7.5, 14, 现代人看中医
26593827, 7.5, 14, 吃油的革命
26639673, 8.0, 11, 我们可不可以不离婚
26881881, 8.0, 11, 养生堂教你健康100分
11589963, 6.9, 20, 神奇的肝胆排石法
6781153, 6.7, 23, 免疫力是最好的药
1187771, 7.6, 13, 亚历山大健身技巧
2007826, 7.6, 13, 林海峰营养配方手册
26389836, 7.6, 13, Brain Maker
1778690, 7.3, 15, The Karl Lagerfeld Diet
1092498, 7.9, 11, 汤头歌诀白话解
1314900, 7.4, 14, 买不得
7058974, 7.4, 14, 像他们一样活到100岁
26596431, 7.7, 12, 乖，妈妈摸摸就好了
26816957, 8.1, 10, 汪芳说 血管清爽活百岁
26339392, 6.5, 25, 小恶魔教你极致性爱
1594559, 7.5, 13, 癫狂梦醒
3712873, 7.5, 13, 经络是水通道《经络是什么》第二版
7046444, 7.5, 13, 长胎不长肉
20428718, 7.5, 13, 手是最好的美容工具
21336232, 7.5, 13, 古法艾灸 寒湿一去消百病
25981192, 7.5, 13, 酵素让你皮肤好，变苗条，不易老
26387642, 7.5, 13, 超级酵素
26662806, 6.1, 35, 再见，健身房
25739454, 7.2, 15, 奇效5：2p嗍
5326431, 7.8, 11, 中国孕期、哺乳期妇女和0-6岁儿童膳食指南
2980019, 7.6, 12, 吃什么?怎么吃?
11512341, 7.6, 12, 女生@幼觯吃不胖、癫缓凇⑷瞬焕
11578474, 7.3, 14, 大脑使用手册
4451970, 8.0, 10, Anatomy Trains
6711563, 8.0, 10, 骨关节功能解剖学
5250530, 7.4, 13, 肠胃好才能身体好
25730847, 7.4, 13, 体能增长与健身训练
1311955, 7.7, 11, 乙肝日记
5354137, 7.9, 10, 长寿我做主
24907394, 7.5, 12, 小火熬小药
10877326, 7.2, 14, 奇特的断食疗法
1143750, 6.7, 19, 体能训练晴雨表
1511713, 7.3, 13, 跳出想吃又怕胖的陷阱
25901552, 7.3, 13, 我的轻食主张
2277712, 7.6, 11, 灌肠排毒治大病
1000166, 7.8, 10, 戴维斯营养健康宝典（全三册）
3376590, 7.8, 10, 吃的营养与治疗
5403147, 7.8, 10, 爱上自己的疾病
1313198, 6.8, 17, 最美丽的肌肤
25760311, 7.1, 14, 吃的科学
4584615, 7.2, 13, 健康蔬菜小盆栽
6510202, 7.5, 11, 你的牙齿能活80岁
3557842, 7.7, 10, The Original Beauty Bible
1050603, 7.3, 12, 一生的锻炼计划
10764918, 7.3, 12, 每天淡定五分钟，你能多活十几年
26287136, 7.3, 12, 养胃百日去病根
2974881, 7.1, 13, 没有病痛的生活
3638967, 7.6, 10, 不看不知道的健康常识161问
6889795, 7.6, 10, 8分钟练就王字腹肌
26891424, 7.6, 10, 梅奥拯救乳房全书
1879715, 6.9, 14, 清晨8分钟-瘦臀细腿4周训练秘笈
3351297, 7.0, 13, 人体生物钟养生智慧
3413826, 7.0, 13, 谁在左右你的情绪与食欲
1010654, 7.5, 10, 美丽肌肤天然天：对抗岁月痕迹的革命性处方
3019193, 7.5, 10, 荷尔蒙与女性健康
21327262, 7.3, 11, 三维图解肌肉拉伸书
25927023, 7.3, 11, 这样吃，我的白发变黑发，年轻15岁！
26583861, 7.1, 12, 救命饮食Ⅱ
25708375, 6.8, 14, 大病预防先除湿热毒
4604717, 6.9, 13, 健康产业的商机
5381375, 6.9, 13, 睡眠书
6799409, 7.4, 10, 女性私身体
1025746, 7.2, 11, 恐惧与抑郁DD自我帮助和积极心理治疗指南
1262258, 7.2, 11, 女人身体使用手册
6777651, 7.2, 11, 我们的身体是如何工作的
20172394, 7.2, 11, 肥胖与塑身生理学
26800812, 7.0, 12, 如何活过100岁
4113311, 6.1, 22, 自医・医人
2258025, 6.7, 14, 找对病源
3419172, 7.3, 10, 打开疾病黑盒子
4049831, 7.3, 10, 美国国家体能协会私人教练基础
25711963, 7.3, 10, 100天的蜕变
3283935, 7.1, 11, 糖尿病怎么吃
6805230, 5.8, 28, 不睡没必要的觉
2257881, 6.9, 12, 美容美发中医古方
4737210, 7.2, 10, 运动营养金标准
5918077, 7.2, 10, 吴大真养生精华集
25745922, 7.0, 11, 这些汤 彻底改变了我
1342190, 7.1, 10, 月是女人一生健康美的指南
26264331, 6.9, 11, 养肝就是养命
23780566, 7.0, 10, 力，然可以回停
26412954, 7.0, 10, 你好，我的子宫
4845373, 6.8, 11, 最好的医生是养生
26680933, 6.6, 12, 祛湿除热一身轻
2022871, 6.8, 10, 增高有方法
25957507, 6.8, 10, 21天减肥挑战
5362175, 6.7, 10, 石原结实讲温度决定健康
4115267, 5.4, 16, 女人内调外养美颜经
