2017-01-23 16:17:59
Tag: 儿童
The number of books: 953 

ID, rating, votes, title
1046209, 9.1, 34454, 安徒生童话故事集
1007914, 8.7, 54477, 窗边的小豆豆
1043008, 8.9, 27885, 格林童话全集
1028409, 9.4, 9012, 中国少年儿童百科全书（全四册）
1433640, 9.3, 8890, 猜猜我有多爱你
2361768, 9.3, 7910, 爷爷变成了幽灵
1941301, 9.2, 8031, 365夜故事（上下）
1036274, 8.5, 20145, 夏洛的网
2160556, 9.0, 8926, 十万个为什么
1035848, 8.6, 15718, 一千零一夜
1257365, 8.9, 9337, 活了100万次的猫
1026035, 9.1, 6275, 你看起来好像很好吃
1001136, 8.8, 9347, 彼得・潘
1021193, 8.8, 9322, 皮皮鲁传
3465080, 9.0, 5932, 好妈妈胜过好老师
1052990, 8.9, 6791, 草房子
1004088, 9.0, 5296, 长袜子皮皮
2129427, 9.0, 3868, 三毛从军记全集
1017563, 8.7, 5594, 我的野生动物朋友
1072319, 8.5, 7349, 长腿叔叔
1012561, 8.6, 6297, 上下五千年
4049269, 9.5, 1972, 狐狸的窗户
1907739, 8.6, 5840, 当世界年纪还小的时候
1064841, 9.0, 3363, 绿山墙的安妮
1059503, 9.1, 2948, 爱心树
4826530, 9.1, 2804, 我亲爱的甜橙树
2150240, 8.8, 3758, 我讨厌妈妈
1542939, 9.6, 1436, 哈尔罗杰历险记(全套共14册)
1982200, 8.7, 4101, 爱德华的奇妙之旅
1007952, 9.4, 1721, 蓝熊船长的13条半命
2334419, 9.0, 2281, 葫芦兄弟
1540211, 9.4, 1453, 丁丁历险记（共22本）
1436586, 9.1, 2005, 你真好
3089661, 9.1, 1984, 永远永远爱你
1005279, 8.7, 3172, 皮皮鲁和鲁西西的故事
1077778, 8.1, 7377, 爱的教育
1318622, 8.8, 2553, 青铜葵花
1397331, 8.9, 2242, 爷爷一定有办法
1873569, 9.3, 1416, 郑渊洁童话全集(33卷)
2121010, 8.8, 2460, 我妈妈
2117875, 8.8, 2453, 我爸爸
2117871, 8.8, 2424, 大卫，不可以
1433572, 9.2, 1509, 随风而来的玛丽阿姨
1803641, 8.8, 2335, 小公主
3608170, 8.0, 6774, 我想吃一个小孩
1073333, 8.7, 2479, 我的妈妈是精灵
1072126, 9.1, 1465, 我是霸王龙
2117872, 8.9, 1748, 花婆婆
2275635, 8.9, 1746, 如何说孩子才会听，怎么听孩子才肯说
2120339, 8.6, 2493, 是谁嗯嗯在我的头上
1448645, 8.8, 1932, 鳄鱼怕怕牙医怕怕
1899006, 9.1, 1325, 我想去看海
1064532, 8.5, 2605, 秘密花园（2册）
1433568, 8.9, 1566, 逃家小兔
1192706, 9.1, 1232, 大盗贼
3106707, 8.9, 1344, 好饿的毛毛虫
4097264, 9.0, 1198, 小兔彼得和他的朋友们（全3册）
3880846, 8.7, 1578, 学飞的盟盟
2123287, 9.3, 820, 小熊宝宝绘本（全15册）
1115397, 9.0, 1111, 我要做好孩子
1046883, 8.5, 1900, 查理和巧克力工厂
3689118, 8.3, 2426, 梦想家彼得
1486658, 9.2, 829, 奥菲利娅的影子剧院
1066133, 9.0, 944, 怪老头儿
1101921, 8.7, 1293, 定本育儿百科
25960141, 9.2, 739, 地图（人文版）
2274454, 9.1, 812, 我的爸爸叫焦尼
1912993, 9.2, 732, 海蒂
1486619, 8.3, 1947, 阁楼上的光
1067049, 8.8, 1037, 孩子，把你的手给我
1056707, 8.8, 1021, 时代广场的蟋蟀
1578732, 8.5, 1428, 母鸡萝丝去散步
1546437, 8.8, 986, 蚯蚓的日记
2135803, 8.7, 1085, 今天运气怎么这么好
1416289, 8.9, 866, 晴天有时下猪
1806300, 8.9, 858, 雪人
3891855, 8.6, 1173, 第56号教室的奇迹
1318615, 8.4, 1480, 山羊不吃天堂草
1959287, 8.6, 1126, 月亮的味道
25913612, 8.1, 2099, 给孩子的诗
5988558, 8.3, 1579, 深夜小狗神秘事件
2212064, 8.9, 787, 小房子
3554095, 8.9, 775, 疯狂星期二
4149287, 8.9, 772, 好绘本如何好
1982120, 9.0, 692, 向着明亮那方
2257333, 9.2, 560, 松鼠先生和月亮
3240293, 9.2, 547, 7号梦工厂
1899020, 9.1, 599, 我想有个弟弟
1456628, 9.3, 491, 长袜子皮皮的冒险故事
2188017, 9.0, 647, 铁丝网上的小花
1032764, 7.7, 3189, 小时候就在想的事
2979054, 8.3, 1354, 动物绝对不应该穿衣服
3026354, 8.6, 908, 造梦的雨果
1440146, 9.0, 597, 给教师的建议
1442308, 9.3, 450, 可爱的鼠小弟(1-6册)
2340082, 9.0, 592, 亲爱的小鱼
1902982, 8.8, 724, 獾的礼物
5957787, 9.1, 535, 我爱你
4860554, 8.6, 892, 淘气包马小跳系列
1192700, 9.0, 587, 永远讲不完的故事
1899007, 9.0, 587, 我想有颗星星
1168575, 8.6, 871, 爱和自由
1085038, 8.4, 1064, 水孩子
26304087, 9.2, 462, 孩子：挑战
1201947, 8.1, 1525, 哈克贝里・费恩历险记
1318422, 8.5, 929, 假小子戴安
2027835, 8.9, 604, 云朵面包
3053271, 8.7, 742, 小猫出生在秘密山洞
2120425, 8.6, 820, 小蓝和小黄
1285961, 8.3, 1156, 根鸟
1009665, 8.2, 1307, 五・三班的坏小子
1000993, 8.1, 1469, 女生日记-中华儿童文学金奖书库
1016435, 8.8, 649, 女巫
2171327, 8.4, 1005, 好饿的小蛇
1816104, 8.5, 895, 保姆狗的阴谋
2309204, 9.0, 528, 小淘气尼古拉绝版故事
3420606, 8.7, 713, 正面管教
1791383, 9.3, 398, 365夜科幻故事（上、下册）
1008592, 8.6, 789, 那个骑轮箱来的蜜儿
4718472, 9.0, 519, 一本关于颜色的黑书
1001309, 8.6, 778, 苦儿流浪记
1009405, 8.4, 974, 漂亮老师和坏小子
3283582, 8.8, 610, 大卫上学去
3040952, 8.8, 609, 团圆
10560097, 9.3, 379, 不一样的卡梅拉（1-10册）
1264253, 9.1, 450, 少女安妮
1444555, 8.7, 661, 要是你给老鼠吃饼干
4020853, 9.0, 487, 那个黑色的下午
2052682, 8.7, 657, 虎皮猫，你在哪里
1041104, 8.7, 656, 吹牛大王历险记
2052229, 8.1, 1293, 爱丽斯奇境历险记
1451453, 9.1, 436, 女大学生安妮
1912514, 8.9, 514, 我能打败怪兽
3621921, 8.7, 628, 大卫惹麻烦
1005455, 9.3, 354, 淘气包埃米尔
2340058, 8.6, 689, 小黑鱼
2122483, 9.0, 443, 大猩猩
1975886, 8.5, 729, 一片叶子落下来
4773507, 9.2, 366, 晚安，大猩猩
1340590, 8.9, 480, Where the Wild Things Are
1436584, 8.6, 630, 彩虹色的花
1871364, 8.5, 701, 三个强盗
2983793, 8.7, 563, 蓝色的兔耳朵草
3759379, 9.1, 380, 父母效能训练手册
3536343, 9.1, 379, 朱家故事
2052815, 8.6, 611, 幸福的鸭子
2119272, 9.1, 374, 忙忙碌碌镇
2052697, 8.7, 548, 能闻出孩子味儿的乌龟
1816103, 8.6, 601, 想变成人的猴子
1046619, 9.1, 370, 风吹白杨的安妮
1063733, 8.6, 597, 神秘的女老师
3910853, 9.4, 282, 可爱的鼠小弟(全12册)
3464487, 9.2, 330, 绿山墙的安妮
1283644, 9.1, 353, 小尼古拉
3003684, 8.7, 515, 幸福的种子
1939168, 7.8, 1485, 丢三落四的小豆豆
4087909, 8.4, 700, 借东西的小人
1007396, 8.1, 992, 男生日记
1062137, 9.7, 213, 最新21世纪少年儿童百科
2980475, 8.4, 694, 长路漫漫
3224618, 8.7, 504, 和甘伯伯去游河
3686974, 8.7, 501, 樱桃沟的春天
1850977, 8.6, 551, 风到哪里去了
3867627, 9.2, 308, 松鼠先生和第一场雪
1844858, 8.5, 599, 超级市长
1210735, 7.8, 1391, 王子与贫儿
1043256, 8.5, 593, 捣蛋鬼日记
1779099, 8.5, 584, 月亮，生日快乐
1816105, 8.5, 581, 塔顶上的猫
2120228, 8.7, 472, 奥莉薇
2046566, 8.6, 521, 勇气
4744788, 9.0, 351, 田鼠阿佛
1119980, 8.1, 898, 淘气包马小跳系列:笨女孩安琪儿
1184872, 8.4, 633, 捕捉儿童敏感期
3023897, 9.2, 293, 希腊三部曲Ⅰ 追逐阳光之岛
4134396, 8.9, 381, 让路给小鸭子
3651087, 9.1, 318, 噼里啪啦系列（共7册）
3529625, 9.2, 290, 爷爷的天使
1162162, 8.6, 505, 宠物集中营
4758246, 8.8, 411, 夏山学校
1879829, 8.5, 541, 朗读手册
4744698, 9.2, 280, 点
2039628, 8.5, 532, 不是我的错
2340080, 9.0, 327, 小恩的秘密花园
20491988, 8.9, 352, 亲亲木朵
1260295, 9.6, 197, 可怕的科学（共57册）
3299715, 8.9, 351, 蹦!
1774750, 7.8, 1179, 黑质三部曲・之一・黄金罗盘
3927859, 9.1, 292, 玛德琳
3211056, 9.2, 265, 阿秋和阿狐
3240298, 8.8, 365, 三只小猪
3067705, 9.7, 174, 绿宝石阴谋
1043880, 9.6, 187, 新编十万个为什么图画本(自然科学)(全八册)
10604035, 9.1, 275, 点点点
1007576, 8.5, 482, 了不起的狐狸爸爸
1248685, 8.3, 596, 同桌冤家
1485700, 8.6, 435, 苹果树上的外婆
1017993, 9.2, 252, 少年小树之歌
4864832, 9.4, 214, 为什么学生不喜欢上学?
1025434, 9.1, 272, 周作人丰子恺儿童杂事诗图笺释
1076966, 8.6, 430, 大林和小林
2135572, 8.6, 429, 打瞌睡的房子
2119381, 9.2, 247, 轱辘轱辘转
4730201, 8.6, 424, 有一天
2375997, 8.5, 466, Diary of a Wimpy Kid
5919046, 9.4, 209, 图书馆狮子
5378929, 8.5, 463, 培养孩子从画画开始
4005745, 8.8, 341, 棕色的熊、棕色的熊，你在看什么？
1958512, 9.2, 238, 长大做个好爷爷
1245777, 8.3, 556, 贪玩老爸
2340081, 8.7, 367, 月亮，你好吗
3197563, 8.9, 305, 在森林里
3240302, 9.0, 276, 1999年6月29日
1915924, 8.2, 602, 动物必须刷牙吗？
1758593, 8.4, 480, 我绝对绝对不吃番茄
3044158, 8.0, 752, 小豆豆频道
1762738, 9.6, 168, 小淘气尼古拉和他的死党们
2135567, 9.1, 246, 搬过来.搬过去
1252547, 8.3, 523, 丁克舅舅
3661060, 8.3, 522, 小屁孩日记
5254082, 8.7, 348, 兔之眼
6084402, 8.7, 347, 游戏力
2971754, 9.0, 260, 汤姆走丢了
24756462, 8.6, 373, 骑鲸之旅
1038984, 8.8, 307, 亲爱的汉修先生
3712514, 8.6, 369, 抱抱
3121040, 8.5, 404, 爱花的牛
5939303, 9.0, 254, 自己的颜色
4863321, 8.7, 332, 球球老老鼠-笑猫日记
25881349, 8.8, 301, 翻开这本小小的书
3664843, 8.9, 275, 我的图画书论
3237608, 8.8, 300, 小威向前冲
6127332, 9.1, 229, 肚子里有个火车站
1449802, 9.2, 211, 有]有穿西b
1436583, 8.4, 435, 蚂蚁和西瓜
4903439, 9.0, 248, 高空走索人
4265920, 9.3, 194, 形状游戏
1000904, 8.1, 598, 卡尔・威特的教育
3423958, 8.7, 320, 安的种子
2276901, 8.3, 475, 斯波克育儿经
5333081, 9.1, 223, 妈妈，买绿豆！
6523827, 8.4, 423, 不能错过的英语启蒙
4753975, 8.7, 313, 100层的房子
1416197, 8.4, 415, 巨人的城堡
5942276, 8.2, 505, 战马
4743834, 8.9, 255, 迟到大王
2131751, 8.9, 254, 鳄鱼爱上长颈鹿
6265890, 8.4, 404, 杨红樱校园小说《女生日记》《男生日记》
1146989, 9.0, 232, 与孩子的天性合作
3023898, 9.2, 197, 希腊三部曲Ⅱ 桃金娘森林宝藏
1844857, 8.4, 401, 跳跳电视台
3129407, 8.8, 274, 喵呜
1933497, 8.4, 399, 一只会开枪的狮子
4263422, 8.4, 394, 笑猫日记-一头灵魂出窍的猪
3074881, 8.8, 268, 苏菲的杰作
3224600, 9.0, 224, 外公
1283645, 9.3, 175, 小尼古拉的烦恼
6127333, 9.1, 204, 牙齿大街的新鲜事
3224599, 8.8, 261, 艾玛画画
1758919, 7.8, 743, 小豆豆与我
1482975, 9.0, 219, 普希金童话诗
5269184, 9.0, 217, 有个老婆婆吞了一只苍蝇
5363764, 8.8, 254, 动物园
1442309, 9.3, 168, 可爱的鼠小弟
1120014, 8.1, 501, 轰隆隆老师
3545537, 8.5, 331, 隧道
4744787, 9.2, 180, 亚历山大和发条老鼠
1431184, 8.3, 402, 笋瓜自传
4852805, 8.8, 248, 希利尔讲世界史
25697495, 8.7, 271, 情感依附
1008214, 8.8, 247, 玛蒂尔达
3186403, 8.3, 397, 一园青菜成了精
2130688, 8.4, 358, 我喜欢书
3107918, 8.8, 246, 妈妈你好吗？
7004113, 9.6, 131, 开车出发（全7册）
2228986, 8.7, 265, 壁橱里的冒险
3743038, 9.5, 140, 写给孩子的哲学启蒙书（共6册）
1416196, 8.3, 386, 寻找大熊猫
2050878, 8.7, 262, 爸爸、妈妈、我和她
2074254, 7.9, 596, 挖鼻孔真好玩
4309584, 8.6, 286, 孩子的宇宙
3755086, 8.8, 238, 发展心理学-儿童与青少年-第八版
25872643, 9.1, 185, 不可思议的旅程
1254504, 8.1, 465, 小大人丁文涛
2029726, 8.8, 235, 月亮，晚安
4003002, 8.9, 215, 你睡不着吗?
1283643, 9.2, 168, 小尼古拉的暑假
6858624, 9.0, 192, 爸爸，我要月亮
3699146, 8.6, 271, 杨红樱童话珍藏版
26832470, 8.6, 271, 独生小孩
6759296, 7.9, 548, 五岁时，我杀了我自己
3797864, 8.5, 290, 穿靴子的猫
1345430, 8.7, 239, 那天，我用爸爸Q了l金~
3065673, 9.2, 158, 小兔汤姆系列（第二辑）（全十册）
1036205, 8.7, 236, 好心眼儿巨人
1481650, 7.6, 761, 不可思议国的小豆豆
3171267, 9.2, 156, 阿黛拉和西蒙在巴黎
4744792, 9.3, 143, 推土机年年作响，乡村变了
1045342, 8.3, 336, 诺贝尔奖获得者与儿童对话
1283642, 9.2, 153, 小尼古拉的课间休息
3424697, 9.3, 142, 蒙蒙
6859532, 9.3, 142, 数字的挑战
7916383, 7.9, 510, 中国留守儿童日记
19967277, 8.2, 359, 爱哭鬼小隼
1221437, 9.0, 172, 贝贝熊系列丛书（共30册）
1044705, 9.4, 126, 吵闹村的孩子
1887677, 9.4, 126, 大侦探小卡莱
3010621, 8.6, 236, 如何说孩子才肯学
1102435, 8.1, 384, 冒险小虎队：喷火面具
1958518, 9.0, 168, 我永远爱你
2129414, 8.0, 426, 有个性的羊
25871755, 8.7, 215, PICTURA神笔涂绘（怪物星球、漫游伦敦、巴黎漫步）
2145115, 8.5, 256, 狐狸的神仙
2766771, 9.1, 154, It&#39;s Okay To Be Different
5275422, 9.0, 166, 阴天有时下肉丸
1959288, 8.6, 231, 我的名字克丽桑丝美美菊花
5402475, 8.7, 210, 地下100层的房子
1976471, 8.6, 227, 淘气包马小跳
10530984, 8.8, 191, 我要把我的帽子找回来
4087982, 8.9, 175, 尼古拉的三个问题
4230636, 8.2, 328, 不平等的童年
1444827, 8.7, 205, 英国儿童读物插画完全教程
4059063, 8.6, 222, 一寸虫
1401988, 9.1, 147, Le Petit Nicolas
26682576, 8.6, 221, 给孩子读诗
4328907, 9.4, 118, 巴巴爸爸经典系列
6042356, 9.1, 146, 糟糕，身上长条纹了！
26710042, 9.1, 146, 多莱尔的希腊神话书
1685958, 8.3, 289, 谁藏起来了
3607874, 8.5, 239, 别让鸽子开巴士
6042357, 9.3, 125, 先左脚，再右脚
6527152, 9.3, 125, 敌人
5939315, 8.8, 183, 鱼就是鱼
1839608, 9.2, 134, 我就是喜欢我
4602756, 9.3, 123, 米歇尔 一只倒霉的羊
1013814, 9.1, 142, 西顿野生动物故事集
2122703, 8.6, 213, 阿文的小毯子
2274446, 9.1, 141, 橡树上的逃亡（共两部）
4299485, 9.1, 141, 欧先生的大提琴
2135569, 8.7, 194, 天生一对
26791320, 8.5, 231, 哇，历史原来可以这样学1
4743856, 9.0, 151, 14只老鼠大搬家
3332643, 8.8, 177, 莎莉
3087618, 8.1, 338, 小豆豆动物剧场
1967845, 8.5, 229, 从出生到3岁
26383741, 8.5, 229, 和妈妈如影随形的日子
1083092, 8.2, 304, 精灵鼠小弟
1262333, 7.9, 416, 瞧
5328956, 9.1, 138, 可爱的鼠小弟01-鼠小弟的小背心
6088440, 9.2, 127, 佩泽提诺
3572554, 8.9, 159, 臭起司小子爆笑故事大集合
2010066, 9.6, 96, 幽默儿童文学名著译丛 （全6册）
3192554, 8.2, 292, 请让我慢慢长大
4192120, 8.8, 170, 楼上的外婆和楼下的外婆
3420221, 8.5, 219, 实用程序育儿法
20375324, 8.6, 199, 你是世上最好的妈妈
1914569, 9.1, 133, 爱的奇妙滋味-学会给予爱和接受爱-青蛙弗洛格的成长故事
1420762, 8.5, 215, 特别的女生萨哈拉
2229649, 8.3, 257, 童年的秘密
3838032, 9.1, 131, 给孩子们的信
26760537, 8.8, 165, 给孩子的动物寓言
11597314, 8.0, 345, 我被爸爸绑架了
3559682, 8.5, 211, 月光男孩
6971390, 7.5, 615, 小狗钱钱2
4194978, 8.6, 192, 完整的成长
4943558, 9.3, 111, 青蛙弗洛格的成长故事-全12册
3341029, 9.1, 127, 女巫温妮
5912705, 8.4, 225, 查理九世2・恐怖的巫女面具
1204942, 9.4, 102, 生命的世界
1216407, 8.9, 145, 阿罗有枝彩色笔
1322749, 8.6, 185, 小房子变大房子
5422865, 8.4, 220, 小豆豆和小豆豆们
4237563, 8.8, 156, 再见，小兔子
4744693, 8.9, 142, 鳄鱼哥尼流
2274208, 8.1, 288, 小熊和最好的爸爸（全7册）
3198418, 8.6, 181, 古利和古拉
4239425, 8.8, 153, 走开，绿色大怪物！
24886923, 9.0, 131, 当鸭子遇见死神
3187576, 8.9, 140, 玛德琳卡
1012269, 9.6, 86, 彩虹英汉词典
1836207, 8.8, 151, 它们是怎么来的
1063639, 9.5, 91, 六人飞行组
10459904, 9.6, 85, 神奇校车-穿越飓风
1264366, 8.3, 229, 谁拿走了孩子的幸福
1840280, 8.8, 148, Brown Bear
1970561, 8.5, 189, 会流泪的骷髅-超级成长版冒险小虎队
2141585, 8.1, 274, 生气汤
4077636, 9.4, 95, 不一样的卡梅拉 珍藏版Ⅱ
3283630, 8.8, 146, 安娜的新大衣
2119364, 8.7, 158, 斯凯瑞最受欢迎的故事
7065579, 9.2, 107, 从窗外送来的礼物
1768128, 8.4, 200, The Tale of Peter Rabbit
3819690, 8.6, 168, 爸爸的D
4743857, 9.2, 105, 14只老鼠挖山药
3062060, 8.8, 141, 无字书（套装全8册）
26825522, 8.9, 129, 生活三部曲：生活的样子
25761171, 8.8, 139, 骑鲸之旅2
1290266, 9.3, 96, 林汉达中国历史故事集
1958520, 8.7, 148, 小猪变形记
3310996, 8.7, 146, 月亮，晚上好
2120267, 8.2, 226, 一百条裙子
3197664, 8.3, 204, 脸，脸，各种各样的脸
2368114, 8.0, 272, 男孩的冒险书
6859149, 9.3, 93, 字的故事
6000487, 8.7, 144, 大卫之星
1781949, 8.8, 133, 罐头里的孩子
3698663, 8.6, 156, 天空在脚下
5348905, 8.4, 185, 一粒种子的旅行
6800784, 8.4, 185, 故事知道怎么办
20379682, 9.0, 113, 最美最美的中国童话
26280915, 9.2, 98, 阿宝两只脚 凳子四只脚
26740070, 8.6, 153, 我和老爸
4239427, 8.7, 141, 我们要去捉狗熊
4852887, 8.5, 166, 希利尔讲艺术史
6540225, 8.6, 152, 好脏的哈利
1148767, 8.1, 236, 汉娜的手提箱
3766443, 7.8, 320, 芬兰教育全球第一的秘密
3112185, 9.0, 110, 京剧猫之武松打虎
3813662, 8.5, 162, 世界为谁存在？
4038741, 8.6, 149, 跟屁虫
1322752, 8.5, 161, 咕噜牛
19976927, 8.9, 117, 公园里的声音
1388510, 9.2, 94, 嘟嘟和巴豆
10830082, 9.0, 108, 好安静的书
1015724, 9.5, 77, 神奇的校车：追寻恐龙
3632632, 8.3, 188, 树真好
2056608, 8.8, 124, 会讲故事的单词书
4725498, 8.9, 115, 大野狼
2145825, 9.1, 99, 我好嫉妒
10763602, 9.3, 86, 兔子的12个大麻烦
3772650, 8.3, 184, 生气的亚瑟
6532344, 8.5, 154, 第56号教室的奇迹2
4822246, 8.4, 167, 南瓜汤
4299488, 8.7, 130, 和我一起玩
3198677, 8.8, 120, 威廉先生的圣诞树
23782049, 8.3, 181, 儿童的世纪
1322319, 8.6, 140, 女儿的故事
5299980, 8.3, 180, 教出乐观的孩子
3729116, 8.0, 238, 接纳孩子
1055661, 8.7, 128, 美德书
3301378, 8.7, 128, 世界上最美丽的村子--我的家乡
26663864, 9.2, 89, 地下水下
25833287, 8.7, 127, 我的第一本艺术启蒙书
2181353, 8.2, 194, 开甲壳虫车的女校长
1320397, 8.1, 212, 花格子大象艾玛
2349013, 8.7, 126, The Wizard of Oz
2304415, 8.9, 108, 倾听孩子
26429888, 8.7, 125, 动物的朋友圈
4231294, 8.7, 124, 小屁孩日记
10537771, 8.9, 106, 登天之梯
26776895, 9.1, 92, 我的收藏
1850549, 8.7, 123, Goodnight Moon
1915734, 8.5, 144, 狗来了
25734421, 8.5, 144, 胡萝卜须
4852719, 8.4, 156, 希利尔讲世界地理
26314736, 8.6, 132, 希腊神话
3700190, 8.7, 122, 北纬36度线
3876635, 8.8, 113, 大师经典哲学绘本（全四册）
1065109, 8.9, 104, 小鹿斑比
6731180, 9.3, 79, 变焦
4145396, 8.2, 183, 阿朝来啦
3332647, 8.5, 141, 妈妈的礼物
26412796, 9.2, 84, 孩子提问题大师来回答2
21263654, 8.4, 152, 此景
11597274, 8.9, 102, 艺术大魔法
2135791, 8.3, 164, 我看见的世界
5325809, 7.9, 237, 女孩的进化史
3734719, 8.7, 117, 环游世界做苹果派
4822227, 8.5, 137, 小种子
4299484, 8.6, 126, 爷爷的墙
3746800, 8.5, 136, 纸袋公主
10518812, 9.1, 87, 松鼠先生找幸福
25712707, 8.7, 116, 孩子提问题 大师来回答
25722936, 8.7, 115, 孩子们的书
26707638, 9.6, 63, 大自然中的美食
1214563, 8.4, 145, 有吸收力的心灵
26591755, 9.1, 85, 聪明的渔夫
25945507, 8.6, 122, 帕瓦娜的守候
10455402, 9.2, 79, 黎明开始的地方
6852284, 9.4, 69, 小鸡球球，藏猫猫！
1066771, 8.3, 154, 丰子恺童话
2175926, 8.2, 168, 名叫牛皮的插班生
2756407, 8.6, 120, So Many Bunnies
26266165, 8.7, 111, 圣诞老爸的来信
6438494, 9.1, 83, 彼得兔经典故事集-小兔彼得
4113907, 8.6, 119, 飘着幽灵的小房子
4744691, 8.6, 119, 一只奇特的蛋
1808219, 8.3, 152, L本之力
2134228, 8.3, 152, 小猪的爱情
3813663, 8.3, 152, 你很快就会长高
6852292, 9.4, 68, 晚安，小鸡球球
11612033, 9.1, 81, 从头动到脚
26394207, 8.0, 195, 给孩子的散文
2995447, 8.5, 125, 鸡蛋哥哥
10761531, 9.0, 86, 格林爷爷的花园
6523868, 8.6, 114, 大雨哗啦哗啦下
1318207, 9.3, 70, 神奇校车 奇妙的蜂巢
1394365, 8.7, 105, 教B的迷思
22224887, 8.5, 122, 全脑教养法
2055436, 9.3, 69, 霍顿听见了呼呼的声音
5921082, 8.5, 121, 培养孩子从画画开始2：孩子的话如何看怎样教
4822112, 8.8, 96, 洞
3112182, 8.9, 87, 京剧猫之长坂坡
3729117, 8.9, 87, 善解童贞
4847299, 8.7, 100, 林间最后的小孩
24384863, 8.7, 100, 自然的魔法
1008619, 9.3, 66, 一百个中国孩子的梦(上中下)
25923082, 9.3, 66, 万物运转的秘密
3074880, 8.8, 92, 警官巴克尔和警犬葛芮雅
1799781, 8.4, 125, 家庭教育
5907917, 8.4, 125, 绿狗山庄
4197893, 8.4, 124, 我的兔子朋友
4744689, 8.4, 124, 这是我的！
4021782, 8.0, 176, 少年阿莫的秘密日记
2255068, 8.8, 91, I SPY视觉大发现
3918510, 8.8, 91, 毛毛虫童书馆・第一辑（全七册）
25713175, 9.3, 65, 梦想家威利
4044393, 8.9, 84, 篮子月亮
1958528, 8.8, 90, 愿望树
10600143, 8.6, 104, THIS IS米先生的世界旅游绘本・第一季
3914792, 8.5, 112, 我与世界面对面
3393174, 7.8, 208, 为什么孩子要上学
1197433, 8.8, 89, 为孩子立界线
3522597, 9.2, 68, 大嗓门妈妈
1101840, 8.5, 111, 斯宾塞的快乐教育
1318944, 8.3, 130, 效率专家爸爸
1398969, 9.3, 63, 写给孩子的哲学启蒙书（第1卷）
1677118, 8.9, 81, 神奇的玛丽阿姨
3551076, 8.2, 138, 狼大叔的红焖鸡
1766557, 9.3, 62, Oh
10460408, 9.3, 62, 揭秘汽车
1351385, 8.2, 137, Holes 
1956019, 9.7, 49, 儿童纪律教育
4826983, 9.9, 44, 宝宝晚安----儿童睡前故事366
5504449, 8.6, 98, 狐狸与我
2151785, 8.7, 91, 宫泽贤治杰作选
4000981, 9.1, 69, 小饼干的大道理
4861188, 9.1, 69, DK儿童百科全书
3074879, 7.9, 176, 七只瞎老鼠
26074846, 8.2, 133, 我们的天真填满整个宇宙
5919044, 9.1, 68, 吃六顿晚餐的猫
6519655, 9.1, 68, 安野光雅数学绘本
4063493, 8.6, 96, 陌生人
1843070, 8.5, 103, 儿童的人格教育
3898381, 8.5, 103, 下雪了
11534101, 9.1, 67, 星星和蒲公英
4019426, 7.8, 185, 美感是最好的家教
4077607, 9.5, 52, 不一样的卡梅拉 珍藏版Ⅰ
4299482, 8.5, 100, 小鲁的池塘
5912701, 7.6, 225, 查理九世1・黑贝街的亡灵
6713131, 9.0, 70, 解放父母解放孩子
3634394, 8.6, 92, 桃花源的故事
1831657, 8.5, 99, 相片的故事-艾特熊&amp;赛娜鼠
10530105, 8.4, 107, 星期三书店
5333931, 9.0, 69, 记忆的碎片
1223050, 8.2, 125, 发现孩子
3186425, 8.2, 125, 我讨厌书
1030328, 8.3, 114, 人鸦
1001984, 9.8, 43, 牛津少年儿童百科全书（上、下编）
1226203, 9.1, 64, 撒哈拉沙漠求生记
2150455, 9.3, 56, 幸福的种子
10809718, 8.5, 95, 我爱幼儿园
4847646, 8.4, 102, 你喜欢
7007227, 8.8, 76, 爱德华：世界上最恐怖的男孩
1146495, 8.7, 81, 身体使用手册
3254072, 9.0, 66, 阿波林的小世界
1436585, 8.4, 99, 换一换
6060515, 8.3, 107, 和甘伯伯去兜风
6967981, 8.3, 107, 在那遥远的地方
26390070, 8.9, 69, 极地重生
10746174, 8.8, 73, 好想吃榴莲
1461152, 8.7, 78, The Cat in the Hat
1157075, 8.5, 90, 一年级大个子二年级小个子
2236230, 9.2, 56, 不可思议的大自然
6802418, 8.8, 71, 世界儿童文学・阅读与经典
26597979, 9.2, 55, 梁山伯与祝英台
6859534, 9.0, 62, 颜色的世界
3024494, 8.0, 131, 笑猫日记（超值本）
2298457, 8.5, 87, 森林报-秋
3187420, 8.7, 75, 让孩子着迷的77×2个经典科学游戏
5346688, 8.8, 70, 小仙女艾丽斯
10808776, 7.9, 142, 规矩和爱
19967686, 9.9, 37, 简单折纸大百科
2193721, 8.1, 118, 鸭子农夫
5423767, 8.3, 100, 男孩与鹰
11622370, 9.6, 43, 全景式图画书・开车出发系列（套装共7册）
3632647, 8.2, 108, 风喜欢和我玩
1222924, 8.0, 128, 蒙台梭利早期教育法
1149722, 8.4, 92, 克拉拉的战争
3608169, 7.9, 139, 挖鼻孔的大英雄
5026623, 8.7, 73, 小屁孩日记
10761533, 8.7, 73, 这是一本书
3141960, 9.1, 56, 世界童话精选百篇
25816346, 8.3, 96, 恶魔呼唤
2055406, 8.7, 71, 绿鸡蛋和火腿
19995749, 8.6, 76, 宝宝的第一本躲猫猫游戏书
4796701, 7.3, 242, 养育男孩
26269050, 9.2, 51, 长长的小百科：大动物，小动物
1958523, 8.3, 93, 火龙爸爸戒烟记
7051473, 8.1, 109, 我从彩虹那边来
5954636, 9.1, 53, 小小剪纸2
26662226, 8.9, 60, 不要，不要，妈妈不要！
1808657, 8.1, 107, 孩子是如何学习的
2322350, 9.8, 36, 银线星星
26873719, 9.6, 39, 这不是书
4291109, 8.7, 66, 生活的意义
1085121, 8.3, 87, 戴高帽的猫
4297685, 8.3, 87, 大家来听音乐会
19963465, 8.9, 57, 走进奇妙的数学世界（全3册）
6390601, 8.6, 69, 查理九世6・吸血鬼公墓
25723267, 9.1, 50, 魔法树
25915102, 9.0, 53, 写给儿童的中国历史
7060174, 8.6, 68, 图画书应该这样读
6773363, 8.2, 91, 教养大震撼
2987857, 8.4, 78, 大熊有一个小麻烦
2274447, 8.7, 63, 像妈妈一样    像爸爸一样
3632643, 8.7, 63, 星际信使
4124719, 8.7, 63, 小猫当当系列（1-10）
3697736, 9.1, 49, 肚子里有个火车站/牙齿大街的新鲜事
3198676, 8.5, 72, 会飞的箱子
2274391, 8.7, 62, 斯凯瑞金色童书・第三辑
5906937, 9.3, 43, 神奇校车-漫游电世界
6434839, 8.3, 82, 我陪女儿学英语
25726072, 9.0, 51, 亲爱的小莉
2041429, 8.9, 54, 注意缺陷障碍
10454001, 9.2, 45, 儿童的利益
5408523, 8.0, 103, 漂亮女孩夏林果
3994741, 8.3, 81, 谁了解孩子成长的秘密
20272118, 8.3, 81, 儿童大脑开窍手册
1221141, 7.7, 133, 儿童绘画与心理治疗
5245599, 9.0, 50, 苏斯博士最经典童书
1489168, 8.4, 74, 一百个中国孩子的梦
10433751, 8.4, 74, 孩子们的秘密乐园
6953245, 8.5, 68, 童书创作实用指南
26676574, 8.7, 59, 宝宝的第一本游戏书
4255543, 7.6, 142, 旅行箱的故事
10439353, 9.1, 46, 四季的角度
1425834, 8.2, 84, 世界没有角落
3766707, 9.3, 41, 恐龙大陆（套装共7册）
22677141, 7.8, 117, 杨红樱淘气包马小跳系列
5290538, 7.8, 116, 月亮先生
26589327, 7.9, 106, 阿米：星星的孩子（阿米系列第一部）
3028712, 8.9, 51, 少女的红围巾
26209335, 9.1, 45, 月亮熊
10794873, 8.5, 65, 永远的西瓜小丑-笑猫日记
11612040, 8.5, 65, 画了一匹蓝马的画家
21336944, 7.2, 204, 真怕你是个乖孩子
3909967, 8.2, 80, 如何培养孩子的社会能力
6977590, 9.4, 37, 我的第一本古典音乐启蒙书
3479698, 8.9, 49, 你认识这些车吗
24284798, 8.9, 49, 城里狗，乡下蛙
6518947, 9.2, 41, 窗边的小豆豆合集（套装共9册）
3250183, 7.8, 109, 童年忆往
3685414, 7.6, 131, 遗失翅膀的天使
19897027, 9.3, 38, 小怪兽
3519771, 9.2, 40, 儿童文学的乐趣
25844365, 9.5, 34, 对话的秘密
10763061, 9.9, 28, 趣味立体剪纸乐园
20500693, 8.7, 53, 寻找黑骑士
6520520, 9.0, 44, 莎莉，洗好澡了没？
2277313, 8.1, 80, 打造儿童阅读环境
2081961, 8.9, 46, 阿信坐在云彩上
24530439, 8.9, 46, 太阳风琴
1032798, 8.0, 86, 和孩子一起享受艺术
1490323, 7.5, 134, 牙买加飓风
6719654, 9.0, 43, 快乐儿童的7个习惯
3075867, 8.6, 55, 放慢脚步去长大
20437595, 8.6, 55, 了不起的大盗奶奶
3217555, 8.7, 51, 飞吧孩子
24863573, 9.1, 40, 一条街道的100年
3409306, 8.6, 54, 盐丁儿
1027621, 8.5, 57, 让孩子着迷的101本书
4206498, 8.5, 57, 奥古斯汀
10747391, 8.7, 50, 我的第一本专注力训练书-小观察成就大思维
3070853, 9.2, 37, 图书馆老鼠
11498230, 9.1, 39, 从百草园到三味书屋
7162078, 9.3, 35, 儿童恐龙百科全书
10736307, 8.0, 81, 最后一朵花
2968974, 9.0, 41, 妖湖怪谭
5982207, 8.3, 63, 天啊！ 错啦 ！
24295440, 8.5, 54, 滴水兽的夜晚
26584681, 9.6, 29, 今天我感觉……
1425813, 7.8, 91, 儿童心理学
4207182, 7.4, 131, 小玩意
6390602, 8.2, 66, 查理九世8・白骨森林
26276517, 8.7, 47, PICTURA神笔涂绘第二季：恐龙崛起、仙境迷踪、骑士之旅
25819804, 8.4, 57, 妈妈，为什么？
4025168, 9.0, 39, 儿童文学的三大母题
4822224, 8.2, 65, 小羊和蝴蝶
24851710, 7.7, 97, 我有一点喜欢你
1393441, 9.3, 33, 写给孩子的哲学启蒙书（第2卷）
5400164, 8.9, 41, 许多孩子，许多月亮
2304506, 8.2, 64, 儿童绘画心理学
3089678, 8.2, 64, 我要是一只狗就好了
2039438, 9.6, 28, 仙篮奇剑传
25805686, 8.4, 55, 她只是个孩子
3601538, 8.7, 45, 童年与解放
10774781, 8.5, 51, 儿童的季节
26677439, 9.3, 32, 儿童精神分析
25793616, 8.3, 58, 哲学家与儿童对话
26805866, 8.3, 58, 0～12岁，给孩子一个好性格
10742755, 8.6, 47, 颜色的战争
3876627, 8.5, 50, 假如狐狸和兔子互道晚安
3583739, 9.0, 37, [蚺cF
1103004, 9.1, 35, 木木的植物日记
2122634, 8.7, 44, 儿童爱之语
6967924, 8.4, 53, 天虹战队小学
1125797, 7.8, 82, 蒙台梭利儿童教育手册
6156915, 8.6, 46, 憋不住，憋不住，快要憋不住了
2303918, 9.5, 28, Moomin
5350209, 8.3, 55, 妈妈不是我的佣人
6985299, 8.5, 48, 森林里的躲猫猫大王
5389490, 8.6, 45, 酷虫学校1
2188193, 8.4, 51, 我的第一本书
26201961, 8.7, 42, 简笔画5000例，一本就够
26662356, 9.3, 30, 大自然
4226366, 9.0, 35, 鼹鼠的故事
3312325, 8.5, 47, 给无价的孩子定价
26201895, 7.8, 78, 孩子与恶
10466916, 8.6, 44, 我是一支爱写作的铅笔
6755361, 8.4, 50, 我的地图书
5416927, 9.1, 33, 奇先生妙小姐-第一季
25782298, 8.5, 46, 爸爸带我看宇宙
26433791, 8.6, 43, 海底100层的房子
4237985, 9.0, 34, 如何说孩子才能和平相处
5363759, 8.3, 52, 乐琦的神奇力量
1426211, 8.2, 55, 优秀是教出来的
5327024, 8.3, 51, 美国语文（上下册）
3078487, 8.6, 42, 儿童的一百种语言
3058360, 8.0, 63, 乔治开启宇宙的秘密钥匙
2074498, 8.9, 35, 性之耻，还是伤之痛
5936248, 7.2, 122, 问你爸去
1500328, 8.3, 49, 儿童与青少年焦点解决短期心理咨询
26410876, 8.9, 34, 思考的魅力
3649478, 9.0, 32, 儿童文学概论
26527508, 9.0, 32, 我的创意房子
25744229, 7.3, 109, 鼻屎为什么不能吃
6979770, 7.2, 119, 皮皮鲁送你100条命
10539817, 8.3, 48, 亚历山大和倒霉、烦人、一点都不好、糟糕透顶的一天
6778492, 9.3, 27, 大象小不点
10734624, 8.8, 35, 温尼科特
26866061, 8.7, 37, 让孩子不恐惧、不焦虑、不拖延
1175947, 8.0, 58, 胡萝卜种子
3596979, 9.2, 28, 写给孩子的哲学启蒙书(第6卷)(精)
6973023, 9.2, 28, 周作人论儿童文学
26760011, 9.2, 28, 永远永远永远乐观的七只小矮熊：三个公主与三个王子
25892506, 9.0, 31, 小蜡笔大罢工
25986642, 9.5, 24, 我的第一次恐龙大发现儿童地图绘本
4744898, 8.1, 53, 给孩子100本最棒的书
25743166, 9.1, 29, 地球:行星的力量
10583149, 9.4, 25, 和孩子一起玩艺术
25864730, 9.4, 25, 狐说伊索寓言
25901260, 7.8, 66, 作文里的奇案
1439198, 8.2, 49, 哲学与幼童
1921815, 8.2, 48, 孩子来自天堂
4876945, 8.4, 42, 每个孩子都能好好睡觉
6001351, 8.4, 42, 家门外的自然课
25961266, 8.4, 42, 宝宝也是哲学家
1776703, 8.8, 33, 一个孩子的诗园
26612334, 8.6, 37, 想象有一天
25709707, 8.5, 39, 有益的父母，有害的父母
1082360, 8.9, 31, 实用游戏图鉴
26737529, 9.6, 22, 3岁前吃对食物，孩子一生好体质
4118175, 9.0, 29, 玛蒂娜故事书系列（第二辑 全5册）
20441867, 8.0, 53, 大人为什么要开会
1706097, 8.1, 49, 蒙台梭利育儿全书
4840791, 8.1, 49, 孩子的画告诉我们什么
25773459, 7.7, 66, 爱讲故事的爸爸是最好的爸爸
3186410, 9.1, 27, 发展心理学的关键概念
6905402, 7.8, 60, 吴姐姐讲历史故事（第1册）
1408350, 8.0, 50, 孩子们
1912458, 9.0, 27, 儿童思维发展
3035005, 9.0, 27, 人智W⒌舷碌和教育
5289424, 7.6, 66, 带孩子旅行
5260307, 9.2, 24, 熊梦蝶 蝶梦熊
3653465, 8.3, 39, 童书是童书
26137168, 8.8, 29, 梦幻月圆夜
26349011, 9.7, 19, 我的第一次动物大发现儿童地图绘本
6425485, 8.2, 41, 给我的孩子讲爱情
2028441, 7.8, 54, 儿童心理学
20260277, 8.3, 38, 烟花
2011646, 8.9, 27, 月亮茶馆里的童年-殷健灵心灵成长小说
1265600, 7.8, 53, 童年之死
20503849, 7.7, 57, 杨红樱淘气包马小跳系列
25743161, 8.8, 28, 生命:非常的世界
24732639, 8.5, 33, 童画家
10426396, 8.4, 35, 懒妈妈快乐育儿经
3666720, 9.1, 24, 儿童心理学手册
4244880, 9.1, 24, 儿童发展
2371121, 9.0, 25, 河^察
26636404, 9.0, 25, 我们去找小昆虫1：昆虫的工具
5363834, 8.2, 39, 雪精灵
3129383, 8.4, 34, 猜猜看
25858028, 9.2, 22, 小小艺术家系列
20384763, 9.3, 21, 坐电车去旅行
25805685, 8.0, 42, 笼中男孩
25787884, 8.6, 29, 儿童精神分析五讲
6101379, 8.1, 39, 儿童的发现
1912252, 8.7, 27, 理解孩子的成长
3248656, 8.7, 27, 儿童叙事治疗
25985354, 8.2, 36, 锯齿形的孩子
6390374, 9.1, 22, 学会关心
6067588, 9.2, 21, DK儿童百科百问百答
25758461, 8.1, 38, 书，儿童与成人
2116788, 8.9, 24, 写给孩子的哲学启蒙书・第4卷
1098486, 8.8, 25, 鬼怪迷的勇敢手册
5363711, 8.5, 29, 游戏治疗
26663567, 8.3, 32, 中国历史地图――手绘中国・人文版
26377907, 8.1, 36, 我们，我们的历史
3271284, 8.4, 30, 我的第一本亲子游戏书
3925647, 8.4, 30, 异常儿童心理
10491301, 8.5, 28, 逃离岛 2
24541931, 8.7, 25, 不是所有动物都是蓝色的
10453914, 7.9, 40, 光有爱还不够
1325265, 8.4, 29, 脑袋里的小矮人
1664828, 7.7, 45, 儿童发展心理学
25788823, 9.0, 21, 科瓦奇讲植物、动物、天文与地理
4091880, 9.1, 20, 上学一二三
4100343, 8.0, 36, 艺术治疗
1148500, 7.8, 41, 儿童的秘密
26387599, 9.3, 18, 风是什么颜色？
4880992, 7.9, 38, 高效能父母的21个教子习惯
20491175, 8.6, 25, 如何培养孩子的社交商
5377504, 8.2, 31, 美国国家地理少儿版百科
6977924, 8.2, 31, 说来听听
1005022, 8.3, 29, 儿歌三百首
26739913, 8.3, 29, 宝宝的量子物理学
4077873, 7.6, 46, 瓜子脸女霸王
1313356, 7.9, 37, 学习像呼吸一样自然
4150256, 7.9, 37, 申宜真幼儿心理百科
4134406, 8.4, 27, 看！身体怎么说话
2127260, 6.8, 92, 儿童经络使用手册
26352348, 8.2, 30, 我的幻影朋友
19898214, 7.8, 38, 北京  中轴线上的城市
2122621, 7.8, 37, 蜗牛不放弃
26775342, 8.6, 23, 爸爸尼赫鲁写给我的世界史
6962717, 8.3, 27, 与儿童交谈
26334502, 8.2, 28, 给四月的信
3072010, 9.2, 17, Tfc艟
25708096, 8.3, 26, 拼拼凑凑的变色龙
3464688, 8.0, 31, 中国儿童阅读6人谈
3006051, 8.8, 20, 捷克和斯洛伐克儿童书籍插图选
6885908, 8.8, 20, 让孩子痴迷的趣味科学游戏
20441871, 7.5, 42, 为什么不能把所有东西买回家
6751316, 8.7, 20, 孩子成长历程
1972866, 7.7, 35, 魔法小仙子
4852833, 8.1, 27, 小牛顿科学馆
6873377, 8.3, 24, 孩子，你的情绪我在乎
10441239, 7.9, 30, 向台湾小孩学作文
3187123, 8.0, 28, 观察儿童
25881363, 8.1, 26, 汤米的摩天三明治
5378555, 8.4, 22, 把男孩培养成男孩
5214780, 8.8, 18, 管教有方
5944739, 8.3, 23, 自由，是什么？
4848555, 7.1, 52, 玩出好人生
4854934, 7.3, 43, 2055年
25783321, 8.1, 25, 给孩子们的诗
25875217, 8.6, 19, 亲爱的天才
26645331, 8.6, 19, 童年哲学
6425609, 8.0, 26, 给我的孩子讲哲学
6519211, 8.0, 26, 老鼠记者
4767468, 7.8, 29, 打开诗的翅膀
20301228, 8.0, 25, 芒果猫
4201857, 7.9, 26, 培养情商
7565203, 8.2, 21, 可怕的科学-经典数学系列套装-全12册
3215776, 8.5, 18, 蒙台梭利教育法
1489053, 7.7, 28, 游戏治疗101
5314758, 8.1, 22, Diary of Wimpy Kids Boxset 小屁孩日记套装
2336818, 8.3, 19, 小无知的故事（1-4）
6425617, 7.4, 31, 给我的孩子讲中世纪
20300971, 7.8, 23, 十岁那年
25830759, 7.6, 26, 查理九世21・沙海谜国
11606417, 8.1, 19, 汤普森心理童话药书1
5350180, 7.6, 25, 不上补习班的第一名
4902696, 7.7, 23, 蒙台梭利儿童教育经典原著（套装６册)
24283396, 8.0, 19, 小雨麻的副食品全
1500330, 8.1, 18, 儿童故事治疗
7175182, 7.9, 20, 决定孩子一生幸福的财商教育
3063062, 7.7, 22, 写给妈妈的佛法书
20492063, 8.0, 18, 人体历险记1-我的第一本科学漫画书-25
1007380, 7.8, 20, 马戏团的动物明星
4137135, 7.8, 20, 病毒世界历险记 1 我的第一本科学漫画书 21
25757791, 8.1, 17, 儿童音乐之旅：世界上最美的儿童歌曲绘本
1072638, 8.2, 16, 创造与心智的成长
4082138, 7.9, 18, 《德慧智慧性图文思维教育――别把孩子教笨了》
1179164, 8.0, 17, 儿童精神哲学
1232825, 8.0, 17, 儿童短程游戏心理治疗
3091489, 8.0, 17, 儿童的道德判断
4746013, 8.0, 17, 艺术人生的开端
26901098, 7.7, 20, 行为心理学
3436047, 7.3, 25, 正确和孩子说话
25916752, 7.8, 18, 迈出哺乳的第一步
25792525, 7.7, 19, 儿童技能教养法
3134580, 8.0, 16, 孤独症儿童行为管理策略及行为治疗课程
6711288, 8.0, 16, DK自然发现大百科
10515073, 8.0, 16, 儿童健康指南
25815811, 8.0, 16, 物种起源（少儿彩绘版）
3342559, 8.1, 15, 儿童与艺术/美术教育学系列译丛
3723226, 7.7, 18, 心理创伤与复原
25880846, 7.8, 17, 成长的细节
24380077, 7.5, 20, 小小孩的春天
24870819, 7.2, 24, 错解大自然
26733845, 8.0, 15, 再见的味道
26853787, 8.3, 13, 千千万万只蚂蚁
3733119, 7.2, 23, 装在口袋里的爸爸・爸爸变小记
1310427, 7.9, 15, 中国当代儿童绘画解析与教程
26630562, 8.2, 13, 希利尔写给儿童的世界历史、世界地理和艺术史
25838686, 7.3, 21, 让孩子远离焦虑
6245382, 7.4, 19, 幻想数学大战
2046227, 7.1, 23, 信息时代的儿童发展
26275936, 8.3, 12, 写给儿童的世界历史
26148080, 8.1, 13, 动力取向儿童心理治疗
1789220, 7.9, 14, 和分析的故事
26647316, 7.9, 14, 与儿童对话(马修斯儿童哲学三部曲II)
1081768, 8.2, 12, 儿童睡前故事大全
5269186, 7.6, 16, 童心密码
4912654, 8.0, 13, 问个不停的加斯东(精装，全3册)
25795926, 8.1, 12, 小鼹鼠急救队
26121296, 7.5, 16, 学习树
26580241, 7.9, 13, 大吼大叫的企Z
3692822, 7.7, 14, 孩子，你的敏感我都懂
10539611, 7.8, 13, 我的第一本趣味哲学书
25662176, 7.1, 19, 儿童心理学
3237030, 7.5, 15, 儿童的语言与思维
1474214, 7.6, 14, The Number Sense
26336639, 7.6, 14, 再见，中国式家长
26579664, 7.2, 17, 布伦迪巴
3164154, 7.4, 15, 理解儿童的行为
11578457, 7.5, 14, 上海寻宝记-我的第一本历史探险漫画书
25901230, 7.8, 12, 给孩子们的故事
25954741, 7.2, 16, 小水的除夕
2981963, 7.4, 14, 图画捉迷藏
26640673, 7.4, 14, 儿童与战争
3686919, 7.8, 11, RAISING A BILINGUAL CHILD
25702558, 7.6, 12, 养育孩子，就这么简单
20412348, 8.0, 10, 乱扔东西的塔格叔叔
25811493, 7.4, 13, 乐高创意手册
20432343, 7.9, 10, 大英儿童百科全书 1
1320155, 7.3, 13, 摇篮里的科学家
26820492, 7.3, 13, Amily的可爱手绘生活
2181597, 7.2, 13, 游戏治疗技巧
26004087, 7.3, 12, 我的童年受伤了
1248519, 7.4, 11, 美国童子军生存手册
1831530, 7.6, 10, 游戏与儿童早期发展
26736281, 7.6, 10, 我家门外的自然课
2270598, 6.8, 15, 三探红鱼洞（上、下）
3036788, 7.3, 11, 安恙：近世中国儿童的疾病与健康
1583547, 7.1, 12, 幼儿心理学
2991606, 7.4, 10, 儿童游戏
25878882, 7.4, 10, 输不起的莎莉
3811645, 7.3, 10, 戴小桥和他的哥们儿:特务足球赛
20271919, 7.1, 11, 赖克林儿童情绪手册
26768987, 7.2, 10, 查理九世26・雪山巨魔
