2017-01-23 16:17:59
Tag: 儿童文学
The number of books: 972 

ID, rating, votes, title
1046209, 9.1, 34454, 安徒生童话故事集
1007914, 8.7, 54477, 窗边的小豆豆
1254588, 8.9, 21343, 城南旧事
1002898, 9.1, 15615, 父与子全集
1433640, 9.3, 8890, 猜猜我有多爱你
1119839, 9.1, 11028, 王尔德童话
2361768, 9.3, 7910, 爷爷变成了幽灵
1941301, 9.2, 8031, 365夜故事（上下）
1765512, 9.1, 9071, 海的女儿
1036274, 8.5, 20145, 夏洛的网
1257365, 8.9, 9337, 活了100万次的猫
1028270, 8.8, 10441, 舒克和贝塔历险记
1026035, 9.1, 6275, 你看起来好像很好吃
1001136, 8.8, 9347, 彼得・潘
1021193, 8.8, 9322, 皮皮鲁传
1052990, 8.9, 6791, 草房子
1028404, 8.8, 7639, 鲁西西传
1004088, 9.0, 5296, 长袜子皮皮
1041128, 8.5, 10741, 天蓝色的彼岸
1467519, 9.8, 1691, 世界童话名著连环画
1072319, 8.5, 7349, 长腿叔叔
4049269, 9.5, 1972, 狐狸的窗户
1907739, 8.6, 5840, 当世界年纪还小的时候
1064841, 9.0, 3363, 绿山墙的安妮
1059503, 9.1, 2948, 爱心树
1270150, 9.3, 2320, 风与树的歌
4826530, 9.1, 2804, 我亲爱的甜橙树
3826899, 8.6, 5215, 布鲁克林有棵树
2150240, 8.8, 3758, 我讨厌妈妈
3594151, 8.1, 10132, 柑橘与柠檬啊
1542939, 9.6, 1436, 哈尔罗杰历险记(全套共14册)
1982200, 8.7, 4101, 爱德华的奇妙之旅
1007952, 9.4, 1721, 蓝熊船长的13条半命
2334419, 9.0, 2281, 葫芦兄弟
1436586, 9.1, 2005, 你真好
3089661, 9.1, 1984, 永远永远爱你
1310673, 9.3, 1560, 遥远的野玫瑰村
1005279, 8.7, 3172, 皮皮鲁和鲁西西的故事
1474343, 9.1, 1941, 手绢上的花田
1024889, 8.6, 3599, 大灰狼罗克
1156424, 9.0, 2163, 罐头小人
1077778, 8.1, 7377, 爱的教育
2050767, 8.6, 3534, 绿野仙踪
1880823, 8.8, 2585, 格林童话
1318622, 8.8, 2553, 青铜葵花
1397331, 8.9, 2242, 爷爷一定有办法
1873569, 9.3, 1416, 郑渊洁童话全集(33卷)
2121010, 8.8, 2460, 我妈妈
2117875, 8.8, 2453, 我爸爸
2117871, 8.8, 2424, 大卫，不可以
1433572, 9.2, 1509, 随风而来的玛丽阿姨
1021311, 8.5, 3492, 爱丽斯漫游奇境
1152745, 9.1, 1662, 花香小镇
1803641, 8.8, 2335, 小公主
2081975, 8.7, 2550, 七色花
1030469, 8.2, 5074, 青鸟
1152495, 9.2, 1412, 白鹦鹉的森林
3608170, 8.0, 6774, 我想吃一个小孩
1073333, 8.7, 2479, 我的妈妈是精灵
1090575, 8.5, 3193, 金拇指
1092965, 8.3, 4167, 智齿
1047927, 8.9, 1879, 郑渊洁十二生肖童话（12册）
1040632, 8.5, 3046, 木偶奇遇记
1072126, 9.1, 1465, 我是霸王龙
1156423, 8.8, 1989, 五个苹果折腾地球
2117872, 8.9, 1748, 花婆婆
1018482, 8.0, 5870, 汤姆?索亚历险记
2120339, 8.6, 2493, 是谁嗯嗯在我的头上
1448645, 8.8, 1932, 鳄鱼怕怕牙医怕怕
1152564, 9.2, 1216, 黄昏海的故事
1023882, 8.4, 3149, 病菌集中营
1899006, 9.1, 1325, 我想去看海
1064532, 8.5, 2605, 秘密花园（2册）
1433568, 8.9, 1566, 逃家小兔
1192706, 9.1, 1232, 大盗贼
1066463, 8.5, 2492, 我是钱
1933479, 8.9, 1527, 小灵通漫游未来
1163327, 8.8, 1705, 列那狐的故事
1054899, 8.3, 3179, 女生贾梅全传
1819816, 9.3, 956, 风的旱冰鞋
1064862, 8.1, 4020, 男生贾里  女生贾梅
3106707, 8.9, 1345, 好饿的毛毛虫
4097264, 9.0, 1198, 小兔彼得和他的朋友们（全3册）
1008459, 9.0, 1195, 毛毛
1489164, 9.1, 1072, 直到花豆煮熟
1491317, 9.0, 1190, 皮皮鲁和罐头小人
1855231, 8.6, 1818, 银河铁道之夜
1290911, 9.1, 1028, 银孔雀
1115397, 9.0, 1111, 我要做好孩子
1448796, 9.2, 884, 鲁西西全传
1046883, 8.5, 1900, 查理和巧克力工厂
3689118, 8.3, 2426, 梦想家彼得
2258369, 9.0, 1047, 小公主
2003189, 9.2, 844, 皮皮鲁全传
1204911, 8.8, 1279, 洋葱头历险记
1486658, 9.2, 829, 奥菲利娅的影子剧院
1021209, 8.4, 2058, 尼尔斯骑鹅历险记
4219125, 8.3, 2332, 坟场之书
1321696, 9.4, 668, 小布头奇遇记
1220559, 8.7, 1318, 胡桃夹子
1066133, 9.0, 944, 怪老头儿
1022702, 8.2, 2348, 小丫林晓梅
2274454, 9.1, 812, 我的爸爸叫焦尼
1912993, 9.2, 732, 海蒂
1486619, 8.3, 1947, 阁楼上的光
1129879, 8.4, 1661, 魔方大厦
1056707, 8.8, 1021, 时代广场的蟋蟀
1578732, 8.5, 1428, 母鸡萝丝去散步
1546437, 8.8, 986, 蚯蚓的日记
2135803, 8.7, 1085, 今天运气怎么这么好
1416289, 8.9, 866, 晴天有时下猪
1806300, 8.9, 858, 雪人
1462189, 9.2, 631, 谁也看不见的阳台
1318615, 8.4, 1480, 山羊不吃天堂草
3137185, 8.8, 922, 阿米I-星星的孩子
1959287, 8.6, 1126, 月亮的味道
5988558, 8.3, 1579, 深夜小狗神秘事件
1797670, 8.8, 876, 兔子屋的秘密
2212064, 8.9, 787, 小房子
1045486, 8.2, 1765, 小鬼鲁智胜
1461652, 8.2, 1749, 纳尼亚传奇：狮子、女巫和魔衣柜
2257333, 9.2, 560, 松鼠先生和月亮
1456628, 9.3, 491, 长袜子皮皮的冒险故事
2188017, 9.0, 647, 铁丝网上的小花
1032764, 7.7, 3189, 小时候就在想的事
2979054, 8.3, 1354, 动物绝对不应该穿衣服
1145428, 8.7, 850, 我喜欢你
1019293, 8.8, 740, 小飞人卡尔松
3026354, 8.6, 908, 造梦的雨果
3086575, 8.6, 906, 单翼天使不孤单
2340082, 9.0, 592, 亲爱的小鱼
1902982, 8.8, 724, 獾的礼物
5957787, 9.1, 535, 我爱你
4860554, 8.6, 892, 淘气包马小跳系列
1192700, 9.0, 587, 永远讲不完的故事
3291518, 9.0, 585, 未矶际NO.6 #01
3797733, 8.5, 981, 巧克力味的暑假/阳光姐姐小书房
1534810, 9.0, 577, 红头发安妮
1824714, 9.1, 516, 拥抱幸福的小熊-阳光姐姐嘉年华
1012189, 8.9, 624, 柳林风声
1085038, 8.4, 1064, 水孩子
1201947, 8.1, 1525, 哈克贝里・费恩历险记
1797665, 8.7, 750, 红玫瑰旅馆的客人
1318422, 8.5, 929, 假小子戴安
2027835, 8.9, 604, 云朵面包
3053271, 8.7, 742, 小猫出生在秘密山洞
2120425, 8.6, 820, 小蓝和小黄
1285961, 8.3, 1156, 根鸟
1009665, 8.2, 1307, 五・三班的坏小子
1000993, 8.1, 1469, 女生日记-中华儿童文学金奖书库
1016435, 8.8, 649, 女巫
2171327, 8.4, 1005, 好饿的小蛇
1816104, 8.5, 895, 保姆狗的阴谋
2309204, 9.0, 528, 小淘气尼古拉绝版故事
1791383, 9.3, 398, 365夜科幻故事（上、下册）
1008592, 8.6, 789, 那个骑轮箱来的蜜儿
1052424, 8.9, 574, 假话国历险记
1939608, 9.1, 473, 两个意达
2162347, 8.8, 634, 做好学生有点累-伍美珍作品
1001309, 8.6, 778, 苦儿流浪记
1009405, 8.4, 974, 漂亮老师和坏小子
1076320, 8.9, 552, 豆蔻镇的居民和强盗
1439737, 9.6, 296, 法国童话精选
4827792, 8.5, 840, 星星女孩
3040952, 8.8, 609, 团圆
10560097, 9.3, 379, 不一样的卡梅拉（1-10册）
1029817, 9.0, 496, 绿屋的安妮
1264253, 9.1, 450, 少女安妮
4061972, 8.5, 822, 狼王梦
1444555, 8.7, 661, 要是你给老鼠吃饼干
1045722, 8.4, 915, 调皮的日子
2042511, 8.5, 816, 第五个
4020853, 9.0, 487, 那个黑色的下午
2052682, 8.7, 657, 虎皮猫，你在哪里
1041104, 8.7, 656, 吹牛大王历险记
4726738, 9.1, 441, 小狐狸买手套
20273030, 8.3, 1015, 哈尔的移动城堡
2052229, 8.1, 1293, 爱丽斯奇境历险记
1451453, 9.1, 436, 女大学生安妮
1578881, 9.0, 474, 车的颜色是天空的颜色
1005455, 9.3, 354, 淘气包埃米尔
1263747, 9.0, 461, 海的女儿
1000353, 8.6, 683, 纳尼亚王国传奇（全7册）
25831096, 8.9, 495, 梦书之城
1491319, 8.6, 671, 皮皮鲁和教室里的隐身人
5355666, 8.5, 740, 小国王
2122483, 9.0, 443, 大猩猩
1919733, 8.6, 659, 彼得潘
1884655, 8.9, 485, 皮皮鲁和幻影号
1975886, 8.5, 729, 一片叶子落下来
4773507, 9.2, 366, 晚安，大猩猩
1340590, 8.9, 480, Where the Wild Things Are
1854580, 9.0, 430, 皮皮鲁和蛇王阿奔
1436584, 8.6, 630, 彩虹色的花
1871364, 8.5, 701, 三个强盗
2983793, 8.7, 563, 蓝色的兔耳朵草
1440159, 8.0, 1257, 安琪拉的灰烬
3536343, 9.1, 379, 朱家故事
2052815, 8.6, 611, 幸福的鸭子
1083091, 8.6, 608, 吹小号的天鹅
2052697, 8.7, 548, 能闻出孩子味儿的乌龟
2155060, 8.6, 605, 谁要一只便宜的犀牛
1816103, 8.6, 601, 想变成人的猴子
1046619, 9.1, 370, 风吹白杨的安妮
1063733, 8.6, 597, 神秘的女老师
1800113, 9.1, 366, 图画书阅读与经典
3099801, 8.9, 440, 我可以抱你吗宝贝
3910853, 9.4, 282, 可爱的鼠小弟(全12册)
5299807, 8.6, 589, 当世界还不存在的时候
1084335, 8.3, 813, 古堡里的月亮公主
3464487, 9.2, 330, 绿山墙的安妮
1221823, 9.7, 220, 中国童话名著连环画(上下)
1283644, 9.1, 353, 小尼古拉
1939168, 7.8, 1485, 丢三落四的小豆豆
4087909, 8.4, 700, 借东西的小人
1007396, 8.1, 992, 男生日记
1104027, 8.7, 507, 彼得潘
1224733, 8.7, 507, 开明国语课本（上下册）
3686974, 8.7, 501, 樱桃沟的春天
1063138, 8.3, 765, 今天我是升旗手
1850977, 8.6, 551, 风到哪里去了
1008180, 9.1, 340, 天使雕像
3867627, 9.2, 308, 松鼠先生和第一场雪
1844858, 8.5, 599, 超级市长
1045558, 9.6, 222, 卡尔文与霍布斯
1043256, 8.5, 593, 捣蛋鬼日记
1779099, 8.5, 584, 月亮，生日快乐
1816105, 8.5, 581, 塔顶上的猫
2120228, 8.7, 472, 奥莉薇
2046566, 8.6, 521, 勇气
1005237, 9.1, 324, 雷梦拉与爸爸
4744788, 9.0, 351, 田鼠阿佛
1119980, 8.1, 898, 淘气包马小跳系列:笨女孩安琪儿
1032777, 9.1, 320, 喜乐与我
3023897, 9.2, 293, 希腊三部曲Ⅰ 追逐阳光之岛
6719092, 9.2, 293, 未矶际NO.6 #07
3072494, 9.7, 197, 午夜飞机上的谋杀
4134396, 8.9, 381, 让路给小鸭子
7007231, 7.9, 1141, 房间
3529625, 9.2, 290, 爷爷的天使
1162162, 8.6, 505, 宠物集中营
1004383, 8.9, 377, 威斯汀游戏
2161686, 8.7, 452, 豪夫童话
2120234, 8.5, 551, 三只小猪的真实故事
1018554, 9.2, 283, 山中岁月
1345431, 9.3, 260, 失物招I
4744698, 9.2, 280, 点
1029951, 9.0, 332, 海蒂
1000934, 8.8, 397, 詹姆斯与大仙桃
2039628, 8.5, 532, 不是我的错
2157589, 8.5, 530, 我不知道我是谁
1442789, 9.0, 327, 小女巫
2340080, 9.0, 327, 小恩的秘密花园
3628184, 8.9, 357, 猫武士
1461655, 8.2, 734, 纳尼亚传奇：黎明踏浪号
1310025, 8.5, 523, 红瓦黑瓦
3927859, 9.1, 292, 玛德琳
1223582, 8.4, 571, 波莉安娜
1041057, 8.4, 570, 非法智慧
1491320, 8.2, 701, 皮皮鲁和419宗罪
1216165, 8.4, 560, 没头脑和不高兴
1417200, 9.0, 308, 苹果地里的特别列车
1019143, 8.2, 684, 细米
1017830, 9.5, 203, 英汉对照安徒生童话全集（全三册）
3240298, 8.8, 365, 三只小猪
3067705, 9.7, 174, 绿宝石阴谋
1727587, 9.0, 300, 门背后的秘密
10604035, 9.1, 275, 点点点
1007576, 8.5, 482, 了不起的狐狸爸爸
1248685, 8.3, 596, 同桌冤家
1485700, 8.6, 435, 苹果树上的外婆
1017993, 9.2, 252, 少年小树之歌
1019586, 8.6, 434, 红瓦
1076966, 8.6, 430, 大林和小林
2135572, 8.6, 429, 打瞌睡的房子
1052629, 9.0, 294, 魔法师的帽子
5919046, 9.4, 209, 图书馆狮子
1491321, 8.9, 317, 皮皮鲁和舒克贝塔
1143869, 8.3, 572, 漂亮女孩夏林果
1762395, 8.9, 314, 玛塞林为什么会脸红
1464619, 8.4, 511, 驴小弟变石头
1225366, 8.7, 377, 小毛驴与我
2247147, 8.8, 343, 小熊维尼
4055859, 9.1, 261, 森林大熊
1053536, 8.5, 453, 小公子
1958512, 9.2, 238, 长大做个好爷爷
1245777, 8.3, 556, 贪玩老爸
3042252, 8.7, 369, 约瑟夫有件旧外套
1085512, 8.6, 405, 在我坟上起舞
2076987, 8.0, 779, 大宇神秘惊奇系列1-5
1339950, 9.3, 217, Lc渲歌
2162209, 8.3, 543, 外号像颗怪味豆-伍美珍作品
1678877, 8.2, 600, 鬼妈妈
1215241, 9.1, 250, 晴天下猪
1758593, 8.4, 480, 我绝对绝对不吃番茄
3044158, 8.0, 752, 小豆豆频道
1762738, 9.6, 168, 小淘气尼古拉和他的死党们
1491324, 8.7, 353, 皮皮鲁和金拇指
2135567, 9.1, 246, 搬过来.搬过去
1252547, 8.3, 523, 丁克舅舅
3661060, 8.3, 522, 小屁孩日记
5254082, 8.7, 348, 兔之眼
1491325, 8.6, 381, 皮皮鲁和梦中人
1162370, 8.3, 516, 疯丫头杜真子
1248684, 8.5, 417, 四个调皮蛋
2069663, 9.1, 240, 雨滴项链
1038984, 8.8, 307, 亲爱的汉修先生
3930210, 8.9, 280, 下头一场雪的日子
1061126, 9.1, 236, 顽童时代
4863321, 8.7, 332, 球球老老鼠-笑猫日记
25881349, 8.8, 301, 翻开这本小小的书
3664843, 8.9, 275, 我的图画书论
1916820, 9.0, 249, 狐狸列那的故事
1449802, 9.2, 211, 有]有穿西b
3750803, 9.3, 195, 蓝色童话
3429105, 8.8, 296, 月下看猫头鹰
4903439, 9.0, 248, 高空走索人
6001114, 8.1, 577, 猫的事务所
1434499, 9.3, 187, 混血豺王
1416197, 8.4, 415, 巨人的城堡
3699101, 8.7, 309, 闪着泪光的决定－辫子姐姐心灵花园
5942276, 8.2, 505, 战马
4743834, 8.9, 255, 迟到大王
2131751, 8.9, 254, 鳄鱼爱上长颈鹿
1442791, 8.8, 276, 我和小姐姐克拉拉
6265890, 8.4, 404, 杨红樱校园小说《女生日记》《男生日记》
3023898, 9.2, 197, 希腊三部曲Ⅱ 桃金娘森林宝藏
1844857, 8.4, 401, 跳跳电视台
1413112, 8.7, 300, 波丽安娜
1143793, 8.2, 494, 天真妈妈
1933497, 8.4, 399, 一只会开枪的狮子
1477344, 8.8, 271, 黑玫瑰的七个魔法
4263422, 8.4, 394, 笑猫日记-一头灵魂出窍的猪
1819845, 8.8, 268, 一号街的幽灵猫
2160319, 8.4, 389, 魔女宅急便
2050877, 8.8, 266, 大海在哪里
26292675, 9.3, 176, 绘本窗边的小豆豆（全2册）
1283645, 9.3, 175, 小尼古拉的烦恼
1854578, 8.7, 286, 皮皮鲁和红桃老K
3224599, 8.8, 261, 艾玛画画
1286930, 8.9, 239, 我飞了
1758919, 7.8, 743, 小豆豆与我
1482975, 9.0, 219, 普希金童话诗
1962718, 8.4, 378, 宝葫芦的秘密
3753941, 9.2, 185, 我爱吕西安
10432767, 8.3, 415, 西女巫之死
3417081, 8.3, 414, 老天会爱笨小孩
2364161, 9.4, 158, I Am a Bunny
2769976, 9.3, 169, I Love You Through And Through
1576005, 9.0, 214, Anne of Green Gables
1449453, 8.6, 304, 子儿，吐吐
3192130, 9.1, 197, 艰难的归程
1442309, 9.3, 168, 可爱的鼠小弟
1120014, 8.1, 501, 轰隆隆老师
1431184, 8.3, 402, 笋瓜自传
1008214, 8.8, 247, 玛蒂尔达
1022733, 8.7, 268, 丛林奇谈(上下)
1819840, 8.8, 244, 阁楼的秘密
2228986, 8.7, 265, 壁橱里的冒险
3743038, 9.5, 140, 写给孩子的哲学启蒙书（共6册）
1416196, 8.3, 386, 寻找大熊猫
2050878, 8.7, 262, 爸爸、妈妈、我和她
2074254, 7.9, 596, 挖鼻孔真好玩
2010558, 8.6, 285, 蓝色的海豚岛
25872643, 9.1, 185, 不可思议的旅程
1254504, 8.1, 465, 小大人丁文涛
2029726, 8.8, 235, 月亮，晚安
2342074, 8.1, 462, 麦先生的旅行
1283643, 9.2, 168, 小尼古拉的暑假
1491327, 8.6, 272, 皮皮鲁恐怖易位
3699146, 8.6, 271, 杨红樱童话珍藏版
26832470, 8.6, 271, 独生小孩
3023900, 9.1, 177, 希腊三部曲Ⅲ 众神的花园
3099800, 8.5, 297, 神奇女生祝如愿
1256220, 8.9, 208, 阿巴拉岛
3084678, 8.5, 295, 青蛙王子副班长
25803006, 9.3, 151, 这不是我的帽子
3996700, 7.9, 550, 放学后的侦探队
1797676, 8.8, 223, 生日快乐
2080462, 9.1, 174, 红蜡烛和人鱼姑娘
3797864, 8.5, 290, 穿靴子的猫
1033226, 9.1, 173, 大侦探小卡莱
1199658, 8.4, 318, 有老鼠牌铅笔吗
3930204, 8.8, 220, 声音森林
4297683, 9.2, 159, 开往远方的列车
1824720, 8.7, 237, 最美的夏天-阳光姐姐嘉年华
3265351, 8.4, 312, 第七条猎狗
1036205, 8.7, 236, 好心眼儿巨人
1481650, 7.6, 761, 不可思议国的小豆豆
3171267, 9.2, 156, 阿黛拉和西蒙在巴黎
1842181, 9.0, 182, 塔克的郊外
1456886, 7.9, 523, 胡萝卜须
25782292, 8.7, 232, 巫魔师
4744792, 9.3, 143, 推土机年年作响，乡村变了
1283642, 9.2, 153, 小尼古拉的课间休息
6859532, 9.3, 142, 数字的挑战
3413784, 7.7, 642, 鸡皮疙瘩：噩梦营・邻屋幽魂
4199539, 8.9, 191, 星期三的战争
26628814, 7.1, 1471, 龙与地下铁
19967277, 8.2, 359, 爱哭鬼小隼
1221437, 9.0, 172, 贝贝熊系列丛书（共30册）
1044705, 9.4, 126, 吵闹村的孩子
1887677, 9.4, 126, 大侦探小卡莱
3265345, 8.6, 236, 再被狐狸骗一次
1102435, 8.1, 384, 冒险小虎队：喷火面具
1958518, 9.0, 168, 我永远爱你
1034274, 9.2, 144, 5月35日
3661129, 8.4, 282, 小屁孩日记2
1884658, 8.5, 256, 皮皮鲁分身记
22693008, 8.2, 341, 兔子共和国
3930209, 8.9, 180, 兔子剧团之夜
5275422, 9.0, 166, 阴天有时下肉丸
1310023, 8.4, 279, 野风车
3265347, 8.5, 251, 斑羚飞渡
1976471, 8.6, 227, 淘气包马小跳
10530984, 8.8, 191, 我要把我的帽子找回来
3132594, 7.8, 512, 鸡皮疙瘩：死亡古堡・神秘实验室
4087982, 8.9, 175, 尼古拉的三个问题
3699100, 8.3, 296, 我们班的狗仔队
1225062, 8.7, 205, 汤姆的午夜花园
4263406, 8.7, 204, 山羊不吃天堂草
1135391, 8.9, 171, 曹文轩经典作品
6042356, 9.1, 146, 糟糕，身上长条纹了！
1819858, 8.8, 185, 蛇山的爱子
5406471, 8.9, 170, 夜色玛奇莲I
6527152, 9.3, 125, 敌人
11530250, 8.9, 168, 这是我最好的爱
1219810, 8.3, 285, 消失在女巫狂欢夜
3265350, 8.6, 214, 最后一头战象
1013814, 9.1, 142, 西顿野生动物故事集
2274446, 9.1, 141, 橡树上的逃亡（共两部）
6440304, 8.3, 278, 青鸟
3841355, 9.0, 151, 青蛙和蟾蜍（全四册）
10761530, 9.3, 121, 阿莫的生病日
3087618, 8.1, 338, 小豆豆动物剧场
2381462, 8.2, 305, 世界上最脏最脏的科学书
4843891, 8.4, 251, 没有秘密长不大
1083092, 8.2, 304, 精灵鼠小弟
1262333, 7.9, 416, 瞧
6401118, 8.0, 372, 要求太多的餐馆
1915476, 8.9, 161, 草原上的小木屋
5038469, 9.1, 138, 杨梅
5328956, 9.1, 138, 可爱的鼠小弟01-鼠小弟的小背心
2993974, 9.5, 104, 365夜知识童话(上下)
3572554, 8.9, 159, 臭起司小子爆笑故事大集合
1315731, 8.2, 296, 同桌冤家
2010066, 9.6, 96, 幽默儿童文学名著译丛 （全6册）
3085563, 8.1, 326, 永远的超级四班
2326886, 9.3, 117, 魔鬼三角的秘密
2183149, 7.9, 399, 大宇神秘惊奇系列6-10
1963663, 9.6, 95, 罗大里童话
1970562, 8.5, 218, 被诅咒的海底城堡-超级成长版冒险小虎队
2027891, 9.4, 108, 狼王洛波
3725681, 8.9, 154, 吃书的狐狸
2224959, 8.7, 181, 塔莎老奶奶的美好生活 2 造你的生活啡
1816497, 9.1, 132, 亲亲我的妈妈
1420762, 8.5, 215, 特别的女生萨哈拉
3124950, 9.4, 106, 去年的树
4103922, 9.0, 141, 我是白痴
11597314, 8.0, 345, 我被爸爸绑架了
1824715, 8.6, 193, 同桌薄荷糖女孩-阳光姐姐嘉年华
1854579, 8.5, 210, 皮皮鲁逃往雅典娜
3056906, 8.3, 251, 夏日的庭院
1066911, 9.1, 127, 大森林里的小木屋
1050866, 8.3, 246, 法老的诅咒
1053532, 8.3, 246, 来自矮人国的小兄妹
2975344, 8.7, 172, 外公是棵樱桃树
6523875, 9.3, 109, 小矮人
24385080, 8.9, 145, 神奇飞书
1030864, 8.4, 221, 丛林故事
2039814, 8.6, 185, 皮皮鲁遥控老师
5422865, 8.4, 220, 小豆豆和小豆豆们
1994618, 9.1, 124, 倒长的树
1102874, 8.5, 200, 甜橙树
4863294, 8.5, 200, 萝铃的魔力（第2部）
4100304, 8.0, 321, 巫术族的预言-萝铃的魔力-上下册
2274208, 8.1, 288, 小熊和最好的爸爸（全7册）
10491578, 9.3, 106, 小狐狸阿权
2078497, 9.5, 92, 大剖面
1042748, 9.2, 112, 看不见的小妞
3103039, 9.2, 112, 第三军团
5333930, 9.0, 128, 木棉.流年
1854577, 8.8, 149, 皮皮鲁保卫叛逆者
1031901, 8.6, 175, 出卖笑的孩子
4087901, 9.2, 110, 有你真好
5411419, 8.7, 160, 生命流泪的样子
10539822, 9.0, 126, 夜色下的小屋
1072830, 8.8, 145, 风之王
4604958, 8.0, 299, 波西.杰克逊与神火之盗
2023825, 9.4, 94, 比波王子的故事
26220462, 9.4, 94, 摩天轮
1063651, 8.9, 133, 木民谷的冬天
1768128, 8.4, 200, The Tale of Peter Rabbit
3786733, 8.6, 168, 超酷天使大肚子爸
10750284, 9.6, 81, 哈尔罗杰历险记典藏全集
3062060, 8.8, 141, 无字书（套装全8册）
3807481, 7.5, 505, 墨水心
26428611, 9.5, 85, 宫西达也恐龙系列
1030717, 9.7, 75, 世界儿童文学名著故事大全
4261769, 8.9, 128, 到你心里躲一躲
1077390, 8.5, 176, 彼得兔的故事
1970558, 8.5, 176, 林中飘过白衣女人
1460136, 9.0, 118, The Chronicles of Narnia Boxed Set
5399916, 8.9, 127, 紫丁香街的帽子屋
1007159, 9.0, 117, 橙色童话
1021177, 8.1, 251, 冰心儿童文学全集(上下)
2979789, 8.4, 189, 犟龟
2120267, 8.2, 226, 一百条裙子
6859149, 9.3, 93, 字的故事
1781949, 8.8, 133, 罐头里的孩子
20379682, 9.0, 113, 最美最美的中国童话
4928407, 8.8, 131, 好朋友
3124951, 8.6, 153, 小狐狸买手套
5939282, 8.7, 140, 世界上最大的房子
1148767, 8.1, 236, 汉娜的手提箱
3419707, 8.2, 214, 小英雄和芭蕾公主
6843976, 8.4, 174, 神奇的收费亭
2984576, 8.9, 114, 狼王梦全本
10763602, 9.3, 86, 兔子的12个大麻烦
1078668, 8.8, 122, 木民谷的夏天
1077674, 8.7, 131, 一只狗和他的城市
1214004, 8.9, 112, 风又三郎
4822246, 8.4, 167, 南瓜汤
1322319, 8.6, 140, 女儿的故事
1106466, 9.0, 102, 水仙月四日
2181353, 8.2, 194, 开甲壳虫车的女校长
4274281, 9.2, 88, 永远讲不完的童话
1045569, 8.4, 160, 宫泽贤治童话
4231294, 8.7, 124, 小屁孩日记
5697408, 7.5, 390, 伪伦敦
1915734, 8.5, 144, 狗来了
20470904, 7.9, 246, 柠檬蛋糕的特种忧伤
1065109, 8.9, 104, 小鹿斑比
4145396, 8.2, 183, 阿朝来啦
1320410, 9.1, 89, 水仙月四日
5325809, 7.9, 237, 女孩的进化史
1423193, 8.7, 117, 外公的13号古宅
4299484, 8.6, 126, 爷爷的墙
1222704, 8.8, 108, 小猪唏哩呼噜
2224276, 9.1, 87, 舒克贝塔德国游
5395147, 8.9, 100, 没有耳朵的兔子
25712707, 8.7, 116, 孩子提问题 大师来回答
2710965, 8.4, 147, Magic Tree House #1
4767462, 8.8, 107, 蝴蝶・豌豆花
25722936, 8.7, 115, 孩子们的书
26328457, 8.4, 146, 童话心理学
2298455, 8.3, 159, 森林报-春
26596172, 7.7, 285, 写给儿童的名人故事(全套25册）
25909857, 8.5, 134, 周末图书馆
6401133, 7.7, 281, 座敷童子的故事
3932425, 8.7, 113, 父亲的荣耀
2175926, 8.2, 168, 名叫牛皮的插班生
26038436, 8.5, 130, 回忆中的玛妮
26266165, 8.7, 111, 圣诞老爸的来信
2034987, 9.6, 61, 一岁的小鹿
1988145, 9.1, 83, 爸爸的办公室
6438494, 9.1, 83, 彼得兔经典故事集-小兔彼得
11597283, 9.1, 83, 听见颜色的女孩
5254295, 8.7, 110, 勇敢者的游戏
5367348, 8.7, 110, 极地特快
1808219, 8.3, 152, L本之力
5372672, 8.5, 128, 自由在哪里
7047175, 8.4, 137, 我就是一个人
3077841, 9.1, 81, 孙小圣和猪小能
26394207, 8.0, 195, 给孩子的散文
1168743, 8.1, 177, 小约翰
1042820, 8.7, 107, 火鞋与风鞋
10761531, 9.0, 86, 格林爷爷的花园
4060086, 8.5, 124, 猫武士二部曲之1
3684940, 9.1, 80, 小公主和矮爸爸
2243555, 6.9, 704, 两百年的孩子
1074192, 9.2, 74, 米切尔. 恩德作品集
25745287, 9.2, 74, 眼
2062998, 9.3, 69, 白比姆黑耳朵
1427526, 8.1, 170, 不老泉
2003989, 9.1, 78, 清秀佳人
1489184, 8.5, 120, 稻草人
20273033, 7.9, 203, 空中城堡
1151061, 8.3, 140, 屋顶上的小孩
1262334, 8.0, 183, 瞧，这帮坏小子
26902186, 9.9, 48, 遇见孩子就是遇见更好的自己
3063045, 9.0, 82, 绿拇指男孩
1060947, 7.4, 345, 爱丽丝镜中世界奇遇记
1215253, 8.8, 93, 我有时是猪
1426168, 8.8, 93, 猫和少年魔笛手
1049207, 8.3, 136, 德国，一群老鼠的童话
1008619, 9.3, 66, 一百个中国孩子的梦(上中下)
1291733, 8.8, 92, 悬疑惊险小说系列
5907917, 8.4, 125, 绿狗山庄
10567935, 8.3, 135, 风之又三郎
1440184, 8.4, 124, 阅读儿童文学
4021782, 8.0, 176, 少年阿莫的秘密日记
3932428, 8.9, 85, 母亲的城堡
25837525, 8.9, 85, 蝴蝶・天堂・探险记
3549894, 9.0, 79, 鹅妈妈童谣
1462796, 8.4, 123, 艺术的童年
25713175, 9.3, 65, 梦想家威利
1071463, 8.1, 158, 笨狼的故事
4909422, 8.3, 132, 世界上的另一个我
2058153, 9.8, 48, 逼上梁山的豺
3620502, 8.4, 120, 查理和大玻璃升降机
1318944, 8.3, 130, 效率专家爸爸
1922761, 8.6, 102, 傻狗温迪克
3620503, 8.5, 110, 小乔治的神奇魔药
1398969, 9.3, 63, 写给孩子的哲学启蒙书（第1卷）
1015241, 9.2, 67, 爱克斯探长(数学侦探故事)
3704331, 9.2, 67, 你不能带气球进大都会博物馆
25917623, 7.7, 225, 女巫一定得死
20498342, 9.4, 59, 我的家在紫禁城
1677118, 8.9, 81, 神奇的玛丽阿姨
3517509, 8.9, 81, 梦中小屋的安妮
5038453, 8.4, 117, 猫王
3028703, 8.1, 151, 狗牙雨
1766557, 9.3, 62, Oh
3572553, 8.4, 116, 丢饭团的笑婆子
1351385, 8.2, 137, Holes 
1584476, 8.7, 92, 红发安妮
4826983, 9.9, 44, 宝宝晚安----儿童睡前故事366
1394428, 8.8, 85, 黑塞童话选
5504449, 8.6, 98, 狐狸与我
6861097, 8.6, 98, 根鸟
1486596, 8.3, 124, 香草女巫
10604012, 9.3, 61, 爱丽丝漫游奇境
19974155, 9.1, 69, 房子
24295824, 8.2, 134, 共读绘本的一年
3620495, 8.9, 78, 独闯天下
10733645, 8.0, 159, 寂静中的惊奇
4261770, 8.2, 133, 来自鬼庄园的九九
5919044, 9.1, 68, 吃六顿晚餐的猫
3885381, 8.1, 144, 猫女咪妮
21692819, 8.9, 77, 打开绘本之眼
1161662, 8.1, 143, 兔子坡
26607921, 9.2, 63, 《异世界童话之旅1：许愿魔咒》
11534101, 9.1, 67, 星星和蒲公英
1091402, 9.3, 59, 灰姑娘
3620498, 8.4, 109, 魔法手指
4077607, 9.5, 52, 不一样的卡梅拉 珍藏版Ⅰ
3620496, 9.0, 70, 世界冠军丹尼
1257996, 8.6, 92, 谁也不知道的小小国
10530105, 8.4, 107, 星期三书店
5333931, 9.0, 69, 记忆的碎片
10732336, 9.0, 69, 凯迪克与凯特・格林威图画书精选集
3186425, 8.2, 125, 我讨厌书
1815468, 8.6, 91, Number the Stars
1176169, 8.5, 98, 偷莎士比亚的贼
1752500, 8.5, 98, 蝴蝶落在流泪手心
20273032, 8.0, 148, 迷宫之屋
2279355, 9.2, 60, 住在屋顶上的小飞人
5910862, 8.1, 134, 萝铃的魔力（第3部）
2243169, 9.7, 45, 周锐童话选
2150455, 9.3, 56, 幸福的种子
2006699, 8.8, 77, 盲孩与弃狗
6953246, 9.1, 63, 剑桥艺术学院童书插画完全教程
2298458, 8.7, 82, 森林报-冬
2089899, 9.4, 52, 春田狐
25919839, 9.4, 52, 谁拿了红苹果
26907738, 9.0, 66, 圣诞男孩
4061965, 8.4, 101, 雪豹悲歌
1047430, 7.6, 206, 装在口袋里的爸爸
4817376, 8.6, 86, 红狐狸和小鸭子
3229487, 9.0, 65, 爱丽莎的眼睛
1016329, 9.3, 54, 鸟雀街上的孤岛
2061074, 8.8, 74, 列那狐传奇
1485699, 8.2, 116, 银顶针的夏天
1486660, 8.1, 125, 吃噩梦的小精灵
1461152, 8.7, 78, The Cat in the Hat
1157075, 8.5, 90, 一年级大个子二年级小个子
1061594, 9.5, 47, 我会把你治好的
1192703, 9.1, 59, 永远说不完的童话
21778174, 8.4, 95, 北冥有鱼
6802418, 8.8, 71, 世界儿童文学・阅读与经典
25857845, 9.2, 55, 阿凡提的故事全集
6859534, 9.0, 62, 颜色的世界
2052751, 8.9, 66, 遥远的风铃
3024494, 8.0, 131, 笑猫日记（超值本）
1965310, 8.5, 87, 乌丢丢的奇遇
5908551, 7.8, 154, 种在时光里的向日葵
6430661, 8.4, 92, 爸妈太过分
24843842, 8.9, 64, 遮月亮的人
1197455, 8.4, 91, 不不园
1781014, 8.4, 91, 我有友情要出租
5038470, 7.7, 167, 震动
1807447, 9.0, 60, 万花筒
5026623, 8.7, 73, 小屁孩日记
4074687, 6.8, 485, 火车站深处的深处
1834946, 8.0, 124, 手斧男孩
1190569, 9.2, 52, 蓝鲸的眼睛
3522260, 8.8, 66, 泥泥的心灵城堡
4050577, 8.3, 94, 猫头鹰王国1-暗算
3873839, 8.7, 70, 男生日记
1678886, 8.7, 69, 愿望潘趣酒
6778494, 8.7, 69, 灰姑娘
1005894, 7.9, 129, 肚皮上的塞子
26611997, 9.3, 47, 故宫里的大怪兽
2322350, 9.8, 36, 银线星星
3119766, 8.5, 78, 树叶的香味-最佳儿童文学读本（小学卷）
20441860, 8.9, 59, 从前，有一个点
1153219, 8.4, 83, 来自无人地带的明信片
6523669, 8.1, 105, 小白的选择-笑猫日记
20285341, 8.9, 58, 梦的尽头
3620497, 8.5, 75, 好小子-童年故事
1085121, 8.3, 87, 戴高帽的猫
2274143, 8.8, 61, 马提与祖父
1805593, 8.9, 57, 轻轻公主
25723267, 9.1, 50, 魔法树
6245485, 8.1, 100, 完美的花朵
1459234, 8.9, 56, Momo
7060174, 8.6, 68, 图画书应该这样读
3239719, 7.8, 128, Stuart Little
1596100, 8.3, 84, 纸人
1010172, 9.1, 49, 吹牛大王奇游记
1984467, 9.0, 52, 各种各样的身体
1252645, 8.1, 98, 帅狗杜明尼克
1119308, 8.0, 106, 小坡的生日
25877706, 8.7, 62, 老虎来喝下午茶
26344072, 9.3, 43, 不可思议的旅程：彩虹国度
4822109, 9.1, 48, 我没生病
21957187, 7.8, 124, 知更鸟
25784025, 9.2, 45, 托芙・扬松经典漫画：姆咪谷故事全集
1449920, 8.5, 70, 帽子里的天空
2246174, 8.5, 70, 红瓦-曹文轩小说阅读与鉴赏
5245599, 9.0, 50, 苏斯博士最经典童书
1489168, 8.4, 74, 一百个中国孩子的梦
4723787, 8.4, 74, 雾中的奇妙小镇
10433751, 8.4, 74, 孩子们的秘密乐园
3264857, 7.7, 131, 永远的男孩女孩
6953245, 8.5, 68, 童书创作实用指南
21334468, 8.5, 68, 我……有梦
2315265, 8.9, 52, 大海历险记/我的第一本科学漫画书
11503105, 8.7, 59, 无字书图书馆
1024380, 9.4, 39, 少年黑卡
1066059, 8.6, 63, 狐狸小学的插班生
1425834, 8.2, 84, 世界没有角落
1079427, 8.5, 66, 儿童文学小论 中国新文学的源流
1146300, 8.8, 54, 北风的背后
1439350, 8.6, 61, Bridge to Terabithia
10794873, 8.5, 65, 永远的西瓜小丑-笑猫日记
5375937, 8.9, 50, 中国童谣（全八册）
1029928, 8.1, 87, 穿越夜空的疯狂旅行
1023712, 8.8, 52, 小海蒂
6518947, 9.2, 41, 窗边的小豆豆合集（套装共9册）
1214596, 7.6, 131, 幽默三国
3121289, 9.1, 43, 尼姆的老鼠
3519771, 9.2, 40, 儿童文学的乐趣
5038467, 7.9, 97, 红舞鞋
24705781, 8.6, 57, 大黑狗
1498976, 8.9, 47, Love You Forever
6391146, 8.9, 47, 皮埃尔摘月亮
20500693, 8.7, 53, 寻找黑骑士
6396334, 8.6, 56, 最重要的事
1953639, 9.2, 39, 今年你七岁
3521989, 9.1, 41, 罗伯特的三次报复行动
1021086, 8.0, 86, 本爱安娜
1017627, 9.7, 30, 大盗霍琛布鲁茨（全三册）
2381257, 9.0, 43, 会搔耳朵的猫
3075867, 8.6, 55, 放慢脚步去长大
20437595, 8.6, 55, 了不起的大盗奶奶
24902816, 8.2, 72, 格林童话I
4860711, 7.3, 159, 野兽国
1079254, 9.8, 28, 世界儿童小说宝库
3334065, 9.8, 28, 我所知道的野生动物
1489173, 9.0, 42, “下次开船”港
1027621, 8.5, 57, 让孩子着迷的101本书
3070853, 9.2, 37, 图书馆老鼠
11498230, 9.1, 39, 从百草园到三味书屋
10736307, 8.0, 81, 最后一朵花
10828425, 8.1, 74, 尖叫的海棠
26301181, 8.1, 74, 妖怪山
24841203, 8.7, 48, T.S.斯比维特作品集
2078904, 9.0, 40, 胡萝卜须
1151060, 7.9, 84, 五毛钱的愿望
20504524, 7.9, 84, 生命，请签收
11498428, 8.9, 42, 鹿啊，你是我兄弟
4079113, 8.6, 50, 花季的安妮
6744676, 8.6, 50, 卡夫卡和旅行娃娃
26857084, 9.2, 35, 苏菲的烦恼
26841611, 9.9, 25, 猎云人
4025168, 9.0, 39, 儿童文学的三大母题
1781440, 7.1, 177, 童话是童话是童话
6389911, 8.4, 56, 儿童文学小论 中国新文学的源流
26738072, 8.4, 56, 这就是二十四节气
10763900, 7.9, 80, 爸爸和朱利安、小兔子巴尼在一起的二十天
2039438, 9.6, 28, 仙篮奇剑传
25812824, 9.1, 36, 波利安娜全集
3129409, 8.7, 45, 美丽的梦想
26817445, 8.7, 45, 市场街最后一站
25723268, 9.3, 32, 魔法树顶的国度
26278419, 8.9, 39, 圣诞夜惊魂
2025004, 9.2, 33, 动物远征队
6967924, 8.4, 53, 天虹战队小学
2132898, 9.6, 27, 怪老头儿随想录
1017343, 8.6, 46, 哈默林的花衣吹笛人
1162528, 8.5, 48, 蓝调江南
22047871, 8.9, 37, 让我们温暖太阳
4903445, 9.0, 35, 我爸爸的小飞龙
10761604, 7.9, 72, 金子美铃全集（全三卷）
25723269, 9.4, 28, 魔法树上的居民
10575134, 9.1, 32, 好鼠兔
11534100, 8.5, 45, 鹿舞起源
3237107, 9.2, 30, 纽约少年
3058360, 8.0, 63, 乔治开启宇宙的秘密钥匙
3569161, 7.6, 87, 校园轻幻想小说拇指班长系列
2037729, 8.0, 62, 去报告斯大林
6023107, 7.8, 71, 我为什么讨厌学校
10809013, 9.2, 29, 绒布小兔子
6979770, 7.2, 119, 皮皮鲁送你100条命
3653470, 8.4, 45, 童书非童书
1023059, 7.6, 81, 千万别在奶奶家生病
6778818, 8.8, 35, 朗读手册II
6973023, 9.2, 28, 周作人论儿童文学
26861867, 9.6, 23, 电的秘密
4744898, 8.1, 53, 给孩子100本最棒的书
1076204, 9.8, 21, 世界儿童小说宝库
1041638, 8.8, 34, 恰佩克童话集
25901260, 7.8, 66, 作文里的奇案
1874697, 8.6, 38, 安妮・雪莉
4826527, 8.3, 45, 跟着姥姥去遛弯儿
2257995, 8.7, 35, 偷太阳的人
10484903, 8.7, 35, 丁丁当当黑痴白痴-美绘版
24834700, 8.7, 35, The Box Children
26413410, 8.0, 55, 寻找鱼王
1021064, 9.1, 28, 张天翼儿童文学全集（全四册）
26607285, 8.5, 39, 厨房屋
10746176, 8.0, 54, 男孩杰的动物园
6125469, 9.4, 24, 扑克游戏
25881282, 8.4, 41, 香梅女皇
4118175, 9.0, 29, 玛蒂娜故事书系列（第二辑 全5册）
10604009, 9.2, 26, 金银岛
5908824, 8.1, 49, 《开明国语课本（典藏版）》（全八册）
2055846, 9.6, 21, 鼹鼠原野的小伙伴
1430933, 8.4, 39, 长满书的大树
20506144, 8.4, 39, 柑橘与柠檬啊
1036304, 8.1, 46, 中国儿童文学5人谈
25414272, 8.6, 33, 奇妙国
25859695, 8.4, 37, 驯龙高手1
3653465, 8.3, 39, 童书是童书
26666033, 8.3, 39, 幸福先生
26776954, 8.3, 39, 以书为友
11620650, 8.8, 29, 拴牛的山茶树
1146979, 8.1, 44, 爱心企鹅
10774763, 8.1, 43, 以尼玛传说
2076616, 7.1, 97, 时间的皱纹
20503849, 7.7, 57, 杨红樱淘气包马小跳系列
24715997, 7.1, 96, 潘宫的秘密1
11530534, 8.8, 28, 爷爷的煤油灯
20499707, 8.8, 28, 阿比琳的夏天
26293005, 7.6, 61, 云朵上的学校
20414891, 8.6, 31, 奥兹国的稻草人
4911123, 9.0, 25, 神奇树屋
26308055, 9.0, 25, 欧赫贝的秘密1
2025031, 8.7, 29, 一千零一日（第一卷）
3741374, 8.9, 26, 希腊三部曲（全三册）
4187492, 8.4, 34, 猫
10463968, 8.4, 34, 故事和你说晚安
25893502, 8.6, 30, 写作魔法书
4174725, 9.0, 24, 狐狸村绑架案
26388073, 7.2, 78, 火印
3124954, 8.4, 32, 渡过雪原
25812587, 7.9, 44, 从外星球来的孩子
25985354, 8.2, 36, 锯齿形的孩子
24719852, 8.0, 41, 会唱歌的猫
25981701, 8.5, 30, 小莲的花草四季
10862491, 9.1, 22, 彼得兔典藏全集（全23册）
3077647, 9.0, 23, 诱骗
25758461, 8.1, 38, 书，儿童与成人
26816978, 8.7, 26, 柴犬莉莉
26038523, 8.6, 27, 我摸到了一条鲸鱼
24541931, 8.7, 25, 不是所有动物都是蓝色的
1818475, 7.8, 43, Walk Two Moons
26275816, 8.1, 35, 曼哈顿的小红帽
26285731, 7.3, 63, 山精灵普克
24845451, 8.6, 26, 睡谷的传说-瑞普・凡・温克尔
6026302, 8.0, 37, Where the Mountain Meets the Moon
1819930, 8.7, 24, 总有一天会长大
26376300, 8.7, 24, 被遗忘的公主
6778782, 7.3, 60, 我是你的守护星
6977924, 8.2, 31, 说来听听
26270313, 7.3, 58, 荒野丛林
10575575, 9.1, 19, 彩色世界童话全集-第一辑
26918931, 8.3, 28, 彼得兔
1937935, 8.3, 27, 小熊维尼(中英文两册)
26706788, 8.0, 32, 三只虫草
2143434, 8.3, 26, A Series of Unfortunate Events Box: The Complete Wreck (Books 1-13)
1059351, 8.9, 19, 格林童话全集（上下）（成人双语版）
1192109, 9.0, 18, 以撒辛格童话
26592405, 8.2, 27, 将军胡同
6794112, 8.4, 24, 托莱摩斯的面包房
2013308, 8.0, 30, 一年级的小蜜瓜
6831113, 7.8, 34, 爱上读书的妖怪
23860417, 7.8, 34, 少年周小舟的月亮
3400823, 8.2, 26, 戴小桥全传
26576239, 7.2, 49, 查理九世25・稻草人之乡
2057592, 8.4, 22, 六年级大逃亡
25783321, 8.1, 25, 给孩子们的诗
1019114, 7.6, 34, 绿刺猬
26921701, 8.5, 20, 岛王
6519211, 8.0, 26, 老鼠记者
26803373, 8.0, 26, 转动时光的伞
25725674, 7.5, 36, 猎妖学堂1：妖灵时空
20301228, 8.0, 25, 芒果猫
26150640, 8.7, 17, 欢欣岁月
26894809, 8.1, 23, 家有小苗初长成
3617757, 7.7, 29, 算法少女
26371152, 7.7, 29, 查理九世24・末日浮空城
26291637, 8.5, 18, 地板书 1
25780805, 7.0, 45, 童年河
26831362, 8.1, 21, 我要是别人就好了
26267080, 8.0, 22, 独一无二的伊凡
20499710, 7.1, 40, 阁楼里的秘密
26326504, 7.6, 27, 猫的旅店
6561119, 8.0, 21, 二年级的小豆豆
4716672, 7.7, 25, 绘本赏析与创意教学
1914357, 7.9, 22, 小巴掌童话
6526931, 7.8, 23, 米兰的秘密花园
20300971, 7.8, 23, 十岁那年
25830759, 7.6, 26, 查理九世21・沙海谜国
21363858, 7.7, 24, 吴姐姐讲历史故事
20444996, 7.4, 28, 钱堆里的男孩
25901258, 7.6, 24, 妖精的小孩
24757289, 8.1, 18, 大熊有个故事要说
19980219, 7.8, 21, 米小圈上学记
6396330, 7.5, 25, 辛可提岛的迷雾
3569162, 7.1, 32, 拇指班长3 乱套的教室
2177238, 7.8, 20, 坐上幸福摩天轮
25720722, 7.8, 20, 威利的疑问
5038464, 7.6, 22, 梧桐街上的梅子
26905609, 8.0, 17, 用故事说晚安：与孩子共享奇迹般的睡前故事时光
20436781, 8.0, 16, 字的童话（全七册）
3057595, 8.1, 15, 长白山猎话
25723830, 8.2, 14, 曹文轩文集典藏版
26800118, 7.7, 18, 床单精灵
24380077, 7.5, 20, 小小孩的春天
26796551, 8.1, 14, 《葫芦兄弟》（全13册）
26812689, 8.6, 11, 大牧场上的凯特
25708954, 7.9, 15, 时差绘本联合国
26810652, 7.9, 15, 小驴托托 第一辑
1016529, 8.2, 13, 英美著名儿童诗一百首
10794270, 8.0, 14, 莫里斯桑_克的格林童
26017249, 7.6, 17, 窗后的少年
26924155, 8.3, 12, 迷宫大侦探皮埃尔
25949871, 8.1, 13, 魔宠1・王国守护者
1082957, 7.8, 15, 波德莱尔大遇险1
1081768, 8.2, 12, 儿童睡前故事大全
26576246, 7.4, 18, 笑猫日记
10531028, 7.6, 16, 谁来当王妃
26612811, 7.6, 16, 极品笨妖怪2-神秘原野
26689226, 8.0, 13, 北风遗忘的手绢
26762989, 8.0, 13, 99℃
3519772, 7.7, 15, 作为神话的童话/作为童话的神话
26328515, 7.7, 15, 把我埋在墙脚下
26662231, 8.1, 12, 夜莺之歌
3663421, 7.6, 15, 灰国王
25731638, 7.0, 20, 宇宙最后一本书
25896898, 7.6, 14, 写作魔法书
26666135, 7.9, 12, 爱尔兰童话故事
25987293, 7.7, 13, 少年的荣耀
25901230, 7.8, 12, 给孩子们的故事
26584765, 7.8, 12, 绿山墙的安妮全集
26662176, 7.8, 12, 树国之旅
1321651, 7.0, 18, 在我吸毒的日子里
26021870, 7.3, 15, 鬼马女神捕1・绝密卧底（上）
5379124, 7.7, 12, 镜子与永无岛
3461500, 7.5, 13, 世界的故事（全五册）
25787938, 7.2, 15, 从天而降的幸运
5379118, 8.0, 10, 唤醒睡美人
10464298, 7.9, 10, 大大大和小小小历险记
10955828, 7.2, 14, 天堂里的海龟
26311711, 7.3, 13, 腹语师的女儿
5347561, 7.7, 10, 冲破魔法符咒：探索民间故事和童话故事的激进理论
25867567, 7.0, 12, 少年与海
26436330, 7.2, 10, 森林里的小火车
26723254, 7.2, 10, 查理九世彩图版 不可思议事件簿1
