2017-01-23 16:17:59
Tag: 养生
The number of books: 734 

ID, rating, votes, title
2000641, 8.2, 4357, 求医不如求己
1440885, 8.0, 5025, 人体使用手册
1254942, 9.2, 1069, 黄帝内经
1485625, 9.1, 757, 瑜伽之光
3433208, 8.5, 1093, 问中医几度秋凉
1984347, 8.3, 1238, Power Sleep
25768216, 8.8, 664, 冀连梅谈：中国人应该这样用药
2355018, 8.5, 884, 字里藏医
24751904, 8.9, 544, 塑身女皇教你吃出窈窕c健康
1900356, 8.5, 787, 中国健康调查报告
1091751, 8.9, 501, 瑜伽
1862145, 8.0, 1187, YOU：身体使用手册
3527896, 8.6, 543, 古代的中医
3276880, 9.1, 317, 光耀生命
1160733, 8.4, 586, 静坐修道与长生不老
5068077, 8.3, 611, 拉伸
3159897, 8.0, 787, 小言黄帝内经与生命科学
4106854, 9.2, 238, 四圣心源
3924442, 8.4, 491, 黄帝内经家用说明书(上古天真论)/国医健康绝学系列
4077879, 8.4, 484, 零起点学中医
2339948, 7.9, 851, 黄帝内经・养生智慧
1447162, 9.4, 192, 黄帝内经素问
3619883, 8.8, 297, 神医这样看病
3374562, 8.5, 382, 营养圣经
2240612, 7.1, 2208, 不生病的智慧
2136633, 7.4, 1361, 31岁小美女的养颜经
3567734, 7.7, 817, 黄帝内经使用手册
1691802, 8.6, 296, 中医入门
2041978, 8.6, 286, 本草纲目
3140556, 7.7, 752, 内因决定外貌
5411583, 8.6, 279, 中国居民膳食指南
21330892, 8.8, 233, 黄帝内经・四气调神
24879935, 8.9, 212, 黄帝内经 上古天真
2310529, 8.8, 226, 遵生八笺
3148591, 7.6, 804, 从头到脚说健康
3662079, 8.5, 288, 呼吸之间
3083546, 8.4, 316, 田中宥久子的塑颜按摩法
26292422, 7.7, 684, 顾中一说：我们到底应该怎么吃？
1393214, 8.9, 201, 鬼谷子详解
3115895, 7.9, 521, 两个素食者的创意厨房
1678412, 9.1, 167, 名老中医之路
4056324, 8.4, 284, 因是子静坐养生法
5067922, 8.1, 349, 回家吃饭的智慧
3219204, 8.1, 316, 跑步
3271484, 9.0, 140, 全注全译黄帝内经(上下)
3070273, 7.8, 406, 人体复原工程
24696686, 8.2, 257, 范志红：不懂健康，难做美丽女人
2362918, 9.7, 78, 药师经
2052636, 7.9, 316, YOU身体使用手册2-腰部管理
4166077, 8.2, 228, 这才是中医
1875737, 8.8, 133, 本草纲目
3042606, 7.3, 607, 温度决定生老病死
1798844, 7.1, 797, 水是最好的药
3924465, 8.0, 262, 手到病自除
2015976, 7.5, 457, 人体经络使用手册
3997272, 8.3, 196, 万病皆可心药医
1907518, 8.3, 195, 气的乐章
26377453, 7.6, 399, 谷物大脑
6828163, 6.6, 1707, 4点起床
3030861, 8.0, 252, 曲黎敏养生十二说
25843816, 8.5, 158, 徐文兵、梁冬对话：《黄帝内经・天年》
2992165, 9.0, 103, 郝万山伤寒论讲稿
7062736, 8.4, 165, 营养圣经
3140555, 8.1, 216, 活到天年
24891766, 7.8, 288, 怀得上，生得下
1925936, 9.0, 99, 默克家庭诊疗手册
6389915, 7.4, 440, 脸要穷养，身要娇养（全新图文修订版）
3793789, 8.0, 226, 不生病的纪律
3622394, 7.7, 294, 从头到脚要美丽
4917068, 8.9, 94, 芳疗百科
1191099, 8.7, 108, 黄帝内经
26615680, 8.5, 126, 暖暖的女人不生病
3572716, 9.2, 76, 瑜伽之光
4905858, 7.9, 209, 后天美女养成记
3885660, 8.2, 156, 生命不仅仅如此
24294495, 7.7, 249, 脾虚的女人老得快
25662148, 8.6, 110, 南师所讲呼吸法门精要
25917319, 8.7, 101, 徐文兵、梁冬对话・黄帝内经・金匮真言
4827425, 8.4, 126, 阴阳一调百病消
25698974, 8.3, 135, 吃对你的家常菜
4209949, 7.6, 264, 胖补气 瘦补血
3903009, 7.2, 423, 不上火的生活
3110727, 7.6, 261, 黄帝内经
4841681, 8.5, 113, 黄帝内经・胎育智慧
3621280, 7.1, 475, 这样吃最健康
1261928, 9.7, 51, 跟我吃――不会便秘
3527661, 7.5, 284, 医行天下
1465776, 8.1, 154, 津津有味谭・素食卷
3681643, 7.6, 251, 世上是不是有神仙
3056109, 8.4, 118, 哈他瑜伽关键肌肉全解
4855867, 8.0, 166, 两个素食者的创意厨房2
4322411, 7.5, 275, 把健康彻底说清楚
2007012, 8.6, 99, 特异功能三百例
1318127, 7.7, 219, 食物是最好的医药
24858364, 6.8, 672, 神奇的肌肤能量书
3065729, 7.9, 176, 素女经
1897816, 8.1, 145, 扶阳讲记
6011081, 6.9, 548, 冥想5分钟，等于熟睡一小时
4875686, 8.0, 153, 逝去的武林・高术莫用
3700467, 8.4, 108, 求医不如求己家庭医学全书
5906542, 8.5, 99, 医间道
1156370, 8.6, 90, 黄帝内经素问白话解
3062584, 7.4, 265, 病从寒中来
10558529, 8.5, 94, 药房里买得到的传世名方
3354612, 8.5, 93, 骨盆美体操
25869853, 8.4, 99, 徐文兵、梁冬对话:黄帝内经?异法方宜
3038361, 7.4, 248, 父母是孩子最好的医生
5921328, 8.1, 124, 麦肯基疗法
6510145, 8.6, 83, 新世纪饮食
3077716, 9.5, 47, 四库全书存目丛书
1818579, 7.3, 272, 别让不懂营养学的医生害了你
4139324, 6.6, 706, 把吃出来的病吃回去
2161392, 8.0, 130, 百岁医生教我的生机健康法
4934607, 8.1, 117, 《黄帝内经》现学现用
26639257, 8.6, 79, 女人暖养更年轻
1263565, 8.3, 99, 健康生活新开始
1959947, 8.7, 72, 火柴棒医生手记
1499901, 8.8, 67, 脾胃论
3607427, 7.7, 161, 中医体质养生
5363493, 8.4, 88, 有病不能乱投医
1194180, 8.2, 102, 神秘的睡眠
1911022, 8.6, 74, 老老恒言
5325416, 8.6, 74, 徐公解梦
5308694, 8.4, 85, 黄帝内经四季养生法
1540270, 9.3, 47, 太极拳全书
6862134, 7.9, 126, 范志红谈怎样吃最安全
6990085, 8.1, 102, 这样选购食品最安全
2111837, 9.0, 53, 瑜伽气功与冥想
4229369, 8.1, 100, 24节气养生法
1289226, 7.8, 129, 纯粹瑜伽
4140386, 8.3, 82, 舒适快眠的40个方法
1522021, 8.4, 76, 素食者膳食指南
24535401, 7.7, 133, 慢食之后
11622317, 9.9, 31, 按手按脚养生疗病
25808383, 8.6, 64, 让孩子不发烧、不咳嗽、不积食
1291343, 7.1, 244, 改变一生的饮食计划
1883933, 9.4, 39, 医学衷中参西录（上册）
1057546, 9.5, 37, 濒湖脉学
3891585, 7.9, 106, 肠道内经
1035697, 8.6, 62, 疾病的希望
1783097, 8.0, 96, 津津有味谭・食疗卷
3049205, 8.0, 96, 人体阳气与疾病
24531830, 9.4, 38, 道家真气
5281861, 9.2, 42, 健康养颜蔬果汁1+1
3083569, 7.5, 149, YOU：身体使用手册3
3027426, 7.2, 205, 不生病的智慧2
1288733, 8.8, 53, 嗓音的科学训练与保健
5363501, 8.8, 53, 疾病写在脸上
3105216, 7.4, 161, 不生病的智慧3
6114170, 9.0, 46, 血管决定生老病死
4821930, 8.1, 84, 德国足球队队医的完全健康手册
4628271, 7.5, 141, 先别急着吃三餐
10519504, 7.5, 139, 生命沉思录
3703105, 7.2, 190, 肠道清洁书
6015798, 7.5, 137, 很老很老的老偏方，小病一扫光
5253625, 8.0, 87, 健康生活新开始
2340007, 8.1, 80, 不生病凭什么
4833459, 8.0, 86, 选择中医
1071651, 8.4, 63, 黄帝内经
3640042, 7.7, 109, 从字到人
26698334, 8.5, 58, 胃靠养，肠靠清
1493167, 7.8, 99, 津津有味谭・荤食卷
6731562, 8.6, 54, 万病从根治
19982719, 9.8, 28, 特效穴位按摩手册
4259715, 8.2, 71, 手到病自除2
2175084, 9.1, 39, 象形拳法真诠
5096982, 9.3, 35, 101种降低高血压的特效法
25916656, 8.6, 52, 伤精与养精康复之道
20270778, 9.8, 27, 猪传染病防控技术
25856623, 8.1, 73, 美国医生谈：我在中国的高水平健康生活
3140552, 7.6, 111, 人体自有大药
20270775, 9.0, 40, 肠道黄金书
3245223, 9.6, 29, 黄帝内经素问
3657978, 7.3, 145, 精油全书
5936417, 8.2, 66, 不可替代的牙齿
1254205, 8.4, 57, 营养学
10729466, 7.2, 159, 于康 吃好每天3顿饭
5096984, 9.9, 25, 101种降低高血脂的特效法
4090362, 8.2, 64, 漫画健康养生手册
4322405, 7.5, 114, 黄帝内经使用手册2
4931705, 7.3, 138, 空腹力革命
25863453, 8.3, 59, 专属你的解决方案:完美皮肤保养指南
1038385, 9.0, 38, 伤寒杂病论
1065814, 8.4, 55, 身体的力量
2241285, 7.6, 103, 特效穴位使用手册
6990157, 7.6, 103, 很老很老的老偏方， 女人烦恼一扫光
5339799, 9.2, 34, 黄帝内经素问校注语译
3306315, 7.1, 170, 能量倍增
4842715, 7.0, 188, 30岁洛丽塔的真人养颜经
10454414, 8.1, 66, 真原t
2364919, 8.3, 57, 求医不如求己养生救命大宝典
25770208, 9.3, 31, 八部金刚功
10441545, 8.3, 55, 茶包小偏方喝出大健康
26842568, 9.9, 23, 调心：把心调好病不找
6048393, 9.6, 26, 于康教您远离三高从吃开始
3434107, 7.4, 112, YOU：原来可以这样美！――身体内外兼修手册
26780208, 9.0, 35, 《为我的身体养阳气》
3731307, 8.1, 61, 图解经络穴位按摩速查手册
2309625, 7.9, 71, 步入中医之门
4244682, 7.9, 71, 单桂敏灸除百病
26596435, 7.6, 91, 养眼就是养精神
6714220, 7.7, 83, 子宫好 女人才好
5259534, 7.0, 164, 不疲劳的活法
21792506, 7.6, 90, 你吃对了吗?
3622393, 6.7, 235, 天下最美是素颜
6000502, 8.3, 52, 食物革命
3195228, 7.0, 160, 甲田式断食法
26841235, 8.6, 42, 我要内脏变年轻
3110954, 9.4, 27, 增演易筋洗髓内功图说
3184740, 7.8, 73, 养生的智慧
2142615, 7.1, 140, 百年谎言
3711542, 9.0, 33, 养生书
3664711, 6.9, 175, 黄帝内经中的女人养生养颜经
5264002, 8.0, 62, 减肥使用手册
1041166, 8.2, 52, 心理的力量
4292048, 8.2, 52, 秘源
2034094, 8.3, 48, 不生病的生活：全美首席胃c科t的健康zE
4309492, 7.7, 75, 秘源
26319654, 7.4, 96, 护肤品全解码 100款超人气护肤品成分大检阅
1572598, 8.4, 44, 人体药库学
4162478, 7.2, 115, 小穴位大健康
1505695, 7.8, 67, 小说中医
1524754, 8.5, 41, 随息居饮食谱
3923590, 7.5, 86, 颈椎腰椎康复书
1792631, 6.8, 177, 图解黄帝内经
2075096, 9.1, 29, 无痛一身轻
1542594, 8.7, 36, 道教与养生
1684518, 8.2, 49, 中国营养师培训教材
1596628, 7.7, 70, 健康忠告
6059005, 9.2, 27, 保健按摩
4258869, 8.0, 55, 生命可以如此（下）
1960203, 7.7, 68, 女人的三春
3538602, 7.5, 80, 瘦婊子
20474818, 8.6, 36, 呼吸之间
2283575, 8.2, 46, 不老的身心
7015786, 7.8, 61, 拉筋让你更年轻
2140373, 8.0, 52, 草药生活/草药新世纪
3004479, 7.8, 60, 将中医进行到底
4777774, 8.3, 42, 花养女人幸福一生
1956692, 8.7, 33, 活得够长活得更幸福
1926393, 8.8, 31, 傅青主女科
6037418, 7.3, 90, 漫画中医（第1册）
4160641, 8.2, 44, 津津有味谭
3875951, 8.9, 29, 21世纪健康饮食
25866991, 7.9, 54, 手印
3522012, 7.6, 68, 别让不懂营养学的医生害了你
2678314, 7.9, 53, 子宫-写给女人的情书
1261665, 9.0, 27, 中医望诊相法
3238388, 7.3, 86, 不一样的自然养生法
1431224, 7.8, 56, 食物是最好的医药2
1278389, 8.5, 35, 选择健康
4198061, 7.9, 51, 我的单一饮食之路
3238219, 7.4, 76, 牛奶  谎言与内幕
3353610, 8.1, 44, 体温决定生老病死
3671526, 8.1, 44, 点食成金
5272429, 7.9, 50, 喝茶的智慧
10593883, 8.9, 27, 捏捏小手百病消
1962791, 6.7, 151, 水这样喝可以治病
6512048, 7.8, 53, 发现粗食好味道
3710561, 7.2, 87, 甲田式少食法
2348884, 8.5, 33, 求医不如求己全集
20428695, 8.3, 37, 郝万山说健康
5350223, 7.7, 56, 36.5℃决定健康
2308673, 8.1, 42, 图解中医
3402881, 6.1, 334, 深睡眠
2374744, 7.3, 78, 水是最好的药Ⅲ
3124172, 7.3, 78, 张其成讲读《黄帝内经》养生大道
5291096, 7.3, 78, 柔美人，“强”秀发
4665276, 7.9, 48, 李少波真气运行法
20442487, 6.7, 142, 瘦孕
3925814, 7.6, 59, 人体通补手册
25838012, 7.8, 50, 攻克超级便秘啦啦啦
3924443, 8.0, 43, 苹果胡萝卜汁减肥
1839241, 9.0, 24, 医学心悟
1821723, 8.5, 31, 中华仙学养生全书（全三册）
1282131, 8.0, 42, 脑内革命 第一卷:重新认识、开发、利用你的大脑
1879430, 7.5, 61, 图解人体使用手册
1083499, 7.7, 52, 新饮食习惯
5390794, 8.6, 29, 山野式头部SPA
4825923, 8.3, 34, 吃出健康很容易
19955761, 8.2, 36, 营养圣经实用指南
2239609, 8.4, 31, 吃错了
7057926, 8.4, 31, 新妇科千金方
11603584, 6.6, 139, 女生这样做，吃不胖、晒不黑、人不老
3222666, 7.5, 57, 优雅瑜伽
1000795, 8.7, 26, 千金方
1320382, 8.7, 26, 神奇的少食健康法
4854513, 8.0, 39, 黄帝内经・养生智慧
2122198, 8.3, 32, 道家养生学概要
3802056, 6.8, 104, 内脏减脂书
2215106, 8.1, 35, 中国龙文化养生之道
6440188, 8.1, 35, 你吃对营养了吗？
4703910, 7.2, 69, 肠胃会说话
4853567, 8.4, 29, 黄帝内经・生命智慧
3527334, 7.1, 75, 田中宥久子的美体按摩法
2271100, 8.0, 37, 细说黄帝内经
2126672, 7.2, 68, 不生病的生活方式
2983134, 7.8, 42, 敲胆经
4107751, 7.8, 42, 这样吃最健康3
2249323, 7.7, 45, 全食物密码
4834140, 7.2, 67, 九种体质使用手册
6090927, 7.6, 48, 养颜的智慧
25918071, 7.3, 61, 女人体虚先变丑
2161162, 8.3, 30, 图解艾灸疗法
3696482, 6.9, 88, 马悦凌细说问诊单
4853960, 6.8, 96, 瑜伽天后LULU瘦身美学
25802892, 8.1, 33, 幸福  从早餐开始
3064769, 7.4, 54, 光冈知足说肠内革命
3714986, 7.0, 76, 解密中国人的九种体质
2127260, 6.8, 92, 儿童经络使用手册
1046672, 6.2, 188, 无毒一身轻21天改造体质（随光盘）
3484021, 7.3, 56, 让父母健康长寿的31件事
1879426, 6.7, 97, 病是自家生
24757480, 8.8, 21, 吃我吃我：38种改善情绪和恢复精力的神奇食材
3755957, 6.7, 96, 筋长一寸 寿延十年
4262133, 6.6, 107, 不疲劳的生活
4846242, 8.6, 23, 茶经・续茶经
25728350, 6.8, 85, 美容教母90天肌肤大改造
6432270, 7.4, 49, 自己是最好的美容师
1156371, 8.5, 24, 黄帝内经灵枢白话解
2046384, 7.5, 45, 不生病的活法
4212872, 7.4, 48, 喜欢照镜子的女人不会老
20385436, 7.3, 52, 全食物调养秘笈-每天清除癌细胞
1082611, 6.0, 224, 12周摘掉眼镜恢复视力
26302002, 7.6, 41, 健康快到碗里来
2115140, 6.8, 81, 病由心生
3149379, 8.5, 23, 营养圣经
2078052, 7.7, 37, 抗衰老计划
26288094, 8.4, 24, 养生随笔
4897136, 7.0, 64, 和眼镜说再见 改善视力的贝茨博士护眼法
3350397, 8.0, 30, 黄帝内经（套装共2册）
4744133, 7.7, 36, 食不厌‘精’精明主妇不可不知的营养智慧
3784590, 7.0, 62, 血液清洁书
3090796, 8.2, 26, 饮膳正要
3365079, 7.5, 41, 黄帝内经十二时辰养生法
4203633, 7.4, 44, 从头到脚说健康2
25817031, 7.7, 35, 人体使用手册3
3351949, 7.2, 51, 不生病的智慧4
4742681, 6.9, 66, 这样做，至少多活20年
25851706, 7.8, 32, 牙齿有毛病，身体一定出问题
3870875, 7.9, 30, 达摩易筋经
3354804, 6.1, 164, 失传的营养学
4952703, 7.7, 34, 暖暖就能瘦
1035302, 8.0, 28, 黄庭经注译?太乙金华宗旨注译
3290906, 7.5, 39, 手会说话
10537390, 6.6, 87, 袷
6798706, 7.2, 49, 冥想
1425821, 7.6, 36, 抗衰老饮食
2246296, 7.0, 58, 水的漫舞
3133343, 6.6, 86, [本草纲目]中的女人养颜经
5291102, 6.8, 69, It Girl身体保养100分
4249305, 6.6, 83, 女人28天身体日历
4277062, 8.2, 24, 因是子健康养生经
26361664, 7.0, 56, 女人面色润、妇科好、精神足， 养好内分泌是关键
6087595, 7.2, 47, 断食法
2025599, 7.3, 43, 范长伟极简艾灸
3549623, 7.3, 43, 刮痧变美-赠送价值20元刮痧板
4860588, 7.0, 55, 癌症不是病
1748643, 6.3, 115, 无毒一身轻Ⅱ
6127184, 6.8, 66, 一辈子做素颜女孩
4841092, 8.6, 19, 汪永泉授杨式太极拳语录及拳照
3057044, 7.4, 39, 求医不如求己
5336918, 8.3, 22, 回归心的喜悦
26712712, 8.3, 22, 神奇美肌书：变白，变瘦，变美丽
1624937, 8.0, 26, 观手知健康
3133193, 8.0, 26, 易筋经与洗髓经
4007343, 8.0, 26, 黄帝内经十二时辰养生法Ⅱ
5399370, 7.2, 45, 神奇的生姜红茶减肥
1452480, 7.3, 40, 营养免疫学
2048036, 7.7, 30, 一生的减龄方案
2348697, 6.8, 61, 慢生活
10734705, 8.5, 19, 天天吃醋
26808894, 8.5, 19, 回家吃饭的智慧（全新修订典藏版 上、中、下三册）
10448570, 6.7, 67, 美肌的真相
3724795, 7.4, 36, 八卦象数疗法
3186239, 8.1, 23, 魔法不老美人
3923317, 6.9, 54, 矿泉水才是最好的药
2099472, 6.6, 71, 破译宋美龄长寿密码
3734807, 7.0, 48, 是肉七分毒
1911006, 7.9, 25, 经方的魅力
2006454, 7.9, 25, 看健康写在脸上
6711521, 6.1, 125, 中医不死
1026815, 8.3, 20, 第一营养
6726121, 8.3, 20, 彭鑫谈内壮健康法
2116689, 7.5, 32, 王晨霞说寿
11578301, 7.7, 28, 科学禅定
10416436, 7.0, 47, 瑜伽天后LuLu28天生理瑜伽
1018666, 8.1, 22, 健康养生花草茶
1393341, 8.1, 22, 老老恒言
26285557, 8.1, 22, 癌症早知道
26816643, 8.1, 22, 中国女人要补阴
2205272, 7.1, 43, @映宰罱】
10448612, 8.0, 23, 范志红餐桌上的营养智慧
4042005, 6.9, 50, 养生一定要简单
1770312, 6.1, 119, 刘太医谈养生
4063669, 7.3, 36, 羊羊的至简美丽心经
6088005, 7.1, 42, 荷尔蒙成就你的女人味
1046502, 7.9, 24, 性理之道  附光盘
3205272, 7.9, 24, 不生病的活法2・实践篇
24890055, 6.5, 72, 每天1碗沙拉
2275168, 8.3, 19, 爱德加・凯西自然疗法健康手册
3265674, 8.3, 19, 图解遵生八笺
3351107, 7.8, 25, 倾听你的荷尔蒙
5996052, 7.8, 25, 管好体温不生病
26691114, 8.1, 21, 我是大医生：医生不说你不懂
25848972, 8.0, 22, 癌症 别急着开刀
4758242, 7.6, 28, 百岁医生教我的生机健康法2
3527843, 7.8, 24, 体态决定你的健康
1288591, 7.4, 31, 瘦脸宝典
3359772, 7.4, 31, 312经络养生法
4244919, 7.4, 31, 你可以不吃药
1195538, 8.2, 19, 太极拳理传真
1737350, 8.2, 19, 生命在于呼吸
1449105, 7.4, 30, 瑜伽饮食养生全书
3421711, 7.4, 30, 健康的首要任务是养骨
6875752, 7.3, 32, 瘦不了的错误
4201847, 7.8, 23, 中里巴人健康私房话
3010279, 7.6, 26, X雀锩2
4231620, 7.6, 26, 怎么吃也毒不了我
2058351, 7.1, 37, 素食养生谭
3077758, 7.2, 34, 神奇养生
5327991, 6.8, 47, 好肤色，吃出来
6783768, 6.5, 62, 化妆品的真相
2173404, 7.4, 29, 图解千年导引术
3804223, 8.1, 19, 针通经络灸调阴阳
4938818, 7.1, 36, 刮痧排毒王，一步找病源，三步除病根
1443696, 7.5, 27, 精油芳疗养生事典
10511633, 8.2, 18, 迷罗・从一到九的健康秘密
4743187, 7.9, 21, 根除烦恼的秘诀
3705719, 7.2, 33, 健康的邀请
6860217, 7.2, 33, 如果会吃饭，你就会成佛
3797508, 7.8, 22, 三分治七分养
4822316, 7.0, 38, 回归身的喜悦
1974483, 6.8, 45, 排毒饮食计划
1485579, 7.1, 35, 40岁登上健康快车
3523025, 7.7, 23, 家养绿植
5260214, 7.5, 26, 真气运行法
1374908, 6.8, 44, 无毒一身轻
2307388, 8.1, 18, 食物养生金典
24708193, 7.9, 20, 可大可小的常见病轻松就搞定
2978400, 7.4, 27, 内丹养生功法指要
26844579, 8.2, 17, 顶天立地的功夫
1998479, 6.4, 61, 刘太医说
4833157, 6.5, 55, 睡前3分钟改变你一生
1779167, 7.6, 23, 食物是最好的医药3
6048886, 6.6, 49, 排便力
21356610, 7.9, 19, 太极拳之研究――太极拳概论
26769732, 7.9, 19, 女人不发胖、容颜好、不生病，化瘀通络是关键
3676070, 7.5, 24, 打开疾病黑盒子2
23164735, 5.7, 143, 好菜知时节
2185258, 8.1, 17, 一生年轻二十岁
4216964, 8.1, 17, 增演易筋洗髓内功图说（上卷）
1491293, 7.2, 29, 放慢生活脚步
26436739, 8.2, 16, 吃的常识
3697771, 7.6, 22, 体温决定生老病死2
4248952, 6.8, 39, 养生必养肾
1288592, 7.0, 33, 瘦腿宝典
10745695, 7.0, 33, 很老很老的老偏方
2010131, 7.2, 28, 医生向左病人往右
22538495, 5.4, 221, 吃到自然瘦
2003180, 7.1, 30, 身体圣经
3370177, 7.9, 18, 新编张三丰先生丹道全书
6885556, 7.9, 18, 脊椎告诉你的健康秘密
3987497, 7.8, 19, 解开心结治未病
2377224, 7.4, 24, 在北大学中医
3927813, 7.4, 24, 身体的奇迹
3186240, 7.6, 21, 塑造平衡美人
3085869, 8.1, 16, 黄帝内经
10593527, 8.1, 16, 给爸妈最贴心的养生书
26655292, 8.1, 16, 像我这样做妈妈
3772638, 6.9, 34, 老百姓的中医书
1039671, 7.2, 27, 美丽一生的5项法则
3832968, 7.1, 29, 不生病的智慧5
4149914, 7.5, 22, 本草纲目和黄帝内经中的女人养颜经
5338210, 7.5, 22, 筋柔百病消
6791741, 7.3, 25, 步行冥想
6982372, 7.3, 25, 哇!身体这么奇妙
1748217, 8.2, 15, 中华食物养生大全
25711927, 8.2, 15, 小心！大病都有特别的小信号
6509766, 7.4, 23, 健康长寿饮食指南
6309093, 7.1, 28, 中国男人书
6123828, 7.8, 18, 我最想要的手诊书
6729798, 7.8, 18, 一本书说透中医养生
10772891, 7.8, 18, 提高体温变健康
20271222, 7.8, 18, 手到病自除3
1943556, 7.7, 19, 黄帝内经
3241510, 7.9, 17, 求医不如求己 DVD
20270449, 7.9, 17, 腰骶椎病防治
1169969, 6.7, 38, 正确呼吸变年轻
24841280, 8.0, 16, 袁了凡静坐要诀
1664305, 8.1, 15, 循经取穴胶布疗法
10736522, 8.1, 15, 通则不痛 痛则不通-敲开健康之门
26585556, 8.1, 15, 睡前捏一捏，宝宝不生病
4267217, 6.3, 54, 不老书
3259613, 7.4, 22, 营养的奥秘
2116343, 7.7, 18, 最好的医生是自己
3293144, 7.7, 18, 地球上最健康的150种食材
26384318, 7.7, 18, 张宝旬妙招，按压手穴祛百病
1485750, 7.6, 19, 轻松瑜伽
3726742, 7.8, 17, 美丽不求人
24764928, 7.8, 17, 人体使用手册：亲子漫画版
3018251, 6.4, 47, 早餐的革命
2239198, 7.0, 28, 吴若石新足部健康法
5344391, 7.0, 28, 湿热体质
1083217, 7.2, 24, 优雅阶级慢生活
26806685, 7.2, 24, 范志红写给女人的美丽健康书
3260866, 7.4, 21, 黄帝内经
25766995, 8.0, 15, 不要和癌症抗争，要跟它做朋友
26168860, 8.0, 15, 养性延命录校注
10545479, 8.3, 13, 排毒美肌足疗馆
2157411, 7.3, 22, 人体营养手册
4208576, 7.3, 22, 不可不知的美白祛痘法
4817890, 7.0, 27, 无龄的养生智慧
6722065, 7.0, 27, 断食瑜伽
6954432, 7.1, 25, 最美中国方
4162267, 7.6, 18, 大国医
4247712, 7.7, 17, 治愈癌症救命疗法
1700901, 7.4, 20, 健身气功
26290253, 6.4, 43, 断食：饮食也要断舍离
26422744, 7.0, 26, 28天内分泌平衡书
3833038, 7.9, 15, 做个聪明病人
19962853, 7.9, 15, 颈椎病防治
3701051, 7.1, 24, 致命药方
4816970, 7.3, 21, 养生有良方
24714248, 7.3, 21, 体质这样调
25746582, 6.6, 35, 一万种美白方法
25708373, 6.4, 42, 养肾就是养命
3076864, 7.2, 22, 美肌的力量
2382838, 6.8, 29, 女人的28天
4859523, 6.6, 34, 一本书解决女人健康问题
26107378, 7.5, 18, 吃的百科
1156372, 7.6, 17, 难经白话解
7154318, 7.6, 17, 净化血液不生病
4925082, 7.4, 19, t行天下 下: 拉筋拍打治百病
4853209, 6.7, 31, 一本书解决男人所有健康问题
2024658, 8.1, 13, 中药大辞典（全2册）
6985999, 7.8, 15, 修龄要指
4832088, 6.5, 36, 王晨霞细说女人病
1842066, 7.2, 21, 花草茶养生图鉴
1789415, 7.1, 22, 发现你的健康密码
3818408, 7.1, 22, 你的食物就是最好的医药
3682573, 6.6, 32, 小美女28天养生法
3576877, 7.5, 17, 补气血中医养生智慧
6984740, 7.5, 17, 养性延命录 摄生消息论
2274397, 8.2, 12, 拍手治百病
26456926, 8.2, 12, 养心
6844278, 7.0, 23, 上班族最需要的美颜保养书
1420530, 7.7, 15, 现代医疗批判
5399455, 7.7, 15, 大成拳站桩与道德经
1879432, 7.2, 20, 我眼里的健康人生
3858129, 7.4, 17, 这样养育孩子最健康
23116975, 7.3, 18, 你买的保养品是垃圾还是宝?
25723904, 7.3, 18, 仁者寿
4017925, 7.5, 16, 地球上最有效的78种自然药物和疗法
5395711, 7.5, 16, 女人养生养脾胃
10452400, 7.5, 16, 《健康生活，从善待大脑开始》拒绝小肚腩、屏幕脸、沙发臀、压力心的最佳方式，就是善待你的大脑。
19980291, 7.5, 16, 家是最好的美容院
1043303, 7.9, 13, 维生素圣典
2178868, 7.9, 13, 李氏自我养生康复法
26386377, 7.9, 13, 曲黎敏图说人体自愈妙药
10534653, 7.2, 19, 最佳营养指南
3248958, 7.6, 15, 经络松筋法
3865578, 7.6, 15, 饭水分离
6885165, 7.1, 20, 最伟大的排毒术
3164144, 7.7, 14, 图解神农本草经
3784613, 7.7, 14, 不生病的三大免疫力
10762437, 7.7, 14, 经络穴位按摩大全
6509764, 7.0, 21, 生姜养生法
26674300, 8.0, 12, 大医生说：五谷杂粮吃对比药好
1312955, 6.8, 24, 排毒减肥
3440500, 6.8, 24, 从头到脚有毛病：曲黎敏养生书的135个错误
6894065, 6.6, 28, 一瘦就瘦一辈子
2308615, 7.4, 16, 王晨霞说掌纹与五脏六腑
4932552, 7.1, 19, 《黄帝内经》呼吸养生法
3105421, 7.5, 15, 量子|好危
4821562, 7.5, 15, 父母是孩子最好的医生2
25707341, 7.5, 15, 哪些病适合看中医，哪些病适合看西医
4113390, 6.7, 25, 孔令谦谈
4183120, 7.0, 20, 养生看体质
3235682, 7.6, 14, 不可思议的医学
1228711, 7.9, 12, 行大道
4216965, 7.9, 12, 增演易筋洗髓内功图说（下卷）
25797997, 7.9, 12, 病由心灭
10452250, 6.3, 34, 身体暖暖就能瘦
1022486, 6.9, 21, 持续减肥与健康
2005498, 6.9, 21, 洪昭光健康养生精华集
3597647, 7.2, 17, 全食物再发现
3269837, 7.3, 16, 一用就灵
5353821, 7.1, 18, 别让癌症盯上你
10753938, 7.1, 18, 不吃饱的生活
24890095, 7.4, 15, 闯关记我的《黄帝内经》觉悟之旅
5247865, 7.0, 19, 吃好比好吃更重要
10488442, 7.5, 14, 艾灸扫除常见病
26593827, 7.5, 14, 吃油的革命
1503981, 8.0, 11, 天人合一养生
26881881, 8.0, 11, 养生堂教你健康100分
3172462, 7.8, 12, 增订真气运行法
5919516, 7.8, 12, 因是子静坐法・因是子静坐法续篇・冈田式静坐法
11520433, 7.8, 12, 流传千年的养生食方
6781153, 6.7, 23, 免疫力是最好的药
2007826, 7.6, 13, 林海峰营养配方手册
21214088, 7.1, 17, 脊椎养护完全手册
4090652, 7.2, 16, 养生就是养气血
4265125, 7.2, 16, 唤醒身体自愈的潜能
7059588, 7.3, 15, 养生豆浆米糊果蔬汁大全
22786227, 7.3, 15, 名医大会诊
3641029, 6.9, 19, 医生没告诉过你的养生法
4721381, 7.9, 11, &lt;&lt;黄帝内经&gt;&gt;中的女人养颜经
26674303, 7.9, 11, 儿科医生说 : 爸妈这样做孩子少生病
10448564, 6.2, 33, 宋美龄养颜秘录
6985735, 7.4, 14, 闲情偶寄
7058974, 7.4, 14, 像他们一样活到100岁
2009367, 7.7, 12, 养生经
4864578, 7.7, 12, 《黄帝内经》养生智慧大全集
26021156, 8.1, 10, 龙层花都市病家庭推拿法
26816957, 8.1, 10, 汪芳说 血管清爽活百岁
3248269, 7.5, 13, 问道
4102054, 7.5, 13, 张秀勤刮痧精粹
21336232, 7.5, 13, 古法艾灸 寒湿一去消百病
25981192, 7.5, 13, 酵素让你皮肤好，变苗条，不易老
6844464, 7.2, 15, 预知生病的秘密
1313906, 7.8, 11, 嫡传杨式太极拳教练法
5326431, 7.8, 11, 中国孕期、哺乳期妇女和0-6岁儿童膳食指南
26929871, 7.8, 11, 泡好一壶中国茶
2980019, 7.6, 12, 吃什么?怎么吃?
3402880, 7.6, 12, 甲田式癌症防治法
1980580, 7.3, 14, 改变一生的健康计划
5336687, 7.3, 14, 黄帝内经体质养生法
20562930, 7.3, 14, 女人养颜先养阴
1430017, 7.4, 13, 水果养生事典
4005794, 7.4, 13, 病从脾胃生
6985742, 7.4, 13, 食疗本草
2073001, 7.0, 16, 图解四部医典
4045660, 7.0, 16, 辨清体质好养生
26081535, 7.0, 16, 酵素
5354137, 7.9, 10, 长寿我做主
26866076, 7.9, 10, 肝好人不老
1391675, 7.5, 12, 五谷杂粮养生事典
1930774, 7.5, 12, 张秀勤极简刮痧
4039443, 7.5, 12, 国人健康手机号
24907394, 7.5, 12, 小火熬小药
1860855, 7.3, 13, 中国鹤翔庄气功
11615758, 7.3, 13, 疗效精油轻图典
3569538, 7.6, 11, 生病不求医
4219780, 7.6, 11, 沉香之美--郑尧锦的沉香雕刻艺术
10345178, 7.6, 11, 中医古法婴幼养生
5286597, 6.4, 23, 祛湿一身轻
1000166, 7.8, 10, 戴维斯营养健康宝典（全三册）
5270781, 7.8, 10, 求医不如求己大全集（套装共4册）
26674293, 7.8, 10, 大医生说：别让这些常见病害了你
3699065, 6.9, 16, 女人经络养生经
4039399, 7.0, 15, 黄帝内经中的体质养生养颜经
10785176, 7.0, 15, 睡.美人
5409288, 6.8, 17, 大蒜书
1125830, 7.4, 12, 生命的修炼
6522068, 7.4, 12, 静坐洗心500问
4914793, 5.6, 50, 《千金方》里的养颜秘方
1945751, 6.1, 29, 林光常21天排毒养生餐
26293560, 7.2, 13, 金牌月嫂教你坐月子
2365640, 7.5, 11, 黄帝内经
3595020, 7.7, 10, 峨眉十二庄释密
3858633, 7.7, 10, @幼
1960207, 7.3, 12, 女人的三春
3658331, 7.3, 12, 看名医不挂号
10764918, 7.3, 12, 每天淡定五分钟，你能多活十几年
26287136, 7.3, 12, 养胃百日去病根
6541031, 6.9, 15, 女人气血养生法
4136619, 6.6, 18, 荒木隆次的呼吸健康法
4909724, 7.4, 11, 彻底把经络穴位说清楚
3277620, 7.6, 10, 抗氧化物的奇 (增版)
3140869, 7.2, 12, 怯乐静灰拥淖匀火B生法
24868945, 7.2, 12, 名医话养生
26586439, 7.2, 12, 先天下之吃而吃
5944992, 6.7, 16, 写给上班族的营养书
5063778, 6.6, 17, 拯救睡眠
20474188, 6.6, 17, 中国人该怎么吃
1707743, 6.9, 14, 血型与健康
1879715, 6.9, 14, 清晨8分钟-瘦臀细腿4周训练秘笈
5503270, 6.9, 14, 痘痘书
4277384, 5.5, 47, 不犯困的生活
3351297, 7.0, 13, 人体生物钟养生智慧
4193356, 7.0, 13, 易经经络使用手册
10830579, 5.8, 33, 男人持续力
1010654, 7.5, 10, 美丽肌肤天然天：对抗岁月痕迹的革命性处方
3510567, 7.5, 10, 茶业通史
10449756, 7.5, 10, 丹道薪传
10733172, 7.5, 10, 生命的微笑
4090651, 7.3, 11, 老子人体生命科学
25927023, 7.3, 11, 这样吃，我的白发变黑发，年轻15岁！
26613401, 7.3, 11, 马博士谈营养
26384156, 7.1, 12, 《吃茶记》
3738625, 6.8, 14, 察颜观色
25708375, 6.8, 14, 大病预防先除湿热毒
3895418, 5.9, 28, 空腹健康革命
4886199, 7.4, 10, 少林禅武医精要
25770195, 7.4, 10, 米晶子济世良方
5366189, 7.2, 11, 海曼博士让你6周吃出好心情
6777651, 7.2, 11, 我们的身体是如何工作的
6777841, 6.3, 19, 不较劲的生活
4113311, 6.1, 22, 自医・医人
2258025, 6.7, 14, 找对病源
2087152, 7.3, 10, 错位筋缩浅谈
3419172, 7.3, 10, 打开疾病黑盒子
4830448, 7.3, 10, 黄帝内经二十四节气养生法
2017421, 7.1, 11, 中国道家养生秘法-天天10分钟更健康 更性福 更长寿
26256568, 7.1, 11, 生命沉思录2
6957222, 6.3, 18, 豆蔻香茶长生诀
2338612, 7.2, 10, 二十四节气养生大全
3234026, 7.2, 10, 茶悟人生
3886607, 7.2, 10, 瑜伽养生图文百科1000问
5918077, 7.2, 10, 吴大真养生精华集
3187215, 7.0, 11, 人体生态平衡论
5292423, 7.0, 11, 大道显隐
25745922, 7.0, 11, 这些汤 彻底改变了我
10537383, 6.1, 20, 妈妈传下来的美颜小偏方
1342190, 7.1, 10, 月是女人一生健康美的指南
3653998, 7.1, 10, 不生病的8周计划
3683082, 7.1, 10, 汉方美人修炼术
26264331, 6.9, 11, 养肝就是养命
5924140, 6.3, 16, 瘦身大王
3209098, 7.0, 10, 你的眼睛还好吗
4220939, 7.0, 10, 破解重大疾病的迹象
5282488, 7.0, 10, 左手《黄帝内经》右手《本草纲目》大全集
1771262, 6.8, 11, 容颜
4845373, 6.8, 11, 最好的医生是养生
26680933, 6.6, 12, 祛湿除热一身轻
3070100, 6.9, 10, 骨盆美人重整计划-整骨DIY
3115298, 6.9, 10, 夏季中医养生
5944655, 6.6, 10, 小宅女的中医养颜经
2274344, 6.4, 10, 习惯是最好的医生
4733735, 6.4, 10, 都市人的辟谷养生
4005068, 5.5, 19, 细说中国香文化
6878498, 5.3, 20, 神奇的一氧化氮
7068066, 5.1, 18, 一切疑难杂症都是纸老虎！
