2017-01-23 16:17:59
Tag: 刘慈欣
The number of books: 164 

ID, rating, votes, title
3066477, 9.2, 74643, 三体Ⅱ
5363767, 9.2, 74066, 三体Ⅲ
2567698, 8.8, 125460, 三体
25862578, 8.6, 169698, 解忧杂货店
1041482, 8.9, 54794, 万历十五年
4820710, 9.3, 28272, 1984
4238362, 8.6, 82812, 送你一颗子弹
3006581, 8.9, 30715, 无人生还
2035162, 9.0, 22450, 刀锋
4908885, 9.0, 20105, 局外人
1192090, 8.7, 24165, 球状闪电
1258490, 9.2, 10256, 基地
1803022, 9.0, 12739, 圣经
1394364, 8.8, 13712, 银河系漫游指南
25829693, 9.0, 9483, 永恒的终结
2056749, 8.1, 34506, 时间旅行者的妻子
3344676, 8.1, 34149, 常识
5366248, 8.3, 21619, 你一定爱读的极简欧洲史
1032501, 8.7, 11278, 心理学与生活
3266609, 8.8, 9476, 流浪地球
1140727, 8.8, 9372, 安德的游戏
1559310, 9.0, 6807, 鹿鼎记
10763902, 7.9, 36845, 偷影子的人
4230237, 9.0, 5681, 设计中的设计 | 全本
6518605, 9.3, 3591, 三体全集
1187842, 9.0, 4927, 你一生的故事
2340609, 9.0, 3540, 2001太空漫游
1060025, 8.8, 3753, 中国近代史
4152754, 7.7, 20722, 时生
1146267, 8.8, 3606, 深渊上的火
1292405, 8.6, 4687, 自私的基因
1161852, 8.2, 7998, 天意
1013469, 8.6, 4432, 战争与和平（全四册）
1195590, 8.6, 4425, 带上她的眼睛
4113090, 7.4, 33342, 我们台湾这些年
5332713, 9.0, 2452, 人间是剧场
1002690, 8.8, 3110, 陈寅恪的最后20年
3571732, 8.4, 4709, 全频带阻塞干扰
10767124, 8.6, 2997, 乡村教师
1767736, 8.5, 3145, 舞 ! 舞 ! 舞 !
1015104, 9.3, 1161, 陶渊明集
1010349, 8.0, 5865, 丰乳肥臀
4098263, 9.2, 1150, 论语译注
3652388, 8.8, 1741, 程序员的自我修养
1035478, 8.6, 2144, 静静的顿河（全四册）
1140729, 8.6, 2096, 星船伞兵
4224758, 7.3, 15998, 花千骨（上下）
1130367, 8.8, 1535, 艽野尘梦
26210607, 8.4, 2430, 时间移民
1292322, 8.2, 3103, 群星，我的归宿
2340610, 8.8, 1381, 2010太空漫游
4723970, 7.7, 5904, 人人都是产品经理
4326055, 8.4, 1982, 微纪元
24875416, 8.3, 2182, 生命最后的读书会
1350063, 8.6, 1455, Life of Pi
3636385, 7.6, 5861, 超新星纪元
6744648, 8.8, 1085, 与拉玛相会
19965972, 7.5, 6666, 我读书少，你可别骗我
3266663, 8.2, 2254, 魔鬼积木・白垩纪往事
3290026, 8.7, 1181, 火星编年史
4245620, 8.4, 1656, 时光尽头
24540864, 6.8, 24667, 第七天
7007241, 9.1, 719, 2001：太空漫游
1484695, 8.1, 1982, 季羡林谈人生
2193881, 8.2, 1720, 汤姆・索亚历险记
2360390, 9.0, 676, 我知道你明天干了什么
2310062, 8.3, 1356, 大角快跑
1192700, 9.0, 587, 永远讲不完的故事
1227966, 7.8, 2130, 你的第一本哲学书
26210632, 8.1, 1412, 2018
21778349, 8.2, 1144, 苦水音乐
6779980, 7.4, 3527, 天命
10799984, 7.5, 2749, 大数据
3673637, 7.6, 2261, 水知道答案
2995621, 8.9, 458, 论法的精神
24846072, 9.3, 319, 隐藏的现实
1906155, 8.5, 665, 爱因斯坦赤道
24839553, 7.3, 3095, 拖拉一点也无妨
24935042, 7.4, 2543, 时间之墟
5996565, 7.8, 1351, 麦田里的守望者
2340613, 8.1, 917, 2061太空漫游
6265750, 7.2, 3377, 三体X
6151679, 8.5, 572, 人生不相见
4832901, 7.8, 1218, 白垩纪往事
2340615, 8.1, 803, 3001太空漫游
6790599, 8.3, 595, 色彩设计的原理
10345553, 7.0, 3425, 为了N
6855803, 7.9, 807, 奇点临近
26807576, 8.4, 414, 赡养人类
25816893, 8.1, 571, 微宇宙的上帝
26392016, 7.7, 915, 未来边缘
3601195, 7.9, 623, 彩虹尽头
10543177, 8.3, 389, 我与父辈
5350835, 8.1, 479, 读库1005
20507419, 7.0, 2127, 东野圭吾的最后致意
25966785, 9.3, 153, 与社会学同游
25978608, 7.1, 1692, 再美也美不过想象
10864154, 8.3, 339, 刘慈欣卷：天使时代
10560806, 8.9, 196, 迷雾之子3・永世英雄（上下册）
1448632, 8.7, 232, 埃达
1002966, 8.7, 199, 宇宙的最后三分钟
1125282, 7.4, 795, 魔鬼积木
1941049, 8.5, 204, 地火
25846075, 8.1, 293, 技术的本质
4187788, 7.3, 705, 第一本哲学漫画书
24847411, 8.2, 250, 日本漫画60年
1081100, 7.6, 463, 当恐龙遇上蚂蚁
25910698, 8.2, 239, 迷人的假象
25729093, 8.2, 237, 中国太阳
20280758, 7.5, 506, 灵飞经・第一卷・洪武天下
26352270, 7.8, 339, 《三体》中的物理学
26658900, 8.5, 146, 镜子
3916132, 8.4, 155, 晚学盲言（上下）
4202105, 7.7, 300, 星云7
20381889, 7.8, 251, 外星人防御计划
6953076, 7.7, 266, 流浪地球
1016953, 8.2, 161, 宇宙最初三分钟
7064495, 9.3, 70, 大亨小
6720131, 7.4, 348, 未来在现实的第几层
1132947, 8.7, 101, 中国科幻小说精品集
1060448, 7.2, 436, 类人
25763706, 6.6, 991, 再爱一次
24745622, 8.3, 131, 太空将来时
25746653, 8.1, 153, 我们（精装插图典藏版）
26657597, 8.7, 92, 人和吞食者
1082538, 8.5, 95, 瓮葬
1211320, 9.0, 64, 2001年度中国最佳科幻小说集
26437740, 8.2, 109, 梦之海
25789151, 7.6, 186, 刘慈欣谈科幻
1159410, 9.0, 53, 2003年度中国最佳科幻小说集
1212471, 8.7, 60, 2002中国年度最佳科幻小说
2918997, 7.7, 124, 中国科幻小说年选
23857400, 7.6, 135, 毁灭之城：生命副本
24538717, 7.3, 183, 毁灭之城：地球碎块
26599027, 7.8, 111, 鲸歌
26389399, 7.9, 99, 离线・科幻
1213917, 9.0, 44, 2002年度中国最佳科幻小说集
26609776, 8.9, 45, 最糟的宇宙，最好的地球
26393369, 7.2, 160, 我书架上的神明
26579518, 6.8, 203, 虫子的世界
26046347, 7.4, 104, 群星，我的归宿
24899768, 7.5, 87, 银河之心-暗黑深渊
26413139, 8.2, 50, 时间移民
1037802, 7.6, 78, 20世纪末10年中国科幻小说精品选
26708572, 8.2, 48, 蝴蝶
6120021, 7.4, 73, 星潮
26676960, 7.8, 52, 平行的世界
1774933, 7.6, 54, 一针见血
26579509, 6.9, 100, 2.5次世界大战
3561446, 6.5, 136, 17栋男生宿舍
26413034, 7.8, 36, 2018
26631834, 8.2, 18, 动物园里的救世主
10769183, 6.6, 54, 地z的第十九
4272255, 7.8, 17, 人民文学
26632240, 6.7, 35, 微纪元
26647633, 6.6, 35, 吞噬地球
2346616, 7.6, 15, 光荣与梦想
26631833, 7.5, 14, 爱因斯坦赤道
4326054, 7.8, 11, 影子・恋人
26631837, 7.8, 11, 孤独的进化者
1065035, 7.3, 12, 2004年中国奇幻文学精选
23494088, 6.3, 18, 20几岁凭什么改变世界
4860641, 7.0, 11, 中国传统图案设计
11589017, 6.3, 15, 行星风暴
