2017-01-23 16:17:59
Tag: 加缪
The number of books: 248 

ID, rating, votes, title
4908885, 9.0, 20107, 局外人
1004322, 8.6, 5228, 第二性
1049522, 8.8, 3636, 西西弗的神话
4120475, 9.3, 1692, 加缪全集 （小说卷）
5406559, 8.7, 3363, 鼠疫
1056023, 8.5, 4215, 鼠疫
1783111, 8.7, 3120, 存在与时间
1034066, 9.1, 1804, 加缪文集
1030554, 8.5, 1692, 恶心
1041452, 8.4, 1824, 存在与虚无
6310320, 8.7, 1102, 人都是要死的
4120485, 9.3, 540, 加缪全集（散文卷Ⅰ）
1070246, 8.6, 1057, 置身于苦难与阳光之间
6021092, 9.0, 678, 局外人・西绪福斯神话
2213965, 8.2, 1404, 他人就是地狱
1398463, 9.1, 492, 萨特文集（全八卷）
1082469, 9.3, 396, 加缪全集（全四册）
1487995, 8.5, 865, 文字生涯
1444025, 8.2, 1176, 存在主义是一种人道主义
1316536, 8.6, 730, 萨特读本
1023557, 9.0, 433, 萨特戏剧集(上下)
1051659, 8.9, 434, 我与你
4120483, 9.3, 300, 加缪全集（戏剧卷）
3265827, 8.9, 405, 人的自我寻求
2222359, 8.9, 398, 非理性的人
1456426, 9.3, 267, 局外人・鼠疫
2149157, 8.7, 441, 墙
24257192, 9.1, 300, 卡利古拉
2143763, 8.4, 563, 疯狂的意义
5312096, 8.9, 343, 反抗者
4120488, 9.2, 254, 加缪全集（散文卷Ⅱ）
1020296, 8.7, 385, 恐惧与颤栗
1052276, 8.9, 319, 路标
6016240, 8.9, 315, 堕落・流放与王国
6021091, 8.8, 334, 反与正・婚礼集・夏天集
1949061, 8.6, 400, 不合时宜的沉思
25737804, 9.1, 251, 孤独与团结：阿尔贝・加缪影像集
1082445, 8.9, 286, 萨特文集（1-7卷）
5361804, 8.5, 401, 焦虑的意义
11509009, 9.1, 219, 人的大地
1593819, 8.3, 458, 砂女
1008757, 9.0, 234, 致死的疾病
5999507, 8.4, 381, 妈妈及生命的意义
26826605, 9.3, 172, 加缪手记
1066008, 8.7, 280, 非此即彼
4605583, 8.3, 412, 女宾
1462846, 8.8, 249, 克尔凯戈尔日记选
2327264, 8.5, 312, 日益亲近
1034534, 8.0, 519, 人，诗意地安居
1331882, 9.3, 147, 存在心理治（上）
24257317, 8.9, 199, 第一个人
24257152, 8.1, 421, 堕落
1315260, 8.7, 222, 时代的精神状况
1665326, 8.9, 177, 萨特精选集
24257271, 8.9, 164, 正义者
2253759, 7.6, 596, 无心应战
1506334, 9.2, 129, 论反讽概念
1044502, 8.3, 262, 颤栗与不安
2184710, 8.3, 238, 生命的悲剧意识
24235430, 8.2, 248, 流亡与独立王国
2253743, 7.8, 368, 淡彩之血
1785371, 9.1, 112, 正义者
3629585, 8.4, 192, 萨特散文
3034229, 8.1, 244, 存在主义简论
2028726, 9.0, 113, 加缪中短篇小说集
3250054, 8.4, 182, PSYCHE
10443434, 9.2, 93, 加缪读本
1331881, 9.4, 81, 存在心理治（下）
1907590, 8.7, 131, 从存在到存在者
1423369, 7.7, 332, 百年萨特
1874508, 9.0, 103, 厌恶及其他
2051548, 9.1, 96, 人的奴役与自由
1284418, 8.7, 121, 安部公房文集
26366422, 7.8, 272, 怪房客
1463876, 8.4, 152, 存在主义
4834600, 8.3, 158, 自由与命运
1775813, 8.4, 141, 存在的勇气
26304954, 9.5, 64, 存在主义心理治疗
1071604, 7.8, 239, 波伏瓦美国纪行
3265210, 8.2, 152, 创造的勇气
1789807, 8.6, 107, 萨特文集（全三册）
1320062, 7.8, 204, 加缪和萨特
1392095, 7.3, 353, 波伏娃画传
1007824, 8.0, 162, 萨特传
1084250, 8.5, 106, 《存在与时间》读本
24301821, 8.5, 105, 要么孤独要么庸俗
1776823, 8.3, 120, 勾引家日记
24697397, 9.1, 67, 畏惧与颤栗 恐惧的概念 致死的疾病
1185730, 8.2, 126, 海德格尔存在哲学
1019043, 8.3, 113, 哲学寓言集
10807300, 8.4, 103, 局外人
2145845, 7.3, 293, 不可逆转的时刻
6868960, 9.3, 55, 卡札 I
1040394, 7.6, 206, 萨特论艺术
5920539, 8.6, 86, 重复
26806702, 8.7, 75, 阿尔贝・加缪
4314074, 7.7, 172, 在生命最深处与人相遇
3106705, 7.5, 207, 萨特自述
3737103, 7.7, 158, 克尔凯郭尔
26296901, 9.0, 57, 一日浮生: 十探生命意x的故事
1836192, 7.5, 189, 萨特：荒谬人格 (精装)
26828226, 9.1, 53, 加缪手记：第二卷
1127271, 8.2, 96, 另类人
2026930, 8.9, 58, 悲剧的超越
1389930, 8.5, 76, 象是笨蛋
1848182, 8.3, 88, 论怀疑者
26682740, 8.3, 84, 快乐的死
2139903, 9.1, 49, 魔鬼与上帝
1016160, 8.5, 72, 不惑之年（自由之路第一部）
1057035, 8.6, 67, 心理学的新道路--马斯洛和后弗洛伊德主义
26828229, 9.4, 41, 加缪手记：第三卷
6861482, 8.6, 66, 哲学片段
1433569, 8.3, 80, 萨特的世纪
4317958, 8.8, 56, 加缪传
2810391, 9.4, 38, Albert Camus&#39;s the Stranger
4839259, 8.5, 65, 心理学与人类困境
20375518, 8.3, 75, 模糊性的道德
5951356, 8.5, 63, 荒谬的自由
6389770, 8.8, 51, 重读加缪
11530613, 8.6, 54, 鼠疫.局外人-世界文学名著典藏-全译插图本
1266588, 7.5, 123, 加缪
2275668, 8.2, 66, 海德格尔与《存在与时间》
1112144, 9.1, 37, 蒂里希选集（上下）
1477791, 9.0, 39, No Exit and Three Other Plays
2206429, 9.0, 39, 局外人
1254261, 8.2, 64, 海德格尔的《存在与时间》
3265824, 8.0, 70, 存在之发现
24257363, 8.3, 55, 评论文集
25779441, 7.6, 94, 迷雾
3040632, 7.6, 91, 孤独人格-克尔凯郭尔
10582666, 7.9, 70, 加缪，一个浪漫传奇
4162701, 8.0, 64, 超越生命的选择
3298292, 8.0, 63, 存在之发现
1038306, 8.6, 40, 思・史・诗
25943061, 8.8, 35, 孤独、团结与反抗
1037836, 8.4, 44, 克尔凯戈尔入门
10555109, 8.9, 32, 存在―人本主义治疗
1536639, 7.4, 91, 萨特
2117201, 7.6, 76, 萨特引论
1140153, 7.0, 132, 萨特传
1482446, 7.5, 81, 生存哲学
4839258, 8.2, 45, 存在心理学
1029996, 8.6, 34, 痛心疾首（自由之路第三部）
6795517, 8.5, 36, 最后一堂生死课
1071216, 8.7, 32, 缓期执行（自由之路第二部）
26545446, 8.8, 30, 导读萨特
1046667, 8.3, 40, 阳光与阴影
2073549, 8.6, 33, 萨特作品精粹
1283127, 7.3, 82, 鲍德里亚与千禧年
1021828, 8.6, 32, 不可言说的言说
26325585, 7.6, 63, 存在的幸福
10531537, 7.9, 50, 我的禅修生活
1257659, 7.7, 58, 他人的血
1078603, 8.2, 40, 尼采
2101472, 8.5, 33, 生的执着
1915949, 6.4, 211, 千面人萨特
3299026, 7.8, 51, 辩证法的历险
1000432, 7.8, 50, 加缪传
11232769, 6.6, 157, 待办清单
26305249, 8.3, 35, 勇敢的天才
3773128, 8.4, 32, 存在论
6424852, 8.5, 30, 海德格尔与存在之谜
22737887, 9.0, 23, 卡札II 1942-1951
10575149, 8.4, 31, 存在主义
2971563, 8.1, 37, 卡夫卡小说精选
3249672, 8.5, 29, 等待果陀?K局
1031443, 8.0, 39, 萨特哲学论文集
6779305, 8.5, 27, 阳光与阴影的交织
20382607, 8.2, 32, 反骨仔 下
1798879, 8.8, 23, 智慧之路
1459717, 7.7, 42, 萨特研究
26362084, 7.8, 39, 鼠疫
3429957, 8.1, 32, 卡尔.罗杰斯:对话录
4204034, 6.6, 111, 人活着究竟为什么
10517480, 8.2, 29, 存在
26702676, 8.5, 24, 局外人
10519759, 8.1, 30, 存在主义世界的幸福
26277367, 8.7, 21, 既不当受害者，也不做刽子手
1211533, 7.6, 40, 波伏瓦
11586652, 8.5, 23, 祈望神话
1924309, 7.3, 50, 自由、平等、必死性
25840863, 7.7, 37, 快返乃
1228322, 7.5, 41, 无之无化
1661282, 8.0, 29, 萨特:存在给自由带上镣铐
2315922, 8.3, 24, 辩证理性批判（上下）
2027788, 8.4, 22, The Ethics Of Ambiguity
1368068, 7.7, 33, 存在和自由的重负
2027491, 7.2, 46, 萨特的密码
26358462, 8.6, 19, 蒂巴萨的婚礼
2140039, 8.0, 25, 萨特其人及其“人学”
26654284, 8.2, 22, 加缪短篇小说集
1830706, 8.3, 20, I And Thou
10525282, 7.8, 25, 存在主义心理咨询
4310598, 8.0, 21, 跛足之年
1079936, 7.7, 25, 存在主义哲学资料选辑（上卷）
1659757, 7.3, 32, 存在主义文论
4897637, 7.2, 33, 自由的存在  存在的信念
21337601, 7.8, 21, 哲学思维学堂
2064461, 7.7, 21, 存在与超越
4733047, 8.2, 16, L&#39;Etranger (French Edition)
3156654, 6.6, 47, 新生
3349855, 7.6, 22, 萨特与存在主义与人道主义（中英双语版）
1400298, 7.4, 23, 萨特思想小品
25745539, 8.0, 16, 荒谬之外
3807540, 7.9, 16, The Metamorphosis
25964128, 8.0, 15, 鼠疫
26140402, 8.0, 15, 局外人
10485957, 7.2, 23, 加缪的思想世界
1157521, 7.4, 20, 西蒙・波伏娃新夏娃的诞生
3314164, 8.1, 13, Caligula
1233405, 6.6, 30, 存在主义的大师们
25959670, 8.1, 12, 卡札. III
1947769, 7.4, 17, 曾经男人的三少女
2556990, 6.7, 27, Existentialism
26641254, 7.8, 13, 西绪福斯神话
2054978, 7.4, 16, 加缪的新人本主义哲学
1066190, 7.5, 15, 寻找存在的真谛
3612582, 5.9, 53, 视读存在主义
1539148, 7.6, 14, 卡尔・雅斯贝斯文集
3011515, 6.9, 21, 存在主义美学
26348132, 7.7, 13, 这里有我对生命全部的爱
19994998, 7.3, 16, 鲁迅
2338625, 7.4, 15, 存在主义视野下的鲁迅
4196921, 7.6, 13, 间接沟通
3100653, 6.7, 22, 看哪，克尔凯郭尔这个人
3206203, 6.9, 19, 萨特传
3234477, 6.9, 19, 自我选择至上
1000316, 7.4, 14, 形而上的反抗
3198354, 7.4, 14, 存在哲学
1178423, 7.7, 12, 今日世界艺术
4725166, 7.6, 12, 存在心理学
2228949, 7.3, 14, 存在主义哲学
26376985, 7.3, 14, 加缪自述
1316405, 7.4, 13, 个体的人
6053883, 7.9, 10, The Outsider
10538243, 7.9, 10, 存在
26854616, 7.9, 10, 荒谬的墙
6875324, 7.5, 12, 唤醒敬畏
3888514, 7.8, 10, 存在主义
11530704, 7.8, 10, 存在符号学
3553631, 7.7, 10, The Fall
3730510, 7.7, 10, 存在主义简史
1028060, 7.3, 12, 生命与自由
3300730, 7.6, 10, 回归自我
1062248, 7.5, 10, 海德格尔
1727268, 7.1, 11, 一个“孤独”者对自由的探索
1080088, 7.2, 10, 加缪
1281753, 6.1, 20, 萨特哲思录
