2017-01-23 16:17:59
Tag: 励志
The number of books: 977 

ID, rating, votes, title
11622283, 9.2, 13025, 滚蛋吧!肿瘤君
1775691, 8.3, 51932, 少有人走的路
1786387, 8.6, 22129, 影响力
3609132, 8.5, 23193, 把时间当作朋友
2008284, 8.7, 13140, 佐贺的超级阿嬷
1056295, 8.3, 18839, 人性的弱点全集
2194123, 8.4, 15428, 相约星期二
1033778, 8.2, 21414, 富爸爸，穷爸爸
2025999, 9.8, 2382, 灌篮高手（全31卷）
4010196, 8.1, 23308, 世界因你不同
24934182, 8.1, 22938, 一个人的朝圣
1048007, 8.2, 19069, 高效能人士的七个习惯（精华版）
4953695, 8.0, 24715, 拆掉思维里的墙
10786473, 8.2, 16655, 自控力
1013502, 7.6, 39484, 钢铁是怎样炼成的
3826899, 8.6, 5216, 布鲁克林有棵树
7059662, 8.1, 9961, 考拉小巫的英语学习日记
1005193, 8.6, 4670, 重新认识你自己
1286547, 8.6, 4661, 菜根谭
1040397, 8.1, 9714, 假如给我三天光明
1262986, 8.1, 9313, 我不是教你诈
3413836, 8.4, 5689, 当下的力量
24753751, 8.1, 8425, 向前一步
26210487, 9.1, 2024, 强风吹拂
1269900, 8.2, 6687, 活法
3558629, 8.4, 4944, 小强升职记
2083981, 8.7, 3157, 了凡四训
5408858, 8.9, 2454, 建筑家安藤忠雄
1115353, 8.3, 5407, 奇特的一生
26306686, 8.4, 4427, 创业维艰
10598170, 8.1, 6846, 我不要你死于一事无成
5252666, 8.8, 2521, 一个人漂泊的日子2
3266968, 7.3, 26353, 秘密
25735727, 8.2, 5238, 站在两个世界的边缘
3688489, 7.8, 9635, 异类
3664754, 8.1, 5711, 米娅，快跑
1021056, 7.2, 27743, 谁动了我的奶酪？
6041708, 8.4, 3440, 世上另一个我(修订版)
4741216, 7.3, 21631, 我的奋斗
1161817, 8.7, 2192, 洛克菲勒留给儿子的38封信
1211267, 8.5, 2745, 阿甘正传
1083403, 8.0, 5425, 世界上最伟大的推销员
5389557, 8.5, 2510, 姥姥语录
1482625, 8.8, 1719, 德兰修女传
1069805, 8.7, 1879, 给青年的十二封信
1313181, 8.5, 2351, 富兰克林自传
3123393, 7.6, 9171, 遇见心想事成的自己
1135734, 8.6, 1983, 追寻生命的意义
1071821, 8.1, 3834, 你不可不知的人性
2065564, 8.1, 3806, 一日重生
11507862, 8.2, 3162, 独自上场
1427679, 7.5, 9665, 做最好的自己
10739290, 7.9, 4872, 30岁前别结婚
6510070, 8.3, 2621, 人生不设限
20507212, 8.0, 4024, 习惯的力量
26761696, 7.8, 5306, 精进
3622904, 7.3, 11960, 不抱怨的世界
5302113, 8.3, 2301, 三双鞋
1731825, 7.5, 7925, 读大学，究竟读什么
2382326, 9.0, 983, the Kite Runner
10476698, 7.5, 7743, 因为痛，所以叫青春
1105890, 8.2, 2553, 生命的重建
1961913, 8.3, 2160, 太傻十日谈
25870384, 8.4, 1855, 你的生命有什么可能
1956419, 8.4, 1841, 一公升の眼泪
1162784, 8.1, 2699, 超越自己・创造自己・肯定自己
1135754, 8.1, 2684, 你的灯亮着吗?
1097835, 8.0, 2889, 名人传
1001895, 7.8, 3809, 靠自己去成功
25957554, 8.0, 2781, 在不安的世界安静的活
20389195, 7.4, 7248, 慢慢来，一切都来得及
5408860, 8.2, 2019, 风雨哈佛路
4150038, 8.1, 2309, 海鸥乔纳森
10512506, 7.8, 3568, 世界上的另一个你
10773358, 8.1, 2253, 意志力
2980795, 7.7, 4051, 内向者优势
3224456, 7.7, 3977, 少有人走的路Ⅱ
26664352, 8.9, 840, 褚时健传
1436707, 7.6, 4639, 如何掌控自己的时间和生活
1912086, 8.3, 1663, 我不是教你诈
3715982, 8.6, 1142, 当幸福来敲门
3622445, 8.7, 1007, 贫民窟的百万富翁
26831234, 8.8, 878, 不属于我们的世纪
1085660, 8.0, 2294, 尽管去做
1077497, 7.3, 7086, 水煮三国
3421741, 8.9, 770, 王黑
3410763, 8.6, 1065, 最后的演讲
26609645, 8.2, 1732, 而立・24
1097800, 8.0, 2249, 我不是教你诈(1)
25777982, 7.6, 4004, 在难搞的日子笑出声来
4066638, 9.4, 431, 宇宙兄弟1
6966843, 7.8, 2652, 重遇未知的自己
6724865, 8.7, 815, 坚不可摧
3034706, 9.2, 494, The Last Lecture
10537637, 7.6, 3425, 行走中的玫瑰
2133074, 7.0, 10037, 20几岁，决定女人的一生
3864320, 7.7, 2868, 潜伏在办公室
4726323, 7.5, 3842, 一万小时天才理论
2140496, 8.5, 970, 幸福的拾荒者
24083865, 7.7, 2787, 女人明白要趁早之三观易碎
2347737, 8.1, 1573, 深夜加油站遇见苏格拉底
2149626, 8.6, 855, 恰同学少年
22994632, 9.0, 559, 成功，动机与目标
2119843, 6.9, 11334, 钝感力
4932095, 7.6, 3120, 好好爱自己
23044177, 8.0, 1685, 挺住，意味着一切
1048859, 8.7, 708, 大染坊
1769548, 9.1, 474, 阿信(一)
6890672, 8.7, 693, 这一生，至少当一次傻瓜
1100470, 7.5, 3264, 现在，发现你的优势
5344908, 8.0, 1560, 别独自用餐
20389192, 7.2, 5449, 30岁前的每一天
1058229, 8.7, 668, 智慧书
3267945, 7.9, 1731, 疯狂的程序员
25895442, 6.8, 11641, 你的孤独，虽败犹荣
3284230, 7.4, 3695, 我的成功可以复制
5975566, 8.6, 732, 牺牲
25917140, 7.2, 4785, 不要让未来的你，讨厌现在的自己
2054246, 8.0, 1313, 你的误区
4929897, 7.8, 1706, 情商：为什么情商比智商更重要
4109194, 8.5, 716, 为自己出征
4934590, 8.5, 711, 活出最乐观的自己
3006483, 7.7, 1933, 每周工作4小时
10432334, 8.3, 867, Me Before You
1908463, 7.8, 1641, 与未来同行
26220798, 7.7, 1872, 生命不息，折腾不止
1082601, 7.6, 2166, 羊皮卷
1271579, 7.6, 2124, 礼物
4006425, 7.7, 1815, 我是一只IT小小鸟
1065931, 7.8, 1570, 图穷对话录
2113347, 8.6, 593, 卡耐基经典全集
26584387, 7.7, 1787, 一个人的朝圣2
6727724, 8.2, 912, 穆里尼奥传
10580377, 7.8, 1511, 响聊聊职场
10797625, 8.6, 570, 当李晓峰成为SKY
4846035, 7.6, 1943, 干法
25788697, 7.6, 1942, 一切都是最好的安排
1020820, 7.8, 1446, 超越自己
3582354, 8.0, 1108, 找回你的生命礼物
1007864, 7.8, 1423, 商道
1019917, 8.4, 679, 杰出青少年的七个习惯
4816212, 7.4, 2475, 真希望我20几岁就知道的事
25695703, 8.6, 531, 最好的你，在路上
25923063, 8.3, 732, 考拉小巫的留学成长日记
2340059, 7.6, 1807, 心理控制术
4729468, 7.6, 1802, 全中国最穷的小伙子发财日记
4175452, 7.8, 1334, 美味关系
26420555, 8.0, 1018, 何必等来生
26220259, 8.3, 704, 褚时健：影响企业家的企业家
3340092, 7.2, 3250, 30而励
4087554, 8.0, 998, 活法（叁）
4760770, 8.5, 561, 音乐课
26043287, 8.0, 997, 我的拖延症女友
1274932, 7.7, 1484, 冷眼看人生
3616968, 7.8, 1286, 活法（贰）
3654465, 7.7, 1449, 少有人走的路III
6125682, 7.5, 1925, 力量
26693418, 7.5, 1923, 按自己的意愿过一生
26807400, 8.9, 367, 成功心理学
4254672, 7.6, 1647, 不抱怨的世界2
1777898, 8.0, 960, 以诈止诈
4214217, 7.5, 1898, 女人明白要趁早
4746273, 7.6, 1613, 十四堂人生创意课III
3300884, 8.1, 833, 投资大师罗杰斯给宝贝女儿的12封信
3550398, 7.5, 1862, 时间管理幸福学
3235517, 7.8, 1205, 自慢
1958394, 7.8, 1195, 工作DNA
4852691, 8.4, 576, 你不可不知的人性（全二册）
25723799, 7.7, 1348, 野心优雅
1021977, 8.0, 882, 思考致富
3628749, 9.5, 205, 向世界呼喊吧
1423818, 7.9, 990, 如何在大学里脱颖而出
3226037, 7.8, 1127, 世说心语
1000972, 8.1, 771, 一生的忠告
26627876, 8.7, 400, 在艰难的世界里，勇敢前行
5290239, 8.1, 754, 这一生再也不会有的奇遇
25975454, 7.9, 932, 九败一胜
20434430, 8.0, 819, 你要如何衡量你的人生
6985557, 7.6, 1368, 有些事现在不做，一辈子都不会做了.4，要工作，也要生活
25948154, 7.7, 1187, 扛得住，世界就是你的
24756947, 9.1, 264, 肖申克的救赎
4249313, 7.7, 1165, 活在当下
10759777, 7.9, 889, 秘密副作用
5410582, 7.3, 2072, 伟大是熬出来的
4909716, 7.5, 1504, 谁说这辈子只能这样
1051492, 7.8, 993, 我很重要
1082186, 8.1, 682, 乞丐囝仔
26590267, 7.5, 1478, 工作前5年，决定你一生的财富
25885179, 9.3, 213, 我为青春狂
10831855, 8.0, 751, 俞敏洪口述
1491590, 8.0, 749, 人性的优点
24737118, 8.0, 746, 不要等到毕业以后
1902719, 8.7, 352, 佐R阿 笑著活下去！
25921293, 6.8, 4693, 愿有人陪你颠沛流离
1015133, 7.8, 940, 首先，打破一切常规
26109489, 8.3, 519, 我是马拉拉
11509401, 6.9, 3771, 正能量
4805128, 7.5, 1397, 你好，陌生人
4179014, 7.7, 1036, 公主向前走
4244979, 8.0, 706, 我就是要挑战这世界
1067625, 7.9, 780, 成长是一种美丽的疼痛
3424969, 8.3, 488, 世界上最幸福的地方
1070853, 9.1, 230, 重返艳阳下
24699104, 7.0, 2869, 你要去相信，没有到不了的明天
4883568, 7.3, 1691, 从伊豆到北京有多远
6515939, 6.8, 3962, 世界如此险恶，你要内心强大
1257491, 8.0, 634, 挺立在孤独、失败与屈辱的废墟上
26362975, 8.0, 632, 藏在这世间的美好
1775895, 8.5, 366, 心的出路
6920100, 7.6, 1024, 20个月赚130亿
1028372, 7.9, 693, 要事第一
11526985, 7.2, 1834, 直到世界尽头
25747597, 7.5, 1164, 不能不去爱的两件事
4159343, 7.7, 881, 潜意识的力量
1326991, 8.1, 537, 我的苦难，我的大学
26353581, 7.4, 1317, 成龙：还没长大就老了
4062735, 8.5, 352, 对生命说是
2148180, 8.1, 535, 最后14堂星期二的课
26802228, 8.8, 265, 寻找光的小女孩
1138763, 8.5, 344, 林肯传
25712697, 7.5, 1099, 一个自己的房间
20283087, 8.0, 580, 十年徒步中国
25985499, 7.6, 945, 这一生，静待时光检验
1836258, 7.8, 729, 成长比成功更重要
26866300, 9.1, 199, 光芒纪・微光
3194500, 7.9, 640, 一个被称作“它”的孩子
24755048, 8.2, 455, 当Bob来敲门
1077701, 8.5, 334, 拿破仑・希尔成功学全书（上下）
26598945, 7.5, 1064, 请尊重一个姑娘的努力
1964884, 7.4, 1224, 为什么幸运的人总幸运倒霉的人老倒霉
1053836, 6.8, 3259, 细节决定成败
4920383, 7.4, 1210, 这辈子，只能这样吗？
3446452, 7.7, 794, 人生就是不停的痿Y
19977115, 7.6, 905, 摸着石头过河
5325859, 7.4, 1194, 天下没有怀才不遇这回事
26739865, 7.4, 1187, 向着光亮那方
1162468, 8.4, 357, 假如给我三天光明
1911166, 8.3, 392, 活出自己
2341195, 7.3, 1358, 20几岁，可以改变女人的一生
1004325, 6.6, 4606, 致加西亚的信
1061615, 7.6, 876, 方与圆
26656779, 7.4, 1138, 当你的才华还撑不起你的梦想时
26737134, 8.0, 528, 就要一场绚丽突围
3078944, 8.1, 471, “坏”女人有人爱
3125077, 9.2, 171, The Last Lecture
2382840, 7.6, 858, 先斟满自己的杯子
4000102, 8.0, 524, 自u 1
26581845, 7.9, 581, 拼了命，尽了兴
21364188, 7.2, 1494, 书都不会读，你还想成功
3176245, 7.3, 1280, 无畏的希望
26275063, 8.6, 277, 活得明白
25852441, 6.9, 2431, 当我足够好，才会遇见你
1037056, 8.3, 367, 唤起心中的巨人
6004438, 7.5, 939, 做你自己
25876244, 7.4, 1074, 在绝望中寻找希望
1157631, 8.0, 500, 哈佛家训
20003684, 7.5, 930, 那些女生该懂的事
1051650, 8.0, 499, 羊皮卷
4247329, 8.5, 297, 致青年学者
6397019, 8.1, 445, 英语大王思思来了
26865082, 7.7, 711, 就这样吧
7000864, 8.0, 492, 三个傻瓜
3446163, 7.7, 682, 大学不知道
20434432, 7.4, 1015, 趁年轻.折腾吧
10831818, 8.2, 383, 细小
26585057, 7.4, 1007, 罗辑思维：迷茫时代的明白人
3717048, 8.4, 309, 修养
1799224, 7.3, 1148, 仙人指路
25718134, 7.3, 1140, 女不强大天不容
1750013, 7.8, 586, 曼哈顿的中国女人
1779404, 8.8, 213, Seven Habits of Highly Effective People
3018230, 8.1, 416, 创
20273181, 8.1, 408, 生命是长期而持续的累积
24912330, 8.8, 207, 廖智：感谢生命的美意
3772058, 7.5, 828, 吸引力法则
3613841, 8.1, 402, 自信的秘密
24318966, 8.4, 290, 我在哈佛的最后一堂课
1101606, 8.3, 319, 聪明人的圣经
3415676, 7.5, 801, 我父亲的梦想
1466672, 8.6, 239, How to Stop Worrying and Start Living
26907310, 9.8, 97, 灭秦1
5026845, 8.7, 217, 我不会死在这里
25911858, 8.3, 313, 我们能做什么
2279039, 8.0, 428, 美国常春藤上的中国蜗牛
6084515, 8.5, 258, 叫我第一名
26628022, 7.3, 1025, 我的盖世英熊
1969445, 8.5, 256, 卡耐基经典励志全集
1146311, 8.3, 305, 人性的弱点
2977509, 7.8, 520, 有钱人想的和你不一样
26914640, 9.6, 106, 你配得上更好的人生
1442238, 8.1, 368, 学习改变命运
4867187, 8.0, 409, 稻盛和夫自传
6510688, 8.0, 407, 看见成长的自己
4886883, 7.5, 738, 将才
2194590, 8.0, 403, 心灵鸡汤全集
7952978, 8.8, 187, Wonder
3163506, 7.8, 501, 答案在你心中
25716909, 7.5, 725, 没有梦想，何必远方
4827417, 7.6, 636, 求职，从大一开始
7057593, 7.5, 718, 尼采的心灵咒语
1022541, 7.8, 484, 追求卓越
26422275, 7.3, 916, 向死而生
26877306, 8.7, 196, 微习惯
1096430, 8.1, 344, 刘墉精品书坊（励志卷）
26434719, 6.8, 1985, 你一年的8760小时
1076574, 8.4, 253, 激发无限的潜力
26313089, 7.1, 1199, 姑娘，欢迎降落在这残酷世界
3410871, 8.1, 337, 谋生
4810784, 7.8, 466, 婚姻，决定女人的一生
26762941, 8.7, 191, 一个人的博物馆
26417674, 7.9, 413, 当我足够爱，才敢失去你
1417377, 8.4, 247, It&#39;s Not How Good You Are
6900326, 7.1, 1168, 好的生活没那么贵
26907515, 9.7, 91, 一问一世界（青少年版）
1924212, 7.3, 868, 说话的魅力
1082392, 7.5, 650, 骑驴找马
26288091, 8.6, 202, 我是伊布
1675270, 8.0, 357, 人性的优点全集
3352914, 7.6, 562, 知性力
4075837, 6.9, 1489, 20岁跟对人  30岁做对事
24713564, 7.6, 543, 不要和鲨鱼接吻
26775412, 9.0, 139, 最朴素的生活和最遥远的梦想
24318992, 8.0, 337, 别在异乡哭泣
4268924, 8.1, 300, 你的梦想一定能实现
26882355, 8.2, 266, 去别处
1253894, 7.1, 1003, 习惯的力量
5325861, 6.5, 2820, 气场
1454487, 7.4, 653, 永不言败
1464916, 7.4, 649, 飞得更高
2382825, 7.4, 649, 希拉里传
6801742, 7.5, 569, 人生定位
26694904, 7.6, 502, 世界很大
4874210, 7.2, 852, 扫除力
24708188, 9.1, 122, 哪怕两手空空
4233659, 7.3, 732, 少吃一块糖，最好的大学任你上！
26108383, 6.9, 1332, 人生永远没有太晚的开始
5283440, 8.1, 285, 野生状态
4169495, 7.5, 561, 让天赋自由
4164215, 7.7, 439, 当一切改变时，改变一切
20386246, 7.8, 390, 人生那么长，停一下又何妨
3733148, 7.7, 435, 知性力II
1083906, 8.9, 139, 青春的敌人
26262143, 7.7, 434, 女人明白要趁早之米字路口问答
6758610, 6.8, 1507, 人脉是设计出来的
25771613, 7.8, 375, W靖o女生的跑步
3513006, 7.8, 373, 失落的致富经典
25855770, 8.1, 269, 就因椤]rg」，才什N都能k到
1220597, 7.7, 413, 高效能人士的第八个习惯
26673009, 8.2, 243, 为什么你总是害怕来不及
2184750, 8.8, 143, 哈佛家训
24878033, 8.2, 241, 残酷才是青春
1027050, 7.6, 458, 完美大学必修课
25847700, 8.0, 288, 青春是一件多么痛的礼物
2063630, 8.1, 258, 疯狂的功成名就
3446444, 7.6, 441, 不是M力，是一定要做到
26664622, 8.3, 211, 用所有的存在与世界相会
22492088, 7.8, 349, 自我营销七堂课
2329752, 7.9, 313, 方与圆全集
1063057, 9.1, 110, 跟随你的心
3618598, 8.0, 280, 自立
26921116, 9.7, 74, 活着就很伟大
3795596, 7.8, 346, 凯西来了！
26677905, 8.0, 279, 打破自我的标签
26781120, 8.2, 228, 优秀到不能被忽视
26384723, 7.6, 431, 我比谁都相信努力奋斗的意义
25799030, 7.3, 628, 莫急，你要的岁月都会给你
25782643, 7.3, 625, 你若不勇敢，谁替你坚强
1055881, 7.4, 546, 你的降落伞是什么颜色？
7916024, 7.4, 544, 雨中的3分58秒
25956628, 7.4, 544, 创业小败局
20273641, 9.1, 107, 狂热的爱
6437896, 7.7, 372, 六项精进
6800946, 7.1, 791, 做自己的先知
6064709, 8.0, 264, 一步向前的勇气
26878947, 8.3, 197, 我不过低配的人生
26924263, 9.7, 70, 你就要很独特
3208050, 7.6, 401, 知道做到
25938970, 7.5, 450, 现在的泪，都是当年脑子进的水
5388015, 8.0, 258, 亲爱的詹姆斯
6828163, 6.6, 1707, 4点起床
20502573, 7.7, 353, 绽放
4748801, 7.3, 575, 20岁跟对人，30岁做对事 Ⅱ
3250801, 7.2, 657, 星巴克拯救了我的生命
25832152, 8.8, 125, 自尊的力量
6607708, 8.6, 146, 最高职责
26897266, 8.6, 146, 考拉小巫的英语学习日记
26640094, 7.7, 342, 寂寞是毒，也是解药
25756626, 8.0, 247, 布雷特的生命清单
26628237, 7.5, 423, 哪有没时间这回事
24528199, 7.9, 267, 恋爱从失恋开始
26252929, 7.9, 266, 我只想和你说说话
26659614, 7.2, 604, 谢谢自己够勇敢
25953842, 7.7, 326, 步行者日记
26378417, 7.7, 322, 时间会证明一切
24845316, 8.5, 149, 媳妇儿，一起去卖煎饼果子吧
2024848, 8.5, 148, 约翰・克里斯朵夫
26425651, 6.3, 2662, 你只是看起来很努力
1050762, 8.0, 230, 10秒钟让自己不同凡响
25900807, 7.5, 394, 短暂飞行
4323622, 7.5, 393, 向宇宙下订单
25734421, 8.5, 145, 胡萝卜须
25819483, 8.2, 188, 成功这件小事
26342494, 7.2, 572, 美女都是狠角色
20434433, 8.0, 227, 永不止步
26891340, 9.3, 80, 我不过别人指定的生活
24531896, 7.0, 742, 不曾走过
26183838, 7.5, 381, 我想看到的世界
26693270, 9.1, 90, 人生迎风向前
26757648, 7.7, 302, 并没有如愿以偿的人生
25879321, 7.3, 480, 梦想还是要有的，万一实现了呢
5320300, 7.4, 421, 兄弟我在义乌的发财史
3038761, 7.4, 420, 80/20法则
1844986, 8.5, 138, 人性的弱点
25948155, 7.3, 470, 每一个优秀的人，都有一段沉默的时光
26178225, 7.5, 367, 巧克力色微凉青春I
11615069, 7.8, 260, 好工作是设计出来的
4324905, 7.8, 259, 发掘你的竞争力
1085007, 8.0, 211, 敏感的人:如何面对外界压力
26307520, 8.1, 189, 没有街道的城市
26660670, 7.4, 398, 人生不怕从头再来
1834971, 8.0, 207, 女总裁告诉你
21966358, 7.8, 253, 就在你所在的地方生根开花
25958629, 8.2, 171, 男人不可以穷
2377817, 9.6, 62, 明日吹くLのために……
10570230, 8.0, 205, 十岁我离婚
4843121, 7.6, 309, 写给亲爱的妹妹
26900945, 9.5, 65, 世界很小，而你刚好发光
26733302, 7.5, 345, 自控力：和压力做朋友
11620321, 7.4, 388, 王石说
3371165, 7.1, 572, 吃掉那只青蛙
26383724, 8.0, 202, 在追求梦想的路上，我们都一样
26728018, 6.7, 1044, 你所谓的稳定，不过是在浪费生命
10757905, 8.2, 166, 卡耐基沟通的艺术与处世智慧
19949017, 7.2, 491, 魔力
10548353, 8.8, 101, 你当刚强壮胆
26915454, 9.6, 60, 《匠人匠心：用一生，做好一件事》
20380809, 7.4, 377, 世界如此险恶，你要内心强大 2
26412718, 7.1, 552, 我的漂亮朋友
1963831, 7.6, 296, 像希拉里那样工作-像赖斯那样成功
26708712, 9.1, 81, 努力，是为了不辜负自己
26826155, 9.5, 63, 女神从来不慌张
1037534, 7.7, 263, 黄金是怎样炼成的
25960997, 8.6, 115, 远山在呼唤
26852845, 8.4, 135, 仅记住所有快乐
26365909, 7.2, 468, 人生只有一次，去做自己喜欢的事
3611980, 7.8, 233, 赢在路上
10535830, 7.1, 533, 另外8小时
26656532, 7.4, 361, 最重要的事，只有一件
1017605, 7.1, 528, 逆风飞r
3325260, 7.7, 256, 谁杀了我的牛？
3805573, 8.3, 144, 报童瑞恩
20503637, 7.9, 208, 遇见我的前世今生
26683323, 8.3, 143, 你只是还未全力以赴
1944988, 8.7, 103, 杰出青少年的6个决定
21966360, 7.7, 251, 你在为谁而活
5946563, 7.5, 308, 学习要像加勒比海盗
26627873, 7.2, 444, 格局逆袭
10770543, 8.2, 152, 职场竞争力
26446492, 7.6, 274, 沿途的向阳花
25923206, 7.4, 344, 只要活着，就会有好事发生
10753773, 7.7, 245, 图穷对话录
4804148, 7.2, 438, 女人25，活出最好的自己
26388007, 8.3, 138, 照着想象去生活
26779589, 6.3, 1841, 我喜欢这个&#34;功利&#34;的世界
10731681, 7.2, 432, 六度人脉
5414530, 7.5, 299, 与自己对话
24706032, 7.4, 335, 本能
1053687, 7.5, 298, 心灵鸡汤
20432499, 6.7, 882, 这辈子最渴望做的那些事
6110455, 7.9, 195, 唤醒心中的巨人
26590273, 7.8, 215, 你会想念你自己吗
10570075, 7.6, 265, 找到人生的好感觉
26640794, 7.5, 296, 没事别随便思考人生
5337240, 7.0, 557, 20岁定好位，30岁有地位
4737260, 8.2, 147, 卡耐基口才的艺术与人际关系
5328123, 8.0, 176, 去他的万一
26689692, 8.4, 123, 不完美，才美
20388492, 7.0, 549, 我的价值观
1532073, 7.5, 291, 卡耐基写给女人一生幸福的忠告
26895627, 8.7, 97, 很感谢你能来，不遗憾你离开
1438730, 7.4, 325, 咖啡
6869070, 7.6, 259, 别放弃，小豌豆
5398985, 7.8, 209, 积极情绪的力量
25984823, 7.3, 364, 你的时间有限，不要为别人而活
2981084, 7.5, 287, 吸引力法则
20501718, 8.4, 121, 一的力量
10956245, 7.4, 321, 正能量
5395289, 7.2, 409, 找回迷失的自己
6880453, 8.2, 142, 乔布斯传
25790743, 8.2, 142, 总有一个人，爱你如生命
26770999, 8.4, 120, 斯坦福大学创业成长课
1000687, 6.2, 2067, 学习的革命
4042144, 7.3, 358, 每天坚持30分钟
26925607, 8.8, 88, 不如去闯
26302594, 7.2, 398, 万达哲学
25731151, 6.7, 810, 愿我的世界总有你二分之一
26865124, 8.7, 93, 我本浪人
26428516, 6.7, 805, 我只是敢和别人不一样
6753011, 7.3, 347, 让喜欢的事情成为工作
4121543, 7.7, 221, 就这样，挺过创业难关
1683470, 7.4, 306, 西点军校的经典法则
2007012, 8.6, 99, 特异功能三百例
26858097, 8.5, 106, 你男神凭什么喜欢你
26412672, 7.5, 269, 你可以拥有你想要的生活
25798964, 7.4, 301, 把每一天，当作梦想的练习
2064746, 8.4, 114, Jonathan Livingston Seagull
25717085, 9.6, 51, 幸运是设计出来的
1458967, 8.7, 90, 洛克菲勒日记
4137515, 7.4, 291, 峰与谷
26937532, 9.5, 53, 在不确定的世界寻找确定的自己
26808478, 9.6, 50, 用一双鞋改变世界
25886899, 7.0, 477, 我对时间有耐心
3115378, 7.6, 229, NLP自我重塑计划-21天塑造全新自我
7065290, 7.4, 285, 我把一切告诉你1
25891329, 8.5, 101, 心法
26895634, 9.5, 52, 不完美，才美II：情绪决定命运
26253743, 7.8, 184, 南下打工记
20452425, 7.3, 316, 自爱，无须等待
25892661, 6.9, 531, 就想开间自己的小店
1221037, 7.7, 202, 笑傲职场
1217156, 7.7, 201, 沟通的艺术:卡耐基人际交往的成功智慧
3593985, 7.4, 275, 情商
25830853, 7.3, 305, 如何把事情做到最好
4912848, 7.8, 177, 价值观的力量
2136953, 8.7, 83, 汪洋中的一条船
5264604, 7.7, 194, 我在摩根士丹利做高管
24754273, 7.8, 175, 没有翅膀，所以努力奔跑
26266672, 7.3, 298, 你以为没有的，可能在来的路上
25953702, 6.6, 786, 习惯就好
26857572, 8.7, 82, 处处见生机
3359251, 8.3, 111, 如何停止忧虑，开创人生
1581273, 8.4, 102, 行动转变性格
26826894, 8.8, 76, 我们是穷得开朗，所以不用担心
25961907, 7.5, 234, 去人多的地方捞世界
26333102, 7.7, 189, 我不愿让你一个人
25912970, 7.3, 292, 总有一天，你要一个人走
26742538, 7.4, 260, 我们都是和自己赛跑的人
3054780, 7.0, 422, 20几岁就要做女王
10569797, 8.1, 128, 争气
26832090, 8.1, 128, 别扯了，时间才不会改变一切
20485924, 8.4, 100, Give and Take
26767643, 7.5, 229, 愿所有美好如期而至
1007562, 5.9, 2896, 哈佛女孩刘亦婷
26811453, 9.5, 48, 5年后，你是什么档次？
26657288, 9.2, 57, 想太多的猪8
25941678, 6.8, 543, 他爱的是玫瑰，而你是蔷薇
4817621, 6.8, 542, 丢掉50样东西，找回100分人生
26730678, 7.9, 149, 我不过无比正确的生活
25763508, 7.6, 198, 青春之后 认输之前
26711266, 8.1, 122, 我相信失败
25772406, 8.0, 132, 逆流而上
26892462, 9.4, 49, 职场小白脱菜手册
25934254, 8.2, 111, 不要等到毕业以后（最新修订版）
26418338, 7.5, 213, 努力，才配有未来
4196797, 7.9, 143, 爱，生活，学习
24845767, 7.0, 384, 总有一次哭泣，让人瞬间长大
20503893, 7.1, 337, 混搭
3347618, 7.4, 235, 高绩效人士的五项管理
26333046, 7.4, 234, 替这个残酷世界给你的一记温柔耳光
26657426, 8.5, 86, 高效能人士的7个习惯（人际关系篇）
26794518, 7.8, 154, 25岁，如何规划你的人生
1044846, 7.9, 140, 关键点
1014283, 8.1, 117, 人生下半场
26277384, 6.9, 420, 让未来的你，感谢现在的自己
25750947, 7.9, 137, 见证
24733738, 7.5, 202, 理科生的人生设计指南
5415037, 8.8, 67, HBR&#39;s 10 Must Reads on Managing Yourself
26289077, 7.6, 179, 这善变的世界，难得有你
25917388, 7.8, 147, 我为什么离开高盛
1491592, 7.8, 146, 卡耐基演讲与口才
2146670, 7.8, 146, 怎样销售你自己
11511203, 8.8, 66, 驭风少年
7060372, 7.7, 160, 我的灵魂永不下跪
26359398, 7.1, 309, 你要好好爱自己
26910593, 8.5, 81, 重生
26818063, 8.4, 87, 你的梦想，自己会来找你
1799920, 9.1, 54, 你值得成为最优秀的
26394467, 7.0, 345, 就像没有明天那样去生活
26636282, 6.8, 451, 如果你想过1%的生活
1100070, 8.1, 109, 踏踏实实学英语
24909388, 8.1, 109, 余生第一年
26650151, 7.3, 238, 谁说咸鱼没有梦想
1936836, 8.1, 108, 自我的觉醒
4830180, 8.4, 85, 特蕾莎修女传
6721215, 8.9, 60, 人生如登山
25825364, 8.2, 99, 青春不应被浪费
1449978, 7.7, 154, 神探李昌钰
25731741, 8.0, 117, “玩”才是正经事儿
2079574, 8.3, 91, 激发心灵潜力
25901057, 8.4, 84, 当Bob来敲门2
4050762, 7.2, 260, 那些不想做又必须做的事
26289139, 7.4, 207, 你远比想象中强大
25977760, 7.0, 331, 我们都是突然长大的
20371004, 7.5, 185, 生命咖啡馆
5037113, 7.3, 229, 中国人
1083989, 7.3, 228, 吃掉那只青蛙
5326292, 8.0, 114, 第五项修炼・心灵篇
10436476, 8.4, 82, 一人的K
3994602, 6.6, 567, 毕业5年决定你的一生
1462831, 7.1, 284, 你在为谁读书
5985175, 7.1, 284, 我们聊一聊
26874593, 7.3, 224, 技巧
3422747, 7.0, 318, 别为小事抓狂
26389504, 7.9, 121, 不疯魔，不成活
26731137, 8.6, 69, 闫小姐不嫁了
5348036, 6.2, 1065, 淡定的人生不寂寞
1160252, 8.4, 79, 玫琳凯自传
26845275, 8.4, 79, 梦想会证明一切
20283438, 7.5, 172, 工具
25872134, 7.3, 212, 其实
21323914, 8.3, 84, 仰望星空
1082901, 7.8, 127, 聪明人的训练
26916236, 7.9, 115, 好姑娘光芒万丈
1128029, 8.5, 71, 依靠自我
3350290, 8.1, 96, 大思想的神奇
10466739, 7.8, 124, 败者为王
26681616, 7.8, 124, 在人生拐角处
25765450, 7.2, 229, 如何控制自己的情绪
1127347, 7.7, 135, 风雨考研路
6514063, 7.9, 112, 敬天爱人
1025558, 8.4, 75, 卡耐基口才训练教程
1431220, 7.4, 181, 记住你是谁
26307060, 8.2, 87, 选一种姿态，让自己活得无可替代
11613790, 7.6, 146, 女人要为理想而奋斗
26808156, 9.3, 42, 你可以活成自己喜欢的模样
26902288, 9.3, 42, 人生没有白走的路，每一步都算数
2147625, 6.4, 676, 硅谷禁书
25815064, 8.3, 79, 世界500强人力资源总监是如何炼成的
26849603, 8.4, 73, 选择你所能承受的那条路
10570590, 7.9, 108, 我把一切告诉你2
26921601, 8.6, 63, 人生的84000种可能
25865449, 7.5, 156, 我只是不想和大多数一样
25920100, 7.9, 107, 大话设计师
1035052, 8.5, 67, 积极心态的力量
26882462, 6.7, 406, 你从未真正拼过
1059568, 6.1, 1095, 没有任何借口
1291986, 7.7, 127, 小故事大道理全集
1955232, 8.0, 97, 工作与生活的未来
1209753, 7.8, 115, 励志人生
20472839, 8.2, 82, 演讲达人成长记
6517611, 7.6, 137, 海边一年
25986353, 8.1, 88, 人生不需要走直线
25925049, 6.9, 296, 那些伤，为什么我还放不下：斯坦福大学最重要的一堂情绪管理课
6519546, 7.6, 134, 高考翻身记
1009069, 8.3, 74, 成功没有逻辑
2172516, 6.5, 513, 5分钟和陌生人成为朋友
6828146, 7.1, 227, 大学生的坟
26236894, 8.0, 93, 二十几岁决定你的人生主题
25892845, 7.8, 110, 初心
2246943, 8.9, 49, 世界伟人成功秘诀之分析
26672661, 9.0, 46, 爱情不设限
10758623, 8.6, 59, 悠游100年/悠[100年
26378862, 7.2, 197, 气质
3883670, 7.0, 249, 机会只爱有准备的大脑
26269501, 7.4, 158, 你配得起更好
24869702, 7.1, 219, 千万次摇摆，才能长大成人
26339251, 6.8, 318, 人生随时可以重来
26699409, 7.1, 218, 明天过得怎么样，取决于今天的你怎么做
26844750, 7.7, 117, 优秀的人，都敢对自己下狠手
10784801, 8.5, 62, 非看不可的职场实用逻辑学
25805428, 8.2, 77, 年轻时
25733179, 7.8, 106, 吴小莉：与卓越同行
3247505, 7.7, 115, 如何在36岁以前成功
1941246, 7.5, 139, 追求卓越
26728755, 7.9, 96, 不喧哗，自有声
26281301, 8.8, 50, 和繁重的工作一起修行
1079915, 8.1, 81, 品格的力量
2075078, 8.1, 81, 沟通的艺术
24860398, 7.5, 137, 我还年轻，我还可以重新出发
25801120, 7.9, 95, 别急，你要的岁月都会给你
5405128, 7.6, 124, 生命的重建
26612407, 7.6, 124, 其实你很好，你自己却不知道
20429358, 9.8, 29, 做好领导的九大赢招
26706748, 8.0, 87, 无聊世界的正经事
26287487, 9.3, 37, 等待倾听
25926642, 7.3, 166, 跑出巅峰
26628012, 7.4, 144, 人生总会有办法
26919754, 9.1, 40, 当下的你，最好的你
24870336, 8.6, 54, 奔腾年代
26711193, 8.6, 54, 城市里的流放者
10490854, 6.0, 1033, 毕业了我们一无所有
26889819, 9.1, 39, 世上没有怀才不遇这件事
26931365, 9.1, 39, 邓文迪：女人明白要趁早
25966512, 7.3, 154, 新东方・梦在青春在
4096751, 7.5, 125, 25岁，我赚了3个亿
24529136, 6.8, 274, 适合比成功更重要
26729891, 8.8, 46, 踮起脚尖，只为离世界更近一点
25756576, 8.1, 74, 自我激励的100种方法
26769559, 8.0, 80, 心若淡定，便是优雅
26699117, 8.5, 55, 自律力
2058840, 7.8, 93, 我的事业是父亲
25937939, 7.5, 122, 一个人也能有很好的时候
1142423, 8.0, 78, 成功人士的七个习惯
1891590, 7.3, 141, 生活尉褪窍硎
26890720, 8.4, 56, 你所羡慕的一切，都是有备而来
25921355, 8.3, 60, 翻转人生的教育
6965596, 7.6, 104, 赞美你
26652323, 8.3, 59, 人性的弱点
26589039, 8.4, 55, 你只需努力，剩下的交给时光
26673003, 8.6, 48, 谁不是一边受伤，一边学会成长
25905252, 7.2, 151, 接纳是最好的温柔
23217344, 7.3, 136, 睡在悬崖上的人
25804159, 7.7, 93, 拼的是现在，比的是将来
26287447, 7.8, 85, 绝对达成
2516411, 8.0, 72, How to Become a Straight-A Student
26765652, 7.3, 134, 这就是我背叛自己的方式
3687077, 6.3, 481, 请给我结果
25927346, 7.0, 184, 趁我们还年轻，趁我还爱你
26823158, 8.7, 44, 能量：9个能量场实验激活不可思议人生
25833289, 7.5, 108, 你受的苦将照亮你的路
24700921, 6.3, 470, 关于这个世界，你不快乐什么
21356603, 6.8, 229, 既要成功，也要成仁
25923177, 7.0, 179, 你有权以自己的方式长大
5263469, 7.3, 129, 我的生活方式
15994287, 6.2, 545, 你要配得上自己所受的苦
25704622, 7.4, 116, 原来大学可以这样读
1396395, 6.8, 225, 美化你的声音
5920824, 5.9, 942, 气场修习术
3243939, 6.9, 198, 遇见未来的自己
26617302, 8.2, 59, 你是我最晴朗的客人
26791537, 8.2, 59, 心静的力量
26850028, 8.5, 48, 阿里巴巴
25901055, 7.7, 87, 野蛮进化
26806986, 9.2, 32, 你的孤独，终有回响
1036806, 6.8, 220, 你为什么是穷人
26299926, 7.3, 125, 瞌睡先生
1315560, 7.3, 124, 意志力训练手册
26641232, 6.7, 246, 外企HRM手记
6985946, 7.7, 85, 我行我素
24834723, 7.9, 72, 做更自信的自己
25919310, 7.6, 92, 人生没岔路
26708632, 8.2, 57, 人生需要匠人精神
26904716, 9.4, 28, 跑到最后是飞翔：我的跑步生活
10762436, 7.2, 133, 我们都是拖拉斯基
26613582, 7.7, 83, 世间所有的美好，都是因为坚持
25752977, 8.1, 60, 十二族
24845782, 6.6, 268, 不忘初心，方得始终
1440172, 6.4, 355, 穷人缺什么
25924913, 6.5, 306, 你这辈子就是吃了太严肃的亏
26279521, 6.8, 204, 原谅不美好
26260107, 7.7, 81, 梦想开花前 没有人知道它是什么
1426211, 8.2, 55, 优秀是教出来的
20394641, 6.7, 230, 做内心强大的女人
26342463, 7.1, 143, 你就是脸皮太薄！
25692392, 7.4, 105, 唯爱与梦想不可辜负
26476185, 7.8, 73, 小人物
26140526, 6.2, 466, 你值得拥有最好的一切
6875298, 7.6, 86, 把信送给加西亚全集
26786048, 7.6, 86, 你一定要努力，但千万别着急
26603812, 7.5, 94, 接受不完美的勇气
2029414, 7.9, 66, 再苦也要笑一笑全集
25693194, 6.7, 217, 你原本无须这么辛苦
5989473, 7.9, 65, 生命的重建
20438323, 9.0, 32, 20几岁要完成的事-步步为赢人生智慧集成之一
26528499, 7.7, 76, 野孩子的梦
1312914, 8.0, 60, 目标
26337889, 5.8, 914, 我们都一样，年轻又彷徨
26670874, 7.6, 82, 一个人最后的清单
26718873, 9.1, 30, 一切都不是你的错
26419428, 6.4, 315, 先成为自己的英雄
26791097, 7.6, 81, 不是世界不好，是你见的太少
26670577, 7.6, 80, 当我和世界不一样
26755104, 7.5, 87, 20几岁，你为什么害怕来不及
25894667, 7.4, 94, 谁都不敢欺负你
26456842, 9.5, 24, 我在这一秒，与你擦肩
26926618, 9.5, 24, 史蒂夫・乔布斯传（漫画版）
26368317, 7.7, 72, 一个人也能好起来
10354315, 6.4, 299, 加藤嘉一：致困惑中的年轻人
20438349, 9.8, 21, 40几岁要完成的事-步步为赢人生智慧集成之三
26286458, 7.6, 78, “懒人”统治世界
26843173, 8.7, 36, 我们还年轻，不够好又有什么关系
26456492, 7.5, 85, 我不要在庸碌中老去
26293605, 7.1, 125, 听了那么多大道理，为什么依旧过不好这一生
26432976, 7.8, 66, 人生总要独自前行
26641865, 7.8, 66, 沉心十年
10569744, 6.5, 257, 要么稳，要么狠，要么滚
26780220, 9.3, 26, 没有双脚，所以努力奔跑
21364465, 9.2, 27, 每一天，都是放手的
6522130, 7.3, 99, 二十岁拥有一切
24834700, 8.7, 35, The Box Children
5028568, 7.8, 64, 赢家法则
26842572, 8.6, 37, 你总是太容易放过自己
26292127, 7.2, 107, 这就是马云
26655590, 7.3, 96, 世界不曾亏欠每一个努力的人
10800367, 7.7, 67, 人生没有假如
26852890, 8.5, 38, 吸引力是这样炼成的
26672540, 7.8, 61, 别忘你也曾野心勃勃
26770589, 8.9, 30, 生活这件事，再难也别将就
1944612, 8.4, 40, The Magic of Thinking Big
24741417, 7.5, 77, 不要吵醒青春的悲伤
26814982, 8.1, 48, 你是那些年岁里最烈的酒
6430264, 8.7, 33, 曾国藩大传
1043427, 7.4, 83, 领导力21法则
24722897, 8.0, 51, 优秀大学生成长手册
26432995, 8.4, 39, 永远不要等别人来成全你
26388075, 6.5, 222, 世界那么大，我想去看看
26721895, 7.6, 69, 被嘲笑过的梦想，总有一天会让你闪闪发光
24858991, 7.5, 75, 人生总要慢慢熬
26630945, 7.7, 63, 一站到底套装：24章经+题库宝典，送站神笔记本（共3册）
26107066, 6.6, 190, 孤独是你的必修课
26792605, 8.5, 36, 咬牙坚持，你终将成就无与伦比的自己
26383578, 7.3, 87, 时光会把最好的留在最后
1393651, 8.3, 40, 积极思考就是力量
26695289, 7.7, 61, 愿你的生活，既有软肋又有盔甲
22382669, 7.2, 94, 正能量修成手册
26921335, 8.9, 28, 读完本书，才有力气完成剩下的梦想
26655617, 6.7, 157, 一个人
26437218, 7.6, 64, 一个人也要美美哒
26289604, 6.8, 135, 恰到好处的挫折
20273576, 7.5, 67, 异端的快乐
26747730, 9.3, 22, 我有预感，明日阳光灿烂
3797114, 6.6, 168, 20几岁要懂得的人情世故
1019110, 8.4, 35, 力量原则
11527023, 6.9, 116, 无戏言
26345248, 6.9, 116, 最努力的时候运气最好
26421261, 7.4, 71, 当你真正开始爱自己
26368320, 7.2, 85, 我，睡了，81个人的沙发之后
1777287, 8.7, 29, The Way of the Superior Man
2310446, 6.7, 144, 现在，发现你的职业优势
25712472, 7.0, 103, 对自己狠一点，离成功近一点
25924233, 7.8, 51, 如果你知道自己要去哪儿，全世界都会为你让路
26790859, 8.5, 32, 年轻不老，老得年轻
26844485, 6.7, 140, 我想和你在一起
25934784, 7.0, 100, 一生一世笑繁华（上下）
26592112, 6.3, 230, 这世界，缺你不可
26383604, 7.6, 57, 生命要浪费在美好的事物上
25887472, 6.6, 147, 愿你的选择配得上你的苦
24697377, 7.7, 51, 31天穿越罗布泊
26266258, 7.7, 51, 雪山乌托邦
26935479, 8.2, 36, 在对的时间做对的事
26729803, 6.7, 129, 沃顿商学院自我管理课
26312778, 7.8, 47, 活出生命的喜悦
26747695, 6.6, 144, 所有失去的都会以另一种方式归来
1069846, 7.7, 50, 杰奎琳.肯尼迪传
26640192, 8.6, 28, 在爱中重生
26598613, 7.8, 46, 你要学着自己强大
26865530, 8.0, 40, 夜空的星照亮你前行
26817186, 7.2, 74, 我们始终独自行走在这个世界
6990054, 6.4, 178, 上得天堂，下得地狱
23038602, 8.5, 29, 不要用爱控制我4
26429871, 7.2, 73, 愿所有的坚持终不被辜负
26261585, 5.7, 545, 反洗脑
26755862, 7.4, 61, 谁不曾浑身是伤，谁不曾彷徨迷惘
26833437, 8.3, 32, 凯尔特人・三巨头传
25918528, 7.2, 72, 你该懂些世故再老呀
26928768, 9.0, 22, 美好的人，都不会孤独终老
26854560, 8.1, 36, 巨匠的技与心
26873915, 8.1, 36, 这个世界很美好，值得我们去奋斗
25985860, 6.9, 94, 赤裸裸的未来
26848140, 7.8, 43, 孤独的你总有星辰作伴
26579956, 8.4, 29, 听从自己内心的安排
26617315, 8.4, 29, 懒人总是有借口
26838458, 8.4, 29, 仅有一次的人生，就要酣畅淋漓地活
7154810, 7.1, 75, 天下没有坐着吃的午餐
26287483, 7.1, 75, 迷失的时候，选择更艰辛的那条路
1420801, 7.3, 62, 人生犹如赛马
26288910, 7.3, 62, 怕，有什么可怕的
2118345, 8.5, 27, 槭颤N我不敢告V您我是l
26762237, 8.2, 32, 世界极客孙正义
21668068, 6.5, 139, 幽默沟通学
1420764, 7.4, 56, 生命中不可错过的智慧
26352388, 7.8, 41, 约翰・克里斯朵夫
26865287, 7.4, 55, 日行一事
26829704, 7.6, 47, 从今天起，不活在别人的期待里
4180019, 8.2, 31, 如何提高你的洞察力
26718084, 7.8, 40, 你原本可以过上更好的生活
1913919, 8.3, 29, 快乐致富-获得财富与快乐的7个策略
26314445, 7.2, 63, 这世界教我的事
26823419, 8.4, 27, 20岁，我们创业吧
1042825, 7.9, 36, 怎样训练你自己
26742205, 8.1, 31, 你时刻准备着，却错过每个机会
26914156, 8.1, 31, 你不努力，就别怪世界残酷
26921103, 8.2, 29, 谁说你不能坚持
26593287, 5.9, 277, 少年啊，前路漫漫
26275048, 7.1, 63, 没拼过的青春，不值一过
26603151, 7.7, 39, 用自己最喜欢的方式去生活
26285755, 6.6, 104, 将来的你，会感谢现在不放弃的自己
26426124, 6.6, 103, 像爱奢侈品一样爱自己
26747435, 7.8, 36, 你那么年轻，还不懂努力奋斗的意义
1392714, 7.5, 44, 老板要你在大学里学的10件事
26598800, 7.3, 50, 十字路口
10436113, 6.7, 87, 谢谢你折磨我
26351743, 7.9, 32, 把生活过成你想象的样子
4905883, 8.0, 30, 30q前一定要搞懂的自己
26298020, 8.0, 30, 别让幸福，成为一指流沙
24758501, 6.9, 70, 世界上最伟大的女销售员
5381012, 8.3, 25, 让你快乐起来的心理自助法
26732633, 8.3, 25, 慢下来，静下来
21751337, 6.3, 136, 优雅的力量
26833527, 8.5, 22, 麦肯锡精英的谈判策略
26351364, 7.1, 56, 生命从来未曾看轻任何人
26378721, 7.3, 46, 梦想这条路踏上了，跪着也要走完
25930184, 7.9, 30, 从心理问题到心理优势
26933776, 8.2, 25, 我敢活成自己想要的样子
26787061, 6.8, 70, 我心温柔，自有力量
26789958, 6.0, 184, 更好的人生
24873705, 8.0, 27, 一生：迈克・华莱士传
26774952, 8.2, 24, 在最痛的时候加倍爱自己
26936065, 8.6, 19, 请停止无效努力
26783277, 7.4, 39, 一念永恒
26288050, 6.3, 112, 阿里巴巴正传：我们与马云的“一步之遥”
26924276, 8.0, 26, 愿你的青春不负梦想
26865090, 7.5, 36, 你必须有一个不可动摇的第一
26827374, 8.2, 23, 我只想成为英雄背后的普通人
25914803, 7.6, 33, 成功是道选择题：斯坦福大学人生规划课
3691442, 7.3, 41, 歪门正道
26769681, 6.5, 84, 如果你不肯向这个世界投降
26894789, 7.7, 30, 愿你成为一个发光的人
26915786, 8.4, 20, 你刚好丑成我喜欢的样子
26839363, 7.1, 46, 请用数据说话
25810727, 7.0, 50, 拉开差距，你只需要知道一件事
26877016, 7.9, 26, 下个10000小时，你打算怎样过？
26839601, 7.2, 42, 成功的真谛
5387397, 6.7, 65, 有钱人和你想的不一样
20383611, 7.0, 49, 在最深的绝望里，遇见最美的意外
25881652, 7.7, 29, 年轻，就要对自己狠一点
26858337, 7.8, 27, 你离考研成功，就差这本书
26915707, 8.3, 20, 世界需要更好的你
26698785, 7.5, 32, 遇见每一个有故事的你
26270736, 6.1, 123, 像她那么有范儿
26638948, 6.9, 51, 你必须非常努力，才能看起来毫不费力
26808586, 7.9, 24, 晚安，这个残酷又温柔的世界
10480862, 7.7, 27, 人生四分之一危机
26392099, 7.4, 33, 听见
26833522, 7.2, 38, 麦肯锡精英的思考习惯
26934335, 8.4, 18, 亲密关系
26901110, 7.6, 28, 穿女神气场的你永无困境
5988773, 6.6, 63, 富人不f，s默默在做的33件事
25914819, 7.7, 26, 生活是最好的修行：办公室里的修行课
4710736, 7.9, 23, 如何她欲仙欲死
19967243, 5.9, 143, 我想我已活到了一个尴尬的年龄
26852949, 8.1, 20, 为了梦想，拼尽全力又何妨
26311968, 7.1, 38, 这些年，我吃的都是不懂拒绝的亏
3926054, 7.8, 23, 匍g和代 我的人生]有偶然
26455818, 6.5, 63, 许多美好的仗，仍需从头打过
26288070, 7.3, 31, 尽管去做，别辜负生命的另一种可能
26613506, 6.8, 44, 别让我们在二三十岁就死去
25880335, 7.1, 34, 来自星星的EXO
26879354, 8.0, 19, 做一个恰到好处的女子
26638975, 6.3, 68, 别在该动脑子的时候动感情
26868030, 7.4, 26, 做没做过的事，爱没爱过的人
26771604, 5.3, 299, 穿越人海拥抱你
26859866, 7.6, 22, 久等了，机长大人
26668676, 7.6, 21, 折腾吧，小青年
1435959, 6.8, 36, 上大学为了什么
26934638, 8.5, 13, 今天以后，人生无数可能
26672856, 7.8, 18, 寻海记
26614244, 7.2, 26, 婚姻不是女人一辈子的事
26895253, 7.7, 19, 梦之队
26671296, 7.9, 17, 贝尔健身
26890721, 7.9, 17, 在这浮华世界里，我只要刚刚好
26808167, 8.0, 16, 一个人，拼的就是坚持
26819025, 7.4, 22, 遇见心想事成的自己（全新修订版）
1015988, 8.0, 15, 华莱士财富宣言
26919454, 8.0, 15, 人生很短，你要做个聪明人
26845180, 8.1, 14, 年轻不怕一无所有，你知道自己终将闪耀
26432972, 7.7, 17, 摩西奶奶绘画全集
26895283, 5.8, 86, 为热爱而活
26890196, 6.4, 43, 最怕你一生碌碌无为，还安慰自己平凡可贵
26931841, 7.9, 15, 人生是一场无人相伴到底的旅行
26615768, 7.1, 24, 时间会给你答案
26429738, 7.3, 21, 《别让梦想只停在开始》
26849839, 7.9, 14, 我只是和这个世界不够默契
26818130, 7.8, 14, 姑娘，你不必讨好全世界
26269184, 7.6, 15, 你的坚持 终将美好
26877279, 7.6, 15, 请停止无效的努力
26801579, 7.8, 13, 愿你没有白白受苦
3124210, 7.2, 18, 过目不忘的记忆秘诀
26793117, 7.3, 16, 你有多强大，就有多温柔
26830718, 7.4, 14, 只差一个野心
26706747, 7.1, 16, 内心强大是一种怎样的体验
26819023, 7.2, 14, 活出全新的自己（全新修订版）
26394915, 7.4, 12, 临终前最后悔的五件事
26694138, 7.5, 11, 北大“屠夫”
26729244, 5.9, 30, 喜欢自己现在的样子
25913208, 4.1, 895, 将来的你，一定会感谢现在拼命的自己
26577351, 5.9, 24, 别让不好意思害了你2
