2017-01-23 16:17:59
Tag: 医疗
The number of books: 162 

ID, rating, votes, title
20431965, 8.5, 8399, 只有医生知道!
3137289, 8.5, 6525, 姐姐的守护者
2000641, 8.2, 4357, 求医不如求己
1852700, 9.0, 1405, 神经外科的黑色喜剧
3881584, 8.8, 1082, 第十年
1393233, 9.2, 584, 古典时代疯狂史
3525047, 7.9, 2217, 无影灯
24863163, 9.1, 536, 恩宠与勇气：超越死亡
3881551, 8.7, 595, 离开以后
1058276, 8.5, 665, 走近中医
1862145, 8.0, 1187, YOU：身体使用手册
3681571, 7.7, 1678, 巴提斯塔的荣光
1859849, 9.0, 370, 医龙-Team Medical Dragon
3527896, 8.6, 543, 古代的中医
1959248, 8.4, 616, 科学成就健康
26579966, 8.6, 472, 医生的修炼
2280312, 8.3, 647, 协和医事
1485079, 8.6, 425, 心灵神医
3052810, 7.3, 2027, 使命c心的O限
10794337, 8.6, 384, 神之病历1
3028846, 8.0, 700, 大医院小医师
25999980, 8.3, 445, 妇产科男医生告诉你
3353023, 8.7, 296, 求医不如求已(全三册)
26578141, 8.5, 347, 医生的精进
4039932, 8.6, 282, 内证观察笔记
11535611, 8.8, 231, 神之病历2
3173260, 9.0, 195, t(01)
1772103, 8.2, 328, 再造“病人”
4246991, 8.5, 210, 疾痛的故事
2310816, 7.9, 374, 我不是教你诈5
25747269, 7.7, 454, 颠覆医疗
25866036, 8.0, 304, 因为是医生
1798844, 7.1, 797, 水是最好的药
4857077, 8.4, 180, 医学伦理
2041635, 8.7, 139, 住院医生日记
1907518, 8.3, 195, 气的乐章
3193403, 8.8, 126, 病有所医当问谁
1822851, 7.6, 364, 医事
1925936, 9.0, 99, 默克家庭诊疗手册
3173266, 9.3, 76, t(05)
3173267, 9.3, 75, t(06)
3173263, 9.2, 79, t(03)
3173268, 9.3, 74, t(07)
3173264, 9.2, 78, t(04)
3173262, 9.1, 83, t(02)
3173272, 9.3, 71, t(09)
3173276, 9.3, 69, t(11)
1395299, 8.7, 102, The Man Who Mistook His Wife for A Hat
1808424, 8.9, 88, The China Study
3173273, 9.3, 65, t(10)
3173277, 9.3, 65, t(12)
3173270, 9.2, 69, t(08)
1375917, 9.1, 73, Complications
2297154, 8.3, 131, 卫生的现代性
3230161, 9.3, 62, t(17)
3287841, 9.3, 62, t(18)
3121206, 8.3, 126, 人脑之谜
3163625, 8.9, 80, t界L(01)
3173283, 9.2, 63, t(16)
26394048, 8.0, 155, 上帝的跳蚤
3173280, 9.2, 62, t(14)
3660585, 9.4, 55, t(19)
3173278, 9.2, 61, t(13)
3173281, 9.2, 61, t(15)
3793755, 9.4, 53, t(20)
6385990, 9.6, 47, t (25)
10432187, 8.3, 107, 面对疾病
1792615, 7.6, 197, 制药业的真相
26611940, 8.7, 70, 创新者的处方
4243170, 8.0, 110, 我是医生不是人
1888483, 8.2, 93, 同工异曲
10764029, 8.7, 64, 梦想之城（下）
4715529, 8.1, 96, 勾勒姆医生
26838785, 8.4, 76, 最好的抉择
3079136, 7.8, 124, Brain Rules
1128847, 8.4, 65, 外科学
26742306, 8.3, 66, 和灵魂一起守夜
5096982, 9.3, 35, 101种降低高血压的特效法
26760414, 9.0, 41, 关键时刻，命该怎么救？
26421453, 7.8, 95, 基因革命
26435231, 8.2, 62, 医生是怎么看病的
3705861, 7.7, 90, 医疗大趋势
5375605, 7.0, 179, 大国医改
2142617, 7.3, 124, 无效的医疗
1359201, 8.7, 41, 印加能量法
4053335, 8.2, 54, 大自然的基本力
25748267, 8.6, 41, 一分钟医学速记――协和医学博士的漫画
25786622, 7.7, 77, 致命接触
6749873, 8.2, 51, 医者仁心
4152793, 7.3, 104, 疾病的文化史
1521491, 9.4, 24, 默克诊疗手册
4820893, 8.4, 41, 疾病与治疗
2283575, 8.2, 46, 不老的身心
1945954, 6.9, 142, 疾病的世界地图
3373973, 7.8, 58, 一个医生的救赎
1831446, 8.1, 46, 塑造工业时代
2348884, 8.5, 33, 求医不如求己全集
1880397, 7.2, 85, 繁盛之阴
25664934, 7.7, 54, 被美人
1382070, 9.0, 24, 拿鄣介L生
3248656, 8.7, 27, 儿童叙事治疗
25666474, 8.7, 27, 医疗凶猛
1398039, 8.2, 36, 生命与医疗
1021104, 8.3, 33, 悟
4230645, 7.9, 42, 医学、理性与经验
3808598, 6.9, 98, 向世界最好的医院学管理
1814026, 7.7, 47, 遍地药香
25873421, 7.4, 59, 姿势对了
4833689, 8.1, 35, 揭秘美国医疗制度及其相关行业
4177973, 8.9, 22, 再BYK法
1006336, 8.5, 26, 护理札记
3091946, 8.6, 23, The Afterlife of Images
24858773, 7.4, 47, 中国人的病与药
4317998, 7.5, 42, 怀孕文化史
1200734, 7.6, 36, 一个医生的患病手记
20445502, 8.1, 26, 医疗、社会与文化读本
1858335, 8.2, 24, 最后诊断
6989709, 7.9, 28, 大医院
26786111, 7.0, 39, 未来医疗
26692495, 7.3, 31, 互联网+医疗：重构医疗生态
4309497, 8.0, 20, 剑桥医学英语
6030299, 8.0, 20, 最好的医疗模式
2285201, 7.6, 25, 心理剧与创伤
4052091, 6.8, 45, 罪恶医界
26733347, 8.2, 17, 永远站在病人这一边
20436325, 6.3, 64, 急诊科的那些事儿
26763668, 7.6, 22, 颠覆性医疗革命：未来科技与医疗的无缝对接
24852713, 8.3, 15, 医疗、卫生与世界之中国（1820-1937)
1937893, 7.8, 18, 那一百零八天
26842576, 7.9, 17, 此身，此心
6362889, 7.9, 16, The Pastoral Clinic
1454728, 7.2, 24, 疼痛的历史
26679118, 7.7, 17, 100种过度医疗大公开
1987536, 7.8, 16, 涞寞K能量
6307962, 7.8, 15, 精益医院
1329065, 6.8, 27, 人体解剖学
3212577, 7.5, 17, 技术、医学与伦理学
26417623, 7.7, 15, 七种体型隐藏的心灵密码
3126907, 6.8, 24, 医疗改革的经济学
3246428, 7.5, 15, 走向全民医保
6844328, 6.7, 25, 送医下乡
26384986, 7.6, 14, 产事
1191763, 7.7, 13, 卫生经济学
4167176, 7.7, 13, The Healing of America
26876445, 6.6, 25, 暗黑医疗史
3054393, 7.2, 16, 暴发
4038686, 7.3, 15, 健康与社会
4617873, 6.3, 29, 医药的真相
1704572, 7.0, 17, 疾病与医学社会学
4264847, 7.2, 15, 健康强国
1742699, 7.8, 11, 卫生经济学
10594755, 7.6, 12, 拚命
1254269, 7.4, 13, 实用运动医学
5249656, 7.5, 12, Other-Worldly
1952831, 7.2, 14, 中国近代疾病社会史
26314618, 7.2, 14, 无药
1966851, 7.6, 11, 病患的意义
6516529, 7.2, 13, 软磨硬泡
11600142, 7.3, 11, 应届生生物医药行业求职全攻略
4715269, 7.3, 10, 心灵疗愈的力量
25780520, 7.1, 10, 协和名医谈妇科肿瘤
26663990, 6.6, 13, 互联网+医疗
