2017-01-23 16:17:59
Tag: 印度
The number of books: 639 

ID, rating, votes, title
1058661, 8.8, 24322, 飞鸟集
1170801, 8.9, 7912, 泰戈尔诗集
1032645, 8.6, 7209, 窥视印度
3673771, 9.0, 3461, 项塔兰
1045716, 8.7, 4878, 人生中不可不想的事
1005193, 8.6, 4670, 重新认识你自己
1255326, 9.0, 2512, 新月集・飞鸟集
1829799, 8.7, 2740, 爱的觉醒
3842847, 8.6, 2707, 深河
1077129, 8.5, 2313, 一生的学习
1771464, 8.6, 1907, 微物之神
4243288, 9.0, 1130, 飞鸟集
6846465, 8.6, 1708, 罗摩桥
1056657, 8.8, 1295, 泰戈尔诗选
4820214, 8.6, 1631, 印度走着瞧
1258513, 8.5, 1843, 爱与寂寞
1760094, 8.8, 1110, 吉檀迦利
2247259, 9.1, 778, 飞鸟集
1485625, 9.1, 758, 瑜伽之光
3622445, 8.7, 1007, 贫民窟的百万富翁
1092512, 8.9, 790, 泰戈尔散文诗全集
1256282, 8.5, 1022, 心灵自由之路
1256284, 8.4, 1064, 谋生之道
5364104, 8.7, 731, 朝圣
3989541, 7.3, 4826, 没有悲伤的城市
1425544, 9.0, 518, 园丁集
1060931, 8.5, 828, 幽黯国度
3894081, 8.7, 665, 最后的日记
1180087, 8.9, 529, 新月集
4313213, 8.3, 970, 白老虎
26607924, 8.4, 800, 午夜之子
1055199, 8.3, 840, 万里无云
1722020, 8.7, 528, 最初和最终的自由
4710580, 8.7, 522, 智慧的觉醒
4243304, 8.8, 423, 新月集
10468727, 9.1, 320, 梵歌引.世间月
4833802, 8.9, 365, 薄伽梵歌
26644958, 9.3, 248, 孟火火的第一本书
1885221, 8.7, 407, 泰戈尔抒情诗选
2062160, 8.8, 363, 庄子心解
1024810, 8.1, 758, 印度：受伤的文明
2367799, 8.7, 394, 莲心禅韵
1315188, 9.0, 293, 印度佛学源流略讲
1058633, 8.4, 508, 疾病解说者
1925125, 9.1, 262, 吉檀迦利－泰戈尔散文诗选
4126261, 8.1, 701, 身份与暴力
19928975, 7.8, 980, 去印度学倒立
1040351, 8.3, 533, 印度：百万叛变的今天
2240911, 8.7, 352, 老子心解
2212309, 9.1, 245, 飞鸟集(中英对照)/大家译丛
1736919, 9.3, 207, 印度古代史诗摩诃婆罗多.全译本(1-6卷)
2281420, 8.8, 316, 巴坦加里的瑜伽经
1083418, 8.9, 280, 吉檀迦利献歌
4835563, 8.8, 299, 奥义书
3451159, 9.1, 228, 泰戈尔经典诗集
1975305, 8.8, 287, 泰戈尔的诗
2301436, 7.9, 734, 不顾诸神
3464501, 8.9, 255, 园丁集
3842681, 8.7, 299, 面对危机中的世界
1462166, 9.2, 184, 吉檀迦利:泰戈尔散文诗选
1340525, 8.9, 233, 贫困与饥荒
2363639, 8.7, 269, 点亮自性之光
1476920, 9.1, 191, 五十奥义书
5028585, 8.5, 319, 关系之镜：两性的真爱
3771868, 8.2, 425, 印度札记
4082019, 8.2, 421, 人们都叫我动物
1423465, 8.8, 232, 爱与思
3719427, 8.8, 230, 心灵瑜伽
7000864, 8.0, 492, 三个傻瓜
2363654, 9.0, 188, 与爱同在
1291821, 8.9, 200, 波斯之风
2931788, 7.8, 552, 失落
2037987, 8.2, 353, 摩诃婆罗多的故事
4062137, 8.4, 278, 六个嫌疑人
1068879, 8.7, 211, 穷人的幸福
2183332, 8.0, 409, 甘地自传
2365621, 8.6, 225, 心的对话
2309208, 8.4, 269, 你就是世界
6126806, 7.4, 833, 像嬉皮那样晃荡行走
1072989, 9.0, 159, 薄伽梵歌论
1423466, 9.0, 152, 单纯的品质
1513154, 8.8, 173, 人生的亲证
4262950, 8.4, 243, 关系的真谛
4864406, 8.7, 180, 教育就是解放心灵
1003972, 8.5, 212, 般若之旅
1437908, 8.6, 192, 知无涯者
1854879, 9.0, 138, 智慧金块
1881776, 8.7, 173, 现在开始讲解瑜伽
1056294, 7.6, 523, 阿难
1578810, 8.7, 172, 生存智慧
4243305, 9.0, 135, 园丁集
1994618, 9.1, 124, 倒长的树
1417099, 9.0, 132, Stray Birds
2212310, 9.1, 122, 园丁集（中英对照）
4030358, 7.9, 341, 心灵午夜密谈
1214602, 8.7, 160, 采果集
3196434, 8.9, 136, 新月集
19995865, 8.3, 226, 原来你也在这里
1007840, 8.3, 225, 同名人
1503610, 8.8, 145, 新月集
2355247, 8.7, 153, 流萤集
3782155, 8.5, 180, 印度对华战争
2382103, 8.6, 162, 生与死的冥想
1950044, 9.1, 110, 生命、爱与欢笑
5941341, 8.3, 209, 全球“猎身”
2267273, 7.5, 473, 莲花之上
4746107, 8.6, 154, 我心姐妹
11537699, 7.2, 689, 印度，去十次都不够
1878630, 8.8, 131, 理性与自由
1775301, 9.2, 97, 上帝唇边的长笛
6966737, 8.3, 195, 两次暗杀之间
1474445, 8.8, 125, 静心
1085567, 8.0, 248, 罗摩衍那
1423467, 9.0, 106, 浩渺无垠
4836523, 8.3, 177, 印度神话
2212312, 9.0, 100, 新月集
1503627, 8.9, 107, 吉檀迦利
1292291, 8.8, 115, 白云之道
1077867, 7.8, 276, 沉船
1735262, 9.1, 90, 吉檀迦利・园丁集
1432900, 8.6, 130, Lonely Planet India (Lonely Planet India)
1423464, 8.8, 111, 思考从结论开始吗
2372031, 7.4, 412, 灵异推拿师
1949816, 8.6, 125, 印度佛教史
3761948, 8.1, 192, 拉贾斯坦、德里和阿格拉
21427943, 8.3, 157, 我在印度住了五年
1068019, 8.0, 206, 沙恭达罗
6151791, 8.5, 132, 云使
1892433, 8.6, 121, 智慧奥秘
1085573, 7.9, 223, 印度之行
1809674, 9.3, 73, 徐梵澄文集
6965903, 8.6, 119, Behind the Beautiful Forevers
4879054, 8.7, 109, 回到你心中
10581468, 8.6, 117, 正义的理念
3098292, 9.1, 80, 泰戈尔诗选（吉檀迦利 园丁集）
20390907, 9.1, 79, 自由与荣耀
10765457, 7.8, 223, 高潮
2327357, 9.1, 75, 博伽梵歌原意
5364479, 8.6, 106, 静谧之心
4703304, 8.9, 85, 采果集
4910746, 8.4, 121, 飞鸟集
3196425, 8.9, 83, 园丁集
1144730, 9.0, 76, 摩诃婆罗多--毗湿摩篇
4922703, 8.6, 100, 克里希那穆提画传
1291214, 9.0, 75, 生活智慧
1245515, 9.1, 69, 神圣人生论（全两册）
1493168, 8.2, 133, 韦伯作品集X：印度的宗教――印度教与佛教
2230567, 7.8, 181, 恒河
3064003, 8.7, 84, 吉檀迦利
2378182, 8.0, 147, 图解瑜伽经
1986943, 9.2, 60, 印度佛教史
1141935, 8.0, 145, 游荡与闲谈
1459426, 8.2, 117, The Namesake
6784963, 7.5, 220, 印度之歌
1865725, 8.0, 134, 精灵之城
2052420, 8.4, 95, 圣雄箴言录
26347185, 8.7, 76, 微妙的平衡
6753359, 7.9, 144, 秘密的女儿
3223370, 9.0, 62, 生命的真意
6793126, 8.1, 120, 飞鸟集
4262949, 8.7, 75, 从破碎到完整
2377819, 7.8, 156, 惯于争鸣的印度人
1659013, 8.9, 65, 泰戈尔抒情诗选
2355255, 8.9, 64, 游思集
3099811, 8.7, 73, 你就是世界Ⅱ
2379184, 8.4, 90, Q &amp; A
21966338, 8.4, 90, 心灵日记
2135466, 8.1, 113, 被治理者的政治
1503624, 8.7, 71, 采果集
1272842, 8.7, 70, 采果集
3218406, 8.6, 75, 新月集
3269870, 8.3, 92, 奥义书
6021817, 8.2, 99, 另一个上帝
25698913, 7.4, 208, 印度记
24872436, 8.7, 67, 超越孤独
3427470, 8.6, 71, 飞鸟集
4301498, 8.9, 58, 
1444035, 8.2, 93, 印度哲学概论
1289226, 7.8, 129, 纯粹瑜伽
4851625, 8.3, 84, 甘地的真理
10763915, 8.5, 72, 情人的礼物
11511201, 7.9, 112, 印度，总有人在那里等你去寻找
25716134, 7.6, 145, 印度，漂浮的次大陆
1434365, 9.0, 49, 泰戈尔全集
1886378, 8.2, 83, 印度哲学史略
3127853, 8.0, 96, 野兽的烙印
1478542, 8.5, 65, 天竺旧事
6536641, 9.0, 47, 飞鸟集
4821257, 9.1, 44, 安陀迦颂
2294269, 8.5, 64, 罗摩衍那（一）
3449836, 8.5, 64, 死亡
25858907, 8.0, 92, 走得越远
1071163, 8.6, 58, 印度美术
10354347, 9.0, 45, 哈达瑜伽之光
2233929, 8.5, 61, 印度细密画
2297690, 8.5, 61, 民族主义思想与殖民地世界
1880455, 7.8, 101, 行走在大神中间
1223781, 7.3, 161, 菩提树下太阳雨
1320083, 8.0, 84, 瑜伽的基础
23008777, 8.9, 45, 论真理
2246485, 7.9, 91, 天竺建筑行纪
24385076, 7.9, 90, 番石榴园的喧闹
6520434, 6.7, 315, 在我说愿意之前
20645222, 7.6, 113, 革命2020
25793963, 9.1, 38, 印度生死书(四部奥义书义疏)
11542958, 7.4, 133, 去印度，去印度
1871310, 8.0, 78, 圣雄修身录
3614418, 7.6, 109, 印度哲学祛魅
19970579, 8.7, 47, 年轻时，我的生命有如一朵花
1025380, 8.0, 75, 印度艺术简史
25810092, 8.7, 46, 如其本来
4903505, 8.8, 43, 印度佛教思想史
7004129, 7.8, 87, 爱的能量
4112857, 8.4, 55, India
26816129, 9.2, 34, 五卷书
1275852, 7.3, 137, 民族主义
21993638, 7.3, 137, 印度以下
1011525, 8.1, 67, 未开的脸与文明的脸
1849261, 7.4, 121, 印度的色彩
1057801, 7.6, 100, 瑜伽的故事
1256622, 8.6, 46, 泰戈尔抒情诗选
2062866, 8.6, 45, 吉檀迦利
2010877, 7.7, 86, 印度文化史
4334314, 8.2, 58, 拙火瑜珈
1058228, 8.3, 54, 沉默的另一面
3176776, 6.6, 280, 恒河的女儿
6047831, 7.7, 85, 十字架上的爱
1896545, 7.5, 101, 印度宗教哲学概论
4091110, 9.5, 27, 五十奥义书
2298523, 7.2, 134, 罗摩衍那的故事
4719016, 7.9, 71, 《梨俱吠陀》神曲选
2043875, 8.5, 46, 饥饿的石头
1320077, 8.2, 56, 瑜伽论
2130965, 9.1, 32, 鸿鹄集
1891317, 8.7, 40, 印度古诗选
2279350, 8.8, 37, 吉檀迦利 园丁集
1005400, 8.2, 54, 周天集
3188404, 7.3, 114, 印度史
5404011, 7.3, 114, 印度理工学院的精英们
3294696, 7.5, 94, 印度的智慧
1440564, 7.2, 124, 去印度的多多
4036664, 8.1, 57, 犍陀罗
10506854, 7.0, 151, 步步莲花
2382165, 8.8, 36, 自然与生态
3046998, 8.8, 36, 泰戈尔短篇小说精选
4814118, 9.2, 29, 印度佛教史
4294466, 8.1, 56, 沉思课
2294293, 8.4, 45, 五卷书
2068086, 9.1, 30, 梵佛探
10434822, 8.1, 55, 罂粟海
25748800, 8.5, 42, 请勿打扰
1844865, 7.2, 118, 甘地与印度
1660436, 9.3, 27, 摩哈摩耶
24700117, 8.0, 58, 印度的呐喊
1580236, 8.4, 44, 查尔斯・柯里亚
1970307, 9.0, 31, 泰戈尔诗文精粹
25847337, 6.6, 231, 我从印度活着回来了
2040610, 8.2, 50, 佛本生故事选
1823478, 7.9, 62, 瑜伽之路
24721224, 7.7, 72, 印度狂奔
1022824, 7.7, 71, 基姆
1870180, 7.5, 84, 感受印度
1547853, 7.7, 70, 失落的文明
26115886, 7.4, 90, Half Girlfriend
1547807, 8.6, 37, 古印度六派哲学经典
1740140, 8.6, 37, 喀布尔人
6875697, 7.8, 63, 失落的神谕
26080891, 8.0, 54, 生活即是行动
3797420, 8.4, 41, 泰戈尔诗选
26139904, 7.8, 62, 超级富豪的七次考验
1026856, 9.2, 26, 印度古典诗学
1071172, 8.1, 49, 王冠上的宝石?英属印度
2033697, 9.1, 27, 摩诃婆罗多插话选
11538079, 7.6, 71, 我要心有所属地浪迹天涯
1228300, 8.0, 52, 印度神话
1017946, 8.8, 31, 母亲的话
1922045, 9.3, 24, The Bhagavad-Gita
25866991, 7.9, 54, 手印
1320079, 8.7, 32, 瑜伽书札集
3022364, 7.9, 53, 印度劢
1972063, 8.2, 43, 梵语课本
1843227, 7.3, 87, 印度――走遍全球
2294277, 8.8, 30, 罗摩衍那（二）
3026220, 7.1, 105, 印度教
6088379, 8.9, 28, Lonely Planet India (14th Edition)
5346700, 8.4, 37, 吉檀迦利
1058876, 8.3, 39, 巴布尔回忆录
3527692, 7.8, 55, 印度
1735264, 8.8, 29, 采果集爱者之贻渡口
3741265, 7.3, 83, 周末读完印度史
4770808, 8.4, 36, The Namesake
6389869, 7.5, 68, 极乐印度之旅
2294275, 8.9, 27, 罗摩衍那（五）
1444843, 7.5, 67, 瑜伽的艺术
1388826, 9.3, 22, 摩人的最後@息
2294279, 9.1, 24, 罗摩衍那（四）
1094729, 7.7, 56, 甘地自传（第3版）
1089645, 9.0, 25, 故事海选
1279347, 7.2, 84, 永恒的轮回
1031841, 6.5, 182, 爱经
2969760, 8.4, 34, A序人I：卡斯特w系及其衍生F象
1320082, 8.5, 32, 瑜伽箴言
1968268, 8.5, 32, 论经济不平等
25933439, 7.9, 47, Lonely Planet：印度(2014年全新版)
1028611, 7.4, 69, 印度神话故事
10807005, 8.1, 40, 菩提树下，恒河水上
26772714, 9.0, 24, 尼赫鲁世界史
2294284, 9.5, 19, 罗摩衍那（六）
1255561, 8.5, 31, 吉莉芭拉
4185468, 8.2, 37, 甘地自传
1723562, 7.7, 52, 摩奴法典
25775617, 8.8, 26, 倾听内心的声音
1320088, 8.3, 34, 综合瑜伽
3744124, 8.4, 32, 告别甘地
6901360, 8.4, 32, 斯芬克斯的眼睛
1121792, 7.9, 44, 中国印度见闻录
1552452, 8.7, 27, 印度文化史
1000985, 7.5, 59, 佛陀的故乡
2212715, 7.1, 83, 爱经
4876941, 7.0, 91, 印度
4811280, 8.2, 35, 德兰修女讲故事
2294282, 9.5, 18, 罗摩衍那（七）
2973118, 8.1, 36, 东方文化八题
1055735, 8.9, 23, 梵语文学史
1866346, 7.6, 51, 失窃的收成
1908263, 7.2, 71, 咖喱传奇
10537639, 7.8, 43, 日落俱乐部
3208170, 7.7, 46, 东南亚的印度化国家
20390879, 6.6, 128, 印度十日
3319015, 8.0, 37, Five Point Someone
5408881, 8.0, 37, 与世界同步
25762227, 7.3, 62, 三个白痴
1026771, 6.9, 89, 印度诱惑
1916488, 8.1, 34, 戈拉
10570322, 7.6, 48, 印度通史
4160558, 8.4, 28, 和父亲一起去旅行
1436179, 7.9, 38, 回忆录
2149488, 8.6, 25, 采果集・爱者之贻・渡口
2300762, 8.6, 25, 罗摩衍那（三）
3697464, 6.8, 96, 印度星球
1959132, 8.1, 33, 伐致呵利三百咏
3758490, 8.1, 33, 《梨俱吠陀》精读
1212484, 8.2, 31, 强盗王后璞兰戴薇
5337303, 7.5, 50, 印度瑜伽圣地密码
1267352, 8.0, 35, 圣教论
1142268, 7.9, 37, 古印度
1490421, 7.9, 37, 吉檀迦利
20380041, 7.5, 49, 桑奇三塔
10807895, 7.8, 39, 甘地的武器
2026781, 8.1, 32, 泰戈尔哲理诗选
3208800, 7.0, 74, 印度文明
1719175, 9.2, 18, 泰戈尔诗选
4288728, 8.3, 28, 2 States
1099490, 8.2, 29, 不死与自由
1537413, 7.7, 40, 查尔斯・柯里亚的建筑空间
1196242, 7.8, 37, 种姓与印度教社会
26775342, 8.6, 23, 爸爸尼赫鲁写给我的世界史
1162555, 7.0, 70, 印度史
1821310, 8.5, 24, The Glass Palace
1910883, 8.2, 28, 中国印度之智慧（共2卷）
3777061, 7.9, 33, 印度
25703587, 7.9, 33, 重返西游记
2238332, 8.7, 21, kama Sutra
26306760, 8.1, 29, 生命的所有可能
1556945, 8.5, 23, 泰戈尔抒情诗选
25854543, 8.2, 27, 印度七城行记
4140494, 6.6, 96, 印度慢吞吞
1085010, 7.6, 39, 印度神话传说
6711997, 7.7, 36, 檀香留痕
1155600, 8.6, 21, 西望梵天
1213076, 8.6, 21, 甘地传
10438944, 8.6, 21, 民族主义，真诚与欺骗
3792602, 7.4, 44, 瑜伽体位法
2273732, 8.0, 29, 佛国行
26393094, 8.0, 29, 薄伽梵歌（注释本）
6041384, 8.4, 23, 飞鸟集
1802045, 8.1, 27, 摩诃婆罗多导读
7177004, 6.8, 73, 左脚向前 再度印度
2278362, 8.3, 24, 园丁集
2969713, 7.0, 60, 爱欲正见
4760897, 6.7, 79, 印度之恋
2226603, 8.2, 25, 戈拉
1483858, 8.0, 28, 失群的鸟
1991227, 8.6, 20, 一个少女和一千个追求者
26695270, 8.6, 20, 我走了很远的路，才找到家门
6952338, 7.5, 38, 你不属于
3066037, 7.9, 29, 《罗摩衍那》选
1141384, 7.1, 52, 印度艺术
3697465, 6.4, 105, 客观
24738734, 8.9, 17, 叙事和图画
3792595, 7.3, 43, 瑜伽呼吸控制法
4860588, 7.0, 55, 癌症不是病
2228180, 8.7, 18, 孟加拉掠影
20381155, 8.7, 18, From Frontier Policy to Foreign Policy
1489442, 8.5, 19, 丛林书
21979234, 7.8, 28, The Lowland
20259479, 8.3, 21, 我们的现代性
3880316, 6.9, 55, 终结贫穷之路中国和印度发展战略比较
2305199, 6.5, 82, 龙象之争
11442796, 7.7, 29, 吉祥子
4113144, 6.8, 58, 第二十个妻子
4111195, 7.0, 48, 玫瑰盛宴
2969759, 8.4, 19, A序人II-卡斯特w系及其衍生F象
2297567, 8.2, 21, 饥饿的石头
25792527, 8.2, 21, 生命笔记
2294308, 8.5, 18, 普列姆昌德短篇小说选
4126168, 7.5, 32, 不可思议的印度
1184098, 7.4, 34, 甘地图传
6712404, 7.2, 39, 神童
1033336, 7.6, 29, 午夜的孩子-流亡者.小说卷(A)
1082864, 7.9, 24, 俄罗斯书简
5355629, 7.7, 27, 从西天到中土：印度新思潮读本系列
10875985, 7.2, 38, 新月王子
3930418, 8.4, 18, 社群、组织与大众民主
10567159, 7.9, 23, 美丽与诅咒
4244919, 7.4, 31, 你可以不吃药
22207155, 7.4, 31, 历史意识与国族认同
1329958, 7.0, 42, 印度的遗产
11601997, 8.3, 18, 觉醒的泥足巨人
2077153, 7.1, 38, 天竺心影
2047846, 7.4, 30, 约翰公司
3084590, 6.9, 43, 上帝的基因
2173956, 8.1, 19, 古代印度文艺理论文选
3265342, 7.3, 31, 现在开始练习瑜伽
2302874, 7.6, 25, 印度的发现
1751394, 6.8, 45, 心灵的异境
1228329, 7.4, 28, 印度哲学
2024784, 7.5, 26, 印度文学大花园
6967546, 7.9, 20, 孟加拉国史
3146280, 7.3, 29, 印度智慧
6789827, 6.4, 63, 神秘的印度
1740657, 8.2, 17, 泰戈尔经典诗集
3023701, 8.2, 17, 泰戈尔小说选
25793039, 8.2, 17, 最好的教育是爱
3196421, 8.3, 16, 茅庐集
4873445, 7.4, 26, 我们向印度学什么
7059961, 6.5, 52, 印度！印度！
25734002, 7.6, 22, 全球化与纠结
25727711, 7.0, 33, 印度：绝望与惊喜
10740057, 6.1, 79, 我一开口，这世界就变了
2008751, 8.3, 15, 罗摩功行之湖
2138685, 8.3, 15, A Sanskrit Primer (4th ed.
1879290, 7.9, 18, 因明学概略 因明述要
5917254, 7.8, 19, 尼赫鲁家族与印度政治
26593889, 8.0, 17, 不确定的荣耀
25879595, 7.5, 22, 印度，改变一生的旅行
19997905, 7.0, 31, 印度的故事
25796164, 6.6, 43, 最美的时光在路上
2355825, 8.5, 13, Form of Beauty：The Krishna Art of B.G.Sharma
2308093, 7.2, 26, Chindia
1470244, 7.9, 17, 美赫巴巴语录
6810250, 7.6, 20, 吉檀迦利
26705635, 7.6, 20, 论恐惧
25746681, 8.0, 16, 道从这里讲起
4043472, 6.7, 37, 印度来了
1065464, 8.1, 15, 东方神话传说(第4卷)--印度古代神话
1445178, 8.1, 15, 新月集
26838264, 8.1, 15, 在古老的土地上
3996657, 7.4, 22, 果阿
5429100, 7.4, 22, 玄妙印度
1475306, 6.5, 44, 背包自助游印度
3533238, 6.8, 33, 印度能超越中国吗
11530044, 7.7, 18, 示教千则
3257710, 7.8, 17, 印度佛教史概说
1906475, 7.5, 20, 喝一口a河水
1077041, 6.9, 30, 恒河畔的谜城
1049436, 8.0, 15, 季羡林文集 第十七卷
2983279, 8.1, 14, 印度古代文学史
26761875, 8.1, 14, 印度诸神的世界
2997746, 7.2, 23, 印度均衡
10574971, 7.2, 23, 甘地自传
1915947, 7.7, 17, 戈丹
1921639, 7.7, 17, City of Djinns
2986616, 7.8, 16, 中印文化交流史
25917360, 7.8, 16, 后殖民理性批判
2122075, 7.4, 20, 印度占星W入T
25863472, 7.4, 20, Family Life
1885337, 6.9, 28, 莫卧儿统治下的印度帝国
2258055, 6.5, 39, 印度笔记
1921587, 7.1, 24, 瑜伽的艺术(续篇)
1976282, 7.0, 25, 印度
1042284, 7.5, 18, 印度美术史话
2039596, 7.5, 18, 花园与春天
3606350, 7.5, 18, 季羡林论印度文化
1221114, 7.6, 17, 泰戈尔小说全译（共7册）
3758489, 7.6, 17, 《梨俱吠陀》精读
2007625, 6.5, 37, 印度因明学纲要
1104771, 7.7, 16, 王冠上的宝石
1717496, 7.7, 16, 顺世论
26331258, 7.7, 16, 愿你与自己温暖相拥
3629816, 7.3, 20, 莫卧儿帝国
3445614, 8.1, 13, 印度古代诗选
4141629, 8.1, 13, 天竺诗文
22206822, 7.8, 15, 后殖民与历史的诡计
26719665, 7.0, 24, 印度，和你想的不一样
3201580, 7.9, 14, 榕树
10551915, 7.1, 22, 辉煌灿烂的印度文化的主流
1924852, 6.8, 27, 人与神的狂欢
1133942, 8.2, 12, 波你尼语法入门
21695994, 7.0, 23, 阳光下的清走
24875057, 7.0, 23, 牡U墟中崛起
5243446, 8.0, 13, 古印度文明－－辉煌的神庙艺术
13220855, 7.2, 20, 秘境南亚
26902807, 6.8, 26, 绿色黄金
1754341, 7.8, 14, 季羡林论中印文化交流
10529735, 7.8, 14, 印度朝圣之旅・恒河十二圣地
25725169, 6.9, 24, 印度史
26607691, 6.6, 30, 印度：熟悉而陌生的邻国
2227695, 7.4, 17, The Elephant and the Dragon
3084238, 7.3, 18, 印度文明
1466781, 7.5, 16, A Suitable Boy
1802085, 7.9, 13, 爱者之贻
25808847, 7.2, 19, 走遍全球: 印度 (第2版)
25883976, 7.6, 15, 帕尔法官
7057991, 5.9, 58, 印度爱经
2118471, 7.0, 21, 绿色黄金
4250764, 7.0, 21, 天竺心影
1111558, 7.3, 17, 印度文化余论
2235843, 7.3, 17, 印度揽胜
2368824, 7.3, 17, The Ramayana
6799212, 7.3, 17, 学生梵语语法
24755316, 7.8, 13, 印度さz之旅：在印度遇R哈希
6533615, 7.4, 16, 让头脑变聪明的印度数学
1811504, 7.5, 15, 印度逻辑和原子论
25704660, 6.7, 25, 去印度成长
1206360, 6.8, 23, 莫卧儿帝国
2260064, 7.6, 14, 中国经学（第二辑）
20495903, 7.6, 14, 心理文化学要义
22529004, 7.6, 14, 人格
24667635, 7.9, 12, Lonely Planet India
25795771, 7.9, 12, 从西天到中土
1352969, 7.3, 16, 梵文入T
26858058, 7.3, 16, 东行漫记
1974537, 7.4, 15, 存在・自我・神性(印度哲学与宗教思想研究)
1199247, 7.5, 14, 印度文化传统研究
1923013, 7.5, 14, 因明大疏蠡测
4199609, 7.5, 14, Darsan
10529736, 7.5, 14, 印度朝圣之旅
3531201, 8.0, 11, 泰戈尔作品集（十卷）
1926084, 7.8, 12, 摩诃婆罗多 初篇
10827787, 7.8, 12, 追そ锹涞奈⒐
25714746, 7.8, 12, 印度民主的成功
5355897, 7.6, 13, The 3 (Three) Mistakes of My Life
2014692, 6.2, 34, 印度神话
26821729, 7.1, 17, 印度，风描绘的样子
1356164, 7.2, 16, Holy Cow
1266093, 7.3, 15, 印度吠檀多不二论哲学
1424765, 7.3, 15, 印度两大史诗研究
25900054, 7.4, 14, 在关系中认识自我（精装）
2386935, 7.7, 12, Ancient Hindu Astrology for the Modern Western Astrologer
24854722, 7.7, 12, 印度社会与文化
25833372, 8.1, 10, 印度放浪
1157451, 6.8, 20, 印度文明
25723445, 6.8, 20, 去印度，与诸神同行
1485875, 5.7, 56, 爱经与秘戏
1774910, 7.5, 13, 古印度
4239116, 7.5, 13, 长路漫漫
10774753, 7.2, 15, 美丽的谎言
25828791, 7.2, 15, 印度激情
4191574, 7.8, 11, 印度地图册
26842148, 7.8, 11, 烟河
1434204, 7.6, 12, 印度舞蹈通论
3142414, 7.6, 12, 贵霜佛教政治传统与大乘佛教
6534100, 7.6, 12, 婆罗门教
25762659, 7.6, 12, 印度：神秘的圣境
25793609, 7.6, 12, 印度与中国
26295435, 7.3, 14, 怕什么?人生本来就不确定
6511735, 8.0, 10, 恒河沐浴: 印度教概览
3873321, 6.8, 19, 古印度生活
1921923, 7.4, 13, Maximum City
24845552, 7.4, 13, 困境与反应
26330188, 7.4, 13, 旅行就是出个门儿
10729587, 6.1, 32, 呀!印度
1959133, 7.7, 11, 优哩婆湿
10345012, 6.9, 17, 极客帝国
2027481, 7.1, 15, 印度文化与民俗
3325726, 7.1, 15, 透视印度
2470953, 7.5, 12, Nectar in a Sieve
3158489, 7.5, 12, Smoke and Mirrors
26713981, 7.5, 12, 印度，不可思议
1005961, 6.3, 26, 印度-西藏的佛教密宗
1603989, 6.5, 22, 大梵与自我-商羯罗研究
2266924, 7.6, 11, 印度文化论集
5242361, 7.6, 11, 季羡林全集
26712015, 7.6, 11, 乌尔都语民间故事集
1135071, 7.8, 10, 郑和下西洋考 交广印度两道考
3145386, 7.8, 10, 古印度神话
4836955, 7.8, 10, 梵语文学读本
6127954, 7.8, 10, 迦梨陀娑《时令之环》汉藏译注与研究
3027059, 7.0, 15, 印度崛起的战略影响
3141487, 7.0, 15, 印度文化论
1728973, 6.8, 17, 菩提树下
1180826, 7.4, 12, 印度壁画
3038311, 7.4, 12, 儿童诗-泰戈尔诗歌精选
1445589, 7.1, 14, 印度的罗摩故事与东南亚文学
4834733, 7.1, 14, 象步凌空
1946495, 6.7, 18, 理解CHINDIA
5028611, 6.3, 24, 梵语教程
2424377, 7.2, 13, 梵学集
25840473, 7.2, 13, 印度简史
2294302, 7.5, 11, 斯里甘特.一
1178920, 7.3, 12, 阿输吠陀印度的传统医学
5339445, 6.8, 16, 思考印度
1044724, 7.4, 11, 印度古代文化与文明史纲
1933741, 7.4, 11, 印度与东南亚美术发展史
1959131, 7.4, 11, 印度通史（全四册）
3025404, 7.4, 11, 高级印度史
26184278, 7.4, 11, 我在印度，接近天堂也看地z
20387273, 7.6, 10, 泰戈尔的诗
26676626, 7.6, 10, 大象之殇
1051991, 7.2, 12, 世纪竞争
4294188, 5.9, 31, 印度手绘旅行
3260613, 6.8, 15, 佛陀养生术
7054037, 6.8, 15, 印度神灵探秘
2976836, 6.3, 21, 印度中国如何改变世界
1074372, 7.3, 11, 斯基泰时期
1318715, 7.3, 11, 庶民研究
3174563, 7.3, 11, 生命与言辞
3536291, 6.7, 15, 龙与象
2658205, 7.4, 10, The Guide
26588835, 7.4, 10, 增长为什么重要
1392229, 7.2, 11, 独立后的印度史
4921701, 6.3, 19, 神与王的聚会
1385731, 7.3, 10, Indian Art
10797822, 7.3, 10, 印度秣菟罗早期佛教造像研究
1018751, 7.1, 11, 走近古印度城
1174716, 7.1, 11, 殖民统治时期的印度史
3011827, 7.1, 11, 英迪拉・甘地传
4258362, 7.1, 11, 甘地
5345049, 6.8, 13, 印度印象
10955546, 6.8, 13, 泰姬陵
11631853, 6.9, 12, 塔塔
10535604, 7.0, 11, 泰戈典x
2120391, 6.8, 12, 印度虎
3810001, 7.1, 10, 宗教与印度社会
3809876, 6.7, 12, 占领印度市场
25800073, 7.0, 10, 塔楼最后一人
3346279, 6.8, 10, 印度电影史
2149801, 4.4, 39, 梵语通论
