2017-01-23 16:17:59
Tag: 历史小说
The number of books: 930 

ID, rating, votes, title
1873231, 8.8, 77621, 明朝那些事儿（壹）
3674537, 9.1, 30869, 明朝那些事儿（1-9）
1949338, 8.9, 39229, 明朝那些事儿（贰）
2052448, 8.9, 32663, 明朝那些事儿（叁）
3626924, 9.0, 22762, 明朝那些事儿（柒）：大结局
2253642, 8.8, 30169, 明朝那些事儿（肆）
3009821, 8.8, 27466, 明朝那些事儿（伍）
3274113, 8.9, 22728, 明朝那些事儿（陆）
3079029, 8.8, 7670, 大秦帝国
2317974, 8.4, 7762, 德川家康（第一部）
1062991, 8.4, 7071, 北京法源寺
2133254, 8.2, 9542, 流血的仕途
1037060, 8.6, 4101, 曾国藩（上中下）
2354909, 8.6, 3748, 德川家康（第二部）
1062455, 8.4, 4581, 康熙大帝（共四册）
1185908, 8.5, 3754, 东周列国志（上下）
2348916, 8.8, 2400, 德川家康（第四部）
1752349, 8.7, 2701, 胡雪岩（全三册）
2042629, 8.7, 2687, 九三年
1016595, 8.3, 4492, 雍正皇帝（全三册）
2348914, 8.6, 2855, 德川家康（第三部）
1425075, 8.8, 2002, 大秦帝国・第一部 黑色裂变（上、下）
10464337, 8.3, 3668, 三国机密（上）
2375610, 8.2, 3792, 流血的仕途・终结版
4175473, 8.6, 2199, 波斯少年
6025373, 8.2, 3432, 风起陇西
1441488, 8.4, 2574, 宫本武藏・剑与禅（上下）
1893879, 8.5, 2067, 张居正（全四册）
3290028, 8.5, 2044, 孤城闭
3022257, 8.6, 1789, 德川家康（第五部）
2284574, 8.3, 2571, 织田信长――菊与刀
3228779, 8.7, 1541, 出埃及记
3733083, 8.8, 1285, 你往何处去
2373834, 8.4, 2060, 新宋・十字1
1982427, 9.0, 1011, 大明王朝1566
1425067, 8.7, 1358, 大秦帝国・第二部 国命纵横（上、下）
3783409, 8.7, 1243, 圣殿春秋（上）
4842475, 8.7, 1231, 新选组血风录
1002871, 8.0, 3020, 武则天
3033060, 8.5, 1495, 德川家康（第六部）
3064183, 8.6, 1297, 德川家康（第七部）
5348044, 8.0, 2757, 敦煌
3063893, 8.7, 1091, 德川家康（第十三部）
3064184, 8.6, 1201, 德川家康（第八部）
20501270, 8.6, 1199, 大唐明月1・风起长安
3024940, 8.6, 1198, 新宋Ⅱ・权柄1
3783412, 8.8, 941, 圣殿春秋（下）
4850641, 8.6, 1169, 燃烧吧！剑（上）
4848840, 8.9, 837, 燃烧吧！剑（下）
11534920, 7.9, 2865, 三国机密（下）
5390091, 8.7, 993, 人皮论语
5283663, 8.4, 1410, 另一个波琳家的女孩
3063891, 8.6, 1111, 德川家康（第九部）
3053120, 8.6, 1110, 新宋Ⅱ・权柄2
1425072, 8.8, 853, 大秦帝国・第三部 金戈铁马（上、下）
4894982, 7.8, 2962, 历史是个什么玩意儿4
3347929, 8.8, 829, 《德川家康》
20470934, 7.8, 2923, 三国配角演义
2970172, 8.6, 985, 新宋・十字2
3004594, 8.6, 951, 新宋・十字3
1464085, 7.8, 2647, 柔福帝姬
4733975, 8.4, 1175, 影武者（上卷）
5254242, 8.2, 1475, 嗜血的皇冠
3101286, 8.6, 885, 新宋Ⅱ・权柄4
3069940, 8.6, 881, 新宋Ⅱ・权柄3
3063892, 8.5, 978, 德川家康（第十部）
10605328, 8.5, 935, 红顶商人胡雪岩
3183693, 8.6, 807, 新宋Ⅱ・权柄5
3239554, 8.6, 804, 新宋Ⅲ・燕云1
3253983, 8.2, 1257, 原来这才是春秋 第一部:《称霸》
25802944, 8.2, 1249, 大唐李白・少年游
1861909, 8.3, 1104, 项羽与刘邦
3074411, 8.5, 861, 丰臣家族
24529164, 8.1, 1394, 楼兰
3056595, 8.5, 854, 德川家康（第十二部）
1425069, 8.6, 761, 大秦帝国・第四部 阳谋春秋（上、下）
26148896, 8.5, 837, 北平无战事
4320806, 8.8, 598, 关原之战
20501271, 8.6, 736, 大唐明月2・谋断恩仇
6791427, 7.8, 1974, 帝国最后的荣耀
1058881, 8.5, 809, 曾国藩（第三部）
3306270, 8.6, 709, 新宋Ⅲ・燕云2
3766379, 8.6, 701, 新宋Ⅲ・燕云3
3056596, 8.4, 857, 德川家康（第十一部）
21336788, 8.7, 617, 大唐明月3・西域烽烟
4000908, 8.9, 489, 金瓯缺
3072649, 7.9, 1537, 窃明
1069451, 8.3, 901, 康熙大帝(1)-夺宫
1451580, 8.4, 785, 雍正王朝
1801923, 8.4, 775, 红顶商人
1051674, 8.4, 767, 曾国藩（第一部）
11587576, 7.6, 2130, 大清相国
1045208, 8.6, 605, 曾国藩（第二部）
21346268, 8.7, 545, 大唐明月4・碧血黄沙
1056164, 9.0, 363, 慈禧全传(六卷八册)
5939321, 8.8, 435, 坂本龙马 第一部
1205653, 9.1, 330, 大秦帝国（第一部 上下）
1084079, 7.9, 1190, 少年天子
20428304, 8.5, 583, 天平之甍
1227577, 9.0, 356, 大秦帝国・第三部 金戈铁马（上、下）
6533206, 7.5, 2066, 卑鄙的圣人：曹操
5336752, 8.5, 576, 新宋Ⅲ・燕云4
3574499, 8.4, 620, 原来这才是春秋 第二部：争霸
3633809, 8.8, 411, 辛德勒名单
3275066, 8.2, 774, 十字军骑士
1095889, 7.7, 1425, 乾隆皇帝（全六册）
3125825, 7.9, 986, 上杉谦信
1961248, 8.5, 493, 康熙大帝
1427278, 8.8, 365, 青铜时代的恐龙战争
1025103, 8.5, 479, 伪满洲国（上下）
1427402, 8.6, 422, 青铜时代的蕨类战争
1801929, 8.5, 452, 灯火楼台（全三册）
6312980, 8.1, 695, 嗜血的皇冠 大结局
1808600, 7.8, 993, 皇后之死
3520218, 7.9, 823, 德川家康
2027999, 8.6, 376, 布拉热洛纳子爵
1044347, 9.0, 259, 走向共和（上中下）
1292310, 7.5, 1363, 说岳全传
2973558, 7.7, 1017, 丰臣秀吉（上下册）
3264135, 8.2, 542, 武田信玄（上下）
26899537, 9.2, 207, 长安十二时辰 上
1264804, 8.2, 521, 暮鼓晨钟
3071235, 7.3, 1609, 如果这是宋史
6750340, 7.8, 796, 卑鄙的圣人：曹操.第2部
10463121, 8.6, 331, 大秦帝国・第五部 铁血文明
4044680, 8.4, 399, 贾志刚说春秋之三
25880334, 8.7, 298, 大唐明月6・谁家天下（完）
6827367, 8.0, 614, 卑鄙的圣人：曹操.第3部
1084884, 8.2, 489, 二十年后
1542075, 8.6, 324, 胡雪岩全传（共七册）
1427514, 8.7, 292, 青铜时代的鳄鱼战争
26342182, 8.7, 292, 天堂之火
10807797, 7.6, 990, 战国纵横：鬼谷子的局
25839869, 8.7, 284, 大唐明月5・云诡波谲
1030817, 8.3, 419, 康熙大帝(2)-惊风密雨
25868476, 8.8, 259, 裂国・大王图
2061219, 8.9, 237, 朔风飞扬
3271254, 8.4, 372, 隋乱1・塞下曲
1200827, 8.1, 506, 白门柳（全三册）
1014453, 8.2, 453, 雍正皇帝・雕弓天狼
2279945, 8.5, 331, 天才教育从早期抓起
1427297, 8.7, 272, 青铜时代的蜥蜴战争
4117627, 8.6, 296, 千古名将英雄梦（壹）
3120720, 8.2, 434, 窃明2
1200849, 7.8, 681, 李自成
2118290, 8.9, 219, 兴唐传（全四册）
1782150, 8.6, 284, 武则天
5260193, 7.7, 744, 狼厅
4044679, 8.3, 375, 贾志刚说春秋之二
4838107, 8.1, 455, 新宋
1054127, 8.4, 333, 康熙大帝(4)-乱起萧墙
4909251, 8.4, 333, 无尽世界（上）
1085575, 8.3, 361, 特洛伊之歌
1074418, 8.3, 353, 康熙大帝(3)-玉宇呈祥
25918436, 8.3, 352, 大唐李白・凤凰台
3214462, 8.2, 389, 窃明3
6778490, 8.9, 200, 坂本龙马 第二部
16636512, 8.7, 237, 二月河文集 康熙大帝 雍正皇帝 乾隆皇帝 （套装共13册）
4210813, 8.1, 413, 孔子
4760894, 8.5, 275, 贾志刚说春秋之五
24764940, 8.4, 302, 卑鄙的圣人：曹操.第9部
7057590, 8.0, 456, 卑鄙的圣人：曹操.第4部
10558940, 8.1, 405, 卑鄙的圣人：曹操 第5部
20259784, 8.6, 247, 大崩溃
3255919, 8.1, 390, 窃明5
1020587, 8.0, 433, 张之洞（全三册）
1015489, 8.1, 383, 杨度（全三册）
3608327, 8.2, 343, 窃明6
3249938, 8.1, 380, 窃明4
5295745, 8.6, 229, 蒙古往事
1464897, 8.1, 366, 明朝的皇帝
4259606, 8.3, 298, 说春秋之四天下大乱
3276833, 7.4, 835, 如果这是宋史2・太宗、真宗卷
4157756, 8.6, 222, 项羽与刘邦 第二部
26368072, 7.8, 499, 楚亡
10794443, 8.1, 353, 卑鄙的圣人：曹操.第6部
3411361, 7.8, 482, 伊达政宗
1393337, 8.0, 384, 雍正皇帝・恨水东逝
10464623, 9.0, 153, 坂本龙马  第三部
1322214, 7.5, 676, 汴京残梦
3527567, 8.3, 271, 历史的暗角
1964357, 8.2, 298, 贞观长歌
20395899, 8.4, 244, 流浪者史诗
1043085, 8.1, 326, 孝庄秘史
11529224, 7.9, 399, 战国纵横：鬼谷子的局2
1223881, 7.5, 642, 亭长小武
7047165, 9.0, 142, 坂本龙马 第四部
10344038, 7.5, 622, 大唐泥犁狱
5406556, 8.4, 233, 无尽世界（下）
3142156, 8.7, 178, 战国纵横2：飞龙在天
24859728, 8.2, 280, 战国纵横：鬼谷子的局7
3795516, 7.6, 532, 源义经:镰仓战神
3575831, 8.0, 333, 卜案
25887908, 8.6, 188, 提堂
1432903, 7.1, 1031, 华丽血时代
3617189, 7.7, 461, 庞贝
3891656, 7.5, 585, 如果这是宋史3・仁宗盛世卷上
5290511, 8.6, 185, 影武者（中卷）
1456313, 8.7, 170, The Crucible
1202226, 9.7, 83, 三国演义
1274150, 8.0, 312, 伦敦塔
3335348, 8.4, 211, 隋乱贰・功名误
11529225, 8.3, 231, 红顶商人胡雪岩2
11529223, 7.9, 337, 战国纵横：鬼谷子的局3
11443221, 8.5, 188, 卑鄙的圣人：曹操.10，大结局
11607993, 8.4, 204, 金瓶梅笑传
1531569, 9.2, 107, 二月河文集
20373322, 8.1, 267, 卑鄙的圣人：曹操.第7部
6894467, 7.2, 777, 血腥的盛唐
5956228, 9.0, 123, 拍翻御史大夫 六 紫玉卷
20260812, 8.0, 294, 战国纵横：鬼谷子的局4
26686803, 9.0, 122, 葬礼竞技会
24292290, 7.3, 668, 兰陵王
5501787, 8.3, 211, 贾志刚说春秋之六-圣贤本色
4252718, 7.6, 438, 如果这是宋史4：仁宗盛世卷(下)
3561593, 8.1, 252, 重生于康熙末年（一）
26899538, 8.6, 156, 长安十二时辰 下
4162707, 8.2, 222, 乾隆皇帝（全六册）
3573651, 8.4, 184, 隋乱3
1031034, 7.3, 593, 上官婉儿
1221016, 8.5, 165, 骇版战国
3288009, 7.8, 323, 篡清1・京华烟云
4039407, 7.5, 453, 长沙白茉莉
1066972, 8.8, 126, 少年天子. 顺治篇（上下册）
1255473, 8.2, 207, 梦断关河
5030313, 8.5, 157, 江山4・金戈铁马
11627763, 8.5, 155, 李逵日记之聚义厅
4864244, 7.6, 377, 如果这是宋史5 王安石变法卷
1479251, 7.7, 336, 明：1扬帆，2大风（全2册）
20282597, 8.7, 131, 王阳明 第贰部
3726763, 7.7, 333, 花之庆次
26869266, 8.6, 141, 三国谍影：暗战定军山
20440846, 8.1, 216, 卑鄙的圣人：曹操.第8部
4140444, 7.9, 263, 傀儡之城
5391811, 8.4, 164, 影武者（下卷）
2252403, 7.5, 408, 盂兰变
1621128, 8.8, 118, 火与剑
1256231, 8.1, 214, 倾城倾国
3141497, 7.4, 458, 风林火山
1105865, 7.6, 359, 乾隆皇帝（全六册）
20440845, 7.9, 258, 战国纵横：鬼谷子的局5
24863220, 7.9, 255, 塞北三朝・辽
1000734, 8.6, 135, 巴黎圣母院
26253700, 8.9, 105, 城塞
4851822, 7.8, 268, 窃明第二部・虎狼
26390716, 8.1, 194, 大唐李白・将进酒
3025881, 7.6, 325, 说唐
5346214, 8.4, 148, 江山5・三分天下
1835275, 8.6, 125, 刘邦大传
20470494, 8.1, 192, 职场成人礼
2358988, 7.6, 318, 奔流
4175458, 8.2, 172, 十月围城前传
26274359, 9.1, 85, 夏威夷史诗
1420338, 7.8, 250, 我，卫子夫
4262665, 7.5, 348, 孔子
1418716, 8.2, 169, 苍狼
11620291, 8.1, 184, 红顶商人胡雪岩3
3643184, 8.3, 152, 隋乱肆・扬州慢
3748844, 8.3, 151, 隋乱伍・水龙吟
25858076, 7.9, 218, 国盗物语
1732805, 7.5, 332, 五胡录
1086741, 8.4, 136, 茂陵秋
1038813, 8.2, 161, 秣陵春
3007107, 7.9, 213, 北方佳人
22139039, 7.8, 235, 战国纵横：鬼谷子的局6
20282596, 8.6, 114, 王阳明三部曲之三 王阳明・我心光明
3512948, 8.0, 189, 甲午战争
1152012, 8.0, 188, 宫本武藏1:地之卷
3374615, 7.7, 253, 极品家丁7
1075392, 7.8, 227, 艾凡赫
4604539, 8.0, 186, 苍穹之昴（上）
4196795, 7.4, 343, 秘本三国志
3879019, 8.3, 138, 隋乱陆
4882009, 7.6, 268, 墨攻
5367393, 8.3, 136, 最高权力
26170409, 8.2, 147, 战国纵横：鬼谷子的局8
6426478, 8.9, 84, The Red Necklace
26919826, 9.7, 51, 燕云台
4023238, 8.2, 143, 篡清3・不一样的甲午（上下）
1010977, 8.1, 156, 天下粮仓
1093957, 8.5, 111, 东周列国志（上下）
2035665, 7.4, 314, 武则天
26416785, 8.6, 99, 地图里的兴亡：秦，从部落到帝国（上）
10564092, 7.7, 219, 海啸
1875481, 8.2, 136, 二鬼子李富贵
1082108, 7.3, 341, 德龄公主
6052462, 7.5, 270, 如果这是宋史6 后改革时代卷
1001352, 8.3, 124, 延陵剑
1038131, 8.3, 123, 五陵游
1042042, 8.7, 90, 孔子
1844795, 8.7, 90, 李卓吾批评本西游记（上下）
1271147, 7.8, 190, 乾隆皇帝(1)-风华初露
6306745, 8.6, 95, 隋y典藏套
25815585, 7.7, 206, 大谋小计五十年：诸葛亮传
25923098, 7.3, 321, 楚墓
1039831, 8.2, 129, 智圣东方朔.天纵
3835547, 8.2, 128, 拉美西斯五部曲
1075975, 7.6, 223, 李娃
3421785, 8.0, 149, 篡清2・朝鲜风云
4826959, 8.0, 149, 开国功贼1?好人歌
1028958, 8.2, 125, 母子君臣
25826920, 8.1, 136, 大秦帝国 第六部
3726764, 7.7, 198, 天地人
6441378, 8.0, 148, 贾志刚说春秋之七
10524729, 7.7, 196, 太平鬼记
25790920, 7.8, 177, 西域列王纪
19977140, 7.9, 160, 丰臣秀吉
1742984, 8.5, 95, 反基督：彼得和阿列克塞
1141888, 8.7, 82, 康熙大帝(两卷本)
4140408, 7.6, 212, 忍者之国
1152013, 8.1, 130, 宫本武藏2：水之卷
1016920, 8.2, 119, 吴越春秋(上下)
6540711, 7.9, 155, 真田太平记（一）
1025484, 8.4, 101, 智圣东方朔--白金卷（上下）
26338015, 8.6, 86, 民企教父沈万三
1013431, 8.3, 108, 胭脂井（上下）
3361355, 8.4, 99, 鸦片战争（全三册）
2239434, 6.8, 544, 胡雪岩
1068734, 7.6, 202, 荆轲
1336980, 8.5, 91, 德川家康全魑彀(1-53)
4320813, 7.7, 181, 鞑靼风云录
3798874, 8.8, 73, 大秦帝国(套装全6部11卷)
1061149, 8.5, 90, 雍正王朝
3054779, 8.1, 124, 宫本武藏
3428289, 8.4, 97, 康熙王朝
3283010, 7.7, 178, 鸦片战争实录
1801928, 8.3, 103, 三春争及初春景（全三册）
26637035, 7.4, 239, 武则天
1076948, 8.1, 120, 智圣东方朔--天怒（上中下）
3726021, 8.8, 70, 井上靖西域小说选
1048247, 7.9, 142, 百万年神殿
1506654, 7.6, 189, 婴齐传
4166893, 8.9, 65, 岳飞传（上）
1551359, 8.2, 107, 亚历山大三部曲（共三册）
1450551, 7.1, 325, 曹操
4173396, 7.5, 204, 家族
4007892, 8.7, 72, 新宋03
1853935, 8.2, 104, 蒙梭罗夫人（上下）
1054215, 8.1, 112, 卡叠什战役?拉美西斯五部曲之三
1057926, 7.7, 161, 补天裂
4095404, 8.4, 88, 先秦凶猛
1034733, 8.0, 121, 张居正?木兰歌
1882004, 7.7, 159, 中国上下五千年
20283436, 7.7, 159, 如果这是宋史8・南宋卷：官宦王朝（2）
5979652, 7.2, 271, 白王后
26241644, 7.8, 143, 国盗物语：斋藤道三
1078064, 8.3, 93, 红楼梦断(1-4)
4095411, 8.9, 60, 秦虎狼..并天下
1000859, 8.0, 117, 瀛台落日（上下）
3117554, 8.1, 107, 清朝的皇帝
3359743, 8.3, 91, 虽远必诛
1088309, 8.0, 116, 乾隆皇帝6
1518737, 8.5, 77, 大秦帝国・第二部 国命纵横（上、下）
1801919, 7.9, 124, 印心石
6860198, 9.1, 51, 权谋之业
3714654, 7.6, 161, 女教皇
1002922, 7.9, 121, 皇后之爱?拉美西斯五部曲之四
1547065, 6.9, 359, 帝国的正午
25981299, 7.7, 145, 和|：帝王心腹
10618123, 7.5, 176, 信长之棺
2274670, 7.4, 195, 谁杀死了秦帝国
25918025, 7.9, 119, 幕末
1023929, 7.5, 174, 光明之子
23011195, 7.3, 215, 浪人
19982410, 7.7, 142, 红顶商人胡雪岩4
2281436, 8.6, 68, 唐.玄武门
26579749, 7.3, 213, 芈月传・贰
2368076, 7.2, 236, 两宋王朝
2128485, 9.2, 45, 三国演义
3237000, 9.1, 47, The Alexander Trilogy
1002117, 8.0, 101, 洋槐树下
1002938, 7.3, 197, 道明寺
2035664, 6.7, 419, 高阳公主
2267345, 9.2, 44, 我，克劳迪亚斯
25872596, 8.1, 92, 明宫秋词(2)：莫相负
1801921, 8.2, 84, 大野龙蛇（全三册）
1068076, 7.4, 173, 柳如是・柳叶悲风
2000672, 7.7, 128, 诸葛亮
4221512, 7.7, 128, 小说十八史略（全五册）
1310210, 7.5, 155, 秦相李斯
1046297, 8.3, 77, 宫本武藏3：火之卷
1088439, 7.7, 126, 乾隆皇帝(5)-云暗凤阙
4766970, 7.7, 126, 德川家光（第一部 守正出奇）
2358985, 7.5, 151, tm
6902724, 8.4, 70, 永乐风云1
25716188, 7.7, 124, 如果这是宋史10
24737058, 8.0, 95, 河流之女
1801917, 7.8, 112, 曹雪芹别传（上下）
2058844, 7.3, 183, 赌徒陈汤
5260236, 8.2, 79, 开国功贼3・猛兽行
6877611, 7.6, 132, 张马丁的第八天
2115592, 8.8, 52, 桂系演义
11554039, 8.8, 52, Winter of the World
2148644, 7.6, 129, 风云信长传
3056631, 7.2, 195, 埃及女王纳芙蒂蒂
1050424, 8.9, 48, 商周春秋
24749787, 8.9, 48, 新娘船
5255370, 8.2, 77, 开国功贼2・柳絮词
6869019, 8.2, 77, 真田太平记（三）
1958875, 6.9, 274, 大唐帝国
4720661, 7.8, 105, 苍穹之昴（下）
4900427, 8.4, 65, 一代军师・卷壹・南楚奇葩
2976429, 9.4, 35, 三国少年英雄记
7062220, 8.6, 55, 走向共和
26288953, 8.0, 84, 我在大清官场30年
1149043, 7.7, 108, 两晋演义
25937910, 7.7, 108, 希望1
10566847, 7.6, 118, 官宦王朝
6985654, 7.4, 143, 天璋院笃姬
3222440, 6.7, 323, 石羊里的西夏
2227284, 8.5, 57, World Without End
1426335, 8.4, 61, 前汉演义
6438029, 8.4, 61, 大帅府
6773189, 7.8, 97, 真田太平记（二）
10750460, 7.2, 173, 司马懿吃三国
1926001, 8.2, 70, 萨朗波
20256538, 7.6, 115, 红顶商人胡雪岩6
2361716, 7.4, 139, 指南录 1
25845472, 8.0, 81, 大谋小计五十年：诸葛亮传 第2部
26323705, 7.8, 95, 碧台空歌
25789293, 8.7, 49, 《王阳明》三部曲典藏版
10456066, 7.9, 87, 青梅煮酒话西汉之楚汉争霸
10483452, 7.8, 94, 盛唐
4713881, 7.7, 102, 篡清4・两江风雷
1021861, 7.8, 93, 王昭君出塞曲/花非花历史小说系列
6902915, 8.7, 48, 永乐风云（第2卷）
25796007, 7.1, 183, 帝王师：刘伯温
1506007, 8.3, 62, 百年匪王
26810905, 8.2, 66, 曾国藩：又笨又慢平天下
4095406, 8.7, 47, 先秦凶猛
3699660, 7.5, 118, 刺客
21240832, 8.3, 61, 帝宴
1223740, 8.8, 44, 大波（全三册）
2229948, 7.3, 143, 青梅煮酒话西汉之文景之治
4105039, 7.5, 117, 成吉思汗
1756043, 7.1, 176, 薛刚反唐
1075248, 8.0, 75, 张居正
4827469, 8.0, 75, 严流岛后的宫本武藏（上下）
19989238, 7.4, 127, 红顶商人胡雪岩5
3179260, 7.3, 140, 帝国的软肋
4937555, 7.3, 140, 曾国藩发迹史（下）
10758700, 8.2, 64, 平家物语1（宫尾本）
1064116, 7.8, 87, 西去的骑手
3271914, 7.8, 87, 大唐御医3
1059594, 7.9, 80, 明成祖传
26352566, 7.0, 192, 空岛
2120274, 9.1, 36, 洪流
1049410, 7.3, 138, 龙票
20266038, 7.1, 170, 女王的弄臣
6533514, 6.9, 214, 三国
2148844, 7.3, 136, 像曹操一样活着
1020747, 7.9, 78, 首相的正义
20266035, 7.3, 134, 永恒的王妃
2984824, 7.2, 148, 玉体横陈
26276896, 8.6, 47, 壬生义士传
26164818, 8.3, 57, 大谋小计五十年：诸葛亮传.第5部，大结局
4202312, 7.3, 131, 宫本武藏
5337237, 7.7, 90, 史上最牛日本人
25752985, 7.4, 118, 孔明，你又乱来了
1442651, 6.2, 554, 达尔文的阴谋
25953927, 8.2, 60, 大谋小计五十年：诸葛亮传 第4部
3597963, 7.3, 126, L翔f里
1983100, 6.9, 194, 大明朝的另类史
3013077, 7.1, 153, 春秋战国
6390078, 7.4, 112, 太平洋战争
24737055, 7.7, 85, 拥王者的女儿
26349184, 8.5, 47, 帝国政界往事
3176214, 7.9, 72, 怒海争锋
1683522, 8.4, 50, 同光大老
25895225, 8.0, 66, 大谋小计五十年：诸葛亮传 第3部
26363074, 7.2, 134, 绍兴十二年
1048473, 7.6, 89, 清末四公子
1135343, 8.0, 64, 斯大林
2257939, 6.8, 204, 天竺热风录
1045113, 7.3, 117, 武则天
5296866, 7.5, 95, 篡清5・鼎之轻重
3726768, 6.6, 258, 真田幸村
5476955, 8.1, 58, 德川庆喜（第一部）
1061298, 7.3, 114, 明末四公子
1491650, 7.2, 126, 叶赫那拉
1032196, 7.6, 86, 吕后・宫廷玩偶
1801918, 7.5, 94, 苏州格格
1329977, 7.1, 139, 从鸦片战争到五四运动
1053741, 7.5, 93, 太平天国史（全四册）
3550014, 7.0, 152, 鱼玄机
2281248, 7.3, 111, 爱江山更爱美人
1941269, 7.5, 91, 贞观之治
4241024, 8.3, 48, 战国纵横
2331662, 9.1, 30, 南北乱世情（上下）
26663582, 7.6, 81, 帝王师：张居正
1057844, 7.0, 144, 风尘三侠
3299978, 6.9, 161, 帝国的正午
1202075, 8.1, 54, 系列长篇小说-乾隆皇帝-夕照空山
4061914, 8.3, 47, 风流
10529477, 8.3, 47, 真田太平记（七）
10618189, 8.4, 44, 真田太平记（十一）
1968719, 7.4, 95, 武则天. 女皇
1409479, 7.5, 86, 龙战三千里
25938347, 7.4, 94, 醉枕江山
25913452, 7.5, 84, 星河
3497635, 8.0, 56, 最后的可汗
1322164, 7.1, 122, 凤尾香罗
1148677, 7.7, 70, 南北史演义
1029967, 7.4, 90, 风流才子纪晓岚
3179270, 7.1, 120, 杨贵妃传
1853939, 7.9, 59, 四十五卫士
26789674, 8.4, 41, 武则天2
20266037, 7.1, 117, 处女的情人
1801927, 7.4, 85, 水龙吟
4241025, 8.4, 40, 战国纵横
1291049, 7.6, 71, 星星草
2343609, 9.0, 28, 李陵传奇之风云乍起
5364370, 7.1, 110, 八大胡同
1088331, 7.8, 59, 李自成 第2卷
19930666, 7.6, 69, 木垒河
4900426, 8.2, 44, 一代军师・卷贰・凤仪传奇
1087342, 7.6, 68, 秦始皇
2009118, 7.6, 68, 女人武则天
1741804, 7.9, 53, 小白菜（上下）
3272665, 7.4, 79, 猎天下
3177991, 6.7, 163, 门阀乱
3598045, 6.4, 240, 鹄奔亭
7058465, 7.2, 94, 三国-第二部：龙争虎斗
2156082, 7.1, 103, 呼家将
3625050, 7.1, 103, 太平天国
1210491, 7.5, 71, 红屋骑士
26349199, 8.2, 42, 帝国政界往事：大明王朝纪事
1322096, 7.4, 77, 安乐堂
19985944, 7.8, 55, 司马懿吃三国.3
5366494, 7.3, 83, 异教王后
1067245, 7.6, 64, 状元娘子
5419514, 8.0, 47, 东吴帝国
26757275, 8.0, 47, 战国纵横:鬼谷子的局（套装共8册）
26640951, 8.7, 30, 洛神赋
10544801, 8.0, 46, 太平洋战争（第2卷）
25806739, 7.5, 67, 中日恩怨两千年2
2259284, 8.8, 28, 官场斗
25964995, 8.8, 28, 征服者成吉思汗1
24737057, 7.0, 105, 红女王
25958171, 7.9, 48, 希望2・1958-1967六日战争
20503816, 7.4, 71, 唐太宗政变24小时
1318191, 6.6, 162, 人间之剑
3063665, 8.0, 44, 前汉演义（上册）
6069083, 8.4, 34, 士为知己者死
1027529, 8.5, 32, 万古风流苏东坡（上下）
20503811, 7.9, 47, 司马懿吃三国5
4927131, 8.6, 30, 东方的野心
11524095, 7.4, 69, 司马懿吃三国2
1000029, 7.5, 63, 中华人民共和国演义
3359755, 7.6, 58, 雍正皇帝
3199415, 8.0, 43, 烟消云散
4843774, 7.9, 46, 卢作孚（全三册）
2042881, 7.7, 53, 金缕鞋
3199407, 8.2, 37, 萧瑟洋场
10199224, 8.6, 29, 永乐风云（第4卷）
6081346, 7.1, 86, 赫德的情人
25774719, 7.4, 65, 波琳家的遗产
6526398, 7.6, 55, 斧声烛影
6955078, 7.6, 55, 真田太平记（四）
20493371, 7.8, 47, 司马懿吃三国4
2967517, 9.1, 22, The Last of the Wine
1010939, 7.5, 59, 孝庄皇后
10618191, 7.9, 43, 真田太平记（十二）
4053598, 7.8, 46, 遍地月光
21268114, 7.8, 46, 盛唐领土争夺战2
1261814, 8.0, 40, 万古风流苏东坡(人望上下)
11026645, 8.3, 33, 盛唐 卷二 P山月
1375514, 8.8, 25, 康熙大帝－玉宇呈祥（三）＜二月河作品集
3534003, 7.1, 82, 那时英雄
26443902, 8.4, 31, 罗马帝国兴亡史
4250739, 8.7, 26, 隋y１
1010104, 7.6, 52, 无后为大
6985660, 7.6, 52, 真田太平记（六）
2009121, 8.0, 39, 玄鸟
24539415, 7.4, 61, 在黑夜遇见历史
10342949, 8.3, 32, 永乐风云（第3卷）
25717095, 8.2, 34, 告别梵高
1959096, 7.1, 79, 蒙古苍狼
26767045, 8.4, 30, 宋慈大传
2095574, 7.8, 44, 清官册
1045494, 7.9, 41, 圣人
6985659, 7.6, 51, 真田太平记（五）
1488745, 7.5, 55, 鸳鸯谱
1489089, 7.2, 70, 紫玉钗
1056107, 7.5, 54, 洛神
1518413, 7.9, 40, 韩信
10738415, 7.7, 46, 大汉公主
26425191, 8.4, 29, 奥斯维辛骷髅俱乐部
26740363, 8.4, 29, 阳谋天下刘伯温
1641453, 7.1, 75, 赛金花凡尘
1203423, 7.3, 62, 陈圆圆
2161809, 6.8, 100, 黄真伊
1014404, 6.9, 90, 太平天国(上中下)
1782148, 9.0, 21, 孙武
1865876, 8.5, 27, 宛如飞翔（二）
20380805, 8.5, 27, 盛唐 卷四
2007283, 8.1, 34, 卧薪尝胆
3879032, 7.1, 73, 丰臣秀吉1
2979463, 7.3, 61, 深宫孽海
1145134, 8.0, 36, 汉末党锢之谜
3992777, 8.0, 36, 猎天下2
1489080, 7.8, 41, 林冲夜奔
10733226, 7.7, 44, 和氏璧
24152734, 7.7, 44, 白门柳2
10354741, 7.3, 60, 民国就是这么生猛04袁氏称帝
24383405, 8.6, 25, 晚清帝国风云（下）
4164346, 6.9, 85, 酷的刑史
1823353, 7.3, 58, 战国城砦群
1925073, 6.8, 92, 恺撒大传
1488737, 7.6, 45, 宫闱搜秘
1075252, 8.0, 34, 高阳作品集（第一辑）
1845108, 8.5, 25, 秦恨Ⅰ
1139602, 7.7, 41, 虎符
3063668, 7.7, 41, 前汉演义（下册）
4237829, 7.7, 41, 牟氏庄园
1004379, 6.8, 89, 乾隆韵事
4140442, 6.9, 80, 明治天皇
2111254, 7.8, 38, 拔都-征战欧洲
1086967, 7.0, 72, 正德外记
1068857, 6.9, 79, 丁香花
3333062, 7.6, 43, 狂狷上不了天堂
20380807, 8.3, 27, 盛唐 卷五
6024391, 8.5, 24, 为了皇帝
6824555, 8.0, 32, 狼灾记
2111255, 7.0, 68, 蒙古帝国
6125410, 7.0, 68, 江户大名
25918034, 7.1, 62, 白公主
10618188, 7.7, 38, 真田太平记（十）
20382537, 7.7, 38, 丰臣秀吉：新书太阁记
1450496, 8.3, 26, 湘江之战
10488193, 8.3, 26, 少年康熙
1530819, 7.9, 33, 李自成 第3卷
1139604, 7.5, 43, 秦王恨
10526475, 7.5, 43, 真田太平记（八）
1068644, 7.4, 46, 柏台故事
3202404, 8.0, 30, 皖南事变
2297664, 6.9, 70, 青山一发
26342505, 7.8, 34, 熬过：完整讲述共和国历史上最折腾的岁月3
20563090, 7.3, 49, 锦衣夜行2・江南行
26311303, 8.1, 28, 罗马帝国
1555874, 7.4, 45, 秦始皇大传（上下册）
3299861, 6.8, 76, 纵欲时代
10594329, 7.5, 41, 真田太平记（九）
1269973, 6.9, 68, 汉尼拔(进攻罗马城)
3166688, 8.4, 23, vヶ原〈中〉
25710874, 8.4, 23, 了不起的败国者
26342499, 7.7, 35, 熬过：完整讲述共和国历史上最折腾的岁月2
3813901, 7.3, 47, 春秋那些事儿-吴越争霸卷
1817627, 7.5, 40, 金色昙花
2061360, 7.5, 40, 美室
20492429, 7.5, 40, 汉武大帝
2150978, 7.1, 55, 铁血战国
1185868, 8.3, 24, 北大之父蔡元培
3286074, 7.4, 43, 春秋霸事笔记・齐册
5406242, 7.6, 37, 爱尔兰往事
26435001, 7.6, 37, 功名十字路
2312792, 7.2, 50, 大唐风月
5362336, 7.8, 32, 春秋那杆秤
2156079, 7.0, 59, 大将曹彬
4039222, 7.0, 59, 南北英雄志
20380810, 8.0, 28, 盛唐 卷六
4141929, 7.5, 39, 德川家康
1104332, 7.2, 49, 草莽英雄（上、下）
10529090, 7.2, 49, 三国 第三部：孔明出山
1578183, 8.6, 20, 子贡出马
1330452, 7.4, 41, 冰宫
4168129, 7.4, 41, 帝国2.0时代
4945589, 7.5, 38, 刘邦是怎样炼成的
6809330, 6.3, 119, 民国就是这么生猛3
1975384, 6.8, 68, 杨家将演义
20380804, 8.0, 27, 盛唐  卷三
25975425, 7.8, 30, 读懂春秋，就懂了当下
6015651, 7.2, 46, 欲望是把双刃剑
2347539, 7.6, 34, 魏忠贤
3223741, 8.5, 20, 火与剑 下册
25833650, 7.3, 42, 另一个女王
1086950, 8.0, 26, 徐老虎与白寡妇
1085080, 7.7, 31, 命运的嘲弄 拉杜比丝 底比斯之战
1087025, 7.7, 31, 吕不韦
1442779, 7.6, 33, 大清徽商（上下）
3221376, 7.6, 33, 最後的④
3278892, 7.9, 27, 天裂九世纪
1838595, 7.0, 52, 韩信
4915774, 7.0, 52, 苍狼（上）
4067635, 6.2, 121, 笃姬
2216351, 6.5, 84, 大清后宫
2370444, 7.1, 47, 清宫十三朝（上下册）
25905364, 7.1, 47, 太平轮
20496801, 7.3, 40, 包青天：沧浪濯缨
1547987, 7.0, 51, 洛神
1322337, 7.2, 43, 武则天
2975975, 6.5, 82, 崇祯王朝
2983853, 7.1, 46, 曹操
20502627, 7.1, 46, 隋唐前传之彪悍南北朝
2170944, 7.9, 26, 夏尔尼伯爵夫人（上下）
1489087, 7.5, 33, 野猪林
3712478, 8.0, 24, 大秦帝国
24325384, 6.9, 53, 盗国
2159960, 7.8, 27, 昂热・皮都
4113144, 6.8, 58, 第二十个妻子
1443192, 7.2, 41, 唐传奇（全2册）
3242252, 7.2, 41, 下一个出局者
2174313, 7.4, 35, 百花洲
4111195, 7.0, 48, 玫瑰盛宴
2270994, 6.6, 70, 宋朝那些事儿
3300044, 6.6, 70, 帝国如风
1683528, 7.1, 44, 八大胡同艳闻秘事
1183635, 7.9, 25, 汉宫春梦
6518254, 7.9, 25, 奇迹之年
26278016, 6.5, 77, 独静加
20312497, 7.6, 30, 天请问
5994814, 7.5, 32, 德川庆喜（第三部）
6041165, 8.1, 22, 圣龙之王德拉库拉
1962489, 6.0, 137, 反三国志演义
1086948, 7.3, 36, 小凤仙
5261679, 7.6, 29, 房龙地理
3029233, 7.7, 27, 三国殇（全三册）
2045798, 6.1, 116, C榻野史
2005369, 8.2, 20, 崇祯皇帝（上下）
2338187, 7.3, 35, 刘伯温
1201838, 7.8, 25, 李自成 第4卷
1644433, 8.1, 21, 圣彼得堡来客
25995191, 8.1, 21, 征服者成吉思汗2
1419064, 7.2, 37, 黑潭
1264044, 7.3, 34, 杨家将传
3879033, 7.3, 34, 丰臣秀吉2
5476227, 7.3, 34, 德川庆喜（第二部）
1019546, 6.2, 97, 东厂与西厂
5242202, 5.8, 168, 狄仁杰 通天帝国
1722403, 7.1, 39, 白门柳（第3部）
26416746, 7.8, 24, 战国风云三十年
1120047, 7.5, 29, 高阳作品集（第二辑）
26689064, 6.8, 50, 一个更安全的地方
3015554, 7.0, 42, 金陵春梦（第二集）
11605750, 6.5, 67, 三国一点儿也不靠谱
6851703, 8.7, 15, P原之 上
1426332, 8.1, 20, 明史演义
3101717, 6.1, 105, 李鸿章
26783043, 8.0, 21, 马上少年过
1399302, 7.1, 38, 皇太极
24529804, 7.9, 22, 大帅府（第2部）
5913082, 7.4, 30, 万历朝鲜战争
3026196, 7.8, 23, 醉卧长安
1315080, 6.6, 57, 杨贵妃
7583556, 8.6, 15, P原之 中
23060064, 7.0, 39, 明宫奇案
26771926, 8.2, 18, 张居正（全四卷）
1137110, 6.8, 46, 哈尔米卡
3183035, 6.4, 68, 唐朝那些事儿
1465033, 7.6, 25, 十年一觉扬州梦
3015556, 6.9, 41, 金陵春梦（第三集）
6862216, 7.7, 23, 摩西！摩西！
3810011, 7.2, 32, 下南洋
11498198, 8.0, 19, 龙马传Ⅰ
2989053, 7.9, 20, _田t司
5950161, 8.2, 17, 小凤仙
1001920, 7.8, 21, “小说36计”全集
25864257, 7.8, 21, Edge of Eternity
1137109, 7.1, 33, 哈斯德鲁巴
26252728, 8.3, 16, 征服者成吉思汗3
3029760, 7.7, 22, 千寺钟
3091100, 6.8, 42, 慈禧太后演义
2042544, 7.2, 30, 刘邦传
6038227, 7.4, 26, 古街
3025678, 6.1, 83, 太平公主
1867553, 7.9, 19, 咸阳宫
1276283, 7.5, 24, 占领日本
4212263, 6.9, 37, 明治天皇
6756114, 8.1, 17, 忧国
5277973, 6.8, 40, 苍狼 下部
1254691, 7.7, 21, 非常公民
26436979, 8.2, 16, 征服者成吉思汗5
1842026, 6.7, 43, 太阳公主
4225534, 7.1, 31, 金陵春梦（1-8册）
19985029, 7.1, 31, 三国-第5部：出师北伐
1420772, 6.4, 56, 汉武大帝
1082839, 7.5, 23, 孙子大传
1916485, 7.5, 23, 中洛辛郡的心脏
3132876, 7.9, 18, 小白菜（套装上下册）
1507193, 7.6, 21, 黑色春秋
24883959, 6.8, 37, 丰臣秀吉
25894661, 6.6, 44, 彪悍南北朝之铁血后三国
4824606, 7.5, 22, m本武藏
26668292, 7.0, 31, 风神之门
26262734, 8.2, 15, 征服者成吉思汗4
10809036, 6.8, 36, 三国-第四部：刘备入川
1478648, 6.9, 33, 杨门忠烈传
1705338, 7.8, 18, 大清名妓李蔼如
20256571, 7.2, 26, 花魁
3254200, 6.4, 50, 风云儿郑成功
6758535, 6.9, 32, 海瑞官场笔记
26786063, 7.5, 21, 海昏：王的自述
3034117, 5.8, 99, 赤壁
1277922, 7.1, 27, 江山风雨情
1577655, 7.4, 22, 袁世凯演义
25725859, 7.4, 22, 云台二十八将
26659588, 7.4, 22, 大金王朝（第一卷）
1321840, 7.7, 18, 鬼子来了
3037565, 7.7, 18, 清官册
2074377, 7.6, 19, 修墓老人
26865102, 7.8, 17, 汉月天骄
20499098, 6.4, 47, 统万城
24827215, 7.1, 26, 纸镜子
1426341, 7.9, 16, 唐史演义
3703017, 6.5, 42, 一夜新娘
3192671, 7.2, 24, 袁世凯三部曲（全三册）
10538097, 8.3, 13, P原之(下)
25918397, 6.5, 41, 波吉亚家族
4035267, 7.3, 22, 丰臣秀吉4
26003662, 7.3, 22, 钓鱼城
1069659, 7.2, 23, 滕子京谪守巴陵郡
2224286, 7.5, 19, 萧太后
20428542, 7.5, 19, 楚汉传奇
5367463, 6.2, 53, 权力野兽朱元璋
5364368, 7.0, 26, 玉垒浮云
25831813, 6.3, 47, 曹操与献帝
20382369, 6.2, 52, 源赖朝
6090337, 7.1, 24, 中国任侠传
5913081, 7.3, 21, 唐太宗（全三卷）
2301827, 8.0, 14, 春秋霸主
3241166, 7.5, 18, 早年周恩来
1952408, 7.6, 17, 源头活水-日本当代历史小说与中国历史文化-人文日本新书
3065427, 7.7, 16, 红酋罗伯
2142924, 7.9, 14, 千秋家国梦
1968259, 6.6, 32, 南子的诱惑
25954513, 7.6, 16, 不倒翁冯道
6863565, 7.0, 23, 楼兰
3202998, 7.7, 15, 成吉思汗
2111256, 7.2, 20, 蒙古帝国
1776134, 7.8, 14, 大唐空华记
6306743, 7.8, 14, 隋y４
1314271, 6.5, 33, 隋炀帝
1092010, 7.5, 16, 太阳王・汉武帝
4115319, 6.5, 32, 德川家康.乾坤梦1
1224093, 7.2, 19, 以色列百年风云（上下）
2085287, 7.6, 15, 中国丑史
3138209, 7.6, 15, 威弗莱
3166709, 7.6, 15, 真田太平
5364369, 7.1, 20, 缇萦
1328305, 7.7, 14, 边塞喋血记
2028387, 7.0, 21, 柔福帝姬
5423587, 7.3, 17, 孔子春秋
1426334, 7.8, 13, 五代史演义
2982763, 7.4, 16, 肯纳尔沃思堡
1492801, 7.2, 18, 管仲
21963948, 7.2, 18, The White Princess
24533418, 7.5, 15, 正德外记-高阳文集-珍藏版
20400005, 7.6, 14, 帝国之王
4035268, 6.9, 21, 丰臣秀吉3
1506568, 6.6, 26, 女王越狱记
4035266, 7.3, 16, 丰臣秀吉5
1726643, 7.4, 15, 明武宗正德艳闻秘事
2095576, 7.4, 15, 恩怨江湖
2100649, 7.4, 15, 大宋遗事（上中下）
5949687, 7.4, 15, 徐老虎与白寡妇
4212267, 6.4, 30, 明治天皇
4283761, 6.6, 25, 西夏
26603231, 8.0, 11, Jade Dragon Mountain
26844828, 7.8, 12, 战神卫青
1672351, 6.8, 21, 后宫的金枝玉叶
24877404, 7.6, 13, 新平家物语 1
4850637, 6.2, 34, 善德女王
4909210, 6.6, 24, 五凤朝阳刀
5404129, 6.1, 37, 王昭君
1545021, 7.3, 15, 汉光武
4068918, 6.4, 27, 水浒后传
20726550, 7.5, 13, 隋y後鳌ゅ羞b[（上下）
10453406, 6.7, 21, 广陵风云录
3462442, 7.0, 17, 天地民心
1491625, 7.2, 15, 秦相吕不韦
2030705, 7.8, 11, 天平之甍
26323420, 7.8, 11, 罗马战士Ⅰ
3518778, 7.6, 12, 天国演义（上下）
1334517, 6.5, 23, 爝火五羊城
3583399, 6.5, 23, 秦王嬴政
5387721, 7.0, 16, 权力野兽朱元璋 2
6949108, 7.7, 11, 高阳作品全集
1799372, 7.1, 15, 赵宋王朝
2301826, 7.9, 10, 战国巨星
3231685, 7.9, 10, Memoirs of Hadrian
3192727, 7.5, 12, 正德风云（上下册）
25790246, 7.5, 12, 袁世凯发迹史
4875757, 5.6, 54, 战国旋风记
7564391, 6.5, 22, 天下城 下卷
5946585, 6.1, 31, 抗日援朝1592(上)
7007777, 7.3, 13, 圣周风雨录
1091418, 7.6, 11, 李卫当官
1506362, 6.4, 23, 拔都汗
10749494, 7.8, 10, 俄罗斯演义
1143946, 7.0, 15, 汴京风骚（共三册）
5245531, 7.0, 15, 决死
24153100, 7.0, 15, 小说太平洋战争. 第3卷
3092469, 7.4, 12, 浣纱王后
5387722, 7.1, 14, 权力野兽朱元璋 3（大结局）
7564390, 6.3, 24, 天下城 上卷
6773715, 6.6, 19, 读不懂的两宋
2303240, 7.2, 13, 戊戌喋血记
6894509, 7.2, 13, 三国风云之魏宫夺嫡
5950163, 7.5, 11, 草莽英雄（上、下）
10786467, 7.5, 11, 战争教父・李靖 第一部
20260039, 7.3, 12, 西班牙女王
6850083, 6.8, 16, 冉闵大传・北地沧凉
26401563, 7.0, 14, 铁血名将.霍去病
1027956, 7.1, 13, 文成公主
11531714, 7.1, 13, 克里奥佩特拉的女儿
26839588, 7.4, 11, 岳家军
25927841, 7.6, 10, 箭雨L暴
26345995, 7.2, 12, 战襄阳
4075222, 6.7, 16, 天下狼烟
1152733, 5.7, 38, 死亡联盟
3116356, 5.7, 37, 武则天
5243263, 7.3, 11, 十六宅
5258840, 7.3, 11, 蒙古帝国（套装共3册）
5996051, 7.3, 11, 北史演义
6090340, 7.3, 11, 中国奇人传
10578476, 7.3, 11, 成吉思汗
25787146, 7.1, 12, 左宗棠（全二册）
5942279, 7.4, 10, 千秋商祖范蠡全传
24152724, 7.2, 11, 再生香
1817612, 7.3, 10, 赵宋王朝:火德宏基(上下)
5364367, 7.3, 10, 状元娘子
11628202, 7.3, 10, 战争教父李靖.第2部，南平半壁
6000424, 6.2, 19, 抗日援朝1592（下）
2055588, 7.2, 10, 中国古代掌管天下的女人
10831174, 6.4, 16, 最后一个汉人皇帝：崇祯大败局2
26542183, 6.8, 12, 敦煌
10779685, 5.8, 20, 白银帝国
1093125, 6.7, 10, 张廷玉
24714231, 6.6, 10, 唐宋间迷失的帝国（风雨飘摇）
6559604, 5.5, 20, 万历朝鲜战争
