2017-01-23 16:17:59
Tag: 古代
The number of books: 957 

ID, rating, votes, title
5916880, 8.6, 36688, 华胥引（全二册）
3426869, 8.3, 54816, 三生三世 十里桃花
1812439, 8.1, 33561, 步步惊心
2326571, 8.6, 14149, 琅琊榜
2283084, 8.2, 17486, 云中歌1
3065343, 8.4, 12110, 云中歌3
2048364, 8.1, 17482, 独步天下（上下卷）
2004407, 8.1, 16973, 后宫・甄执Ⅰ
3016221, 8.3, 11635, 云中歌2
1312997, 9.0, 4092, 香初上舞・终上
1261471, 8.7, 5912, 香初上舞
1925232, 7.9, 20548, 大漠谣
1276930, 9.0, 3756, 香初上舞・再上
3561591, 8.0, 16058, 凤囚凰（上中）
2078219, 8.0, 14021, 且试天下1
6120039, 8.4, 7279, 曾许诺・殇
10740021, 8.0, 13238, 三生三世 枕上书
3123939, 8.0, 13142, 不负如来不负卿1
1959892, 8.2, 9212, 大漠谣・终结篇
5980360, 8.1, 10397, 曾许诺
2080619, 8.2, 8820, 且试天下2
1489555, 7.8, 17103, 寂寞空庭春欲晚
2062202, 7.9, 14135, 绾青丝Ⅲ
2009825, 7.6, 22196, 绾青丝Ⅰ
2129362, 8.0, 10026, 帝王业（上下）
3218402, 8.2, 7031, 不负如来不负卿Ⅱ・大结局
11619743, 8.8, 3000, 长歌行 03
2028070, 7.8, 13342, 绾青丝Ⅱ
2222551, 8.5, 4283, 纨绔
5336428, 9.1, 1961, 吉祥纹莲花楼终篇之青龙・白虎
1468493, 7.6, 16491, 梦回大清
2971446, 8.4, 4391, 桃花债 上
2213684, 8.3, 4939, 又一春
4108541, 8.6, 3239, 回国驯火记
3292972, 8.5, 3678, 艳鬼
2382094, 7.8, 10283, 绾青丝Ⅳ（上）
1009270, 8.8, 2368, 中国建筑史
2382087, 7.8, 10169, 绾青丝Ⅳ（下）
2300626, 7.5, 16633, 蔓蔓青萝（全2册）
2699701, 7.6, 13695, 歌尽桃花
26886310, 9.1, 1559, 有匪1
20469374, 8.8, 2136, 长歌行 04
3111691, 8.5, 3074, 桃花债(下)
4871447, 7.5, 15273, 东宫
2281912, 7.7, 10481, 醉玲珑（上卷）
4252125, 8.7, 2331, 吉祥纹莲花楼・玄武
3903387, 7.7, 10290, 香蜜沉沉烬如霜
6139592, 8.1, 5214, 11处特工皇妃
3584141, 8.1, 5173, 流水迢迢（全两册）
2340167, 7.9, 7050, 醉玲珑（下卷）
1949011, 8.1, 4857, 一爹爹三娃
1083257, 7.4, 16046, 烈火如歌
19936010, 8.0, 5397, 三生三世十里桃花
2220812, 7.6, 10574, 木槿花西月锦绣1
2340168, 7.9, 6283, 醉玲珑（中卷）
4135947, 7.9, 6017, 天子谋
4766047, 8.0, 4996, 祸国
4922573, 8.9, 1451, 新编上下五千年(共12卷)
4734919, 8.5, 2323, 大劈棺
24714201, 8.2, 3490, 长相思2
4224758, 7.3, 15998, 花千骨（上下）
2023843, 8.1, 4009, f公子
3606570, 8.3, 2992, 鹤唳华亭
2073249, 8.7, 1760, 妖色小周
1190868, 7.5, 10455, 烈火如歌
1946015, 8.6, 1957, 犹记多情
10468852, 8.6, 1934, 海棠依f: 知否? 知否? 是G肥t瘦 卷一
2078225, 7.9, 5140, 孤芳不自赏
26284304, 8.1, 3782, 簪中录
3909876, 7.9, 5121, 琉璃美人煞（上中下）
2082239, 8.0, 4290, 凤非离
3889682, 8.4, 2389, 饕餮娘子
1805988, 8.5, 2097, 庆熹纪事
2004509, 7.6, 8036, 梦回大清
3290028, 8.5, 2044, 孤城闭
25735699, 7.9, 4675, 三生三世 枕上书・终篇
3339861, 8.2, 2992, 就是皇后
3236155, 8.9, 1222, 韦帅望的江湖
2056020, 8.4, 2212, 看朱成碧（上）
2221121, 7.8, 5224, 木槿花西月锦绣2
5921737, 8.7, 1494, 三生三世十里桃花2・之卷
6969185, 8.3, 2405, 沉香如屑《中》
3816834, 7.8, 4971, 兰因・璧月（上、下）
3924481, 7.9, 4126, 夜行歌（上下）
24877203, 8.0, 3493, 长相思3
26668816, 8.6, 1524, 奈何（2015年新版）
3177843, 7.7, 5331, 木槿花西月锦绣3
6794149, 8.7, 1329, 一生孤注掷温柔
2703292, 7.5, 7441, 兰陵缭乱
1904430, 8.0, 3268, 谢长留
2008976, 8.9, 1007, 庆熹纪事Ⅱ
2265873, 8.1, 2695, 思凡
4144066, 8.5, 1575, 江山（一）
2139108, 7.4, 8164, 潇然梦（上）
3170442, 7.7, 4601, 午门迨垄
2298345, 8.5, 1476, 狐魅天下・第一部・狐妖公子
3392301, 7.8, 3826, 月上重火
26320556, 8.3, 1878, 簪中录2
2023846, 8.3, 1848, 春香说
2176855, 7.5, 5932, 潇然梦（下）
6802392, 8.6, 1227, 七夜雪
20501270, 8.6, 1199, 大唐明月1・风起长安
6531676, 8.4, 1515, 阿麦从军
2138527, 7.5, 5623, 法老的宠妃
26334227, 8.3, 1707, 昭奚旧草
2005545, 7.4, 6630, 红颜乱
1443082, 8.0, 2531, 姑洗徵舞
3250733, 7.8, 3360, 午门迨垄
1485480, 8.0, 2495, 太和舞
5264447, 7.5, 5398, 三千鸦杀
2056018, 8.5, 1288, 看朱成碧（中）
3863359, 8.9, 818, 千劫眉・两处沉吟
1465135, 8.2, 1777, 情锁
3100852, 7.7, 3606, 兰陵缭乱Ⅱ
10451832, 8.1, 1983, 凰权（上下）
3127865, 7.7, 3542, 兰陵缭乱3
3863355, 8.9, 758, 千劫眉・不予天愿
3074810, 7.3, 6753, 穿越与反穿越
6437035, 7.8, 2886, 扶摇皇后（上下）
10809121, 8.2, 1643, 沉香如屑《上》
4218539, 7.3, 6472, 落花时节又逢君
2342840, 8.4, 1255, 苏旷传奇
5276802, 8.6, 991, 饕餮娘子之岁寒记
3389971, 7.7, 3250, 永夜（上下）
4166020, 7.6, 3765, 殇璃
10809124, 8.4, 1224, 沉香如屑《下》
11584484, 8.0, 2047, 将嫁
4040223, 7.9, 2341, 坏事多磨
1440611, 7.9, 2315, 迷侠记
4057010, 8.0, 2008, 月上重火之水落石出
1381193, 8.3, 1353, 是非分不清
1464085, 7.8, 2647, 柔福帝姬
5275312, 7.5, 4192, 暴君，我来自军情9处
1349094, 8.5, 1036, 天下第一之国士无双(上)
3829610, 7.8, 2523, 午门迨垄蟆の缑牌
2269814, 8.0, 1856, 狐缘
10451835, 8.5, 968, 凰权（终结篇）
6012747, 8.1, 1549, 十里红莲艳酒
2375894, 7.9, 2019, 秀丽江山・白虎卷
1197720, 7.8, 2326, 流星族休闲花园丛书第十五辑
2374052, 8.0, 1751, 微臣
5245615, 7.6, 3094, 江山为聘
6730936, 8.2, 1319, 扶摇皇后・终结篇（上下）
2287652, 7.9, 1941, 庸君
1945497, 8.4, 1020, 孤芳不自赏4
10566532, 8.6, 808, 海棠依f：知否？知否？是G肥t瘦 卷二
10775030, 8.5, 895, 海棠依f：知否？知否？是G肥t瘦 卷四
2980870, 8.2, 1279, 断指娘子
4149418, 8.2, 1262, 丑皇（上）
2257608, 7.9, 1865, 秀丽江山・青龙卷
4833241, 7.4, 4014, 犹记惊鸿照影
3125483, 8.4, 973, 妖神m青(上)
3274141, 7.9, 1832, 秀丽江山・朱雀卷
2048588, 7.6, 2843, 第一皇妃（Ⅰ、Ⅱ）
26325635, 7.7, 2401, 月都花落，沧海花开
3260520, 8.0, 1547, 秀丽江山・玄武卷
3125487, 8.5, 830, 妖神m青(下)
3529269, 8.1, 1333, 贺新郎
2023848, 8.0, 1513, 一鸣天下
20501271, 8.6, 736, 大唐明月2・谋断恩仇
1983144, 7.8, 1991, 蝙蝠（上）
2975947, 7.5, 3117, 笑倾三国（Ⅰ、Ⅱ）
2980283, 8.2, 1160, 到处是秘密
1945503, 8.3, 1025, 孤芳不自赏7
25904568, 8.8, 588, 乱世为王（上卷）
3427342, 7.9, 1628, 第一皇妃Ⅳ、Ⅴ
21336788, 8.7, 617, 大唐明月3・西域烽烟
2138767, 8.0, 1394, 清风入梦・怡殇Ⅰ
4130055, 7.2, 4766, 跨过千年来爱你
10739632, 8.5, 759, 海棠依f：知否？知否？是G肥t瘦 卷三
26347981, 7.9, 1584, 簪中录3
10749611, 7.7, 2065, 上古
20435586, 8.2, 1033, 皇叔
2241269, 8.2, 1023, 清风入梦・怡殇Ⅱ
10490350, 7.2, 4374, 后宫・如懿传
20274086, 8.6, 638, 海棠依f：知否？知否？是G肥t瘦卷六 嫣然一笑新y就，春@海棠花妍
3105646, 8.0, 1286, 江山多少年 上
1263410, 7.8, 1683, 抢来的新娘
26347982, 7.8, 1682, 簪中录4
3819920, 8.1, 1119, 有女舜A
19281910, 8.5, 694, 海棠依f：知否？知否？是G肥t瘦 卷五
2265903, 8.0, 1255, 月迷津渡 上
3931437, 7.3, 3539, 销魂殿
5905877, 7.3, 3467, 重紫（全两册）
23720194, 8.6, 610, 海棠依f：知否？知否？是G肥t瘦 卷七 那人s道，海棠依f 完
21346268, 8.7, 545, 大唐明月4・碧血黄沙
4837447, 7.3, 3402, 两只前夫一台戏
4224119, 7.4, 2837, 斩春
1443458, 7.9, 1353, 迷行记
6805154, 7.6, 2060, 再生缘（上中下）
3179389, 7.5, 2375, 未央・沉浮（全两册）
2980874, 8.4, 723, 斗妻番外篇（I/II）
3873891, 8.6, 580, 苏旷传奇之重整河山待后生
2327556, 7.6, 1991, 不辞冰雪为卿热（全2册）
4919608, 7.6, 1972, 改尽江山旧
6890100, 8.6, 565, 缥缈・提灯卷
3069478, 7.5, 2242, 凤血
3135064, 6.9, 6410, 薄荷荼靡梨花白
3056907, 7.3, 3083, 宸宫（上下）
3568838, 7.9, 1258, 太子 1
3721760, 8.1, 968, 琉璃美人煞・卷一・人如青葱
1377681, 8.1, 966, 追月
3550601, 7.5, 2198, 双阙
2973646, 7.4, 2501, 少年丞相世外客
3121618, 8.5, 594, 妖神m青(全集)
6790474, 8.4, 642, 别拿穿越不当工作（全三册）
10772251, 7.3, 2815, 后宫・如懿传2
1883268, 8.1, 898, 出嫁不从夫
2083826, 8.3, 700, 清明记
2264218, 7.9, 1132, 好一个国舅爷
1112788, 7.8, 1270, 花龙戏凤
4173198, 8.6, 496, 凤于九天24 惊隼大捷
1883343, 8.3, 682, 出嫁誓从夫
3906819, 7.7, 1447, 眉目如画
3168458, 7.6, 1636, 少年丞相世外客（中+下）
2232921, 7.9, 1077, 樱之恋系列 （全8种）
4246646, 8.1, 833, 南R阿奴
3153363, 7.1, 3592, 三救姻缘
2302087, 7.6, 1607, 烈火如歌
3021414, 7.2, 2958, 除了我你还能爱谁
3680215, 7.4, 2128, 皇后策
3071317, 7.2, 2886, 此心无垠（全2册）
1883273, 8.4, 569, 出嫁该从夫
2277517, 6.8, 6006, 冷月如霜
1393733, 9.2, 264, 李煜集
1964473, 7.7, 1280, 流光夜雪
1883337, 8.3, 610, 出嫁必从夫
1883301, 8.3, 607, 出嫁难从夫
7440370, 7.8, 1102, 非我倾城（全三册）
4162727, 8.2, 670, 步天歌
4833933, 7.4, 1852, 小女花不弃
4891442, 8.4, 512, 凤于九天26 动魄惊心
3894603, 7.6, 1362, 穿越之天雷一部（全二册）
2300051, 7.7, 1180, 勿忘
1112779, 7.3, 2093, 上错花轿嫁对郎
25904569, 9.1, 260, 乱世为王（下卷）
1962892, 7.8, 1007, 《露从今夜白》
4280221, 7.8, 996, 宫（全二册）
4118264, 7.5, 1499, 五蠹
3227955, 8.3, 538, 大兴皇朝
24696808, 8.3, 534, 江山美人谋
6510393, 8.2, 596, 江南外传
3766708, 7.6, 1263, 爱莫能弃
6861939, 7.7, 1081, 帝凰（上中下）
5376551, 7.5, 1409, 江山如画（全二册）
3884307, 7.3, 1894, 梦落芳华
25846260, 8.4, 463, 张公案
11613971, 7.9, 808, 江湖不挨刀
7162172, 7.4, 1574, 媚公卿（上下）
24844263, 7.8, 897, 一念执着，一念相思
1824256, 8.2, 548, 破阵子・龙吟
3593982, 7.3, 1777, 跑跑江湖打打酱油（全二册）
7658805, 7.8, 873, 士为知己（全二册）
3593984, 7.4, 1517, 帝王妻
11444474, 8.6, 358, 缥缈・鬼面卷
5379541, 7.1, 2414, 执子之手，将子拖走
2211852, 7.6, 1114, 皇上说的是
1491421, 7.6, 1107, 迷神记
3568846, 7.9, 742, 太子 2
26712106, 8.4, 420, 开封志怪
3064568, 7.9, 732, 谁教白马踏梦船
2062281, 7.3, 1650, 清空万里
2252739, 8.4, 414, 中国古代文化常识
3683019, 7.5, 1218, 潇然梦之无游天下录
3802382, 7.5, 1208, 爱莫能弃
24877322, 8.3, 451, 江山不夜
20405966, 8.6, 332, 听雪楼沧月系列系列典藉版（全三册）
10344574, 8.0, 624, 傲风
1917828, 7.3, 1594, 情何以堪
2262884, 7.7, 899, 九重凤阙・上
2193908, 7.6, 1022, 我的皇后（上）
25880334, 8.7, 298, 大唐明月6・谁家天下（完）
3426048, 7.6, 1015, 平凡的清穿日子1
2980317, 7.8, 774, 妾心璇玑
5414115, 7.4, 1320, 错嫁良缘之一代军师（上下）
5325550, 7.4, 1318, 若爱只是擦肩而过
2252684, 8.1, 529, 千金I骨
3436607, 8.2, 472, 有风鸣廊
2038441, 7.6, 971, 女皇神慧
25839869, 8.7, 284, 大唐明月5・云诡波谲
6017066, 8.1, 520, 十里红莲艳酒3
24379854, 7.1, 2013, 后宫・如懿传3
2998731, 8.3, 407, 到开封府混个差事
6920058, 7.8, 704, 凤影空来（上下）
6727858, 7.8, 703, 鬼差
1424858, 7.4, 1168, 风烟引
2297710, 7.3, 1353, 一年天下
3710711, 7.8, 681, 春秋大梦
1032349, 8.1, 477, 中国小品建筑十讲
19977093, 7.8, 670, 天定风流1・千寻记（上下）
26686951, 7.9, 584, 半城风月
10742647, 8.1, 464, 那村那人那傻瓜 上
3069481, 7.7, 735, 太平
3618254, 7.2, 1483, 天霜河白（上）
5391689, 7.3, 1256, 花间提壶方大厨
2216422, 7.2, 1452, 鸾，我的前半生，我的后半生1
19958299, 7.6, 814, 大唐女法医・江南卷（上下）
2342024, 7.7, 707, 九重凤阙（下）
26134061, 7.5, 919, 忘川 上
26855761, 8.6, 268, 匣心记1
2371522, 7.1, 1659, 何处金屋可藏娇（共三册）
4887684, 7.7, 692, 情迷北宋之北落师门
4853249, 7.5, 894, 春莺啭
24524404, 8.3, 350, 归离・华丽终结（套装上下册）
6868964, 7.2, 1372, 佳偶天成
10559304, 6.8, 2611, 太子妃升职记
2344701, 7.9, 524, 阎王且留人
26437079, 7.9, 522, 春江花月夜
2064453, 8.1, 416, 燕歌行
20432513, 7.6, 751, 坑你三生三世
25732720, 7.8, 584, 无方少年游（全两册）
2120534, 7.0, 1801, 寻龙记
4135941, 7.4, 976, 欢天喜帝
2174251, 7.7, 655, 画眉
4925049, 7.9, 496, 长生
6266299, 7.4, 930, 玉氏春秋（上下）
5297359, 7.3, 1067, 错嫁良缘之洗冤录
4168070, 7.5, 803, 欢天喜帝
5248278, 7.9, 485, 贵妃的红汗
3884401, 7.5, 794, 美人如玉剑如虹
21331202, 8.2, 346, 天定风流2・金瓯缺（上下）
4175347, 7.2, 1193, 流年明媚・相思谋
3663994, 7.2, 1168, 天霜河白（下）
10758278, 7.7, 591, 归离（上下）
6946709, 7.2, 1164, 小凰不是仙
3561410, 7.5, 753, 祁连山 莲花血
3239786, 7.3, 982, 大明江湖宅女记
10537125, 7.2, 1136, 寡人有疾
2305270, 7.1, 1321, 凤求凰
2216419, 7.5, 729, 冷宫
26403896, 7.9, 446, 永安调
2176759, 6.8, 2096, h影横斜
10599676, 7.5, 714, 公主F性（上）
6877628, 7.8, 492, 不存在未出版的错误条目
4269903, 7.1, 1262, 仗剑一笑踩蘑菇
3516109, 7.5, 712, 逐风流（上下）
26410186, 7.5, 710, 女帝本色1
1925201, 7.8, 489, 如梦令・三窃
3101421, 7.0, 1465, 皇后出墙记（全二册）
4149332, 7.0, 1464, 芊泽花开（全二册）
2995606, 6.9, 1725, 宅女在古代后宫的幸福生活（全2册）
11622713, 7.3, 924, 将军在上（上下）
3675782, 7.6, 613, 一片冰心在玉壶（上下）
1421006, 8.2, 311, 杜撰组异闻录
25750166, 8.3, 279, 天定风华4・此心倾（上下）
25792536, 7.0, 1414, 后宫・如懿传4
20283081, 7.5, 676, 庶女攻略1
3026459, 7.2, 1024, 大宫・雏菊曲
3264660, 7.3, 884, 穿越之武林怪传（上下）
3012313, 7.6, 589, 清宫之宛妃传（上）
3003680, 6.9, 1608, 满朝文武爱上我（全2册）
2193679, 7.3, 867, 戏龙记之非常穿越
6425455, 7.3, 855, 有座香粉宅
1466696, 8.2, 293, 囚狐
1262160, 7.1, 1116, 千帐灯
1879024, 7.2, 959, 湄澜池
4748899, 8.2, 287, 不死灵咒-驭灵主-上卷
20436748, 8.1, 317, 鬼嫁
1171695, 8.8, 165, 菜根谭・小窗幽记・幽梦影
20507294, 7.6, 544, 大唐女法医・帝京卷（上下）
3337015, 7.2, 923, 大龙门客栈（全两册）
3361744, 7.0, 1234, 风槿如画（全2册）
1048265, 8.6, 190, 白眉大侠（全三册）
1842950, 7.7, 469, 大雪满刀弓
5245508, 9.0, 137, 拍翻御史大夫 ・ 四 绿袍卷
26275273, 8.1, 299, 锦衣卫
1883344, 8.2, 268, 只为你一个人
10589434, 7.3, 763, 七夜谈
26655263, 7.4, 666, 芈月传(1-6)
3712318, 7.3, 762, 天下倾歌
10786466, 7.3, 757, 不负如来不负卿・蓝莲花
3653506, 7.8, 405, 出嫁从夫
2363678, 6.7, 1919, 和亲公主
26386710, 8.1, 289, 慈悲客栈
25908098, 8.0, 319, 千香引・雏凤星现
3232134, 6.6, 2279, 倾世皇妃
10594424, 7.2, 843, 月沉吟（上下）
10742648, 8.1, 283, 那村那人那傻瓜 下
4167114, 7.9, 345, 巫山传
5254142, 7.2, 798, 十里红妆
2304613, 6.7, 1742, 绝色赌妃Ⅰ
3863871, 7.4, 595, 沉醉
25735703, 8.0, 296, 芥子
6894467, 7.2, 777, 血腥的盛唐
5956228, 9.0, 123, 拍翻御史大夫 六 紫玉卷
3931408, 7.5, 520, 询君意（上下）
5261749, 6.9, 1168, 宁非
10742649, 7.5, 498, 呸，下流胚
19906939, 7.9, 313, 巽离络
25791942, 8.3, 210, 天定风华5・啭九天（上下）
10598137, 7.7, 387, P（上）
25855719, 7.3, 632, 与凤行
2981704, 6.8, 1334, 绝色赌妃Ⅱ
3290316, 6.9, 1128, 誓不为妃・上
3884303, 7.4, 536, 绯雨倾城
4737154, 7.3, 607, 妃子血（全两册）
3238252, 7.4, 530, 金屋恨
3670356, 6.8, 1259, 吹不散眉弯
3315686, 7.1, 790, 青山接流水（全2册）
10442344, 7.7, 364, 九歌.绿衣
26393284, 7.0, 910, 花千骨
6938341, 7.0, 908, 卿本佳人
25922733, 7.4, 516, 哑舍Ⅳ
1313154, 7.1, 773, 千年
2368190, 7.0, 885, 执手千年（上下）
1208219, 9.3, 89, 唐诗三百首
25903898, 6.9, 1019, 后宫・如懿传5
6532855, 7.4, 502, 天上有棵爱情树
1036597, 9.3, 87, 中国古代文学批评方法研究
2970251, 7.1, 733, 怜香惜玉（全2册）
24714636, 6.5, 1966, 锦绣未央（1、2、3）
1225697, 8.7, 133, 中国古代简史
26896979, 8.7, 133, 嫡谋
4583098, 7.2, 633, 瑾年绝恋.醉流苏
6873409, 7.4, 483, 远古伊甸
4874149, 7.4, 481, 十年懵懂百年心（全二册）
11602618, 7.4, 480, 越姬（上）
2260908, 7.1, 716, 落蕊重芳
25862104, 7.3, 535, 白首不相离
3601005, 7.4, 467, 大漠情殇
4167100, 8.1, 214, 天下不帅
3290333, 7.0, 785, 誓不为妃・下
20366721, 7.9, 258, 黄半仙  卷一
4881027, 7.4, 444, 帝台娇（全二册）
26388928, 7.4, 441, 浮图塔
6737930, 7.6, 344, 寒鸦劫
1264523, 8.4, 155, 还魂
3998149, 6.7, 1193, 下堂妻的悠哉日子
2253362, 7.8, 272, 清宫・红尘尽处（上下）
26436202, 8.2, 183, 清川日常
23018957, 7.8, 270, 帝皇书（全二册）
3361748, 6.5, 1647, 倾世皇妃
5424451, 7.8, 267, 妃子不善1・步步惊心
25923242, 7.9, 238, 如何不相离
1801865, 7.4, 413, 上穷碧落
2362438, 7.5, 366, 琉璃听雪
20283083, 7.5, 364, 庶女攻略3
25908432, 8.2, 176, 天定风华6・笑凭阑（上下）
2005546, 7.1, 594, 清梦无痕2
19998056, 8.7, 114, 大唐明月 卷二 喜Y良
1122977, 9.3, 75, 南唐二主词
21349013, 7.7, 283, 一花一世界
26939596, 9.1, 85, ⑵评
3726769, 7.2, 508, 眸倾天下（上下）
20283082, 7.5, 348, 庶女攻略2
10343028, 7.3, 444, 殿上欢（上下）
1692012, 8.0, 202, 烟波江南Ⅰ・梨花落・碧玉钗
1277728, 9.3, 73, 唐宋诗举要(上下)
25973718, 7.5, 342, 祥云朵朵当空飘
4075905, 7.0, 650, 青山依旧笑春风
3284084, 7.0, 648, 武林萌主（上下）
6426768, 7.1, 561, 水墨山河
11635376, 8.4, 139, L流
4119278, 7.6, 300, 女子无殇(2册 )
2381531, 6.9, 742, 凤还巢
4890638, 7.2, 486, 结缘
4860814, 7.2, 482, 斩情丝
3292193, 7.5, 332, 帝梦清萝（上下）
25801876, 7.2, 480, m略
25700787, 7.8, 237, 掌事(卷一)
4811848, 6.9, 724, 谁把流年暗偷换
6795815, 8.3, 147, 明日歌・山河曲终结篇
4148162, 7.0, 621, 不良少夫（上下）
10603626, 6.7, 981, 公子无耻（上下）
25744235, 7.4, 366, 侯门新妇-τ锸槟
3361739, 6.7, 973, 二两娘子
26255858, 7.6, 288, 天定风华3・笑忘归（上下）
5414888, 7.4, 358, 平安（全二册）
24527013, 8.0, 188, 明宫秋词
25786539, 7.8, 226, 江山多少年
1311575, 8.5, 120, 笑林广记
24855606, 7.3, 396, 木槿花西月锦绣4
3875719, 8.9, 88, 中国古代战争的地理枢纽
10558083, 7.5, 308, 特工皇妃（全三册）
10738605, 7.0, 577, 卿本风流（上下）
3810671, 7.7, 244, 江湖天很晴2
3669747, 8.0, 180, 满堂娇
6794256, 8.2, 149, 花弦月・妖裹行天（上下）
11443725, 7.4, 337, WPO（上）
26579733, 7.3, 378, 芈月传・壹
26569724, 7.6, 263, 苍兰诀
3412135, 7.1, 479, 武林萌主・终结篇
3918857, 6.7, 862, 诛颜
25737540, 7.6, 261, 华胥引纪念画册
26919826, 9.7, 51, 燕云台
25777856, 7.3, 364, 三生，忘川o
10519654, 8.3, 131, （下）
3081725, 7.1, 464, 金樽幽月
11443729, 7.4, 317, 公子o色（上）
20411512, 7.5, 282, 江湖路弯弯
1256988, 7.6, 250, 唯心而已
4175341, 6.9, 598, 喵喵喵
3608017, 7.0, 514, 烟水遥（上.下册）
5403355, 7.2, 388, 彼岸有妖
5355706, 7.1, 436, 鸢鸢相报
3671354, 7.5, 268, 江湖天很晴
2023961, 8.1, 146, 风声鹤唳(1)・婚礼卷
26255852, 8.1, 146, 天定风华7・凤归来（上下）
2007843, 6.4, 1279, 若相惜Ⅰ
3795706, 6.7, 756, 皇家幼儿园
3894621, 7.4, 293, 桃妆
2283497, 7.9, 173, 大唐后妃传：珍珠传奇 II（大结局）
25838009, 7.6, 234, 女心理师之江湖断案
10801275, 7.5, 258, 一度君华
26904433, 9.2, 63, 醉玲珑
25744234, 7.0, 474, 御繁华
6126128, 7.5, 254, 青瞳
24701827, 7.4, 282, 公子无色（套装共2册）
3808985, 6.7, 719, 折兰勾玉杏向晚
6887522, 8.2, 127, 花弦月・神魔归位（全二册）
24863533, 6.9, 529, 纨绔世子妃（上下）
26308574, 7.5, 246, 锦衣之下（全二册）
25729773, 7.6, 219, 愿相随（上下）
26763010, 8.1, 135, 千秋
26738061, 7.9, 160, 玉昭词
1988401, 6.3, 1353, 我的灵魂在古代・壹
2249686, 7.0, 440, 菩萨蛮
2183875, 7.6, 215, 大唐后妃传：珍珠传奇 I
1272008, 8.5, 96, 中国古代画论类编
6259452, 7.2, 339, 大宫玉兰曲（上下）
11587752, 7.2, 338, 娥媚（全二册）
11587934, 7.4, 266, 美人凶猛（上、下册）
4158876, 7.1, 378, 江湖美男谱
4175348, 7.0, 428, 贪欢记
5354125, 7.9, 154, 闲花弄影(上下)
1208672, 7.7, 186, 暧昧的历程
26587753, 7.3, 287, 司命
6827318, 6.5, 875, 白发皇妃（上下）
3786734, 7.8, 166, 皇宫这档事儿
3733116, 7.0, 410, 美人在侧花满堂
20003328, 7.7, 182, 一刀@春《上》
26278610, 7.3, 280, 红尘四合（上下）
6520855, 7.5, 221, 艳杀天下（上）
25709564, 7.3, 273, 燕倾天下（全三册）
25977854, 7.5, 217, 百界歌
26800331, 7.8, 160, 护心
6052978, 6.7, 603, 三生酒 神仙醋
10533511, 7.7, 175, 长安汉月
5040214, 6.9, 446, 清风卷帘海棠红
25807533, 7.4, 238, 情人泪：岁月尽头
25908409, 7.3, 265, 九重紫（1、2、3）
2052567, 6.3, 1147, 我的灵魂在古代2
19967387, 8.1, 119, 君不语
5916247, 7.2, 294, 挽香月
20503653, 6.9, 433, 三嫁惹君心（上下）
11614388, 7.2, 293, 军火皇后（上下）
1067418, 8.2, 108, 论语译注
7051665, 8.0, 127, 杜黄皮（上下册）
1805049, 7.3, 257, 伏神
4045038, 7.6, 184, 铁血强宋
25716092, 7.1, 324, 木槿花西月锦绣5
3909873, 6.8, 475, 娘子爬墙记
24915994, 7.4, 222, 凤月无边
10831608, 7.5, 197, 乱世倾君心（全二册）
25762234, 6.9, 404, 木槿花西月锦绣6
2037461, 6.6, 623, 穿越时空之生死恋
26844866, 7.8, 145, 一寸相思
26686956, 7.9, 131, 半城风月：终章
3897807, 7.1, 305, 宫心计・凰宫・滟歌行
6526952, 7.3, 240, 朽女厨娘
5068510, 6.6, 611, 幸得相逢未嫁时
6827953, 6.6, 611, 盗妃天下（上下）
26583763, 8.3, 93, 赡 卷一
2284025, 7.0, 344, 契丹王妃2
4582414, 6.9, 390, 满朝欢（上下）
21795763, 7.5, 190, 世婚之深闺怨女（上下）
3182983, 6.5, 697, 云醉月微眠（全2册）
4834582, 6.7, 510, 无盐妖娆（全二册）
3629869, 7.0, 336, 极品太子妃Ⅱ
6970979, 7.3, 233, 血嫁
22224895, 7.1, 292, 晓风书院的八卦事
3137233, 7.4, 206, 正安嘉话
4716228, 7.6, 166, 美人心计
26438770, 6.3, 947, 如懿传大结局
3894618, 6.5, 658, 窈窕庶女
10786464, 7.0, 319, 迷神引
21361151, 7.5, 179, 顾十八娘（全三册）
6774202, 7.8, 133, 青瞳
26718236, 7.9, 121, 木兰无长兄1
6964234, 7.2, 245, 凤临天下（全三册）
26901053, 8.4, 80, 三千鸦杀・典藏版
1052451, 9.0, 53, 德意志史（第一卷 上下）
3768421, 6.9, 352, 女皇陛下的笑话婚姻
2160363, 8.7, 64, 中国文学作品选注（第一卷）
26579749, 7.3, 213, 芈月传・贰
26599284, 7.3, 212, 临渊（上下）
2242588, 7.5, 171, 薛刚反唐
26915101, 8.6, 67, 桃花尽处起长歌
22224906, 7.2, 234, 拜相为后
5366329, 7.6, 152, 蛮姑儿
24870698, 7.2, 232, 宦妃
20563214, 7.8, 124, 俊男坊・阴差阳错（全两册）
4143275, 6.4, 699, 皇瓜
4919599, 7.2, 229, 奸妃
25725666, 7.9, 113, 活在晚明①
7640498, 6.7, 431, 凤隐天下（上下）
3223039, 7.4, 178, 一两江湖
6843907, 6.7, 418, 云狂（上下）
25872596, 8.1, 92, 明宫秋词(2)：莫相负
24089343, 7.6, 143, 世婚之再嫁公子（上下）
26629235, 7.6, 141, 芈月传・肆
26416371, 7.4, 169, 盛世华族梦
26923248, 8.2, 81, 寂静深处有人家
1801885, 7.5, 147, 倾城雪
26328820, 7.7, 120, 名捕夫人
25968319, 7.0, 250, 白芍
3390081, 7.3, 174, 凤鼓朝凰（上）
10555972, 6.6, 417, 浮生梦・三生约
25939263, 8.0, 89, 明月下西楼 大结局
4737155, 7.0, 240, 和月折梨花（全二册）
6432098, 6.8, 309, 天配良缘之陌香（上下）
1037915, 8.3, 70, 中国古代建筑十论
6730920, 7.2, 189, 天配良缘之商君（上下）
20255073, 7.3, 169, 不侍，砍了・上
4251546, 7.1, 211, 艳歌行:三重恋(套装共2册)
5261751, 7.5, 137, 寻找来世之夫（全二册）
6432146, 7.3, 167, 薄媚・恋香衾（全二册）
4834521, 6.9, 264, 驭夫36计（上下）
4941436, 6.6, 394, 胭脂醉
26361681, 7.5, 134, 女官
26417045, 8.1, 79, 江东双璧
26411461, 7.0, 229, 禁庭（上下）
4746058, 7.3, 163, 成化年间的爱情故事
10762862, 7.3, 163, 纷纷落在晨色里
5404737, 6.7, 335, 碧霄九重春意妩
26836228, 8.4, 62, 江山美人谋・终章
4179799, 6.9, 251, 兰陵皇妃（上）
19989167, 6.8, 284, 当与子归
26339855, 7.3, 157, 有种后宫叫德妃
26417443, 7.7, 106, 丞相不敢当
10473242, 7.4, 140, 十里春风入酒觞
2044743, 6.3, 581, 穿越时空之错爱唐朝
26323705, 7.8, 95, 碧台空歌
20440086, 6.8, 265, 凤再上（上下）
25770951, 6.2, 649, 锦绣未央(4、5、6)
6139578, 8.1, 72, 再`梅
26734232, 7.4, 132, 东风恶
1900002, 8.3, 61, 无名
6866297, 6.6, 327, 凤栖宸宫（上下）
26655261, 7.4, 125, 芈月传・陆
10483190, 6.8, 245, 金风玉露（上下）
6853453, 9.0, 38, 西游补校注
10451754, 6.5, 369, 错嫁良缘之后宫疑云（上下）
26607541, 8.6, 48, 山河只为你喧嚣
1200330, 6.7, 273, 中国古代史 新版 上册
25712737, 6.8, 239, 唐朝诡事录
2370822, 6.6, 312, 水长东
19987417, 6.6, 312, 公子难求（上下）
25908323, 6.6, 297, 锁金瓯
4027476, 8.4, 52, 秦r明月 01
24502132, 7.8, 81, 只愿金屋不藏娇
10945597, 7.2, 141, 非仙勿扰
26244195, 7.1, 157, 胭脂债
7058092, 6.3, 454, 锦云遮，陌上霜
3772060, 8.6, 45, 卜筮正宗
10737455, 8.6, 45, 锦书云中来
4048188, 6.5, 332, 千面风华（上下）
26598281, 7.0, 174, 一手遮天，一手捶地
1548216, 7.8, 79, 醉茶志怪
10738391, 8.8, 39, 山水有清音
4925162, 7.2, 134, 锦瑟江山之九重春色
26343556, 7.2, 134, 你在遥远星空中（上下）
25934782, 6.8, 210, 盛世良缘
26851806, 7.7, 83, 招摇
26446010, 8.5, 46, 长物志
6139577, 8.0, 65, 倦し
26417450, 7.9, 70, 大香师
25659943, 7.3, 119, 传奇（全二册）
26590244, 7.5, 98, 凰图
26435735, 7.1, 145, 玉阶辞
26606186, 7.1, 144, 芈月传・叁
3276325, 9.6, 25, 幼读古诗一百首
6711793, 7.6, 87, 画皮
26528526, 7.4, 104, 落花时节又逢君
11510504, 7.3, 114, 饕餮西施（上）
2171938, 8.7, 39, 中国文学作品选注（第二卷）
26583773, 8.5, 44, 赡 卷六
21357024, 7.1, 138, 天霜河白（全2册）
26343553, 7.4, 102, 纨绔世子妃7・大结局（上下）
23018959, 7.1, 137, 名媛望族（上下）
24283791, 7.1, 137, 庶女攻略7
4811840, 6.5, 286, 倦寻芳（上下）
26276032, 7.2, 123, 妾心如宅
3550014, 7.0, 152, 鱼玄机
20389196, 6.9, 170, 不负如来不负卿・蓝莲花（大结局）
5502392, 7.7, 77, 璇玑图
20375365, 7.3, 106, 情锁・锁心玉
4179798, 6.7, 205, 兰陵皇妃（下）
20427250, 6.8, 180, 艳骨
10608302, 6.9, 157, 落月迷香
25725667, 8.0, 57, 活在晚明②
4758263, 7.0, 139, 迷人的诗谜
20428085, 6.3, 344, 公子倾城（上下）
1996658, 7.7, 71, 周易与预测学
25765016, 7.2, 111, 三生三世彼岸花（上下）
11528163, 7.6, 76, 牡丹冠天下1・^逢生
25793801, 7.1, 120, 三生三世莲理枝（全三册）
25917401, 7.2, 107, 千金记
25714562, 7.6, 74, 俊男坊・风云变幻（全两册）
10569808, 7.8, 62, 大清犀利人妻
2273477, 8.0, 53, 古代职官漫话
4249700, 7.4, 85, 凰宫・浮生锦
11526829, 7.0, 125, 顾盼生欢 卷一
1038617, 7.8, 60, 学史入门
25725668, 8.0, 51, 活在晚明③
26386712, 7.7, 63, 画堂深处
26312540, 6.5, 214, 四季锦
26816986, 7.7, 62, 有间书坊
25982108, 7.2, 96, 缚石
20413736, 7.1, 106, 芙蓉王妃（上下）
25729887, 7.1, 106, 宦妃・完美终结
6042511, 6.8, 146, 弃妃不承欢・一世殇情
3615315, 7.1, 105, 淫荡小牡丹
4129640, 6.5, 210, 苏染染追夫记
4006389, 6.6, 184, 浮世绝香（全二册）
26882866, 7.2, 94, 识汝不识丁
25744975, 6.4, 236, 江山不悔（上下）
25922348, 7.6, 65, 步步惊华
25875240, 6.7, 158, 美人温雅（上下册）
1102903, 8.3, 39, 孔雀东南飞
6829730, 6.7, 157, 毒医皇后（上下）
25841471, 7.3, 82, 纨绔世子妃2・公子谋（上下）
10586527, 8.4, 36, 齐家治国 女德为要
26696762, 6.6, 173, 寂寞空庭春欲晚
26321043, 7.4, 74, 错嫁良缘4・海盗千金
25764871, 8.1, 43, だ桑ㄉ希
25783993, 7.1, 97, 离凰
4874246, 7.2, 88, 深宫.花落晚妆
11632467, 7.7, 57, 香奁润色
22051559, 7.0, 106, 彼岸花开为君颜（上中下）
10573776, 7.5, 66, 美人谋（上下）
10808447, 8.3, 37, 江山槠-下卷
1089645, 9.0, 25, 故事海选
10540820, 7.3, 78, 血嫁之笑看云舒
26011722, 6.5, 186, 北落师门
7063990, 6.8, 128, 情晚・帝宫九重天（上下）
11605870, 7.3, 77, 拥抱太阳的月亮（上）
26700354, 7.1, 93, 危宫惊梦
2229053, 6.9, 114, 冰恋沉醉千年前
26769524, 8.2, 38, 放开微臣
24756432, 7.8, 50, 富贵荣华1・笼中雀
25908426, 7.2, 82, 玉台碧
25907579, 7.3, 74, 美人谋律・洛阳卷（上下）
25855722, 7.1, 89, 喜盈门（上下）
2317301, 8.4, 33, 鬼谷子全书
1151283, 7.9, 45, 古人称谓漫谈
6792218, 7.5, 61, 奎章阁之恋
3613450, 7.4, 66, 三国征战史
3269217, 6.2, 253, 穿越时空之绝色神偷3
26307963, 7.2, 77, 不悟
3897856, 6.6, 143, 穿越之春色无双
26680102, 7.6, 54, 红尘渡
21964875, 8.6, 28, 先民的歌唱
25930023, 7.9, 43, 忘尘阁之一 噬魂珠
3882358, 8.0, 40, 王力《古代汉语》同步辅导与练习（配第一册/第二册）
26590269, 6.8, 110, 乌夜啼
4713195, 6.4, 175, 神偷俏王妃
26827325, 8.3, 32, 后宫・褒姒传（套装共3册）
3544809, 8.4, 30, 故宫博物院藏品大系 绘画编1 晋隋唐五代
25986014, 7.6, 51, 深院月 上卷：转朱阁篇
26296030, 7.2, 71, 且把年华赠天下
26424037, 7.3, 64, 一品仵作
26393228, 8.2, 33, 最强攻略：生生世世待卿归
26756791, 7.9, 40, 木兰无长兄2
10738415, 7.7, 46, 大汉公主
10607040, 5.6, 610, 妾本惊华（上下）
4738399, 7.2, 68, 何妨共成鸳鸯锦
23038640, 7.2, 68, 爱卿有宠
26411470, 7.2, 68, 三嫁未晚
19946145, 6.5, 142, 终难忘（上下）
26574898, 6.9, 90, 裸琴
26244219, 6.6, 125, 美人难嫁
5299267, 8.9, 22, 葬经
26417480, 7.2, 67, 配婚令
1224157, 6.9, 89, 中国古代文明十讲
26698059, 6.9, 89, 暮春之令
1182962, 8.4, 28, 日本起源考
26615105, 7.3, 60, 女捕头
11638832, 7.4, 55, 血嫁之金枝玉叶
1147626, 8.6, 25, 历代小品清言
26659626, 7.1, 71, 世家 上
26286497, 7.0, 78, 九重紫（4、5、6）
26758991, 8.3, 29, 神偷天下 2
11535055, 6.5, 131, 卿本惊华
26667791, 7.7, 42, 京门风月2
5256867, 6.0, 256, 三生三世桃花依旧
25740338, 7.8, 38, 婢女 卷三（完）
23038637, 6.4, 138, 不负
7056625, 6.0, 228, 夜妖娆
26587752, 6.9, 75, 京门风月1芳华归来
26169962, 7.2, 56, 大宋女刺客（上下）
19987438, 6.6, 100, 梦三生・永劫之花
26723407, 7.9, 33, 女帝本色2
26774124, 7.9, 33, 木兰无长兄3
2159623, 7.8, 35, 异苑 谈薮
25835973, 7.2, 55, 陌上君如玉
26758992, 8.3, 25, 神偷天下 3
3198370, 6.4, 119, 穿越时空爱上你
1223802, 6.5, 105, 去古人的庭院散步
25696102, 7.6, 38, ④在上我在下2
26321012, 6.9, 67, 沉香雪
1328376, 7.7, 35, 西游补・续西游记
25976917, 7.7, 35, 彼时花开君不知
3222343, 6.5, 101, 青花瓷
19254954, 6.5, 101, 亲，女配是无辜的！
6012921, 6.6, 90, 拒做帝妃（上下）
25883394, 7.5, 40, 三生三世莲上舞（上下）
25764153, 6.8, 72, 宁渊（下）
3867757, 7.2, 50, 素颜繁花梦
23165816, 7.1, 54, 女相倾国・朝堂篇（全二册）
25793798, 7.3, 45, 红尘引
4779441, 8.4, 22, 慎子
26348813, 7.5, 38, 《且试天下?完美典藏版》
10737460, 7.9, 29, 浮生半日闲
26707234, 7.9, 29, 山河只为你喧嚣 2
25696093, 7.4, 39, 婢女 卷一
6313759, 8.7, 18, 中国古代史研究导引
25874655, 7.0, 53, 公主闯秦关
26420907, 7.0, 53, 归姝
26260729, 6.7, 70, 瑶华初记
26542220, 8.0, 25, 王水照说苏东坡
10774610, 7.2, 43, 烟锁御宫之残颜皇后（上下）
3717341, 6.8, 61, 云髻凤钗
26312541, 6.8, 61, 四季锦・终结篇
26388424, 7.1, 46, 皇后是这样炼成的1
1507426, 6.8, 60, 杨家府演义
26308576, 6.7, 66, 月明见君来（全二册）
25996904, 7.1, 45, 魏晋风流十讲
26333780, 7.8, 27, 独步天下
5288510, 6.2, 112, 唯不忘相思
25815556, 7.0, 48, 愿相随终结篇
25955148, 6.7, 63, 淡定啊，将军
6042510, 6.9, 52, 弃妃不承欢・再世续情
20312497, 7.6, 30, 天请问
24307350, 6.2, 107, 女相
2595030, 5.8, 187, 华丽诱惑・穿越到后宫做妃子
26662718, 6.8, 55, 世家 下
6857043, 7.6, 29, 彭林说礼
25698316, 7.6, 29, 王牌宠妃（终结篇）
26312544, 7.0, 45, 盛世良缘完美终结
26148483, 7.2, 38, 九天倾凰（上下）
3017398, 6.3, 88, 大清往事
26835924, 7.4, 32, 九阙凤华1
25929621, 6.9, 47, 君心荡漾（君心似我心）
10834416, 5.7, 199, 错妃诱情（上下）
25969439, 7.0, 43, 淑女好逑・上
26307249, 7.2, 36, 盛世王妃
26738321, 6.8, 50, 思美人
25909458, 7.2, 35, 玉树临凤
25793353, 7.9, 22, 西方古代科学与信仰趣事杂谈
25736706, 6.3, 80, 莲上仙（全二册）
26820930, 7.6, 26, 木兰无长兄4
10490861, 7.1, 37, 两世花开香满袖
25733527, 6.4, 70, 君临天下
25888101, 6.8, 47, 酱油女官
3204362, 8.1, 19, 中国古代史常识(历史地理部分)
20499123, 7.3, 31, 紫微宫词
20475883, 6.9, 42, 梦锁深宫（上下）
25720902, 7.2, 33, 半壁玲珑
10455555, 6.2, 84, 锦凰
25986726, 7.0, 37, 美人渡君（上下）
26148476, 7.0, 37, 绝世无双2崛起荒芜
26369870, 6.5, 58, 折尽春风
24700515, 6.2, 79, 上仙难逑，奈何情深
26114009, 6.7, 46, 擒王榉 上
6390811, 6.8, 42, 君许三生雪
11638828, 7.0, 35, 凤血江山
26358901, 7.3, 28, 忘尘阁2玲珑心
10737458, 7.9, 19, 一言一世界
26891602, 8.0, 18, 错嫁良缘6真假公主
25793802, 6.9, 36, 今非昔比
26599747, 7.0, 33, 芍药客栈
26728754, 6.9, 35, 夺嫡・囚凤卷
26914106, 7.8, 19, 醉流年
26841371, 7.7, 20, 妇好传
2242593, 6.8, 37, 薛刚反唐续
25789565, 6.9, 33, 我自相思（上下）
25832465, 7.8, 18, 凤逆苍穹2
25813173, 7.2, 26, 圈出一枚小胖子
26680111, 7.3, 24, 错嫁良缘5燎越追凶
26343555, 6.6, 41, 一生一世笑红尘
26222164, 6.9, 31, 一生一世笑繁华终结篇（全三册）
3715544, 6.1, 65, 云色倾心（上下）
26328822, 6.6, 39, 鹂语记
25783981, 7.0, 28, 画地为牢
10522813, 6.9, 29, 淘气俏王妃（全2册）
26369881, 6.7, 34, 替身娘子
24737636, 8.1, 14, 《世说新语》详解
25934771, 7.4, 20, 兄长
25922351, 7.0, 26, 夫人
26410978, 6.6, 35, 美人难做
26369879, 6.9, 27, 萌主有命
19986456, 7.0, 25, 极品殿下（全2册）
25846281, 7.7, 16, 凤逆苍穹3
26823986, 7.7, 16, 君子长诀
3202270, 7.3, 20, 中国奇技淫巧
1477164, 6.6, 33, 夏商周断代工程
2110696, 7.9, 14, 古代汉语语法讲稿
25989128, 7.1, 21, 绝世荣华之一代夫人
25806019, 6.7, 28, 龙藏凤隐（上下）
11516538, 6.6, 30, 不良帝姬（上下册）
10561643, 6.0, 52, 媚色逃妃（上下）
26281929, 6.9, 23, 丞相大人惊呆了
26584710, 7.1, 20, 让孤静一静
20497223, 5.9, 57, 嫡妻二嫁
26850978, 6.9, 22, 京门风月3
5936546, 6.2, 39, 中国古代奇技淫巧
26598352, 7.5, 15, 此间长情
25742357, 6.6, 27, 再嫁侯门・完结篇（上下）
25935116, 6.6, 27, 大唐奇案攻略
10808229, 7.0, 20, 神君妖娆
26702164, 7.0, 20, 崔大人驾到
26368051, 7.9, 12, 温暖你，我的旧时光
25989132, 6.4, 31, 泪倾城：冷君独宠
26276000, 7.1, 18, 茗花有主
26257485, 6.2, 36, 公子太美
2998856, 7.5, 14, 中国历代物价问题考述
24750343, 6.1, 39, 赢尽天下（套装共2册）
2065911, 7.8, 12, 古本平话小说集（上下）
26590265, 5.8, 54, 旧春归
6121106, 7.4, 14, 皇上不要
10738394, 7.5, 13, 书卷似故人
26417635, 7.5, 13, 古人原来是这样说话的!
25854665, 6.3, 29, 天配良缘之西烈月（上下）
10536441, 7.0, 17, 大清后宫的幸福生活
26256742, 7.0, 17, 喜劫良缘
25955124, 7.2, 15, 毒后倾国
10605357, 7.6, 12, 墨子与墨家
3535470, 6.3, 28, 发如雪
26376355, 7.7, 11, 美人醉
11604457, 6.8, 18, 血妃（全二册）
7060403, 6.4, 24, 用我三生烟火，换你一世迷离
26270280, 7.0, 15, 御龙之龙女吉祥上
25978025, 7.1, 14, 荒岛一枝花
25963640, 6.5, 20, 第一风华1・天赐良缘（上下）
10429533, 7.7, 10, 囚犯到明君
25849660, 6.8, 16, 谁主天下（上下）
26423237, 6.6, 18, 妙手调香
25872587, 7.1, 13, 浮华惊梦
26432704, 7.1, 13, 草原狼纛
1263543, 7.4, 11, 唐代乐舞新论
11587668, 6.3, 22, 红颜劫之谋后
26343552, 5.9, 30, 奈何卿太萌（上中下）
3654166, 7.5, 10, 中国古代天文学词典
26296039, 6.6, 16, 假凤惊鸾
6390807, 5.6, 38, 妃倾天下
26270281, 7.2, 11, 御龙之龙女吉祥 下
26365007, 6.9, 12, 你貌美如花，我仗剑天涯
26268785, 7.2, 10, 古代器物溯源
26358653, 5.6, 32, 卿卿
26633459, 6.9, 11, 妾心如孽
26308770, 6.7, 12, 陌上花开待君归
6825925, 7.0, 10, 映像与幻想
26265444, 4.9, 57, 兰陵王妃
26738306, 6.7, 10, 盛世医妃
6516751, 6.5, 11, 长烟缦
25769106, 6.4, 11, 奉旨逃婚
