2017-01-23 16:17:59
Tag: 古典
The number of books: 926 

ID, rating, votes, title
1007305, 9.5, 112792, 红楼梦
1019568, 9.2, 52619, 三国演义（全二册）
1077847, 9.5, 12177, 史记（全十册）
1883245, 9.4, 10244, 诗经
1059258, 9.4, 9744, 道德经
1203426, 9.0, 14288, 人间词话
1013267, 9.3, 8687, 唐诗三百首
1029553, 8.7, 20401, 西游记（全二册）
1088581, 8.9, 13421, 浮生六记
1008357, 8.5, 21634, 水浒传（全二册）
1014561, 9.0, 9766, 古文观止
2046236, 9.3, 4710, 庄子
1949420, 9.3, 4707, 孙子兵法
1964774, 9.0, 6922, 论语
1073708, 9.0, 5612, 牡丹亭
4953695, 8.0, 24715, 拆掉思维里的墙
1021990, 9.2, 3458, 唐诗鉴赏辞典
1040382, 8.9, 4947, 人间词话手稿本全编
1098643, 8.7, 5488, 聊斋志异
1108762, 9.3, 2279, 诗经
1774227, 9.6, 1621, 脂砚斋重评石头记庚辰校本
1006967, 9.3, 2243, 宋词三百首
1287865, 9.4, 1919, 老子
1053088, 9.2, 2259, 陶庵梦忆 西湖梦寻
1286547, 8.6, 4661, 菜根谭
1016631, 8.5, 5042, 西厢记
1147193, 9.0, 2594, 世说新语
1856285, 7.3, 41290, 人生若只如初见
1139980, 9.3, 1797, 四章句集注
1420734, 9.2, 1930, 水~{校
1132550, 9.4, 1533, 宋词鉴赏辞典
1393724, 9.0, 2345, 楚辞
1000888, 9.0, 2216, Zg]
1021709, 8.6, 3318, 桃花扇
1081144, 9.3, 1436, 古源
1185908, 8.5, 3754, 东周列国志（上下）
1033163, 9.2, 1541, 老子注译及评介
1456692, 8.5, 3567, 金瓶梅
1003079, 9.5, 1084, 红楼梦
2005705, 9.1, 1646, 唐宋词十七讲
1849409, 9.1, 1566, 易经
3007268, 9.3, 1179, 传习录
1015104, 9.3, 1161, 陶渊明集
1020547, 8.9, 1727, 论语新解
1146536, 9.5, 842, 唐诗三百首
1203523, 9.4, 913, 唐宋词鉴赏辞典(唐五代北宋)
1007196, 8.5, 2522, 闲情偶寄
1823533, 8.7, 1878, 山海经
1002513, 9.2, 1039, 注析（全二裕
1107841, 9.0, 1257, 战国策
1181370, 9.3, 878, 文心雕龙注(上下)
1204398, 8.8, 1458, 幽梦影
2377241, 9.6, 628, 世f新Z{疏（全三裕
1921441, 8.9, 1264, 诗经
1008094, 9.3, 829, 春秋左髯（全四裕
1119590, 8.0, 3901, 老残游记
1009938, 7.8, 5224, 封神演义
3843961, 9.4, 698, 唐诗三百首
1910477, 8.8, 1296, 千秋一寸心
1042053, 8.1, 3123, 儒林外史
1770652, 9.2, 805, 顾随诗词讲记
1854151, 9.2, 782, 金圣叹批评本水浒传
1961670, 9.2, 773, 叶嘉莹说汉魏六朝诗
1033327, 9.4, 632, 唐宋词鉴赏辞典
1524605, 9.4, 630, 宋~三百首（全二册）
1062971, 8.9, 1038, 纳兰性德词选
25870384, 8.4, 1855, 你的生命有什么可能
1862115, 7.2, 12547, 当时只道是寻常
1877096, 8.1, 2670, 花间十六声
1038492, 8.7, 1242, 追忆
2139684, 9.2, 726, 南唐二主~校
1253292, 9.1, 796, 老子今注今译
1022951, 8.4, 1706, 长生殿
1491630, 8.7, 1179, 小窗幽记
3993396, 8.8, 1053, 纳兰词集
1543917, 9.0, 823, {m~{注
1921589, 8.9, 910, 周易
1144385, 7.8, 3611, 镜花缘
1644403, 8.1, 2310, 警世通言
1004376, 9.2, 632, 世f新Z校{（全二裕
1119476, 8.0, 2534, 醒世恒言（上下）
4903692, 9.0, 750, 东京梦华录
10796035, 9.2, 604, 中国古典诗词感发
2034127, 7.3, 7330, 陌上花开缓缓归
1137748, 8.7, 963, 元曲三百首
1958863, 8.5, 1198, 搜神
1626883, 8.1, 1936, 阅微草堂笔记
1257360, 8.8, 806, 孟子
1469028, 9.4, 442, 文x（全六裕
1470622, 8.2, 1558, 二十年目睹之怪现状
1081778, 9.5, 396, 李太白全集（全三册）
1908517, 7.1, 8898, 思无邪
1012560, 9.3, 469, 犯集（全四裕
1045314, 8.7, 850, 诗词格律
1466836, 8.0, 1988, 喻世明言
3317670, 8.6, 934, 终朝采蓝
1928500, 8.7, 833, 三十六计
1045718, 8.5, 1029, 菜根谭DD人生的滋味
1876129, 9.2, 497, 饮水词
1214303, 8.8, 735, 韩非子
2349498, 9.4, 409, 古诗十九首集释
1006624, 8.4, 1119, 孟子g注
1043613, 8.4, 1118, 工作与时日 神谱
2775720, 9.0, 561, 叶嘉莹说初盛唐诗
2049866, 9.0, 542, 山海经校注
1050658, 9.3, 406, 宋诗鉴赏辞典
2025893, 8.9, 587, 人间词・人间词话
1137681, 8.8, 649, |坡志林
3993392, 9.3, 403, 苏轼词集
1039315, 9.2, 433, 楚oa注
1264104, 8.6, 785, 夜航船
1027427, 8.4, 974, 论语今读
2052471, 8.7, 690, 诗经别裁
2005704, 9.0, 509, 北宋名家词选讲
3810699, 9.2, 421, 水浒传
1817494, 8.7, 682, 弟子规
2271222, 9.1, 458, 鬼谷子（第二版）
1836272, 8.7, 678, 山海经
4917220, 9.3, 379, 楚辞
1142794, 9.0, 477, 太平广记（全十册）
1807798, 9.0, 475, 洛阳伽蓝记校笺
1207847, 8.5, 792, 增广贤文
1881837, 8.1, 1263, 三言二拍
3073062, 7.6, 2506, 纳兰词典评
2159115, 9.1, 407, 世说新语精读
1007577, 9.0, 443, 唐诗杂论
3409620, 9.1, 397, 东周列国志
1545936, 9.4, 306, 唐宋名家词选
1185912, 8.4, 802, 变形记
1070272, 8.4, 801, 子不语
5038750, 9.1, 389, 读书指南
1507657, 9.2, 352, 小山词
1008023, 9.3, 322, 杜注（全五裕
1774062, 9.0, 415, 宋词选
1907655, 9.4, 289, 东京梦华录笺注（上下）
1975992, 7.8, 1580, 西风独自凉
1882433, 8.9, 444, 孙子兵法・三十六计
3993390, 9.1, 368, 李煜词集
1394420, 9.3, 309, 古诗文名物新证（全二册）
1078146, 7.8, 1562, 二刻拍案惊奇(上下)
1982553, 9.1, 366, 古本山海经图说（上下）
1017340, 9.6, 240, KY文集（全六裕
1278836, 8.2, 918, 潘金莲的发型
2027949, 8.8, 467, 漱玉词・断肠词
1849632, 9.2, 319, 世说新语校笺
1030529, 9.1, 346, 李商隐诗选
3218229, 7.2, 3538, 陌上花开
1065258, 9.2, 302, 唐宋词选释
2373242, 9.2, 301, 酉阳杂俎
3009778, 8.5, 585, 纳兰词
1223813, 9.0, 358, 李清照诗词选
3223717, 8.8, 431, 陶庵梦忆
3183666, 8.8, 411, 风景旧曾谙
1279925, 9.1, 312, 李清照词
1949466, 9.5, 224, 聊S志校注u本（全四裕
2261243, 9.0, 338, 汉书
1214305, 8.9, 368, 墨子
1886374, 9.0, 333, 老子・庄子
2030606, 8.7, 440, 叶嘉莹说陶渊明饮酒及拟古诗
2049360, 8.8, 394, 南宋名家词选讲
1627340, 8.5, 527, 中国历代文学作品选.上编.第1册
3843962, 9.2, 273, 宋词三百首
4892923, 9.1, 297, 古典学术讲要
1393733, 9.2, 264, 李煜集
1030882, 9.2, 263, 汉魏六朝诗鉴赏辞典
1045566, 8.4, 557, 随园诗话（上，下）
1025808, 8.5, 498, 梦溪笔谈
1773575, 8.3, 602, 花间集
2028082, 8.9, 328, 唐五代名家词选讲
2157003, 7.2, 2665, 她们谋生亦谋爱
1214302, 8.8, 353, 荀子
1009706, 9.1, 270, 中国文学欣赏举隅
3223719, 8.2, 651, 围炉夜话
7001042, 8.5, 470, 无计花间住
1435197, 9.2, 247, 李商隐诗选
1817491, 8.8, 350, 幼学琼林
1041585, 8.5, 469, 板桥杂记
1525645, 8.8, 349, 纳兰词
3826303, 9.2, 239, 姜白石词笺注
1161592, 9.3, 216, 全唐诗（全二十五册）
1802061, 8.8, 324, 诗经原始(上下)
1076343, 9.1, 249, 世说新语译注
1003584, 9.1, 248, 汉魏六朝诗讲录
1844792, 9.2, 228, 毛宗岗批评本三国演义（上下）
3567384, 8.9, 293, 聊斋志异
1042039, 7.6, 1234, 隋唐演义（上下）
1005381, 8.8, 317, 音乐圣经
1027880, 9.3, 207, 全宋词（共5册）
1109137, 7.7, 1056, 初刻拍案惊奇
1603309, 7.7, 1054, 笑林广记
3423150, 9.1, 240, 二晏词笺注
1577653, 9.3, 203, Z正x（全二裕
1762644, 8.9, 282, 诗经选
1292310, 7.5, 1363, 说岳全传
1110159, 9.2, 218, 诗品集解・续诗品注
1223811, 9.0, 257, 苏轼诗词选
3519722, 9.1, 236, 四书五经
1170187, 9.1, 235, 史记
1186176, 8.3, 497, 海上花列传
1023735, 8.8, 303, 诗境浅说
1543906, 8.7, 328, 古诗十九首与乐府诗选评
3333020, 9.3, 196, 通志堂集（附纳兰容若手简）
1023080, 8.8, 296, 音乐圣经
1659346, 9.0, 247, 千字文
1014359, 9.2, 209, 李白诗选
1015541, 8.6, 353, 诗经译注
1185910, 8.9, 267, 埃涅阿斯纪
1886219, 9.0, 244, 史记
1067669, 8.3, 471, 初唐诗
3894895, 6.7, 4898, 美人何处
1029440, 9.1, 219, 苏轼诗选
1065772, 9.2, 202, 古文鉴赏辞典（上）
2252739, 8.4, 414, 中国古代文化常识
2053608, 8.6, 339, 吕氏春秋
3045403, 9.0, 235, 东周列国志
1766308, 9.1, 215, 明夷待访录
3992177, 9.5, 157, |坡犯{
10488580, 9.0, 231, 鬼谷子
1069590, 9.0, 230, 韩非子集解
3662554, 8.7, 298, 牧歌
1028894, 8.4, 397, 姹紫嫣红《牡丹亭》
1075284, 8.2, 480, 迷楼
1678478, 9.0, 223, 纳兰词
1988066, 8.7, 288, 词之美感特质的形成与演进
2341188, 8.9, 241, 唐诗选注
1133565, 8.8, 260, 再生缘
1679149, 9.5, 149, 王S《人g~》《人g~》手稿
1807997, 9.3, 171, 陶庵梦忆
1065974, 9.3, 170, 唐宋词格律
2266558, 8.5, 333, 西游补
1227920, 8.1, 504, 日本古典俳句选
1067119, 8.6, 298, 纳兰词笺注
1961668, 8.4, 358, 好诗共欣赏
1025238, 9.4, 150, 苏轼诗词文选评
7057187, 9.4, 150, 陶庵梦忆
3066095, 8.7, 264, 汉字的魔方
1069375, 8.8, 239, 楚辞选
1045219, 9.1, 186, 菜根潭
1082760, 8.7, 260, 品注
2052475, 8.5, 311, 左传
1954594, 8.2, 420, 十二楼
1546037, 9.3, 157, 唐宋词鉴赏辞典
3403514, 6.8, 2950, 观音
1578541, 8.9, 214, 古代城邦
1125096, 9.2, 166, 漱玉词
1024698, 8.2, 404, 论语通译
2028991, 9.3, 152, 日知集全校本（全三裕
1010587, 8.1, 443, 古典作曲家排行榜
1095648, 8.3, 349, 白香词谱
3993399, 8.8, 219, 李清照词集
1066974, 8.3, 347, 茶经
2103067, 9.4, 136, 苏轼集
1792476, 9.1, 168, 道德经
1084403, 9.2, 155, 读词偶得・清真词释
1491624, 9.1, 167, 陶庵梦忆
2280983, 8.5, 277, 武林旧事
1891934, 9.1, 165, 唐诗选（上下）
1957709, 8.8, 210, 唐宋传奇集
1255985, 8.9, 192, 颜氏家训集解
1452512, 7.9, 504, 十日谈
1017288, 9.1, 162, 尚书今古文注疏
1055254, 9.1, 161, 辛弃疾词选
1023595, 8.0, 436, 窦娥冤
2031262, 9.3, 136, 宋词三百首全解
1036692, 8.8, 200, 中华传世名著精华丛书
1289022, 8.9, 183, 辛弃疾词选
1055460, 8.3, 313, 诗词格律概要
1321743, 8.5, 256, 古典音乐
1536620, 8.9, 180, 寒山诗注
1039585, 8.0, 419, 罗马十二帝王传
1279926, 9.3, 132, 苏轼词
2037610, 9.3, 129, 大学
2149452, 9.0, 161, 唐诗三百首新注
2049710, 9.2, 137, 古代汉语
3899534, 7.8, 493, 一生最爱纳兰词
1881438, 9.4, 117, 经学抉原
6105391, 8.7, 200, 金瓶梅
1559380, 8.8, 183, 徐霞客游记
1608312, 8.5, 235, 呻吟语
1070193, 9.1, 143, 氛录校注
2257283, 9.1, 143, 唐人小说
3278377, 9.1, 143, 淮海居士长短句笺注
1891413, 8.8, 181, 朱子家训
1084399, 8.6, 214, 白雨斋词话
1547465, 9.3, 123, 李Z李煜词
6116769, 9.5, 107, 红楼梦脂汇本
1058527, 8.6, 212, 孙子兵法新注
1290294, 8.8, 176, 阮籍集校注
1042938, 9.3, 119, 礼记集解（全三册）
1033645, 8.8, 173, P州舫
2128011, 6.6, 2715, 惜春纪
1547521, 8.6, 203, 西湖梦寻
3993393, 9.0, 146, 柳永词集
1027525, 9.3, 117, 曹植集校注
1228654, 8.6, 200, 物性论
1028864, 9.0, 144, 古文鉴赏辞典（下）
3177125, 9.0, 144, 金圣叹评点西厢记
1490826, 8.7, 183, 宋词三百首
1147196, 9.3, 114, 柳永集
1149597, 8.8, 166, 闲书四种
1211616, 8.8, 166, 东周列国志
1020398, 8.2, 283, 唐诗地图
1186363, 8.2, 283, 无声戏
1171695, 8.8, 165, 菜根谭・小窗幽记・幽梦影
1891562, 9.2, 121, 唐诗三百首详析
2122295, 8.9, 151, 人物志
1912531, 8.3, 252, 玄怪 m玄怪
2381658, 8.2, 276, 颜氏家训
2364686, 8.6, 188, 唐宋传奇选
2105397, 9.0, 136, 在北大听讲座-(1-16辑)
4894977, 8.6, 187, 长物志
1203464, 9.2, 116, 唐宋词一百首
1024231, 8.9, 143, 孟子正义(全二册)
20431242, 9.2, 114, 传习录注疏
1797080, 8.6, 181, 上古神话演义(共四卷)
1012890, 8.0, 319, 文言津逮
1116207, 9.4, 99, 庾子山集注（全三裕
1471632, 7.9, 352, 封神演义
4150303, 8.2, 258, 唐诗的唯美主义
1426172, 9.3, 105, 宋词三百首笺注
1593006, 9.4, 98, 汉魏六朝笔记小说大观
2082133, 7.0, 1127, 长安月下红袖香
3156435, 8.7, 164, 天工开物译注
1049911, 8.5, 194, 老学庵笔记
1952696, 9.0, 129, 楚辞译注
4909052, 6.7, 1808, 世有桃花
1892749, 7.4, 608, 画堂香事
2052469, 8.9, 135, 新搜神 新搜神後
2183718, 8.8, 145, 武经七书（全二册）
26341367, 8.1, 268, 小词大雅
1277757, 9.2, 107, 史记选
5914557, 8.9, 133, 伟大指挥家
6849583, 8.1, 266, 香识
1011010, 8.8, 142, 鹤林玉露
1055291, 9.4, 92, 苏轼词选
5919997, 9.3, 98, 古典政治理性主义的重生
1397799, 8.6, 165, 建安七子集
1015063, 8.4, 196, 迦陵论词丛稿
1329967, 8.5, 179, 苏轼传
3810700, 9.2, 104, 西游记
2077128, 9.3, 97, 诗经
2264940, 9.3, 97, 稼轩长短句
1959911, 8.4, 194, 金圣叹评点才子古文
1036179, 8.7, 150, 乐府诗选
1686414, 8.9, 128, 王维孟浩然诗选
1203399, 9.4, 90, 红楼梦（三家评本）（全二册）
2140639, 9.6, 79, 三才D（全三裕
2006842, 8.8, 137, 失落的天书
1137747, 8.4, 191, 千家诗
1319698, 8.7, 148, 建城以来史（前言?卷一）
1545959, 9.3, 95, 三家u注李L吉歌
2275558, 9.0, 117, 中庸
26762075, 8.9, 126, 紫阳系列
1013543, 7.7, 384, 杨家将
3651353, 8.4, 188, 淮南子
2138984, 6.9, 1114, 不如不遇倾城色
2364728, 8.9, 124, 乐府诗选
1838327, 9.0, 115, 白话诗品 二十四诗品
2125034, 9.1, 107, 古诗十九首初探
1875737, 8.8, 133, 本草纲目
1279929, 9.3, 92, 辛弃疾词
2224962, 8.2, 219, 古今和歌集
2284288, 8.7, 141, 善的脆弱性
2308036, 8.8, 128, 玉台新咏
2227572, 9.0, 110, 水经注校证
1208219, 9.3, 89, 唐诗三百首
1760849, 9.2, 95, 陶Y明集校{
1208069, 9.1, 101, 归有光文选
2154581, 9.1, 101, 庄子校诠（全二册）
1203446, 8.6, 147, 文心雕龙札记
4842455, 8.4, 173, 古典诗的现代性
3078137, 7.3, 559, 人间词话典评
1831007, 8.2, 204, 三言-喻世明言、警世通言、醒世恒言
1699782, 9.0, 106, 庄子精读
2302841, 9.2, 92, 诸葛亮集
1289199, 8.7, 132, 左传译文
2285534, 8.9, 113, 震川先生集（上下）
26840888, 9.3, 85, 故宫日历（2017年）
1002903, 8.9, 111, 元人杂剧选
26352443, 8.7, 128, 诗经名物图
1078457, 8.6, 137, 老子校释
1761082, 9.1, 94, 金圣叹批本西厢记
1071673, 8.4, 160, 毛诗品物图考
4133113, 8.7, 125, 楚辞
3124601, 7.4, 450, 独自莫凭栏
4821760, 8.9, 107, Y捷~校注
1921294, 8.7, 124, 夷灾荆ㄈ四裕
3824576, 9.2, 86, 诗经
1214304, 9.1, 92, 孙子兵法・尉缭子・鬼谷子
2283232, 9.1, 92, 钱锺书集
1891789, 8.4, 156, 明代小说四大奇书
1194024, 7.4, 436, 品花宝鉴
2298641, 9.1, 91, 日知录校注
1014817, 8.6, 130, 魏书（全八册）
1536623, 8.4, 153, 庄子浅注
25735281, 8.8, 111, 人间词话汇编汇校汇评(增订本)
3309694, 8.9, 103, 卡图卢斯《歌集》拉中对照译注本
1748216, 8.3, 165, 西京杂记
2337142, 9.2, 83, 嵇康集校注
3007220, 9.0, 95, 近思录
1260119, 8.7, 118, 隋唐嘉 朝野Ld
4917252, 8.7, 118, 孟子
1000892, 7.8, 265, 诗经译注
2071716, 7.7, 294, 如梦蝶恋花
1045806, 9.0, 94, 屈原集校注（全二裕
3258865, 7.6, 327, 新源氏物语（上 下）
1161594, 8.5, 137, 礼记译解（全二册）
1292422, 9.4, 72, 唐诗三百首
1545948, 9.4, 72, 李白集校注(全二册)
2364687, 8.2, 176, 今古奇观
4894974, 9.0, 93, 西方古典学术史
1027917, 9.2, 81, 王维诗选
20282052, 6.9, 800, 再见故宫
3507167, 9.0, 92, 西厢记
1049686, 8.8, 106, 盐铁论
1122977, 9.3, 75, 南唐二主词
11632465, 8.9, 98, 瓶花谱 瓶史
10566123, 8.3, 156, 山海经
4736008, 9.2, 79, 古诗今选
1048489, 8.7, 111, 周易入门
1277728, 9.3, 73, 唐宋诗举要(上下)
3752402, 8.6, 119, 先秦诗文史
1512759, 8.6, 118, 欧里庇得斯悲剧集（全三册）
25703280, 8.5, 126, 游金梦
6534688, 9.2, 76, 古文观止（套装上下册）
1279928, 8.9, 93, 柳永词
1261296, 7.4, 372, 三侠五义
6047973, 7.1, 547, 西风多少恨 吹不散眉弯
2003097, 9.3, 71, 艺概
3198489, 8.8, 99, 格言联璧
1701784, 8.3, 147, 三字经・千字文
3013157, 8.6, 115, 鬼谷子
4274473, 8.9, 92, 林泉高致
3113454, 8.5, 124, 三言两拍
4896169, 9.4, 66, 中华传统蒙学精华注音全本・声律启蒙・笠翁对韵
3410751, 8.8, 98, 论语本解
3124602, 7.2, 463, 昨夜闲潭梦落花
6745128, 8.6, 112, 白香词谱
3154400, 7.9, 205, 影梅庵忆语
2015280, 9.0, 83, 苏轼集
1007590, 8.0, 185, 唐诗宋词十五讲
2231789, 9.3, 68, 琅治募
2131718, 9.4, 63, 西厢记
1749074, 9.0, 81, 诗韵合璧
1010455, 9.2, 71, 全本红楼梦
1064536, 8.3, 137, 读词常识
3107941, 7.6, 268, 俳句的魅力
1706129, 8.9, 86, 调鼎集
1974780, 8.8, 92, 诗集传
26584741, 8.7, 98, 《史记・太史公自序》讲记（外一篇）
1329552, 8.3, 134, 古琴
1444766, 8.3, 134, 红妆
2282707, 8.7, 97, 古今谭概
1047809, 9.0, 78, 人间词话新注
6516502, 9.1, 73, 古文观止译注
1033026, 9.4, 60, 辛弃疾集
1049232, 9.0, 77, 中国神怪故事大观
1926677, 9.1, 72, 中国十大古典悲剧集（上下二册）
3097193, 9.1, 72, 增删卜易
2226068, 8.4, 119, 国学入门
1248549, 9.7, 50, 古谣谚
2031571, 8.8, 87, 唐诗小札
2139227, 8.8, 87, 荆楚岁时记
1429813, 8.5, 108, 生命清供
3726741, 7.5, 275, 衣锦媚行
1853029, 9.2, 66, 道藏（1-36册）
1042419, 8.4, 116, 孝经译注
1211996, 8.5, 107, 施特劳斯与古典政治哲学
2181167, 9.1, 69, 鲁本斯
2376102, 8.4, 114, 列子
1592783, 9.4, 57, 三国演义 连环画收藏本（全60册）
3213741, 8.4, 113, 孝经
1722917, 9.1, 68, 中华古典珍品・格言联璧
3286232, 7.5, 261, 弁而O
25783206, 7.4, 292, 一日看尽长安花
1001690, 8.9, 77, 李商隐诗集疏注（上、下册）
1050467, 8.9, 77, 呻吟语・菜根谈
25895035, 9.0, 72, 罗马史研究入门
2978913, 9.2, 63, 孟子
3237869, 9.2, 63, 陆九渊集
1924980, 8.5, 102, 六韬三略译注
1038661, 9.0, 71, 幽梦影DD林语堂中英对照丛书
1275255, 7.9, 169, 围炉夜话
1037101, 7.4, 284, 谁杀了古典音乐
1287806, 8.5, 100, 名哲言行录
1556074, 9.5, 51, 李太白集  杜工部集
4741211, 7.1, 393, 佳期如梦，爱如胭红
1203452, 7.6, 217, 七侠五义
1433771, 8.1, 134, 凯若斯(古希腊语文教程共2册)
2028083, 9.1, 63, 方丈
1050571, 9.0, 67, 杜甫蛭六绝句集解・元好问诗三十首小{
2310248, 9.0, 67, 梦窗词汇校笺释集评
3993382, 8.5, 95, 白雨斋词话
25797852, 9.2, 59, 溪山琴况
4580690, 8.1, 131, 梁羽生闲说《金瓶梅》
3402749, 7.7, 190, 音符上的奥地利
1449363, 8.9, 71, 老子・庄子・列子
2194060, 8.5, 94, 山海经
1186353, 9.3, 55, 古希腊散文选
1145397, 8.7, 81, 日本古典文学赏析
2132463, 8.7, 81, 山中白云词
6975590, 9.1, 62, 唐宋传奇
24298439, 9.1, 62, 寻不到的寻找
1105448, 8.8, 75, 醉古堂剑扫――古人云丛书
3926283, 8.6, 86, 孙子译注
1040695, 8.4, 100, 礼记译注（上、下）
1038759, 9.8, 41, 词话丛编(全五册)
24225065, 7.6, 202, 竹取物语・御伽草子
2255860, 7.5, 223, 痴婆子传
1556590, 9.0, 64, 水经注
3223402, 9.0, 64, 礼记正义（全三册）
3168570, 8.8, 73, 古典诗文绎读 西学卷・古代编（上、下）
1223818, 8.6, 84, 谢灵运鲍照诗选
3063774, 9.0, 63, 词综
1837817, 7.5, 218, 绿野仙踪
1288846, 7.2, 306, 周易译注
1330366, 7.8, 160, 狂言选
26596363, 8.2, 112, 阅读经典
1326986, 9.4, 49, 李白诗
2154586, 9.2, 55, 陶渊明诗笺证稿
1283232, 8.2, 111, 古典音乐
11629000, 8.2, 111, 怎样读古书
1137650, 9.0, 62, 柳宗元集（全四裕
5353291, 8.1, 120, 琴史
25797851, 8.4, 93, 山家清供
2069620, 8.2, 109, 词选
2356759, 8.9, 65, 菜根谭
11540041, 8.7, 74, 战国策（全二册）
1245707, 8.6, 79, 说苑校证
3622462, 9.5, 45, 经史百家杂钞（上下）
1940922, 8.0, 127, 醒世姻缘传
25816076, 8.0, 126, 和泉式部日记
1435194, 8.8, 68, 杜牧诗选
20452305, 8.1, 114, 罗马帝国的崛起
1061746, 8.5, 83, 原诗 一瓢诗话 说诗语
1467871, 8.5, 83, 古文观止
10758656, 9.0, 59, 群书治要360
4727175, 8.8, 67, 忏慧堂集
1883401, 9.2, 52, 宋词三百首鉴赏辞典
3198482, 8.3, 96, 围炉夜话
4286985, 8.2, 104, 香典
1198370, 8.9, 62, 庄子补正
5297219, 7.1, 311, 那一天
1070190, 8.5, 81, 古典文学三百题
1141524, 9.6, 41, 稼轩长短句
1843313, 8.0, 119, 木鉴
2989079, 9.0, 57, 尚书正义
10565750, 8.6, 74, 新纂香谱
1488393, 8.3, 92, 韩诗外传集释
4739528, 8.3, 92, 纳兰性德
3134556, 9.2, 50, 国故论衡疏证
1701780, 8.6, 73, 增广贤文・弟子规・朱子家训
1729390, 8.7, 68, 菜根谈
4261182, 8.5, 77, 梦里不知身是客
6536384, 8.5, 77, 黑色雅典娜
2361886, 9.6, 39, 蒙学十篇
1166297, 8.8, 62, 中日古代建筑大木技术的源流与变迁
2348264, 8.4, 82, 郁离子
2308676, 7.9, 123, 爱情悲歌《莺莺传》
2083807, 8.7, 66, 秋水轩尺牍
10558519, 8.7, 66, 茶谱・煮泉小品
1808910, 8.1, 103, 修辞学
1726000, 8.5, 75, 吴子兵法
3888470, 8.1, 102, 诗经今注
26583219, 8.8, 61, 回到古典世界
3452400, 8.9, 57, 幼学琼林
1183033, 7.9, 119, 古琴实用教程
4213624, 8.8, 60, 山海经
1926676, 9.4, 42, 中国十大古典喜剧集
1065486, 8.8, 59, 唐诗宋词三百首
5918043, 9.1, 49, 古代小品文鉴赏辞典
1389121, 9.6, 37, Hokusai
1891191, 7.7, 138, 后西游记
4012249, 7.3, 208, 仙剑奇侠传3
3100196, 8.5, 71, 六韬
2017468, 9.0, 51, 历代笑话集
3258983, 9.1, 48, 杜牧集系年校注
6849306, 9.1, 48, 唐前志怪小说辑释
3188100, 8.8, 57, 古今笑史
4320586, 8.6, 65, 自然与神圣
24868124, 9.5, 38, 重刊洛阳伽蓝记  山涛论
4030662, 8.2, 87, 千家诗
2033642, 8.0, 102, 药窗诗话
1547641, 7.6, 146, 诗品译注
10443152, 9.3, 42, 本经阴符七术
1035389, 9.1, 47, KY集合注（全六裕
1062734, 9.7, 34, 袁中郎随笔
1029979, 7.9, 110, 《周易》经传十五讲
3040272, 7.9, 110, 幽明录
1450077, 9.2, 44, 杜甫选集
3686529, 8.5, 68, 虬髯客传（唐代传奇卷）
2122427, 7.8, 118, 百喻经
5320664, 8.4, 72, 酒谱
1584472, 8.5, 67, 天地人鬼神图鉴
3576630, 8.5, 66, 香学会典
5376509, 8.5, 66, 雅注疏
1547410, 8.2, 81, 浮世澡堂
2243124, 9.2, 42, 历代文选
6831136, 9.1, 44, 碧岩录
1870816, 8.9, 49, 白居易诗集校注（全六册）
1027411, 8.5, 63, 唐语林校证（全二册）
2057518, 7.7, 119, 天工开物
1341735, 9.1, 43, 毛正x（三卷本）
6433149, 7.0, 248, 染花集
3411545, 8.5, 62, 玉簪记
1987220, 9.2, 40, 古神话选释
1274149, 9.5, 34, 历代诗歌选（四册）
1054462, 8.6, 56, 新语校注
20391339, 9.2, 39, 道德经注释
1068518, 7.6, 123, 情史
1069874, 8.1, 80, 千家诗
1073148, 9.1, 41, 戴敦邦新绘全本红楼梦
4941436, 6.6, 394, 胭脂醉
11599398, 7.9, 93, 古典音乐日课书
1882929, 7.6, 120, 希腊罗马神话与传说中的恋爱故事
1185873, 7.5, 131, 豆棚闲话
1910469, 8.9, 45, 楹联丛话
19996003, 8.9, 45, 诗词写作常识
4919525, 9.2, 37, 蔡义江新评红楼梦
25716112, 7.5, 126, 时光印痕：唐诗宋词中的节气之美
1073752, 9.1, 39, 昭明文选（全五册）
24529136, 6.8, 274, 适合比成功更重要
2141017, 8.9, 43, 严复集
4220395, 8.9, 43, 中国近世戏曲史
4247677, 8.9, 43, 清.孙温绘全本红楼梦
2270249, 8.4, 59, 燕丹子 西京杂记
1289827, 8.4, 58, 古小说钩沉
1421732, 8.1, 72, 浮世理发馆
6847502, 7.7, 100, 古典音乐一本通
3312060, 7.5, 120, 剪灯新话
2252955, 8.5, 54, 穆天子传.神异经.十洲记.博物志
2333483, 8.2, 66, 风筝误
1119070, 8.6, 50, 篆刻字典
6874289, 8.4, 57, 水云楼诗词笺注
2310495, 9.0, 39, 唐宋八大家文钞
2274868, 7.2, 157, 落花人独立
10432702, 8.3, 60, 《笠翁传奇十种》之《怜香伴》
1219393, 8.0, 74, 增广贤文
1102822, 7.8, 87, 说唐全传
1186395, 7.9, 80, 萤窗异草
1661627, 9.0, 38, 闽都别记(上中下)
2272683, 9.0, 38, 裴o髌
1013294, 8.9, 40, 论语集注
3705916, 8.7, 45, 小山画谱
3794320, 8.5, 51, 荀子简释
2010751, 8.3, 58, 中国鬼话
25875151, 8.8, 42, 风诗的情韵
10048649, 8.2, 62, 武林旧事
4729669, 7.8, 84, 回归古典之美
10747305, 9.1, 35, 传习录校释
2582110, 8.3, 57, 康熙几暇格物编译注
1592984, 8.8, 41, 龚自珍全集
1289010, 7.8, 82, 云仙散录
2281860, 7.4, 117, 古今笑
1162574, 9.5, 28, 广雅疏证
11520862, 8.7, 43, 拾遗记
6893848, 9.0, 36, 尚书正读
20501740, 8.1, 64, 看山阁闲笔
11520891, 8.9, 38, 宣室志・裴传奇
3073490, 9.1, 34, 汉魏六朝赋选
1009994, 8.6, 45, 清波杂志校注
1172414, 9.2, 32, 中国历代装饰纹样
2216661, 9.2, 32, 诗经三百篇鉴赏辞典
1157084, 8.1, 63, 止学
6728871, 8.4, 51, 西方古典音乐入门
4856533, 8.7, 42, 风俗通义校注（上下）
25997352, 8.3, 54, 三国名将
1638272, 9.3, 30, 日本古典文学大辞典
1545956, 9.0, 35, 楚o今注
1460648, 8.5, 46, 古文辞类纂
1025725, 8.6, 43, 岭外代答校注
2278230, 8.6, 43, 韩昌黎文集校注
5375361, 9.3, 29, 王荆文公诗笺注（上中下）
20390850, 9.3, 29, 左传（全三册）
1767676, 8.2, 55, 稽神 括志
6973845, 8.5, 45, 法国戏剧经典(17-18世纪卷)
1813229, 8.9, 35, 水注疏
3184953, 9.4, 27, 顾亭林诗文集
1216206, 8.4, 47, 工具论(上下)
1320058, 7.8, 72, 罗马史随想
10779305, 7.8, 72, 《红楼梦》评论
4226535, 8.6, 41, 快雪堂日
1956966, 7.9, 65, 谐铎
3988916, 9.0, 32, 神话选译百题
1055709, 8.6, 40, 重读古典
1175597, 7.6, 82, 白蛇全传
25862678, 8.4, 45, 香乘
25733120, 8.5, 42, 外族的智慧
3156449, 9.3, 27, 花外集
3403041, 8.8, 35, 内藤湖南汉诗文集
1048526, 7.2, 117, 三遂平妖传
1290355, 8.1, 54, 男人和女人的故事
1042836, 8.0, 58, 裸体艺术
2305103, 9.0, 31, 花庵词选
1547962, 9.5, 24, 袁中郎散文
1033732, 7.7, 72, 古典音乐入门
3993583, 9.8, 21, 潜研堂集（上下）
25877579, 8.8, 34, 古典名著聚珍文库：二十四诗品
6519059, 7.4, 93, 图解推背图
3566426, 8.2, 49, 紫钗记
2701614, 8.0, 56, 晏子春秋
1067362, 8.3, 45, 淮南子
1797243, 8.5, 39, 湘军兵志
1253444, 8.3, 44, 礼记训纂（上下）
3803220, 8.3, 44, 诗经
1080015, 8.0, 54, 王国维《红楼梦评论》笺说
5320660, 8.1, 50, 书法雅言
1137651, 9.0, 29, 船山草（全二册）
3040810, 9.0, 29, 庾子山集注
10608487, 9.0, 29, 周易注校释
4091840, 7.7, 67, 中国传统色彩图鉴
2129348, 8.8, 32, 唐女诗人集三种
3225909, 7.9, 57, 画境文心
1895643, 8.4, 40, 香艳丛书
1950481, 9.1, 27, Oxford Latin Dictionary
1968811, 8.3, 42, 毛批三国演义（全二卷）
3792695, 8.7, 33, 张子正蒙注
1925910, 8.5, 37, 商君书.韩非子
3060796, 8.2, 44, 王亭之评注《紫微斗数讲义》
20378923, 8.2, 44, 刘心武评点金瓶梅
10577244, 9.1, 26, 群书治要译注
4838620, 8.7, 32, 六研SP 紫桃sY
3393434, 7.4, 80, 图解紫微斗数（上下部）
1010677, 7.3, 86, 不可不知的古典音乐
2222370, 7.9, 52, 幻像与生命
6857556, 8.6, 33, 文房四谱
1864629, 8.9, 28, 近松门左卫门 井原西鹤作品选
2348418, 8.2, 42, 後山 萍洲可
3078355, 8.4, 37, 快园道古
3892412, 8.4, 37, 洗冤集录
1659532, 9.1, 25, 李卓吾评本:水浒传(上下)
26270255, 9.1, 25, 张岱诗文集（增订本）
11524184, 8.0, 47, 美得令人心醉的宋词
4152092, 8.5, 34, 唐诗三百首?宋词三百首?元曲三百首
1038336, 8.9, 27, 汤显祖全集（全三册）
2376700, 8.7, 30, 谢灵运集校注
1697247, 8.1, 43, 吕氏春秋.淮南子
1052854, 8.5, 33, 广阳杂记
1170255, 9.1, 24, 唐诗选注
2127914, 9.9, 17, 文选李注义疏（全四册）
1764413, 8.6, 31, 韩非子集释
1939474, 9.0, 25, 苏东坡轶事汇编
4133065, 8.2, 39, 孔子家语
21722400, 8.7, 29, 姜白石词笺注
1146705, 6.8, 125, 瀛台泣血记
4263920, 9.2, 22, 王季重十N
3368811, 9.1, 23, 震川先生集（全二裕
1017061, 9.4, 20, 诗经全译全评
11633199, 9.4, 20, 百花诗笺谱
11524187, 7.7, 53, 美得令人窒息的唐诗
2338173, 8.4, 33, 虞初新志
1338011, 7.1, 87, 夜雨秋灯录
1041872, 7.0, 95, “诺斯”与拯救
1751063, 8.3, 34, 毛诗名物图说
25797855, 8.4, 32, 食宪鸿秘
25773958, 7.7, 51, 终南山主人
1081495, 8.2, 36, 诗经校注
2263311, 7.7, 50, 博异志 集异记
1998095, 8.3, 33, 白话唐传奇
1263942, 7.7, 49, 你不可不知道的欧洲音乐地图
1492457, 8.1, 37, 林黛玉
25740454, 8.1, 37, 苏曼殊诗集
1820209, 8.5, 29, 色诺芬的品味
2263305, 7.7, 48, 冥报记 广异记
1078716, 8.3, 32, 扬州瘦马
1391611, 8.3, 32, 元稹集
10738630, 9.0, 22, 六臣注文选
2973118, 8.1, 36, 东方文化八题
2325876, 8.0, 38, 燕子笺
1537408, 8.5, 28, 苏州古典园林营造录
1196287, 8.7, 25, 全hx
1274888, 8.7, 25, 味水日
1997981, 8.3, 31, 推背图
6858506, 8.3, 31, 牡丹谱
2970322, 6.7, 114, 中国香文化
5037318, 8.6, 26, 药地炮庄
1199176, 9.0, 21, 古玩指南
1934061, 7.9, 39, 楚辞讲座
1607686, 9.1, 20, 梦溪笔谈(上下) (平装)
1659041, 9.1, 20, 先秦文学史参考资料（套装上下册）
1080800, 8.2, 32, 古典音乐400年1
6857549, 8.2, 32, 酒经
1338425, 8.6, 25, 歌c推背D
1975630, 8.6, 25, 陆机集
1260477, 8.1, 33, 今古文经学新论
3697500, 7.7, 43, 扶友损敌
1027488, 6.5, 132, 荡寇志
19957690, 6.5, 131, 相思莫相负
4821758, 8.8, 22, n愈文集⌒９{注（全七裕
5990894, 9.0, 20, 要籍解题及其读法
1814797, 9.5, 16, 王摩诘文集（共2册）
1831672, 9.2, 18, 中国古典武学秘籍录-(上卷)
3111123, 8.4, 26, 黑z唱片收藏Da：LP玩家用事典
25926317, 8.8, 21, 《声律启蒙》与《笠翁对韵》探源精解
2257628, 8.7, 22, 庄子解
1856375, 8.6, 23, 黄庭坚诗选
3114810, 8.0, 32, 商君书注译
1277218, 6.3, 144, 八段锦
1546044, 7.9, 33, 白话战国策
2257338, 7.9, 33, 香畹楼忆语
3713245, 8.6, 22, 词林正韵
2159623, 7.8, 35, 异苑 谈薮
10618376, 8.5, 23, 你最应该知道的古典诗词
4200249, 8.0, 30, 《埃涅阿斯纪》章义
2170976, 8.3, 25, 牧斋杂著（全二册）
24720292, 8.3, 25, 离魂记
1837811, 7.0, 63, 九尾龟
5500887, 7.7, 36, 金楼子校笺（上下册）
1883246, 8.7, 20, 河岳英灵集注
3609406, 8.7, 20, 齐民要术译注
1136018, 8.6, 21, 诸子百家名篇鉴赏辞典
3090796, 8.2, 26, 饮膳正要
4227570, 8.2, 26, 古画品录
1903901, 8.1, 27, 古罗马文学史
3888105, 8.1, 27, 秋笳集
3661956, 8.3, 24, 江南女性别集-初编（上.下册）
25950953, 8.0, 28, 阿提卡之夜
1607759, 7.1, 53, 列女传
1275272, 8.1, 26, 晚唐风韵：杜牧与李商隐
2248401, 8.1, 26, 神农本草经
2349511, 8.3, 23, 昆曲格律
3896428, 7.7, 33, 红楼梦精读
1523877, 8.9, 17, 百家姓 三字经 千字文 弟子规 增广贤文
1022903, 7.5, 36, 隋史遗文
1019943, 7.9, 27, 日本古代歌谣集
3214248, 8.6, 18, 甲行日注
4912671, 7.9, 26, 尚书易解
6879358, 8.1, 23, 抱朴子内篇
25996904, 7.1, 45, 魏晋风流十讲
3234812, 7.8, 27, 六韬・三略
1065227, 7.9, 25, 建筑的古典语言
1214876, 8.2, 21, 神话求原
2255858, 6.6, 66, 明清艳情小说丛书
5355546, 7.9, 24, 素食说略
4883589, 7.5, 30, 鬼话
10826859, 7.4, 32, 图解物类相感志
1964814, 8.6, 16, 积微居读书记
1288116, 7.8, 24, 右台仙馆笔记
3323275, 8.0, 21, 中国古典散文
4739527, 6.8, 48, 柳如是
24381588, 7.8, 23, 越绝书校释
26353605, 7.7, 24, 尼山书院的二十六堂国学课
1105526, 8.1, 19, 经史说略(全二册)
3140717, 7.9, 21, 热的解析理论
26319760, 7.6, 25, 雅人有深致：清赏小品赏读
5026800, 8.1, 18, 芦川词笺注
26022058, 8.3, 16, 楚辞校释
1927740, 7.8, 20, 开元天宝遗事十种
25936959, 8.1, 17, 尚集
6513167, 7.9, 18, 疑雨集
2978398, 8.0, 17, 轮回醒世
1203424, 7.2, 27, 封神演义/十大古典白话长篇小说丛书
1879279, 8.2, 15, 手臂录
2380978, 7.7, 19, 吾中
1742556, 7.9, 17, 道书十二种
26308289, 7.9, 17, 古希腊人的宗教生活
5038468, 6.7, 38, 经解入门
1080884, 8.0, 16, 井中奇书考
25743141, 8.0, 16, 柳宗元集校注
6430301, 8.2, 14, 船山全书（全十六册）
1835649, 7.7, 18, 图说中国传统玩具与游戏
2274660, 7.7, 18, 鲁班经
2255862, 6.5, 42, 株林野史
25812905, 7.4, 21, 夜莺障碍
26904417, 8.5, 12, 道德经全评
20496147, 8.0, 15, 大慈恩寺三藏法师传
3021503, 8.1, 14, 日知录
3223620, 8.1, 14, 朱舜水集
7067225, 8.1, 14, 楚辞解故
25719542, 7.7, 17, 谭献日记
20492023, 7.8, 16, 两般秋雨Q随笔
1399723, 7.9, 15, 袁枚全集
3154406, 7.9, 15, 尺牍新钞
25837444, 5.7, 95, 聊将锦瑟记流年
2250367, 7.5, 18, 雁门集
3854648, 7.6, 17, 古代西亚塞姆语和印欧语楔形文字和语言
4166315, 7.1, 23, 燕居香语
3894924, 7.7, 16, 尺素风雅
26606902, 8.1, 13, 日本国在目h考（三裕
3212617, 7.9, 14, f郛
1085904, 6.6, 32, 空空幻  春秋配  二刻醒世恒言
7065439, 8.2, 12, 潘雨廷学术文集
4129204, 7.7, 15, 中国传统纹样图鉴
11591823, 7.7, 15, 论语注
6430742, 7.8, 14, 庄子雪
26703539, 7.9, 13, S@食窝aC
25719151, 7.6, 15, 舶庸T
2351253, 7.7, 14, 中国古典美学史（上卷）
1448149, 8.0, 12, 全汉赋校注（上下）
5383588, 7.8, 13, 元好问诗编年校注
25795953, 6.2, 39, 那些年，我们读错的诗经
20473421, 8.1, 11, 南华雪心编
25916882, 8.1, 11, 十三古注
3723399, 6.7, 24, 香道入T
1520919, 8.0, 11, 刘禹锡全集编年校注
3206677, 8.0, 11, 论语注
24232318, 8.0, 11, 美术丛书（全四十册）
10480814, 7.8, 12, 姜斋诗话笺注
26195186, 7.8, 12, 全唐五代小说（全八册）
10729507, 7.6, 13, 列女传补注
25778658, 7.6, 13, 弘明集校笺
26736772, 7.3, 15, 可我就是爱旗袍
20492018, 7.9, 11, 杜诗赵次公先后解辑校（全三册）
10738394, 7.5, 13, 书卷似故人
1955527, 7.0, 17, 金屋梦・风流和尚
1397733, 7.8, 11, 中国尺牍文学史
2058233, 7.8, 11, 阮大蚯四N
26331393, 7.6, 12, 鬼董 夜航船
2979153, 7.7, 11, 山带阁注楚辞
1015585, 6.9, 17, 中国古代的江湖骗子与骗术
25859205, 7.9, 10, 俞樾函札辑证
26262783, 7.9, 10, 金楼子疏证校注
1014193, 7.2, 14, 阮元年谱
20264406, 7.1, 14, 红妆翠眉
25769898, 7.1, 14, 西方古典文献学发凡
3775068, 7.2, 13, 香道美W
1287557, 7.7, 10, 周易集解（上下）
6021218, 7.7, 10, 音乐欣赏圣经（上下第9版）
10483001, 7.7, 10, 吴宓评注顾亭林诗集
1743346, 7.0, 14, 中国古代禁毁言情小说・ 欢喜冤家 清风闸
1937601, 7.1, 13, 波斯劢
6087957, 5.8, 35, 只缘感君一回顾
1527694, 7.0, 13, 中国古代禁毁言情小说
24863178, 7.5, 10, 中说校注
4845010, 4.9, 84, 九云梦
7056457, 6.7, 12, 舆地志辑注
