2017-01-23 16:17:59
Tag: 台湾
The number of books: 980 

ID, rating, votes, title
1361264, 9.0, 53521, 撒哈拉的故事
3995526, 8.7, 73738, 目送
3369793, 8.7, 50237, 亲爱的安德烈
6388661, 8.8, 41034, 这些人，那些事
1029111, 8.9, 29016, 哭泣的骆驼
1066462, 8.4, 69215, 向左走・向右走
2070844, 8.8, 25081, 梦里花落知多少
4207781, 8.8, 24700, 孩子你慢慢来
1358873, 8.5, 34796, 月亮忘了
3665874, 9.0, 14622, 星空
1426971, 8.8, 18296, 野火集
1056733, 8.3, 38736, 地下铁
1036490, 8.8, 14015, 万水千山走遍
4842446, 8.7, 15622, 巨流河
1021847, 8.5, 21138, 我的心中每天开出一朵花
1794844, 8.5, 18940, 有一天啊，宝宝……
2136140, 8.7, 13756, 雨季不再来
1358413, 8.5, 17332, 我只能槟惝一小卡片
5337248, 8.9, 9244, 台北人
4124727, 8.1, 32646, 孤独六讲
2068249, 9.0, 7477, 温柔的夜
1958227, 8.2, 25332, 那些年，我们一起追的女孩
1760548, 9.2, 5537, 三毛作品集
1049354, 8.5, 15066, 又寂寞又美好
3699108, 8.7, 10850, 我的错都是大人的错
3607117, 8.9, 7541, 稻草人手记
1878708, 8.3, 16478, LA流浪记
1059937, 8.4, 13451, 微笑的鱼
1082399, 8.6, 9470, 闹学记
2376570, 9.3, 3534, 浪漫的逃亡
1823349, 9.0, 4808, Happy Birth Day
3822879, 8.8, 6241, 躲进世界的角落
3713237, 8.8, 6123, 亲爱的三毛
1061367, 8.4, 10760, 幸运儿
1076654, 8.7, 6791, 孽子
2363651, 8.2, 13374, 十四堂人生创意课
1367964, 8.2, 13267, 布瓜的世界
1761056, 8.3, 10727, 蓝石头
1337171, 9.6, 1946, 五月天之素人自拍
5040220, 9.0, 3870, 蒋勋说红楼梦（第一辑）
1791664, 8.8, 4891, 千江有水千江月
21346636, 9.4, 2292, 三毛典藏全集
1065239, 8.5, 7304, 我的宝贝
1024217, 7.4, 51656, 第一次的亲密接触
5337243, 8.6, 5921, 纽约客
1031575, 8.1, 12772, 听酌壮歌
1026686, 8.3, 9128, 履历表
4773224, 8.3, 8444, 生活十讲
3698390, 8.6, 5300, 送你一匹马
1049070, 8.4, 7058, 等一个人咖啡
3723589, 8.6, 5203, 滚滚红尘
1427825, 8.5, 5947, 中国人史纲（上中下）
1485495, 8.1, 10980, 楼下的房客
1013801, 8.8, 3659, 倾城
1351678, 9.0, 2842, 夏宇集／Salsa
3054373, 9.2, 2237, 荷西 我爱你
1003148, 8.3, 7271, 遗失了一只猫
1949068, 8.4, 5989, 最好的时光
2295324, 8.6, 4487, 地下乡愁蓝调
4113090, 7.4, 33346, 我们台湾这些年
1382836, 8.7, 3680, A城
1012203, 7.6, 21608, w寄生
1026411, 8.2, 7427, 你们 我们 他们
1288916, 8.6, 4048, 伤心咖啡店之歌
4159088, 7.8, 14071, 理想的下午
2123957, 8.2, 7171, 绝对小孩
2567590, 8.9, 2704, ⑹.流xぐ兜幕
5317075, 7.2, 46314, 蔡康永的说话之道
5243268, 8.5, 4507, 走向春天的下午
1382829, 8.6, 3885, f水千山走遍
1887754, 8.3, 5729, 失乐园1
2034893, 7.6, 18722, 那些男孩教我的事
5367304, 8.3, 5518, 城邦暴力团（上）
1382840, 8.7, 3158, 背影
1877531, 8.8, 2727, ⑹郑猴LA^代的正x
2254582, 8.9, 2406, 以箭为翅
3880832, 8.2, 6158, 认得几个字
1424693, 9.5, 1215, 下n後，怪F家c名
6007431, 8.4, 4504, 我不是完美小孩
1963312, 8.4, 4469, 失乐园Ⅲ：秘密花开了
3662594, 8.1, 6973, 荒人手记
2377012, 8.6, 3354, 聆听父亲
2275502, 8.1, 6830, 十年一觉电影梦
5355492, 9.1, 1780, 蒋勋说红楼梦（第二辑）
1441707, 8.2, 5536, 小蝴蝶小披风
6114393, 8.1, 6385, 大家都有病
10553760, 8.9, 2131, 时光电影院
1478890, 8.5, 3523, 杀手
1382844, 8.7, 2691, [W
1056616, 8.6, 3021, 槭树下的家（席慕蓉作品典藏版）
1037716, 8.7, 2554, 我的灵魂骑在纸背上
1906681, 8.8, 2210, 猎人们
4208780, 8.1, 5782, 流浪集
1007178, 8.3, 4126, 功夫
1013001, 7.9, 7454, 森林唱游
3410833, 8.6, 2679, 给青年艺术家的信
1049190, 8.1, 5380, 森林里的秘密
1821232, 8.5, 3024, 谢谢你毛毛兔，这个下午真好玩
6003716, 9.1, 1435, 蒋勋说红楼梦（第三辑）
1048441, 8.3, 3892, 透明的哀伤
1082369, 8.4, 3289, 滚滚红尘
5367303, 8.4, 3275, 城邦暴力团（下）
4169341, 8.3, 3699, 水问
1507256, 8.8, 1916, 吸血鬼猎人/猎命师传奇
3376905, 8.5, 2757, 绝对小孩2
1382833, 8.4, 3095, 送你一匹R
1020407, 8.8, 1821, 庄子说
1038476, 8.7, 2055, 小说稗类
1341035, 8.2, 3952, 痛快日记
3759808, 8.6, 2262, 流星雨
1351677, 9.0, 1379, 夏宇集／腹Zg
4169342, 8.6, 2164, 女儿红
3257857, 8.0, 4992, 後青春期的
4246151, 8.0, 4980, 厨房里的人类学家
6398002, 9.1, 1174, 蒋勋说红楼梦（第四辑）
2970121, 9.0, 1276, 酌作10年精x
1061572, 8.5, 2294, 随想
1859649, 8.1, 3980, 生命的不可思议
3770707, 8.4, 2599, 恋之风景
1083883, 8.7, 1767, 席慕蓉经典作品
6041686, 8.3, 2862, 父后七日
1440997, 8.6, 1899, 燕子
1029149, 8.4, 2451, 乌龙院(1-6)
4269890, 8.5, 2150, 这些年，二哥哥很想你
2044295, 8.3, 2750, 土耳其手绘旅行
1347681, 8.8, 1440, C命髌 卷一
1072189, 8.8, 1438, 百年思索
5940493, 8.6, 1825, 世界e槲心
1444177, 8.6, 1820, 地底三万尺
3295326, 7.8, 5567, 回眸
1007890, 8.4, 2300, 什么事都在发生
3880846, 8.7, 1578, 学飞的盟盟
1985973, 9.1, 1006, 渫
2340955, 7.4, 10691, 暖暖
6937888, 8.5, 1934, 树犹如此
5990434, 8.4, 2189, 蝙蝠
1781120, 7.8, 5192, 可不可以不要上班
1092614, 9.2, 858, 蔡志忠古典漫画（全八册）
1033347, 8.7, 1479, 高原的百合花
1848895, 8.5, 1885, 
1426214, 8.1, 3227, 少林寺第八铜人
6800763, 9.1, 939, 蒋勋说红楼梦（第五辑）
3223552, 7.8, 5025, 转山
2970118, 8.8, 1271, 酌坠适碌拈_始
1433700, 7.4, 9656, 孔雀森林
4881999, 8.4, 2031, 离魂
7053242, 9.1, 871, 蒋勋说红楼梦（第六辑）
1186209, 8.7, 1337, 张晓风经典作品
4213445, 8.0, 3328, 击壤歌
2240529, 8.3, 2170, 可不可以不要上学
20433554, 9.2, 757, 关山夺路
1273759, 8.2, 2415, 人在欧洲
5288371, 8.4, 1849, 蒋经国传
1083882, 8.5, 1584, 白先勇经典作品
4170274, 8.5, 1577, 只缘身在此山中
1459149, 7.8, 4157, 我想跟你走
1048692, 8.8, 1101, 六祖坛经
3808486, 8.3, 1946, 杀手，无与伦比的自由
10563025, 9.1, 776, 蒋勋说红楼梦（第七辑）
1291570, 8.9, 950, 简o散文
1313317, 8.4, 1683, 三毛私家相册
4901590, 7.7, 4521, 初夏荷花时期的爱情
10564097, 9.1, 757, 蒋勋说红楼梦（第八辑）
1001895, 7.8, 3809, 靠自己去成功
4774018, 7.7, 4422, 鲸鱼女孩 池塘男孩
3644095, 7.9, 3188, 越读者
4145556, 8.4, 1595, 微晕的树林
2294740, 7.7, 4303, 诚品副作用
20433556, 8.7, 1110, 昨天的云
25764295, 8.4, 1579, 百年好合
1082414, 8.6, 1240, 我的快乐天堂
1053914, 8.5, 1395, 游园惊梦
19995933, 8.6, 1237, 蓝色大门
10354427, 8.2, 2032, 蒋勋说唐诗
4723735, 8.8, 955, 没有神的所在
1082415, 8.2, 1949, 谈心
6730310, 7.7, 3922, 我的不完美
1062326, 6.9, 17473, 爱尔兰咖啡
10482102, 8.1, 2143, 蒋勋说宋词
3667132, 8.2, 1851, 侯孝贤电影讲座
4621342, 7.8, 3171, 世纪末的华丽
5417810, 8.2, 1792, 三毛1943-1991
10466439, 8.5, 1230, 人与土地
5337250, 8.3, 1553, 寂寞的十七岁
2222866, 8.3, 1486, 猫奴契约书
2209903, 8.4, 1305, 暗恋桃花源 红色的天空
1915945, 8.1, 1900, 6868，一起跷班去
1464824, 7.8, 2906, 交错时光的爱恋
1438669, 8.6, 1014, 这个动荡的世界
10570257, 7.9, 2478, 特别的一天
1028916, 6.9, 14326, 雨衣
2174792, 8.3, 1388, 清欢
3662581, 7.6, 3734, 巫言
2377014, 8.2, 1568, 阅读的故事
20433553, 8.8, 776, 怒目少年
3128801, 8.1, 1769, 写给大家的中国美术史
4173156, 9.6, 363, 细说红楼梦 1-80回
1775024, 8.5, 1068, ，H一下
11527635, 8.1, 1755, 鳄鱼手记
1036763, 8.4, 1194, 这本书
1022788, 9.0, 619, 希望今天遇见你
11527634, 7.7, 3081, 蒙马特遗书
1053526, 8.4, 1182, 哲学与人生
5293823, 7.9, 2265, 四喜忧国
10553189, 8.6, 921, 传家
4311468, 8.4, 1160, 炎夏之都
1382848, 8.4, 1157, 不其
1005312, 8.0, 1931, 开始
1051663, 7.6, 3475, 61×57
4898688, 8.2, 1462, 精实氖Э
1026884, 8.5, 1010, 左手的掌纹
1737431, 8.7, 806, 白先勇精选集
3056620, 7.7, 2814, 声音与愤怒
1340986, 7.5, 3862, 你睡不著我受不了
3900857, 9.5, 357, 爱的3温暖（图文书）
1889450, 7.8, 2349, 赖声川的创意学
4851920, 9.5, 356, 五月天的摇滚本事
1026855, 7.8, 2317, 黑白异境
25848538, 9.1, 503, 星空
10794355, 7.7, 2628, 台湾念真情
4067778, 8.5, 918, 文字的故事
5402205, 8.5, 916, 空灵
2086633, 7.4, 4220, 盛夏光年
3550509, 8.6, 807, 英雄志【一】西鲲L暴
6870233, 9.2, 443, 我可能不勰阍”
1864849, 7.5, 3496, 小S之怀孕日记
2973270, 7.7, 2548, 六弄咖啡馆
1329975, 8.6, 800, 看世纪末向你走来
10834769, 7.7, 2513, 门外汉的京都
2324366, 7.6, 2880, 广告拜物教
2365261, 8.7, 692, 一年甲班34号
3056241, 8.5, 849, 烈火青春Part1
1349683, 8.0, 1563, y
4908905, 8.4, 949, Re：没有代表作
5968482, 8.1, 1352, ⑹郑r值B城的幸\
3900547, 8.5, 834, 老猫学出版
10745270, 7.7, 2344, 只剩一个角落的繁华
1035614, 7.5, 3196, 下楼谈恋爱
24875976, 8.2, 1186, 失落的优雅
1353736, 8.7, 667, 摩擦．o以名
3910220, 7.5, 3169, 十四堂人生创意课Ⅱ
1873874, 7.6, 2705, 盛夏光年
5938219, 7.8, 1993, 昨日书
25762598, 8.8, 592, 尽头
1054567, 9.4, 333, 民法总则
5396845, 8.8, 578, 刹那
26371292, 8.1, 1278, 不在他方
10437353, 8.1, 1252, 我想遇见你的人生
6827451, 8.3, 967, 美，看不见的竞争力
6826615, 7.8, 1843, 台北小吃札记
1073749, 7.6, 2458, 李敖有话说
5414639, 8.5, 757, 旧情复燃
2265482, 8.1, 1212, 遥远的乡愁
25918820, 7.8, 1785, 吴哥之美
1054719, 8.3, 933, 古都
1026871, 8.0, 1354, 林清玄散文
1748073, 8.7, 594, 从你美丽的流域
6026256, 8.7, 592, 红婴仔
1015026, 7.5, 2735, 一个人的KTV
1067728, 8.6, 652, 六朝怪谈
3662614, 7.9, 1492, 淡江记
1009368, 7.9, 1455, 李敖回忆录
10519321, 9.1, 385, STAIRWAY TO HEAVEN
25803923, 7.9, 1426, 你是我不及的梦
4896497, 8.2, 972, 一一风荷举
26416401, 7.4, 2961, 我敢在你怀里孤独
1104557, 7.9, 1407, 海水正蓝
6519779, 8.6, 611, TEA FOR TWO
1056501, 8.1, 1083, 传统下的独白
25830077, 7.8, 1603, 阿尼玛
1289044, 8.1, 1074, 画眉记
6826594, 8.2, 941, 故事照亮未来
26584734, 8.4, 739, 乐之本事
1479100, 8.9, 441, 无怨的青春
1475746, 8.7, 536, 危险心灵
26831788, 8.0, 1182, 旅行与读书
6047925, 8.2, 919, 梦游书
1441440, 8.6, 582, 私房书
1291352, 7.6, 2011, 爱情，两好三坏
5423772, 7.8, 1501, 西夏旅馆
3427973, 8.6, 575, 台沉餍幸200最佳］（1975-2005）
2174873, 8.3, 794, 玄想
3662629, 8.3, 792, 黄金盟誓之书
4126702, 8.5, 617, 心的视界
1018584, 8.5, 613, 青春念想
1794333, 7.3, 3050, 再e也要
1018416, 8.1, 955, 花忆前身
3402634, 8.6, 539, 第二本书
1685483, 7.5, 2139, 不乖蔡康永－同情我可以H我
6026129, 8.3, 739, 高处眼亮
25986158, 8.3, 737, 桃花井
10601655, 8.1, 928, 台北爸爸，纽约妈妈
1367245, 9.1, 328, 人子
3872850, 7.2, 3323, 心机母女
1000034, 7.4, 2343, 生死遗言
4177701, 8.3, 663, 红气球的旅行
4746273, 7.6, 1613, 十四堂人生创意课III
1382832, 8.7, 433, 我的快诽焯
5914555, 8.0, 934, 暴食江湖
6729209, 7.7, 1364, 遣悲怀
4924857, 7.2, 2910, 每一次相遇都是奇迹
25933841, 7.2, 2879, 蔡康永的说话之道2
3178968, 9.0, 317, 妖刀2
10529099, 8.3, 634, 笑红尘
1289045, 8.0, 876, 采薇歌
5914556, 7.6, 1472, 台湾味道
5421005, 8.9, 333, 烟之外
1003373, 7.8, 1098, 李敖快意恩仇录
1064630, 8.2, 670, 半岛铁盒
25699117, 8.1, 749, 都是遗风在醉人
24859742, 8.2, 654, 我奈床徽JR
3338823, 7.8, 1060, 三月曝书
4273327, 7.8, 1053, 有所思，乃在大海南
5411007, 8.0, 817, 胭脂盆地
1292448, 8.1, 723, 女子与小人
4742289, 8.4, 515, 张晓风精选集
5323773, 7.9, 907, 我睡了81人的沙l
1037441, 8.5, 459, 温一壶月光下酒
2973484, 9.3, 223, 苏打志3
1082281, 7.4, 1786, 小S牙套日记
1440568, 8.4, 499, 下午茶
4909716, 7.5, 1504, 谁说这辈子只能这样
1186210, 8.7, 365, 余光中经典作品
1082186, 8.1, 682, 乞丐囝仔
4201004, 9.4, 197, 民法思维
24530428, 7.6, 1270, 许倬云说历史：台湾四百年
3924138, 7.2, 2320, 行走台湾
1321897, 8.0, 750, 岁月台湾
10440147, 8.3, 530, 世间的名字
6027733, 7.5, 1441, 因为孤独的缘故
1285904, 8.7, 350, 张晓风散文
2344563, 8.9, 290, 邱妙津日(上下)
6101070, 8.3, 519, 滚石30
1002450, 8.3, 517, 悲情城市
6799513, 8.9, 287, 跨国灰姑娘
3028846, 8.0, 700, 大医院小医师
1931611, 9.6, 159, 苏打志2
2117279, 7.7, 1012, 教授为什么没告诉我
3451827, 8.2, 547, 旅人
6781409, 6.8, 4251, 窗里窗外
1373144, 7.5, 1315, 具森林
19912127, 7.7, 997, 文茜的百年驿站
3901066, 9.6, 157, K打志5
6047961, 8.2, 534, 天涯海角
1057645, 8.5, 390, 大学
1079788, 8.3, 479, 方舟上的日子
25871638, 7.7, 976, 品味四讲
1372679, 9.1, 226, 如糁
7916066, 7.6, 1109, 欲爱书
6100952, 8.0, 666, 公寓导游
1127426, 7.2, 1990, 窗外
5333081, 9.1, 223, 妈妈，买绿豆！
1036864, 8.5, 382, 余光中散文
5906080, 7.6, 1087, 阿嬷，我回来了
20395651, 7.6, 1079, 我不是一本型录
3616467, 8.3, 464, 第三本书
3610205, 7.9, 726, 可不可以天天出去玩
3014318, 7.9, 722, 林依晨的~s果日
1456706, 8.5, 373, 少年大^春的生活L
3237822, 8.7, 306, 张晓风的国学讲坛
4189984, 9.5, 158, 周舻文集
1858319, 9.0, 233, 五月天/我永h混在一起 混^圻^o念
7051478, 9.0, 230, 60首
25756932, 7.5, 1150, 两个故宫的离合
20433557, 8.2, 482, 文学江湖
6507880, 8.5, 352, 不睡觉世界冠军
25761068, 8.5, 350, 天桥上的魔术师
3911404, 8.5, 347, 一把青
1051175, 7.9, 658, 艺术概论
10515067, 8.0, 584, 杨德昌的电影世界
1434335, 8.8, 260, 讨山记
3859019, 8.5, 343, 不是第四本书
26738797, 8.0, 580, 小说课（壹）
2254532, 8.5, 340, 爱与孤独
1802079, 8.7, 281, 余光中精选集
1012221, 8.2, 460, 浮生三记
4259377, 7.2, 1658, 上n不要看小f
5986543, 7.5, 1062, 11元的铁道旅行
1875187, 8.5, 329, 微晕的树林
26215044, 7.4, 1206, 我们台湾这些年2
3446452, 7.7, 794, 人生就是不停的痿Y
1767763, 8.9, 224, 收信快乐
10527118, 8.9, 224, 精品咖啡W 上
1685299, 9.0, 206, 琦君散文
6863612, 8.1, 484, 以诗之名
11519297, 7.7, 775, 台湾往事
6038968, 7.4, 1164, 我爱故我在
6732077, 7.3, 1338, 艺术里的金钱游戏
19963470, 8.0, 535, 掉伞天
5283569, 8.4, 349, 台湾
26808364, 8.2, 425, 四季红
7916067, 7.6, 866, 忘言书
4050400, 9.1, 185, 爱的3温暖
3574690, 7.6, 851, 小导演失业日记
2009489, 8.3, 375, 的孤
3071714, 7.9, 577, 饮膳札记
2137738, 8.8, 232, 有一首歌
10530617, 9.2, 167, 精品咖啡W 下
10491606, 7.1, 1705, 寂寞带我去散步
25836467, 8.2, 404, 正方形的乡愁
2121038, 8.5, 297, 白话史记（上中下）
4201009, 9.5, 130, 民法总则
1006460, 8.2, 394, 江山入梦
25918436, 8.3, 352, 大唐李白・凤凰台
1964611, 7.3, 1179, 已逻的F族
5291640, 7.5, 883, 灵魂的自由
4220154, 7.6, 770, 9999滴眼泪
1043579, 6.6, 3803, 美容大王
4735768, 9.4, 134, 蔡志忠经典漫画
1079892, 7.6, 752, 橘子红了
25731355, 8.1, 416, 都市速写簿
5394463, 9.1, 165, 那b斑R
10574746, 7.5, 843, 自在台湾
6391201, 7.8, 571, 二十二岁之前
1339273, 9.6, 114, 如何在KTV出人^地
2058783, 8.2, 363, 不分
6391164, 8.1, 403, 想我眷村的兄弟们
1939451, 8.7, 225, 哀W是童年
3722954, 7.3, 1082, 醒来，在地球的一个角落
10518072, 8.2, 359, 跟自己的名字赛跑
19963130, 6.7, 2896, 蔡康永爱情短信
1769560, 8.8, 202, r移事往
1580622, 8.4, 289, 仙
6844364, 8.2, 352, 人生一瞬
1546197, 8.4, 288, 记忆像铁轨一样长
25864000, 7.1, 1419, 台湾这些年所知道的祖国
6844359, 8.2, 349, 绿光往事
2275714, 8.1, 386, 慢慢恚比^快
4120698, 7.9, 479, 下一站，幸福
19961797, 7.5, 783, 少年台湾
20395644, 7.7, 599, 大量流出
1626467, 9.3, 133, 民法学说与判例研究
6047978, 8.2, 338, 星星都已经到齐了
4124415, 7.8, 523, 虚拟街头漂流记
10563246, 7.7, 587, 跟我去台北
5341156, 7.7, 586, 美的曙光
4214113, 7.5, 755, 爱欲修道院
4282052, 7.7, 584, 传说
1015337, 8.9, 176, 张晓风自选集
5416544, 6.8, 2163, 风中的费洛蒙
3288165, 7.3, 968, 阿
1459395, 8.0, 393, 罗兰小语(上、下集)
1892409, 8.2, 316, 口
1042124, 8.0, 386, 一朝醒来是歌星
1096430, 8.1, 344, 刘墉精品书坊（励志卷）
6444274, 7.4, 791, 太平轮一九四九
25820165, 8.6, 212, 田园之秋
4229407, 7.4, 772, 宝岛眷村
3036230, 6.8, 1951, 恋物百科全书
25961455, 8.4, 250, 重读
1002862, 7.3, 873, 我的住院日记之羊肉炉不是故意的
2235850, 8.0, 367, 生涯一蠹鱼
1428590, 7.7, 515, 白色巨塔
3230874, 8.5, 223, 我妹妹
20431859, 8.4, 244, 我的山居动物同伴们
25925760, 8.6, 203, 再见杨德昌
26657573, 8.3, 263, 眼前
1763141, 8.8, 169, 写给幸福
2216174, 8.7, 183, 粉红色噪音
1018346, 8.0, 355, 我的不安
3176824, 8.3, 262, 外星童话
6732242, 8.2, 287, 读者时代
1029741, 8.1, 317, 三生三世
4882134, 8.0, 350, 白垩纪
26293322, 8.4, 235, 杨牧诗选 1956-2013
6970742, 7.7, 489, 我未来次子关于我的回忆
5355710, 7.7, 486, 时光队伍
20507213, 7.4, 704, 台湾，最美的风景是人
26662811, 8.3, 254, 痖弦诗集
1474793, 8.9, 151, 王鼎钧散文
1907928, 7.9, 381, 禁锢在德黑兰的洛丽塔
1394852, 8.4, 229, 陪他一段
6798290, 9.1, 128, u一村
26758416, 8.4, 227, 路野餐
21348101, 8.8, 160, 88首自x
3039590, 7.1, 1031, 食物恋
26738798, 8.1, 298, 《小说课》（贰）
3244013, 7.7, 461, 寻味・红茶
4729548, 7.8, 410, 跟云门去流浪
1051217, 7.1, 1022, 玩味
26310686, 8.7, 170, 鸟道
1025414, 7.0, 1179, 幸福杂货铺
3653506, 7.8, 405, 出嫁从夫
1147680, 9.2, 115, 余光中集（全九卷）
1438408, 9.3, 107, 民法概要
4250750, 8.4, 217, 妖刀1
3014502, 8.5, 198, o冥王星
26916781, 9.5, 93, 当下四重奏
10539598, 7.8, 397, 飘零一家
1343276, 8.5, 197, 面Υ蠛５r候
10427207, 8.8, 153, 海的房g
26434974, 7.5, 562, 行云纪
2155295, 9.2, 112, 牯X街少年⑷耸录
1401351, 8.2, 256, 逆女
6519777, 8.2, 254, 姹紫嫣红开遍
1769541, 8.0, 309, 童女之舞
2137802, 7.9, 343, 杀夫
4716640, 8.0, 308, CD流浪记
10430611, 8.0, 307, 大河尽头 上卷
10733279, 7.2, 809, 脚趾上的星光
1765149, 8.7, 160, 林家女孩依晨的青春部落格
20462955, 7.7, 419, 此时众生
1329974, 7.6, 471, 在海德堡坠入情网
26315736, 7.7, 415, 树，不在了
26178736, 8.6, 170, 字型散步
5336461, 7.4, 597, 读中文系的人
26279028, 7.8, 366, 面包和汤和猫咪好天气
10577555, 7.8, 362, 白崇禧将军身影集
1902945, 9.1, 113, 去帝
24742929, 8.6, 166, 碎琉璃
5333573, 7.2, 752, 从台北到北京
20516305, 8.4, 195, 复眼人
3446444, 7.6, 441, 不是M力，是一定要做到
1053259, 7.4, 564, 啊，上海男人
4934719, 7.9, 313, 林依晨．美好的旅行
1055823, 8.8, 137, 纵欲与虚无之上
6772445, 7.2, 725, 李欣频的私房50
1023050, 8.5, 174, 郑愁予诗的自选 （一）
3438237, 8.8, 135, 范暂100 Mavis
3758662, 7.7, 381, 放任心中的一百次流浪
26781744, 7.2, 716, 台北女孩看大陆
3880778, 7.7, 374, 镜中爹
5423589, 8.4, 185, o所有明日的聚
1915415, 8.7, 143, 白水湖春
3175591, 7.8, 329, 当王子爱上女巫
4049861, 8.8, 131, 中国文学史（上）
6800946, 7.1, 791, 做自己的先知
3230417, 8.2, 216, T乏者P
19974381, 7.3, 591, 味道台北
26825460, 8.4, 179, 我的世界都是你
4005730, 8.5, 164, 同学少年
2972020, 8.8, 128, 朱天文作品集
1460568, 8.7, 138, 家
4112968, 7.6, 390, 你家沙发借我睡
26590901, 8.4, 173, 一百年漂泊
26416549, 8.3, 189, 兰屿之歌 清泉故事
5966160, 8.1, 227, S舜英物日
1786899, 8.1, 226, 又见棕榈 又见棕榈
1262065, 7.5, 428, 世间女子
1746182, 8.8, 122, 龙应台杂文精品
6975218, 8.1, 221, _巢唤痰闹近代史
10436653, 7.9, 269, 迷路的诗
1042831, 7.3, 540, 中国性研究
4254264, 7.5, 419, 私家台北
26367370, 8.2, 199, 那时没有王，各人任意而行
26373145, 7.4, 472, 耳朵借我
25902451, 7.4, 468, 不妥
25785763, 7.7, 325, 大家都有病2
25808342, 7.4, 462, 台湾单车环岛笔记
25883291, 8.2, 195, 八百万零一种死法
1876271, 8.4, 162, 域
20462994, 7.8, 285, 此生 肉身觉醒
2260824, 8.8, 116, 一~秋
3365243, 7.1, 670, 彩妆天王Kevin裸妆圣经
25903745, 7.7, 316, 微尘众：红楼梦小人物1
1925111, 7.8, 283, 不如去流浪
10568084, 9.3, 81, 其後
26281185, 7.9, 253, 因为梦见你离开
21371796, 8.1, 207, 马尔克斯与他的百年孤独
6114312, 7.8, 279, 谋本┑教
4852033, 8.4, 157, 咖啡馆里的交换故事
26422097, 7.6, 347, 这就是台湾
5998267, 9.4, 75, 周舻文集卷一：孤
3178437, 8.0, 225, F中吃
1740578, 8.5, 143, 阮义忠
10608441, 7.8, 274, 我们
1981207, 7.7, 305, 一个禅者眼中的男女
1049404, 8.2, 183, 云门舞集与我
25723702, 8.4, 153, 永远的少年
20499267, 7.5, 378, 时代正在改变
1870848, 7.8, 268, 浮生再记
26578184, 7.6, 333, 家的模样
6048038, 7.5, 374, 这杯咖啡的温度刚好
2069662, 7.9, 240, 法律人，你为什么不争气？
2303264, 6.7, 1141, 爱情，不是得到就是学到
3438645, 7.6, 327, 靠窗的位子
4894613, 7.5, 366, 学设计，非去不可
26390716, 8.1, 194, 大唐李白・将进酒
10733616, 8.5, 136, No. 223
26676586, 8.3, 159, 山丘上的修道院
4828082, 7.9, 230, 烛光盛宴
1442703, 8.9, 97, 月娘照眠床
2567390, 7.8, 250, 赖声川剧场（第二辑）
1418736, 8.3, 155, 春艄子
6013378, 7.9, 225, 孔子随喜
25709123, 6.9, 769, 回忆是一种淡淡的痛
20365139, 8.0, 203, 父亲那场永不止息的战争
10876106, 7.1, 570, 咸鱼的滋味
26842329, 9.3, 73, 瞬：_歌~P
25719288, 8.2, 167, 老师的十二样见面礼
1053314, 8.4, 140, 做壹年
25732271, 8.4, 140, 为众生的悲心
1374555, 8.8, 102, 十三朵白菊花
6887668, 8.9, 94, 太的血是黑的
4126869, 8.5, 125, 0.01的距x
6038174, 9.0, 86, 反景入深林
10430422, 7.4, 367, 桥上的孩子
26610688, 8.0, 192, 忘记亲一下
25802926, 7.9, 211, 带着偏见上路
24738215, 8.4, 134, 左心房漩涡
25913083, 8.0, 191, 无人是孤岛：侯孝贤的电影世界
1364241, 7.8, 232, 蝴蝶
3906004, 6.7, 966, 爱情是文字最美的结局
1438741, 7.2, 462, 岩松看台湾
4785052, 7.5, 319, 想太多
10761380, 6.9, 695, 我住宝岛一村
2122953, 7.2, 455, 我是女王
5986054, 7.6, 281, 我，作词家
19976723, 7.6, 281, 十五颗小行星
6813158, 7.2, 453, 悬崖下的小道
11510806, 8.0, 186, 莳花
3527818, 7.5, 313, 台北故宫
5383670, 7.6, 277, 拟古
1464766, 7.9, 201, 布塞的浮木
24743351, 7.6, 274, 阮义忠的微博生活：一日一世界
25787958, 7.6, 274, 想见看见听见
10867595, 8.5, 118, 女朋友。男朋友
25740175, 8.2, 151, 奇来前书
25895402, 8.9, 87, 郊[
1478571, 8.2, 150, 原恚我的r代F在才_始
24732976, 7.1, 495, 品味
26363718, 8.5, 116, 谁在银闪闪的地方，等你
3012503, 7.2, 427, 手工自创品牌
6062478, 7.1, 483, 故事效应
1419470, 8.1, 160, \品副作用
3013632, 9.4, 61, 那冷雨
25708094, 8.9, 84, 洛夫诗全集（上下）
5966157, 8.1, 157, S舜英古著文本
5383057, 7.5, 282, 人人身上都是一个时代
26133987, 6.7, 824, 云去云来
10589395, 8.0, 168, 吉陵春秋
4853177, 8.2, 140, 杀鬼
26767595, 8.1, 152, 云物如故乡
25711205, 6.4, 1354, 爱了就会活过来
1438070, 7.7, 223, 映像中国
10430612, 8.0, 166, 大河尽头 下卷
1089499, 8.0, 165, 将军族
10531017, 8.0, 165, 宋美龄
24376169, 8.4, 116, 山里山外
6811699, 7.5, 272, 火车环岛台湾自由行
5431729, 6.7, 772, 审判美国
25895918, 8.3, 123, 1661，决战热兰遮
1350784, 8.5, 104, 你不相信的事
26578400, 8.2, 132, 煮海时光
20391664, 7.6, 233, 无关岁月
25956953, 8.4, 111, 迷蝶志
4058769, 7.1, 418, 极致之味
3401051, 8.2, 130, 抑郁与超越
5993322, 7.3, 322, 她的故事
4776487, 7.5, 255, 爱情想太多
6977795, 8.0, 154, 留味行
1915417, 8.5, 101, 桂花巷
3268044, 9.2, 62, 我
4201010, 9.4, 55, 侵权行为
3554728, 8.6, 93, 富FG
5043509, 6.6, 847, 下午茶话题
19973737, 7.8, 184, 永远的尹雪艳
21323691, 8.7, 86, 室内静物・窗外风景
10864173, 8.5, 99, 人间随喜
1276504, 9.1, 65, 民法总论
26369862, 8.1, 136, 浮光
6139529, 8.3, 114, 他在uZ作
4734867, 8.8, 78, Focus Inside：《乘著光影旅行》的故事
4604953, 7.5, 239, 有光的所在
21319778, 8.3, 112, 雨雪霏霏
11632296, 8.4, 103, 老派s之必要
5323626, 7.7, 190, 人生最害的就是@BUT
1509392, 8.5, 94, 精神病院
6815802, 7.2, 330, Fw:永真急制
2379696, 8.0, 141, 伯母好!我是你鹤拥哪信笥
1024249, 8.1, 129, 番薯人的故事
26281820, 8.0, 140, 人物速写
20453368, 8.6, 86, 《玩具屋》九讲
25842062, 7.2, 323, 开膛史
3085517, 7.5, 228, 在台湾
1372263, 9.1, 61, 一首的完成
1009520, 7.9, 152, 雷震传
6963827, 9.8, 41, 精彩一百 T
1950994, 8.3, 107, 美的X醒
10746174, 8.8, 73, 好想吃榴莲
1941018, 7.9, 149, 忘n愁的地方
5323568, 6.7, 619, 嗨！台北
1014090, 8.2, 113, 欢喜贼
3172007, 7.5, 217, 12星座人性攻略
25750940, 8.3, 103, 想乐
25890645, 7.5, 216, 脸之书
26319757, 8.7, 76, 美，看不见的竞争力
1418429, 9.2, 55, 忠孝公@
3711186, 8.6, 81, 大雄
5347802, 7.9, 142, 水城台北
1010579, 8.3, 100, 蓦然回首
2342512, 8.7, 74, 椅子站起
4038671, 8.6, 79, 陈映真文选
26279891, 8.3, 99, 台湾，请听我说
11587505, 7.9, 139, 附魔者
1357098, 7.7, 168, 天下]有巡挪挥鲞@回事
1424692, 8.0, 127, 还好
10732120, 6.9, 425, 一路吃下去
26751849, 9.3, 50, A
2010072, 7.6, 182, 国宴与家宴
1394262, 8.3, 97, 在台北生存的一百理由
24828689, 7.5, 201, 菜市场里的大厨
1775913, 8.6, 77, 亠Lm
10732978, 7.5, 198, 詹宏志私房谋杀
1202511, 7.9, 133, 龙应台评小说
6890709, 9.5, 43, 天下事，q未晚
4314407, 8.4, 86, 台郴ú
5341654, 9.4, 45, 「文Bd―南宋gc文化特展」卷
5408888, 7.3, 234, 美学的经济
4709276, 8.4, 84, 改造老房子
21361154, 7.2, 260, 九歌
10732977, 7.2, 255, 侦探研究
21372703, 7.4, 203, 旅人的食材历
25785749, 7.7, 149, 优雅的理性：用经济学眼光看世界
25800398, 8.1, 104, 浮生三记
3601546, 8.7, 66, 学校在窗外
26846157, 8.7, 66, 我们都是赶路人
26813986, 8.0, 112, 如果可以这样做农民
3301838, 8.5, 74, 清香流: 品茶的[
5918946, 8.1, 100, 桂花雨
26385621, 7.3, 213, 恋爱课
7836044, 8.1, 99, 台湾民主转型的经验与启示
1027169, 8.3, 83, 郑愁予诗的自选（二）
2154347, 8.3, 83, 杨德昌电影笔记
1394381, 7.7, 138, 沉默之u
26324816, 8.0, 104, 亲爱的小孩
3669108, 9.2, 45, 商禽全集
25796204, 6.8, 376, 想念，却不想见的人
4915988, 7.6, 143, 都在书生倦眼中
25792994, 7.4, 174, 凯撒不爱我
6794042, 7.7, 129, 日光夜景
1807661, 8.1, 91, _持剡[
1481542, 7.8, 116, 放B^恚。盒叟手的芾庇事
2139438, 8.6, 62, 密密语
1340813, 8.1, 89, 鬼的狂g
3026275, 8.3, 76, 台湾诗人十二家
11587491, 7.6, 137, 陈春天
10797617, 7.4, 167, 好天气谁给题名
25986420, 8.3, 75, 第九味
10446299, 7.2, 205, 爱LOVE
1866838, 8.1, 87, m前町九十番地
26253696, 8.2, 80, 女儿
1421907, 8.7, 56, l在那唱自己的歌
11615474, 9.5, 35, 超越音g
2150764, 8.6, 58, 钅猎集1
3117244, 8.5, 62, 陈映真自选集
1368967, 8.3, 71, 台店地D
3448774, 8.3, 71, 台北小旅行
1351452, 8.4, 66, 自由主x．民族主xc家J同
6810299, 9.2, 40, ⑷衄r的三十六堂表演n
2033477, 7.6, 126, 拜！不要每人都一
24382106, 8.4, 65, 短歌行
25881988, 8.4, 65, 歌物件
3272976, 8.0, 88, 戏剧的味/道
4115854, 7.5, 137, 下n後的台承÷眯
26609131, 9.0, 44, ?S盛?美好
25753317, 8.0, 87, 青田街七巷六号
7053841, 6.3, 641, 台湾，你一定要去
2297975, 8.3, 69, 甜美的x那
25789489, 8.3, 69, 小鹤
20326663, 9.3, 37, 死刑今夜绦
3425317, 7.4, 149, 台湾股市大泡沫
2299406, 7.3, 164, 学会占星的第一本书
4825365, 7.9, 93, FW
25943102, 9.0, 43, tag #]有代表作
1336681, 8.8, 48, 沿海岸徵友
1463684, 8.2, 72, 好一座浮岛
26883163, 8.5, 58, 好一座浮岛
2043286, 7.9, 91, 儿子的大玩偶
26281363, 7.4, 144, Lonely Planet “IN”系列：台湾
4143250, 7.8, 98, 唐立淇2010星座\荽蠼馕
6890222, 7.5, 128, 洋[炒蛋到小英便
1343009, 8.3, 65, 蠹~^的f店地D
19961100, 8.0, 81, 廿四分之一挑食
26869299, 8.8, 46, 两个闺蜜去台湾
4007975, 7.8, 94, `界的g者
1975667, 8.9, 43, 成椤溉毡救恕
25729086, 8.5, 55, 我槲木咧了迷！
1334641, 8.3, 63, 旋L
4160820, 8.3, 63, 王x堂前的燕子
26315806, 8.1, 73, 台湾往事
4233345, 8.4, 58, 战后台湾文学经验
25792995, 7.7, 99, 我叫他，爷爷
4251874, 8.6, 50, 中国通史（全7册）
3796849, 7.9, 83, 山中的一个钟头
3172476, 8.0, 76, 彭于晏．ǘ15X6
25818125, 8.0, 76, 人间条件3：台北上午零时
3757501, 7.8, 89,  有五情人
26294139, 9.3, 33, 大^t牵C卷）
3380796, 8.0, 74, 喂
25755623, 6.9, 217, 不爱会死
25818128, 8.1, 68, 人间条件1：满足心中缺憾的幸福
10485837, 7.9, 79, 行过洛津
20379521, 7.5, 112, 萝卜菜籽结牡丹
22763917, 7.0, 188, 单身恋习题
1353575, 7.9, 78, 明信片旅行主x
25915944, 9.0, 37, 人生三书
6116260, 8.7, 44, 抒情传统与政治现实
2304032, 7.7, 90, 抓住一个春天
5950149, 7.9, 76, 人意
25887880, 7.8, 82, 蝴蝶
4170301, 8.6, 46, 色盒子
5986498, 8.6, 46, 坐火的抹香L
25830648, 7.3, 129, 做事坚定，做人柔软
1357749, 9.5, 28, o止在
25740201, 7.5, 106, 文具手帖Season 03：燃手せ辏
1464905, 8.4, 52, 大fe家
1352699, 8.5, 48, F{
11531713, 6.8, 220, 单人旅行
26701176, 6.7, 249, 美丽的权利
25740177, 8.2, 58, 奇来后书
26375776, 7.6, 93, 言花
7058701, 7.0, 170, 隐居・在旅馆
2341636, 8.3, 53, 後z民作
3119520, 8.7, 41, 如何现代，怎样文学
26610911, 7.8, 77, 背哈瓦那
25843109, 7.1, 147, 被误解的台湾史
26393801, 9.0, 34, 诬失`
2172981, 8.8, 38, 小f中
6712822, 8.8, 38, 凝望・r代
10825645, 7.4, 107, 即将消失的百年美味
3176175, 8.0, 64, 他的第一滴I
11580591, 8.3, 51, 人妻日
1367493, 8.6, 42, 我的弟弟康雄
26414520, 7.6, 87, 迷宫中的恋人
26760360, 6.6, 256, 轻描淡写
26696600, 7.7, 79, 遇见台湾：我曾听过你的歌
1398028, 8.5, 44, 生活与文化
25661917, 8.3, 50, 青春之歌
26253702, 7.6, 85, 写我的书
10793754, 7.2, 124, 李立群的人生风景
21817783, 8.1, 57, 温泉洗去我们的忧伤
10485836, 8.4, 46, 风前尘埃
10583117, 7.2, 122, 走出白色恐怖
1899928, 8.3, 49, 朱天文电影小说集
1276401, 9.2, 29, 民法要义
2118425, 8.7, 38, 悲情城市
1645563, 7.9, 65, 极上之梦:《海上花》电影全纪录
3575234, 7.9, 65, 吃人的街
5440590, 7.7, 76, “母爱”真可怕
24703762, 6.9, 165, 文具手帖Season 01: 旅行去!
25901647, 7.8, 69, 假如，给你一间老房子
2341342, 8.8, 35, 台趁裰鬟\铀氖年
3532342, 8.8, 35, _
25714423, 8.6, 39, 我的心，我的眼，看台
25714483, 8.0, 58, 台湾老兵口述历史
25850073, 6.4, 305, 不小心
25785271, 7.1, 125, 男人的菜市场
5949811, 8.9, 32, 茶茗事： 故m茶
6872567, 7.1, 124, o我看你的手ぐ桑
1360920, 9.3, 26, 进阶黑白摄影
4882138, 7.3, 101, 1949大撤退
26706618, 8.5, 39, 种地书
26842354, 9.5, 23, 吉他手的小幼
24694719, 9.4, 24, 白R走^天亮
4732889, 9.3, 25, 背海的人（上）
3056294, 8.7, 34, 风格的技术
26320429, 8.3, 43, 东西建筑十讲
10746122, 7.8, 61, 幌马车之歌
6721974, 7.7, 66, Y道O
26201987, 8.9, 30, 建筑师王大闳：1942―1995
4818399, 8.3, 42, 犬
21329129, 8.8, 31, 卧集
26297881, 8.0, 50, 少年绿皮书
2131804, 9.1, 26, 多桑――悄钫骐影”
26113847, 8.5, 36, 原硎み@油
1448692, 8.4, 38, u．座g味
2294522, 8.2, 43, o青年知R追求者的信
25919826, 7.0, 116, 王道剑
1339917, 7.3, 84, 号
25743432, 9.1, 25, 彳亍WD七十年
2335795, 7.6, 64, 台北意散步W
26148721, 7.7, 59, 寻路青春
25871620, 7.2, 91, 道济群生录
3713508, 6.3, 264, 谁叫你读硕博士
21345894, 7.1, 100, 汤圆与白香饼
5401983, 7.4, 75, 青山青史
1345523, 8.7, 30, 空g就是性e 
20512916, 7.6, 62, 第十九拥鬲z
26284598, 7.7, 57, 书滋味
6068237, 9.3, 22, 钅猎集 III
2030113, 8.5, 33, 最後的S埔：老兵cx散的故事
1432535, 7.5, 66, 我就是孩子
10426917, 9.0, 25, 回首我的r代
2141276, 7.6, 59, x金庸偶得
3500521, 7.5, 64, 台湾草木记
25900962, 7.9, 47, 致不会说爱的你
25953659, 7.3, 76, 台共党人的悲歌
26678752, 8.7, 28, 我等就来唱山歌
6718279, 6.2, 266, AV春秋
5299913, 7.6, 57, 不C 很推
1642014, 8.2, 37, 看海的日子
1008076, 8.6, 29, 洛夫精品
2204030, 8.8, 26, 物与物质文化
26702952, 8.1, 39, 两个父亲
25907847, 8.3, 34, 在h方相遇
1343342, 7.3, 69, YILAN的台成活滋味
26603004, 7.9, 43, 三十三年
26767764, 7.9, 43, 无悔 : 陈明忠回忆录
6788195, 8.4, 31, 忠孝公园
20472541, 8.1, 37, 昔我往矣
11541367, 6.2, 234, 阿宅的奇幻事务所
1371839, 8.0, 39, 月球姓氏
20563025, 7.5, 56, 茶余酒后金瓶梅
26317780, 8.6, 27, 台湾酿酱
3557523, 8.4, 30, 如果可以，我只想告V你快返氖隆
26299317, 7.4, 59, 里台湾
3596571, 8.4, 29, ]有人知道，我也有歌要唱
25814439, 7.4, 57, 祖父的六抽小柜
1129681, 7.9, 39, 创意人
2150766, 9.1, 20, 钅猎集Ⅱ－1974-1985
25842245, 8.1, 34, KINFOLK餐桌
26390364, 9.2, 19, 民歌40
1365062, 8.7, 24, N生
5392417, 8.6, 25, ぐ俟
2081784, 8.1, 33, 台北旅[全攻略
10827877, 8.9, 21, 小生活指南
26841126, 9.0, 20, Design by wangzhihong.com
26759612, 8.7, 23, TYPOGRAPHY 字I  Issue 01
26657352, 7.1, 68, 云淡风轻近午天
4213360, 8.1, 32, 妖怪情
26341423, 7.4, 51, 银盐热
25858001, 7.5, 47, 台湾舌头
2131796, 8.1, 31, 戏梦人生 - 侯孝贤电影分镜剧本
3816133, 8.3, 27, 理性的人
6873709, 8.3, 27, F代「抒情鹘y」四
25919471, 8.4, 25, 寻豆师
20472773, 7.5, 44, 我不可告人的乡愁
25845610, 8.5, 23, 一以贯之
2125035, 8.2, 27, 家x水那N近
25720294, 8.2, 26, 百年追求：_趁裰鬟\拥墓适. 卷二
26281364, 7.9, 31, 哲学六讲
26428568, 7.4, 44, 洄澜
2275854, 7.5, 40, 我旅途中的男人。
5407499, 7.9, 30, 包浩斯
25987746, 7.3, 45, 成回家
3676861, 8.3, 22, H鄣陌，我是同志
10557037, 8.3, 22, ^影：1992-2011台畴影
26341979, 7.8, 29, 我最亲爱的
1359590, 8.9, 16, 建B之心－其c|海建B.
26575905, 8.3, 21, 橙说鸦
25859626, 7.5, 34, 厨房里的双人舞
25720293, 7.9, 26, 百年追求：_趁裰鬟\拥墓适. 卷一
3878636, 7.2, 42, 上流感
1786505, 7.7, 28, 原l人
25895059, 8.4, 18, 店本事
6314089, 8.1, 21, 二手店的旅行
1369313, 8.1, 20, 菜市鲷~Da
26371517, 7.7, 25, 一本书看懂转基因
1341898, 7.6, 25, 台畴影90新新浪潮
6976538, 7.8, 22, 台湾“土改”的前前后后
26613506, 6.8, 44, 别让我们在二三十岁就死去
3915900, 7.3, 28, 完全私家侦探手册
26800320, 7.9, 19, 殷海光林毓生书信录
26354327, 8.1, 17, 野趣童年
26337439, 6.5, 50, 关键十六天
20516538, 8.1, 16, 重台
25788767, 7.7, 19, 建筑退化论:哲学・文学・社会
26797994, 7.0, 30, 去台北
26393802, 7.9, 17, V告表示：???。
24876178, 8.1, 15, 45的小
26899884, 7.3, 21, 暗夜传灯人
26839598, 5.9, 67, 岩松看台湾
1387972, 8.0, 13, 台常分裂家c民主化
25821518, 7.7, 15, 疳崤_痴治史：中A民_郴的v程
3174297, 7.9, 13, 滚滚辽河
26769725, 6.8, 25, 流
1854983, 7.5, 15, 如果有一件事是重要的:林盟山z影集
26815775, 7.5, 15, 云水读年
3767106, 7.6, 14, 白色恐怖秘密档案
3272229, 7.4, 15, _典：北宋的gc文化研文集
3036904, 7.7, 12, 十字架上的校L：敏之夫人回
26285564, 7.2, 15, 解剖b
1387139, 7.8, 11, 海浪的
5333492, 7.8, 11, 中古代的tW、t史c政治
26774635, 6.7, 20, 归去来兮
25903751, 7.6, 11, q扶N
26903963, 7.3, 12, 遇见台湾：邂逅在岛屿的火车上
3874400, 7.6, 10, 回wF
5952498, 0.0, 419, 大江大海_了你
