2017-01-23 16:17:59
Tag: 名著
The number of books: 949 

ID, rating, votes, title
1007305, 9.5, 112792, 红楼梦
1008145, 8.9, 179736, 围城
6082808, 9.2, 94370, 百年孤独
1068920, 9.3, 73313, 飘（上下）
1019568, 9.2, 52619, 三国演义（全二册）
1040211, 9.2, 46902, 福尔摩斯探案全集（上中下）
1083428, 8.8, 80334, 傲慢与偏见
1858513, 8.9, 61688, 月亮和六便士
10594787, 8.9, 50270, 霍乱时期的爱情
1141406, 8.5, 101726, 简爱
1085860, 8.9, 48452, 基督山伯爵
1046209, 9.1, 34455, 安徒生童话故事集
2035179, 9.2, 28182, 动物农场
1057244, 8.6, 63971, 边城
1449351, 8.8, 34598, 呐喊
1043008, 8.9, 27885, 格林童话全集
2154960, 8.7, 38686, 一个陌生女人的来信
2035162, 9.0, 22452, 刀锋
1205054, 8.9, 25765, 悲惨世界（上中下）
1119522, 8.4, 54419, 呼啸山庄
1058661, 8.8, 24322, 飞鸟集
1086249, 8.6, 30341, 荆棘鸟
1064275, 8.3, 50323, 老人与海
1051193, 8.6, 28487, 麦琪的礼物
1088065, 8.6, 28201, 阿Q正传
1092335, 8.9, 16044, 教父
1029553, 8.7, 20401, 西游记（全二册）
1024197, 8.3, 39262, 巴黎圣母院
1449352, 8.6, 19653, 朝花夕拾
1398395, 8.6, 19333, 狂人日记
1008988, 8.3, 31976, 了不起的盖茨比
1765512, 9.1, 9072, 海的女儿
1013380, 8.1, 45153, 茶花女
1159939, 8.5, 21886, 一个陌生女子的来信
1008357, 8.5, 21635, 水浒传（全二册）
1391191, 8.5, 21461, 京华烟云
1013416, 8.5, 20862, 雷雨
1856494, 9.3, 6360, 卡拉马佐夫兄弟
1205370, 8.1, 40981, 羊脂球
1035848, 8.6, 15721, 一千零一夜
1449348, 8.8, 11013, 彷徨
1016003, 8.0, 40957, 鲁滨逊漂流记
1043815, 8.2, 28022, 骆驼祥子
1082518, 7.9, 48055, 麦田里的守望者
1865089, 8.4, 19140, 瓦尔登湖
1085470, 8.4, 18538, 海底两万里
3136271, 8.6, 12517, 罗生门
1949420, 9.3, 4707, 孙子兵法
1964774, 9.0, 6922, 论语
1213546, 8.3, 20087, 变形记
1170801, 8.9, 7913, 泰戈尔诗集
1258498, 8.3, 18232, 项链
1856025, 8.9, 7263, 道连・葛雷的画像
1006197, 8.4, 15290, 哈姆莱特
1005521, 8.1, 24864, 伊豆的舞女
1007433, 8.1, 23563, 红与黑
1186392, 8.7, 8785, 约翰・克利斯朵夫
1060774, 8.7, 8587, 君主论
1073708, 9.0, 5612, 牡丹亭
1254731, 8.8, 6873, 欧・亨利短篇小说选
1022632, 8.7, 7492, 罪与罚
1082584, 8.6, 8474, 追忆似水年华 Ⅰ
1883353, 8.8, 6331, 野性的呼唤
1427288, 8.4, 10827, 小妇人
1036613, 8.9, 5068, 茶馆
1053759, 8.3, 12195, 雪国 古都
1467519, 9.8, 1691, 世界童话名著连环画
1082522, 8.2, 13353, 家
1203251, 8.1, 15492, 雾都孤儿
1013502, 7.6, 39484, 钢铁是怎样炼成的
1000517, 8.8, 5189, 故事新编
1007772, 8.2, 12739, 双城记
1073744, 9.0, 3977, 四世同堂（上下）
1275608, 8.7, 5876, 神秘岛
1081422, 8.9, 4406, 卡夫卡小说全集（全三册）
1012637, 8.2, 12232, 牛虻
1072319, 8.5, 7349, 长腿叔叔
1212488, 8.3, 9972, 罗密欧与朱丽叶
1031741, 7.8, 23722, 欧也妮・葛朗台
1098643, 8.7, 5488, 聊斋志异
1318126, 8.4, 8473, 雪国
1420508, 8.9, 3903, 最后一片叶子
1010472, 8.4, 7329, 安娜・卡列尼娜（上下）
1255288, 8.0, 13988, 复活
1774227, 9.6, 1621, 脂砚斋重评石头记庚辰校本
1006967, 9.3, 2243, 宋词三百首
3131626, 8.9, 3429, 荒原狼
1069059, 8.1, 10623, 雪国
1203244, 8.2, 8576, 三个火枪手
1005918, 7.9, 13995, 堂吉诃德
1040397, 8.1, 9715, 假如给我三天光明
4149805, 8.5, 5265, 了不起的盖茨比
1157014, 8.8, 3475, 伤逝
1047138, 7.7, 18995, 少年维特的烦恼
1013469, 8.6, 4432, 战争与和平（全四册）
1016631, 8.5, 5042, 西厢记
2036561, 8.4, 5802, 城堡
1147193, 9.0, 2594, 世说新语
1859108, 8.8, 3264, 白痴
1092168, 9.1, 2256, 追忆似水年华（上下册）
1049957, 8.6, 4237, 浮士德
1255326, 9.0, 2512, 新月集・飞鸟集
1212469, 8.9, 2760, 荷马史诗・伊利亚特
1077492, 9.0, 2438, 大师和玛格丽特
1818583, 9.1, 2100, 斯・茨威格中短篇小说选
1006113, 7.8, 13624, 源氏物语
1393724, 9.0, 2345, 楚辞
1085021, 8.2, 6692, 蝴蝶梦
1056023, 8.5, 4215, 鼠疫
1083435, 8.7, 3195, 契诃夫短篇小说选
1082147, 9.0, 2156, 热爱生命
1083477, 7.8, 12238, 包法利夫人
1077778, 8.1, 7377, 爱的教育
2050767, 8.6, 3535, 绿野仙踪
1034922, 8.9, 2401, 莎士比亚喜剧悲剧集
1083434, 8.6, 3468, 莫泊桑短篇小说选
1275907, 8.3, 5208, 八十天环游地球
1000121, 8.5, 3901, 昆虫记
1880823, 8.8, 2585, 格林童话
1882915, 8.9, 2274, 莎士比亚四大悲剧
1034106, 8.1, 6789, 威尼斯商人
2302217, 8.8, 2537, 阿特拉斯耸耸肩（上下）
1185908, 8.5, 3754, 东周列国志（上下）
1000856, 7.9, 8942, 我是猫
1119528, 7.9, 8871, 高老头
1456692, 8.5, 3567, 金瓶梅
1052074, 8.7, 2736, 喧哗与骚动
1055234, 8.5, 3518, 神曲（全三册）
2161691, 8.3, 4660, 伊索寓言
1019628, 8.7, 2688, 卡夫卡中短篇小说选
2042629, 8.7, 2687, 九三年
1021311, 8.5, 3492, 爱丽斯漫游奇境
1089049, 9.3, 1336, 莎士比亚全集（全8册）
1003079, 9.5, 1084, 红楼梦
1803641, 8.8, 2335, 小公主
1035477, 7.8, 9981, 德伯家的苔丝
1849791, 8.5, 3395, 铁皮鼓
1874411, 8.5, 3337, 乞力马扎罗的雪
1430530, 8.2, 5097, 汤姆叔叔的小屋
1030469, 8.2, 5074, 青鸟
1083429, 8.7, 2544, 爱伦・坡短篇小说集
2747765, 8.9, 1951, 中国古代文化常识
1040632, 8.5, 3047, 木偶奇遇记
1204488, 8.4, 3474, 格兰特船长的儿女
1014144, 8.3, 3892, 大卫・科波菲尔（上下）
1076330, 8.9, 1785, 奥狄浦斯王
1051714, 8.2, 4420, 等待戈多
1018482, 8.0, 5871, 汤姆?索亚历险记
1469878, 8.6, 2445, 日瓦戈医生
1038196, 8.4, 3176, 尤利西斯
1009043, 8.4, 3106, 日出
1012489, 7.7, 8995, 童年 在人间 我的大学
1088812, 8.3, 3478, 第二十二条军规
1203622, 8.9, 1600, 莎乐美 道林?格雷的画像
1064532, 8.5, 2605, 秘密花园（2册）
1011702, 8.1, 4400, 廊桥遗梦
1491853, 8.2, 3797, 变色龙
1833513, 9.6, 741, 红楼梦（上下）
1276032, 8.3, 3244, 地心游记
1035478, 8.6, 2144, 静静的顿河（全四册）
1152701, 7.7, 7940, 漂亮朋友
1098641, 8.9, 1473, 海狼 野性的呼唤
1042168, 8.4, 2732, 李尔王
2254615, 8.9, 1472, 西线无战事
10759466, 9.0, 1306, 地下室手记
1042434, 8.0, 4794, 安妮日记
1083483, 8.7, 1829, 一个陌生女人的来信
1009285, 7.6, 9149, 童年
1092246, 8.1, 4046, 百万英镑
1107841, 9.0, 1257, 战国策
1011228, 8.3, 2952, 远大前程
1186350, 7.8, 6128, 红字
1010898, 7.6, 8403, 格列佛游记
3114410, 9.0, 1190, 世界名著百部
1558547, 9.1, 1066, 鲁迅小说全集
1001065, 8.4, 2428, 麦克白
1012117, 8.2, 3154, 仲夏夜之梦
1949268, 8.9, 1294, 夜莺
4243288, 9.0, 1130, 飞鸟集
1040131, 8.6, 1777, 茶馆 龙须沟
1174721, 8.4, 2278, 丧钟为谁而鸣
1397467, 7.9, 4559, 理智与情感
1119590, 8.0, 3901, 老残游记
1048173, 8.0, 3874, 忏悔录
1009938, 7.8, 5224, 封神演义
1818722, 9.3, 778, 飘（下）
2258369, 9.0, 1047, 小公主
1051745, 8.7, 1464, 一个陌生女人的来信
1056657, 8.8, 1295, 泰戈尔诗选
1885262, 8.6, 1624, 笑面人
1042053, 8.1, 3123, 儒林外史
1427281, 8.2, 2690, 羊脂球
1021209, 8.4, 2058, 尼尔斯骑鹅历险记
1211572, 9.7, 487, 世界文学名著连环画 欧美部分（全十册）
1220559, 8.7, 1318, 胡桃夹子
1272866, 8.8, 1168, 世界文学文库
1139945, 8.1, 2794, 春
1912993, 9.2, 732, 海蒂
1760094, 8.8, 1110, 吉檀迦利
1039840, 7.6, 5623, 查特莱夫人的情人
2295122, 8.4, 1726, 卡门
1139941, 8.1, 2518, 秋
1034449, 8.9, 944, 杰克・伦敦小说选
1097835, 8.0, 2889, 名人传
1007210, 8.7, 1172, 安徒生童话精选（共六册）
2033808, 8.7, 1163, 巴黎圣母院
1279212, 7.5, 6013, 十日谈
1144385, 7.8, 3611, 镜花缘
1644403, 8.1, 2310, 警世通言
1093098, 7.8, 3581, 爱玛
1512245, 9.1, 700, 海底两万里
1004376, 9.2, 632, 世f新Z校{（全二裕
1075371, 8.7, 1048, 马丁・伊登
1119476, 8.0, 2534, 醒世恒言（上下）
2050779, 8.3, 1646, 魔山
4054726, 9.2, 606, 围城 / 人・兽・鬼
1123546, 8.8, 910, 一个陌生女人的来信
2032523, 8.5, 1231, 失乐园
1137748, 8.7, 963, 元曲三百首
1883349, 8.3, 1497, 永别了，武器
1437488, 9.2, 557, 群魔
2357268, 8.4, 1301, 雪国
2174410, 8.2, 1663, 名利场
1491855, 8.6, 1017, 羊脂球
21993104, 8.1, 1874, 白夜
1257360, 8.8, 806, 孟子
1320521, 8.8, 806, 一个陌生女人的来信
2078355, 9.3, 488, 莎士比亚全集
3127852, 8.6, 985, 推销员之死
1089733, 8.5, 1092, 傲慢与偏见
1063388, 8.9, 705, 福尔摩斯四大奇案
1027002, 8.6, 966, 被欺凌与被侮辱的
2196957, 9.2, 521, 孙子兵法
1880825, 8.2, 1528, 希腊神话
1026547, 8.1, 1737, 一生
1466836, 8.0, 1988, 喻世明言
1033057, 8.2, 1513, 劝导
1876129, 9.2, 497, 饮水词
1214303, 8.8, 735, 韩非子
1100754, 8.5, 1006, 变形记
1534810, 9.0, 577, 红头发安妮
1090109, 7.7, 2818, 红岩
1083881, 8.6, 865, 张爱玲经典作品选
2174400, 8.2, 1365, 达洛卫夫人
1201947, 8.1, 1525, 哈克贝里・费恩历险记
2122274, 9.2, 457, 福尔摩斯探案集
2364762, 8.7, 744, 唐璜（上下册）
2036569, 8.2, 1324, 愤怒的葡萄
1031354, 8.0, 1709, 死魂灵
1174722, 7.9, 1957, 太阳照常升起
1160320, 8.8, 659, 政治学
1088030, 8.6, 814, 莎士比亚喜剧集
1032126, 8.5, 897, 奥瑟罗
2042631, 7.9, 1898, 弗兰肯斯坦
1869692, 8.7, 715, 世界政坛女首脑传记丛书
1212486, 8.5, 889, 马克・吐温中短篇小说选
1860433, 9.2, 436, 格林童话全集(上)
1894740, 8.5, 877, 猎人笔记
1085856, 7.9, 1858, 在人间
1001309, 8.6, 778, 苦儿流浪记
3810699, 9.2, 421, 水浒传
1023467, 8.5, 842, 叶甫盖尼・奥涅金
1277761, 8.9, 548, 根
1858585, 8.1, 1349, 欧叶妮・格朗台 高老头
1373788, 8.2, 1186, 玩偶之家
1029817, 9.0, 496, 绿屋的安妮
3797322, 8.9, 546, 悲惨世界
2052229, 8.1, 1293, 爱丽斯奇境历险记
1881837, 8.1, 1263, 三言二拍
1039020, 8.4, 870, 普希金诗选
1263747, 9.0, 461, 海的女儿
1035475, 8.2, 1077, 好兵帅克历险记
1263707, 8.7, 610, 怪异故事集
1507315, 9.0, 452, 自然哲学之数学原理
1083032, 8.1, 1191, 气球上的五星期
1621745, 8.7, 594, 家春秋（全3册）
1098639, 8.3, 917, 纯真年代
1917962, 7.9, 1519, 金银岛
1479662, 8.5, 726, 茶花女
1102497, 8.0, 1319, 歌剧魅影
1021928, 8.4, 810, 这里的黎明静悄悄……
1185912, 8.4, 802, 变形记
1205777, 8.5, 713, 雪国
1208002, 8.2, 990, 琥珀
3744657, 8.5, 681, 人g失格
1085815, 9.2, 344, 格林童话全集(下)
2170030, 8.0, 1223, 白鲸
1880457, 9.2, 342, 鲁迅文集（全两册）
24935031, 9.3, 310, 战争与和平
1062236, 9.3, 309, 格林童话全集(中)
1078146, 7.8, 1562, 二刻拍案惊奇(上下)
1205388, 8.5, 661, 茵梦湖
1083445, 9.4, 283, 莎士比亚全集(一)
1316652, 9.1, 365, 王尔德作品集
1002958, 8.7, 529, 战争论（全三卷）
1075791, 8.6, 585, 梅里美中短篇小说集
1855425, 8.6, 585, 当代英雄
1107026, 9.1, 361, 凡尔纳科幻故事精选
1105272, 8.3, 809, 羊脂球
2039548, 8.1, 996, 从地球到月球
1420500, 8.4, 700, 百万英镑
1427784, 7.8, 1469, 曼斯菲尔德庄园
1926728, 9.3, 291, 往事与随想
1018408, 8.6, 554, 莫泊桑短篇小说选
1013723, 9.0, 373, 傲慢与偏见
1434037, 9.4, 264, The Picture of Dorian Gray and Other Writings (Bantam Classics)
1119829, 9.1, 337, 汪曾祺小说
2328539, 9.4, 261, 契诃夫戏剧集
1210735, 7.8, 1391, 王子与贫儿
1135331, 8.7, 475, 警察和赞美诗
1842256, 9.2, 298, 儒勒・凡尔纳小说作品选集
1080959, 8.7, 471, 绿屋的安妮
1069405, 7.7, 1500, 我的大学
1456426, 9.3, 267, 局外人・鼠疫
1045934, 8.7, 455, 幻灭
3275066, 8.2, 774, 十字军骑士
2161686, 8.7, 452, 豪夫童话
3755917, 9.3, 260, 安徒生童话全集（全四册）
1214305, 8.9, 368, 墨子
1048569, 8.3, 677, 希腊古典神话
1050368, 7.3, 2628, 子夜
1519058, 7.8, 1249, 母亲
1886374, 9.0, 333, 老子・庄子
3025256, 8.8, 400, 哈姆雷特
1204231, 8.3, 670, 羊脂球(莫泊桑中短篇小说选)
1029951, 9.0, 332, 海蒂
2042167, 8.1, 837, 无名的裘德
3144806, 8.7, 432, 项链
2050776, 8.7, 431, 凯旋门
1078488, 8.0, 928, 爱的教育
1894746, 7.8, 1198, 金银岛 化身博士
1136277, 7.3, 2463, 嘉莉妹妹
1030699, 7.1, 3423, 繁星春水
5992554, 8.4, 565, 简爱
4215931, 8.8, 372, 欧・亨利短篇小说集
1466999, 8.1, 776, 上尉的女儿
1885221, 8.7, 407, 泰戈尔抒情诗选
1205419, 8.2, 682, 初恋
2036573, 7.6, 1455, 儿子与情人
25942442, 8.4, 541, 那年夏天我还爱你
2066417, 8.6, 440, 一个陌生女人的来信
4711466, 8.1, 755, 培根随笔
1111404, 9.2, 254, 夏蒂
1195054, 9.0, 296, 欧・亨利小说全集（全四卷）
1214302, 8.8, 353, 荀子
1858493, 7.8, 1053, 虹
1511457, 8.2, 640, 套中人
6791962, 8.9, 314, 契科夫短篇小说精选
3100582, 8.2, 635, 第十二夜
1053536, 8.5, 453, 小公子
1022672, 8.6, 408, 杜立德医生
1070482, 8.8, 335, 鲁迅杂文
2033107, 8.9, 304, 契诃夫小说选
4619135, 9.0, 277, 押沙龙，押沙龙！
4719265, 8.5, 442, 逆天
3131641, 8.5, 439, 莫里哀喜剧六种
1105259, 8.6, 396, 都柏林人 一个青年艺术家的肖像
2264147, 8.4, 480, 最后一课
1986125, 9.1, 243, 一千零一夜（二）
1201946, 8.0, 718, 父与子
1072213, 8.6, 375, 一个陌生女子的来信
3851791, 9.2, 218, 大鼻子情圣
4742967, 8.5, 406, 城堡・变形记
1074682, 8.5, 405, 莫泊桑短篇小说精选
1013753, 8.6, 362, 西游记DD大闹天宫
1018237, 8.6, 360, 三十六计
3350460, 8.9, 271, 雷雨.日出
2121679, 7.9, 732, 洛丽塔
2161701, 8.7, 311, 莎士比亚喜剧5种
1029440, 9.1, 219, 苏轼诗选
1041733, 8.6, 340, 边城?雪晴
2053608, 8.6, 339, 吕氏春秋
1185636, 7.4, 1408, 娜娜
2036576, 7.4, 1400, 看得见风景的房间
1130069, 8.0, 625, 巨人传
1914311, 8.6, 327, 孤女努力记
1084884, 8.2, 489, 二十年后
1324915, 8.7, 296, 十四行集
1116359, 8.5, 355, 忏悔录（第一部）
1986127, 8.9, 245, 一千零一夜（三）
1397966, 8.8, 267, 世界文学名著全书・世界奇书文库
3040682, 8.5, 353, 奥赛罗
1022272, 8.3, 431, 会飞的教室
1289953, 9.2, 189, Pride and Prejudice
1050006, 7.8, 752, 伪君子
1051353, 8.1, 526, 变形记
3922847, 9.6, 140, 世界文学名著连环画（亚非部分全五册）
2259223, 8.5, 346, 玛戈王后
1131617, 8.2, 465, 变色龙
2117062, 7.8, 737, 麦田守望者
1083437, 8.2, 462, 少年维特的烦恼 赫尔曼和多罗泰
1462166, 9.2, 184, 吉檀迦利:泰戈尔散文诗选
1758926, 8.4, 373, 南方与北方
1722386, 7.2, 1691, 斯佳丽
1092558, 8.0, 572, 少年维特的烦恼 亲合力
1786582, 8.9, 234, 海上劳工
1484272, 9.1, 197, 世界经典名著文库 第三辑
3167232, 9.3, 168, 飘（中）
1168737, 8.4, 367, 妇女乐园
1038137, 8.9, 229, 海蒂
1066589, 8.3, 398, 海伦・凯勒传
1987953, 9.3, 165, 悲惨世界（四）
1022733, 8.7, 268, 丛林奇谈(上下)
1012671, 8.3, 393, 地底旅行
1433054, 8.8, 244, 风云人物采访记
1101543, 7.9, 605, 远离尘嚣
1856498, 7.7, 755, 黑郁金香
1753403, 7.5, 980, 诺桑觉寺
1801857, 9.4, 147, 红楼梦
2215336, 8.4, 342, 太阳系历险记
1228395, 7.8, 658, 化身博士
1119515, 8.2, 413, 一生 漂亮朋友
1005050, 9.5, 134, 三国演义连环画(1-60)
1024698, 8.2, 404, 论语通译
1051975, 8.5, 298, 无事生非
1084541, 8.5, 295, 秘密花园
1525761, 8.1, 432, 法国中尉的女人
1203240, 7.5, 890, 珍妮姑娘
1459998, 8.4, 314, The Color Purple
1069249, 8.2, 382, 卓别林自传
1125663, 8.3, 341, 老人与海
1057423, 8.0, 468, 双城记
1126207, 8.0, 466, 斯巴达克斯
2046136, 7.6, 753, 圣经故事
1060333, 8.0, 460, 温莎的风流娘们
2050778, 8.1, 410, 萌芽
1552593, 9.3, 141, 郭磊、刘峰油画合辑
1480450, 8.4, 299, 纪德小说选
4248171, 9.6, 114, 法老
1452512, 7.9, 504, 十日谈
5253168, 8.8, 207, 安娜・卡列尼娜（全两册）
3162277, 8.8, 204, 傲慢与偏见
1123668, 7.8, 553, 圣诞欢歌
6127039, 8.7, 221, 冒险史
1790270, 8.6, 240, 莫泊桑中短篇小说全集(1)
1023595, 8.0, 436, 窦娥冤
2329268, 8.5, 262, 川端康成著作选释
1134258, 8.5, 257, 汤姆・索亚历险记 哈克贝利・费恩历险记
1044038, 8.0, 425, 前夜 父与子
1022210, 8.3, 310, 贝姨
1886329, 8.3, 308, 资治通鉴
1962924, 9.2, 142, 悲惨世界（二）
1028735, 7.7, 590, 歌剧院的幽灵
1511599, 8.9, 177, 一块牛排
1082496, 8.7, 209, 黑门山路
1058488, 8.0, 412, 跳来跳去的女人
1029151, 8.0, 410, 贵族之家
1119513, 9.0, 160, 卡夫卡小说选
2116574, 8.1, 360, 圣经故事
1780564, 8.7, 202, 米德尔马契（全二册）
1214171, 8.1, 353, 阴谋与爱情
1559380, 8.8, 183, 徐霞客游记
2266640, 8.8, 183, 聊斋志异选
1214638, 8.4, 260, 茶花女
1417046, 8.3, 285, 茶花女
1014622, 8.6, 215, 当代英雄 莱蒙托夫诗选
1058527, 8.6, 212, 孙子兵法新注
1987951, 9.2, 131, 悲惨世界（三）
4046059, 8.7, 194, 神曲3
1880828, 8.1, 339, 还乡
1021272, 8.1, 338, 普希金诗选
1066217, 7.8, 469, 坎特伯雷故事
1041418, 7.9, 417, 仲夏夜之梦
1991229, 9.2, 129, 雪虎
1084555, 8.2, 301, 所罗门宝藏
1317861, 8.9, 161, 一个人的遭遇
1159935, 7.5, 667, 恋爱中的女人
2005555, 9.1, 137, 茨威格中短篇小说选
2057351, 8.6, 205, 老人与海
1084546, 8.0, 365, 罗密欧与朱丽叶
1046115, 8.5, 223, 柳林中的风声
4108901, 8.9, 156, Letter from an Unknown Woman
1027986, 8.2, 290, 神曲
1750620, 8.4, 237, 荷马史诗（上下）
1042783, 8.0, 351, 黑桃皇后
3741375, 9.1, 131, 简・奥斯汀经典作品集
1469232, 8.6, 195, 审判
1085552, 7.9, 386, 匹克威克外传
1159954, 8.5, 212, 小公主
1005572, 8.5, 210, 白雪公主
1088480, 9.2, 120, 莎士比亚全集(六)
1048580, 8.4, 229, 契诃夫短篇小说精选
1084832, 8.2, 276, 羊脂球
4880524, 8.9, 149, 基督山伯爵
4823779, 8.4, 227, 马人
1202226, 9.7, 83, 三国演义
1837465, 8.8, 156, 莎士比亚喜剧集
1085469, 8.3, 240, 驴皮记
1918325, 8.6, 183, 荒凉山庄
1047814, 8.1, 290, 唐吉诃德(上下)
1063493, 8.8, 154, 嘉尔曼 高龙巴
1029368, 8.2, 261, 情感教育
1132966, 8.6, 180, 100 Selected Stories
4046057, 8.9, 141, 神曲2
1471632, 7.9, 352, 封神演义
1122915, 8.6, 179, 马丁?伊甸
3673301, 8.5, 195, 三字经 百家姓 千字文 弟子规
1274150, 8.0, 312, 伦敦塔
1085864, 8.7, 162, 世界通史（6卷本）
2265238, 9.6, 85, 乱世佳人
1018017, 9.4, 96, 红楼梦（连环画）1-16
1086317, 7.8, 377, 会飞的教室
1503610, 8.8, 145, 新月集
3344157, 9.1, 115, 基督山伯爵
1658876, 9.2, 107, 悲惨世界(上下)
1061965, 7.5, 516, 爱情的三部曲
1006371, 8.6, 167, 傲慢与偏见
1202025, 8.3, 216, 皆大欢喜：英汉对照.英汉译注
3480384, 7.5, 508, SCARLET斯嘉丽（〈飘〉续集）
2255503, 8.5, 179, 十五少年漂流记
2074265, 9.2, 104, 诺贝尔文学奖金获奖作家作品选
3810700, 9.2, 104, 西游记
1084550, 8.0, 286, 王子复仇记
1521489, 7.0, 992, 小二黑结婚
1091729, 7.5, 491, 圣经故事
20507368, 6.5, 2258, 了不起的盖茨比
1047559, 8.4, 187, 鹿苑长春
1275594, 8.0, 266, 十五岁的船长
1883309, 8.3, 198, 爱丽丝漫游奇境记
3514415, 9.0, 112, 彼得・潘
4811934, 7.5, 461, 三十九级台阶
1252190, 8.4, 178, 蝴蝶梦
4832486, 8.4, 177, 红轮（第一卷 全三册）
1504938, 8.2, 212, 大卫・科波菲尔
1797579, 7.8, 314, 环绕月球
1203446, 8.6, 147, 文心雕龙札记
2042170, 7.6, 391, 白衣女人
1985828, 8.9, 116, 一千零一夜（6）
1122322, 8.7, 134, 一千零一夜
1833376, 8.7, 133, 巴尔扎克中短篇小说集
25751749, 8.6, 144, 一个陌生女人的来信
1831007, 8.2, 204, 三言-喻世明言、警世通言、醒世恒言
3293978, 9.3, 86, 悲惨世界（五）
1704585, 8.7, 132, 奥勃洛莫夫
1778966, 8.9, 113, 双城记(平)//译林世界文学名著.古典系列
1017906, 7.3, 544, 象人
1928544, 8.6, 141, 莎士比亚戏剧选
1320214, 7.3, 537, 源氏物语图典
1084208, 8.7, 129, 邦斯舅舅
1134656, 8.4, 164, 巴黎圣母院
2161697, 8.2, 196, 一生 两兄弟
1589591, 8.7, 128, 高尔基三部曲
1073408, 8.7, 127, 飞鸟集
6127041, 8.4, 162, 回忆录
1490598, 7.8, 288, 尼伯龙根之歌
3164520, 8.8, 117, 呼啸山庄
2024848, 8.5, 148, 约翰・克里斯朵夫
3757191, 8.1, 210, 茶花女
1513263, 8.3, 174, Sister Carrie
1000734, 8.6, 135, 巴黎圣母院
1316676, 8.9, 107, 野性的呼唤
1162930, 7.9, 253, 交际花盛衰记
1512597, 8.8, 114, 莫里哀喜剧选
3127863, 7.9, 251, 艰难时世
1077867, 7.8, 276, 沉船
1202197, 9.6, 66, 红楼梦
1203422, 9.3, 79, 三国演义
1004967, 9.4, 74, 人间喜剧 第三卷
1806827, 8.9, 103, 老舍短篇小说选
1636483, 8.4, 151, 简．爱
4873864, 8.9, 102, 边城
24846632, 8.2, 179, 国家阴谋2：英国刺客
1123024, 8.6, 127, 大卫・考波菲尔
2170091, 7.8, 262, 绞刑架下的报告
1636447, 8.1, 194, 爱的教育
1116326, 7.3, 461, 人是机器
23247100, 9.4, 70, 莎士比亚喜剧选
2057541, 8.7, 113, 百年孤独（英汉对译）
6151791, 8.5, 132, 云使
1122323, 8.8, 104, 一千零一夜 第4卷
6397056, 8.0, 204, 到世界上去
1015729, 8.7, 111, 法学导论
1133185, 9.3, 73, 飘
1881838, 7.7, 271, 白话聊斋
1643550, 9.4, 68, 莎士比亚全集㈧
1130883, 8.5, 127, 德伯家的苔丝
1261296, 7.4, 372, 三侠五义
1086337, 8.6, 115, 汤姆・索亚历险记(青少版)
6025441, 8.6, 115, 老人与海
2336338, 7.6, 290, 女人十日谈
1079591, 8.2, 159, 老人与海
1085549, 7.9, 210, 欧叶妮・格朗台
1157623, 8.5, 122, 简・爱
1503445, 8.4, 132, Macbeth
2364908, 8.7, 104, Odyssey
3337387, 8.8, 96, 木木集
1075392, 7.8, 227, 艾凡赫
2361090, 8.0, 184, 欧也妮葛朗台
1878038, 8.5, 119, 追忆似水年华 Ⅳ
2115692, 8.2, 153, 环游地球八十天
1512732, 7.7, 247, 幽谷百合
1060947, 7.4, 345, 爱丽丝镜中世界奇遇记
1747768, 7.7, 244, 一个世纪儿的忏悔
1417828, 7.8, 219, 亚瑟王之死(全二册)
1105797, 8.6, 108, 神奇的花园
1141044, 8.6, 108, 孟子
20470853, 7.4, 339, 地光
2079177, 8.2, 148, 爱伦・坡短篇小说集
4703304, 8.9, 85, 采果集
2060483, 7.8, 212, 克雷洛夫寓言
3091169, 8.6, 104, 嘉尔曼
3131603, 8.0, 172, 活下去，并且要记住
1426938, 7.9, 186, 美国悲剧
1894737, 8.9, 82, 审判 城堡
1328662, 8.0, 167, 圆桌武士
1100147, 8.4, 117, 老舍小说选
1833380, 8.4, 117, 马克.吐温短篇小说精选
1094218, 9.2, 66, 雨果文集（全12卷）
1265965, 9.2, 66, 野性的呼唤
1045819, 8.0, 164, 新爱洛伊丝
1084891, 8.7, 91, 维莱特
1168761, 7.7, 216, 冰岛渔夫・菊子夫人
4216925, 8.1, 147, 屠场
1931099, 9.1, 69, 凡尔纳海洋科幻三部曲
1070527, 7.7, 215, 卡斯特桥市长
1065127, 6.5, 1060, 女神
3004085, 8.3, 122, 白话三国志（上中下）
1121447, 9.1, 68, 安徒生童话
1097897, 8.8, 82, 鲁迅经典作品选
6965540, 9.1, 67, 呼啸山庄
1924980, 8.5, 102, 六韬三略译注
10454469, 7.5, 255, 伟大的逃亡
1067937, 8.9, 75, 诗经
1203259, 8.4, 108, 福尔赛世家
1012850, 8.7, 86, 漫画世界文学名著(5):茶花女(平)
1545836, 8.8, 80, 莫泊桑中短篇小说选
1050080, 7.0, 460, 珍珠夫人
1010601, 8.8, 79, 漫画世界文学名著(1):红与黑(平)
1815468, 8.6, 91, Number the Stars
3337579, 8.3, 114, 生命中不能承受之轻
3185734, 7.6, 217, 格列弗游记
1834198, 8.5, 96, 边城
3131632, 8.0, 144, 歌德对话录
6435850, 8.9, 71, 一九八四
3131608, 7.8, 167, 天才
3133270, 8.8, 74, 智慧书
3057191, 8.6, 85, 威尼斯商人
1928528, 8.9, 68, 四百万-世界文学名著典藏
3037433, 8.1, 124, 茶花女
1286790, 7.5, 221, 小东西
1389911, 7.9, 148, 道尔教授的头颅
1288846, 7.2, 306, 周易译注
5904118, 7.8, 160, 海上繁花
4201348, 8.5, 88, 长腿叔叔
1326986, 9.4, 49, 李白诗
1735172, 9.0, 62, 莫泊桑中短篇小说精选
4199233, 9.1, 58, 人间喜剧
3136270, 7.9, 140, 弗洛斯河上的磨坊
1019214, 8.4, 92, 漫画世界文学名著(8):莎乐美(平)
1086332, 7.9, 139, 茶花女
1185942, 8.8, 68, 莎士比亚悲喜剧
1669490, 8.9, 63, 简・爱
1036764, 8.6, 77, 漫画世界文学名著(4):卡门(平)
1853935, 8.2, 104, 蒙梭罗夫人（上下）
1031598, 8.5, 81, 十五少年飘流记
4926159, 8.4, 87, 激流三部曲（全三册）
3014539, 9.1, 54, 嫡б
1138871, 7.6, 174, 第四病室
2114138, 7.8, 143, 圣女贞德
3023360, 8.4, 85, 巴黎圣母院
1809529, 8.0, 117, 马可波罗行纪
1447998, 8.1, 107, 奥赛罗
2217675, 9.5, 42, 福尔摩斯探案精选
3197508, 9.2, 49, 普希金文集
6435872, 9.2, 49, 罪与罚
2282795, 9.3, 46, Metamorphosis and Other Stories
2361886, 9.6, 39, 蒙学十篇
25712493, 8.4, 82, 世间我所中意的美好
1456399, 8.5, 76, Julius Caesar
5300376, 7.1, 283, 劳拉的原型
10536877, 9.4, 43, 王尔德作品选
20278403, 8.4, 80, 圣女贞德
1893971, 7.4, 195, 温泉
1136278, 7.7, 143, 奇婚记
1028707, 8.7, 64, 理查三世
1687968, 9.8, 34, 坂田荣男围棋全集（共12册）
1000420, 8.6, 68, 永久记忆版世界文学名著文库（全79套，86册）
1097154, 7.7, 141, 徐志摩经典作品选
1084204, 8.2, 91, 老实人
1050748, 8.5, 72, 冬天里的夏日印象
1900001, 8.6, 67, Oedipus Rex
6893861, 8.2, 89, 古老的法兰西
1059958, 9.1, 48, 莎士比亚戏剧集
1270043, 7.9, 113, 唐・吉诃德
1634743, 8.0, 102, 小妇人
1164734, 7.7, 133, 嘉丽妹妹
1991122, 8.8, 56, 赤道环游记
1208228, 8.5, 68, 穷人 白夜 赌徒
1213572, 8.5, 68, 玛利・琼斯和她的《圣经》
1093398, 7.6, 143, 钢铁是怎样炼成的
1148639, 8.4, 72, 外套
1078085, 9.2, 43, 萤
1084548, 7.8, 116, 埃及艳后
1204178, 8.6, 62, 简?爱
1206592, 7.9, 105, 双雄记
2371967, 8.5, 65, 莫泊桑短篇小说全集（全四册）
25896603, 8.0, 95, 了不起的盖茨比
4292401, 8.6, 60, 绿屋的安妮
2294269, 8.5, 64, 罗摩衍那（一）
1017542, 7.3, 181, 阿格尼斯・格雷
1229336, 8.9, 49, 泰坦尼克号
3033504, 8.9, 49, 课程与教学的基本原理
4838726, 8.2, 79, 揭密取经门
3131619, 7.6, 131, 绿蒂在魏玛
1098965, 8.4, 67, 羊脂球
1010403, 8.9, 48, 漫画世界文学名（7）著:呼啸山庄(平)
4870740, 9.3, 38, 傲慢与偏见
6878210, 8.7, 54, 野性的呼唤
4018801, 9.4, 36, 基督山伯爵（上下全译本）
2303178, 8.4, 66, 茶花女
1096255, 7.9, 97, 外国文学名著快读
1881286, 8.2, 76, 时间机器 隐身人
3436130, 8.3, 70, 大卫・考坡菲（下册）
1109470, 8.4, 65, 巴黎圣母院/外国文学名著精品
1099300, 7.8, 104, 珍妮姑娘
1018264, 8.0, 87, 漫画世界文学名著DD罗密欧与朱丽叶
1673964, 8.6, 56, 水浒传
1458947, 8.1, 80, Antigone
26639870, 8.4, 64, 傅雷家书
1203347, 9.7, 30, 三国演义(绘画本1-5)
1657779, 8.3, 68, 鲁滨逊漂流记
1066973, 8.1, 79, 中国文学名著快读
3136272, 8.1, 79, 耶路撒冷的解放
3131636, 7.5, 133, 修女
1784728, 8.3, 67, Who&#39;s Afraid of Virginia Woolf?
1274762, 7.5, 131, 上尉的女儿
1543987, 7.0, 225, 藻海无边
1044553, 8.9, 45, 世说新语全译
1505434, 7.9, 89, 大街
1873423, 8.0, 82, 论创造力与无意识
1220866, 6.6, 365, 太阳照在桑干河上
1164294, 9.1, 39, 傲慢与偏见
1084301, 7.3, 153, 李有才板话
1922424, 8.7, 49, 海陆的起源
1032418, 8.3, 64, 漫画世界文学名著(3):简爱(平)
4247677, 8.9, 43, 清.孙温绘全本红楼梦
1884504, 7.5, 123, 经济论 雅典的收入
1003293, 8.2, 68, 漫画世界文学名著DD一千零一夜
3797417, 8.5, 55, 哈姆莱特
1989828, 8.7, 48, 三国演义
4217347, 8.6, 50, 日本人四书
3211965, 8.3, 61, 堂吉诃德
1203419, 7.7, 97, 连城璧
1027124, 9.4, 31, 中国古典四大名著
4002282, 9.0, 38, 外国短篇小说（上）
1117210, 8.1, 68, 巴黎圣母院
5504729, 8.7, 45, 堂吉诃德 （上下册）
1920561, 8.1, 67, 千字文
1931361, 7.8, 85, 黑暗的心
2109474, 8.4, 54, 简.爱-外国文学经典
1087769, 7.9, 78, 世界一流文学名著精缩(修订本)
24935028, 9.4, 30, 安娜・卡列尼娜
1512893, 8.1, 66, 羊脂球
4040450, 9.2, 33, 圣灵论
25895962, 9.2, 33, 一个陌生女人的来信
1656062, 8.7, 43, 莫泊桑小说全集（全9卷）
1010824, 8.9, 38, 塞万提斯全集（８卷）
1263680, 7.3, 127, 克莱芙王妃
1623064, 8.4, 51, 鲁滨孙漂流记
3462312, 8.4, 51, 封神演义
10454483, 7.9, 73, 固执鬼彼得
6039021, 8.3, 54, 圣经故事
2212710, 8.1, 62, 好兵帅克
4274391, 8.9, 37, 鲁迅散文合集
19985743, 9.5, 27, 西游记：老版连环画
1933694, 8.2, 57, 钦差大臣
1089478, 6.9, 185, 倪焕之
1928529, 7.5, 98, 红字-世界文学名著典藏
1119583, 9.0, 34, 莎士比亚喜剧选
2702836, 9.0, 34, 悲惨世界（上.下）
3132490, 9.0, 34, 欧・亨利短篇小说精选
1028415, 8.5, 45, 羊脂球
11520178, 8.5, 45, 蝴蝶梦
3127856, 7.8, 74, 约婚夫妇
3298292, 8.0, 63, 存在之发现
3626427, 8.9, 35, 巴金选集
3350263, 7.8, 73, 子夜.林家铺子
1820983, 8.1, 58, 假如给我三天光明
1112395, 8.4, 47, 世界心理小说名作导读
6510394, 8.4, 47, 汤姆叔叔的小屋
6981935, 8.4, 47, 茶花女
3085445, 7.9, 67, 封神榜
4268162, 8.3, 50, 羊脂球
2059068, 8.3, 49, 安妮日记
5354659, 8.7, 38, 热爱生命野性的呼唤
1964013, 8.1, 56, 母与子（二十世纪外国文学丛书/上中下）
4045275, 9.0, 32, Animal Farm
1277738, 8.6, 40, 庄子注译
3900435, 8.0, 59, 悭吝人
24383059, 8.8, 35, 道德经讲义
3809551, 7.7, 74, 钢铁是怎样练成的
6828854, 9.2, 28, 悲惨世界（上下）
2086607, 9.7, 22, 世界童话名著文库12
4178548, 7.7, 72, 诺桑格寺
1657786, 8.3, 46, 珍妮姑娘
2022095, 8.3, 46, 茶花女
3149408, 8.5, 40, 沈从文代表作
1722630, 8.3, 45, 傻瓜威尔逊
3013175, 8.3, 45, 呼啸山庄
1191133, 6.9, 150, 菊子夫人
1853939, 7.9, 59, 四十五卫士
1592755, 8.2, 47, 呼啸山庄
4102981, 8.2, 47, 西方经典英汉提要（卷一）
20384895, 7.1, 118, 基督山伯爵
24888091, 8.1, 50, 文明与野蛮
26606903, 8.1, 50, 千夜之夜
1330303, 7.8, 61, 董贝父子
25934147, 7.9, 56, 人间失格
10179776, 8.2, 45, Around the World in 80 Days
1968811, 8.3, 42, 毛批三国演义（全二卷）
5992547, 8.7, 33, 简爱
2179118, 9.0, 28, 海蒂
6527511, 8.0, 51, 马克・吐温短篇小说集
20378923, 8.2, 44, 刘心武评点金瓶梅
2319425, 9.2, 25, BBC 南与北(DVD-9)
2284506, 8.3, 41, 巨人传
1192520, 7.4, 81, 世界文学名著心理案例集
2294277, 8.8, 30, 罗摩衍那（二）
3619485, 8.8, 30, 系统神学
1088163, 7.4, 79, 魔沼
1085068, 8.7, 31, 阿列霞
1150507, 8.1, 44, 爱的教育
1039802, 8.4, 36, 果戈理幽默作品选
26453142, 8.9, 27, 亲爱的提奥 梵高信件选集
1084310, 9.3, 22, 三国演义（上下册）
1834195, 7.6, 61, 朱自清散文精选
3735286, 8.6, 31, 最后的常春藤叶
2303173, 8.2, 39, 双城记
3132504, 8.9, 26, 三国演义（上下册）
25743854, 7.1, 93, 1969：革命、动乱与现代美国的诞生
2150405, 9.2, 22, 老舍作品经典（上下卷）
3925887, 7.9, 46, 少年维特之烦恼
2294284, 9.5, 19, 罗摩衍那（六）
1255561, 8.5, 31, 吉莉芭拉
4126155, 8.2, 37, 柏杨版通鉴纪事本末套装
1958305, 8.0, 42, 红磨坊
1750623, 8.5, 30, 贵族之家
2136101, 9.3, 20, 飘 （英文版）
2066242, 8.1, 38, 心血运动论
5992548, 8.9, 24, 简爱
2367602, 7.6, 53, 说破英雄惊杀人
2971563, 8.1, 37, 卡夫卡小说精选
1085052, 8.1, 35, 希腊神话
7916026, 7.7, 46, 重压下的优雅
2030172, 9.0, 21, Selected Poems of Byron
1101547, 6.7, 108, 帕梅拉
1791858, 8.2, 31, 小勋爵
1069672, 8.4, 27, 影响世界历史的100名著排行榜
1953607, 8.7, 23, 罗密欧与朱丽叶（中英两册）
3781633, 8.1, 32, 在人间
1469545, 7.7, 40, The Epic of Gilgamesh
1197594, 7.8, 37, 外国百篇经典微型小说
19975224, 7.9, 34, 老人与海
1327117, 8.4, 25, 恶魔
1084915, 7.1, 62, 教师
1620396, 8.3, 26, 趣味地球化学
1062891, 7.6, 40, 老笔记--名人眼里的历史事件
1050556, 7.9, 32, 水浒传(少年儿童版)
1025930, 8.1, 28, 冬天的故事
6879002, 8.2, 26, 傲慢与偏见
1858473, 8.8, 19, Wuthering Hights. Text mit Materialien. (Lernmaterialien)
3797387, 8.4, 23, 复活
1623063, 7.5, 40, 格利佛游记
1253725, 7.0, 60, 瓦朗蒂娜
1505892, 8.1, 26, 四书五经鉴赏辞典
4215942, 8.4, 22, 四大名著（套装全4册）
1735174, 7.9, 29, 斯巴达克思
1057155, 8.0, 27, 好兵帅克的奇遇
25782484, 8.6, 19, 双色版 三国演义 内蒙古
1084311, 8.7, 18, 中国历代文选
2570574, 8.2, 23, 名利场（上下全译本）
1885219, 7.8, 29, 还乡
1890674, 8.1, 24, Lady with the Little Dog and Other Stories
1562921, 7.2, 43, 床头灯英语学习读本
1939442, 8.6, 18, Death in Venice
1201453, 7.2, 42, 查泰莱夫人的情人
1217726, 8.7, 17, 百年中国小说精选
1524850, 6.8, 56, 垃圾教授
3070836, 7.7, 27, 福楼拜短篇小说选
1264044, 7.3, 34, 杨家将传
1021354, 7.0, 43, 西方社会学名著提要
1641481, 5.8, 166, 专横
2330361, 8.3, 18, 杨七郎打擂
3225196, 7.4, 30, 西方哲学名著导读
1475234, 6.3, 78, 三小姐
10761556, 7.7, 24, 骆驼祥子
3120021, 8.2, 18, 红楼梦（上下）
1206115, 6.8, 45, 施公案
2251845, 7.7, 23, 山海经
1552056, 6.0, 101, 德温特夫人
1319158, 7.4, 27, 小妇人（中英对照）
2074980, 7.8, 21, 鲁滨逊漂流记(青少版) (平装)
25897678, 7.7, 22, 包法利夫人
2163468, 6.9, 38, 织工马南
10801434, 7.6, 23, 欧也妮・葛朗台
1217796, 7.7, 21, 镜花缘
2175689, 7.2, 29, 荷马史诗的故事
1057356, 7.1, 31, 西方法学名著提要
6782695, 7.2, 28, 阳光姐姐漫画派-巧克力味的暑假
6828852, 7.6, 21, 中央 基督山伯爵（上下）
1203424, 7.2, 27, 封神演义/十大古典白话长篇小说丛书
1735438, 7.3, 25, 心理学名著导读
24882307, 8.2, 15, 红轮（第三卷）
6732138, 7.1, 28, 宽容
20406522, 7.8, 18, 了不起女孩不得不读的经典名著
1817640, 7.3, 24, 木偶奇遇记
1106196, 6.5, 45, 伊索寓言精选
5996286, 7.8, 17, 世界文学名著（套装上下册）
1226928, 6.8, 30, 名著浓缩一句话
1309688, 7.9, 15, 灯红酒绿
1452331, 7.5, 18, 费加里的婚礼
2193896, 7.6, 17, 尼基塔的童年
3561204, 7.6, 17, 培根随笔
10517927, 8.1, 13, 大圆满前行释修宝典
3039864, 7.6, 16, 东周列国志（上下册）
1265914, 7.3, 19, 普希金童话
4052395, 7.9, 13, 四大名著
10760902, 7.6, 15, 红与黑
1144266, 7.7, 14, 浮士德的悲剧
4187484, 7.7, 14, 故乡
10795905, 7.0, 21, 少年维特之烦恼
20406521, 8.2, 11, 了不起男孩不得不读的经典名著
1057953, 7.3, 17, 红字--汉英对照
6714020, 7.3, 17, 瓦尔登湖
26838253, 7.8, 13, 绿色国王
3263083, 7.6, 14, 咆哮营的幸运儿
25897657, 7.9, 12, 悲惨世界
24854717, 7.7, 13, 姑娘，要警惕啊！
3136920, 7.3, 16, 复活
1487988, 7.5, 14, 莎士比亚
2016587, 6.8, 21, 历史上最具影响力的心理学名著26种
10539551, 7.6, 13, 巴尔扎克全集（第一卷）
1224648, 7.9, 11, 西方经济学名著导读
3073771, 7.9, 11, 史记评林
10602338, 7.7, 12, 罪与罚
2180267, 7.1, 16, 孙子兵法全集
3413873, 7.2, 15, 西方新闻传播学名著选译
1966312, 6.9, 17, 红与黑
1490063, 7.1, 15, 红字（中英对照）
21971619, 7.9, 10, 浮士德-全2册
4152094, 7.8, 10, 绣像全本红楼梦
1203245, 7.4, 12, 新爱洛依丝
1092807, 7.7, 10, 云雀之歌
2242975, 7.7, 10, The Plague
1976235, 7.2, 12, 三十六计全集
20475569, 7.1, 11, 白鲸-世界文学名著
5360887, 7.0, 11, 明靖江王二百八十年
26823108, 4.8, 77, 傲慢与偏见
1138405, 4.9, 44, 不平等的姻缘
