2017-01-23 16:17:59
Tag: 哲学入门
The number of books: 288 

ID, rating, votes, title
3211779, 8.9, 119409, 嫌疑人X的献身
1786670, 8.9, 46549, 百年孤独
1045818, 8.5, 59186, 苏菲的世界
4242172, 8.3, 84650, 天才在左 疯子在右
1059258, 9.4, 9744, 道德经
1467022, 9.2, 12479, 上帝掷骰子吗
2340100, 8.1, 52264, 遇见未知的自己
1795079, 9.2, 7774, 乡土中国
3026879, 8.8, 13331, 爱的艺术
1963912, 8.8, 12260, 正见
5375620, 8.8, 11248, 失控
1062193, 8.6, 15224, 娱乐至死
2046236, 9.3, 4710, 庄子
1949420, 9.3, 4707, 孙子兵法
1291204, 9.4, 3884, 哥德尔、艾舍尔、巴赫
2194123, 8.4, 15429, 相约星期二
1277981, 8.8, 8066, 社会契约论
1794620, 7.8, 43144, 芒果街上的小屋
2076623, 9.5, 2989, 金刚经
1883991, 9.3, 3476, 王小波全集
5408882, 9.1, 3995, 公正
1012032, 8.6, 7384, 查拉图斯特拉如是说
1004699, 8.9, 4452, 作为意志和表象的世界
6152040, 9.1, 3115, 维特根斯坦传
6425061, 8.6, 5857, 哲学家们都干了些什么？
3522695, 8.6, 5679, 瓦尔登湖
1071227, 9.0, 2907, 大问题
1049522, 8.8, 3636, 西西弗的神话
1063852, 8.8, 3586, 悲剧的诞生
1286547, 8.6, 4661, 菜根谭
20501147, 9.3, 1600, 中国哲学简史
3410709, 9.2, 1738, 中国哲学简史
2296687, 8.5, 3872, 纸牌的秘密
1058520, 8.9, 2214, 炼金术士
1721111, 8.6, 3092, 周国平人生哲思录
1454687, 9.0, 1787, 政府论（下篇）
1051943, 9.1, 1236, 尼各马可伦理学
1438539, 8.7, 1819, 西方美学史
1868698, 8.3, 2895, 为什么读经典
3095037, 9.0, 1167, 听音乐（插图第6版）
3025921, 7.7, 5926, 黑天鹅
1400030, 8.7, 1446, 推理的迷宫
1253292, 9.1, 796, 老子今注今译
1005692, 8.4, 1731, 西方哲学史
1964773, 8.8, 1000, 论语译注
1251839, 8.6, 1246, 权力意志
1024785, 9.1, 712, 西方现代思想史
3389811, 8.7, 999, 西方哲学史（修订第8版）
2070807, 8.5, 1229, 懂得爱
1077833, 8.7, 868, 形而上学
1053526, 8.4, 1182, 哲学与人生
2111791, 8.7, 827, 哲学问题
1274953, 8.7, 825, 伦理学
3241907, 8.3, 1248, 维特根斯坦笔记
1075249, 8.9, 625, 西方哲学原著选读(上卷)
1358806, 8.9, 604, Sophie&#39;s World
3101425, 8.7, 741, 尼采
14439405, 8.9, 591, 哲学的故事
1227966, 7.8, 2130, 你的第一本哲学书
1817494, 8.7, 682, 弟子规
1074030, 8.3, 971, 西方哲学十五讲
1507315, 9.0, 452, 自然哲学之数学原理
3132641, 8.8, 537, 中国现代思想史论
1967819, 8.6, 656, 李叔同解经
1998842, 8.9, 447, 尼采：在世纪的转折点上
2278535, 8.5, 656, 哲学的邀请
1392562, 8.5, 649, 康德哲学讲演录
1936629, 8.3, 770, 周易江湖
2256361, 8.8, 448, 箭术与禅心
1069576, 8.5, 604, 西方哲学史
1652617, 9.3, 284, 任何一种能够作为科学出现的未来形而上学导论
1253835, 9.2, 298, 哲学史教程（上卷）
1484492, 8.9, 382, 20世纪思想史
1227223, 8.6, 506, 哲学导论
2184056, 9.1, 311, 庄子今注今译
1810945, 8.5, 548, 东西文化及其哲学
1271862, 9.2, 279, 偶然、反讽与团结
1792133, 8.4, 597, 孟子他说1
3186720, 8.8, 395, 谈美
1500045, 8.7, 433, 猜想与反驳
2285230, 7.8, 1192, 玛雅
4246032, 9.4, 225, 西方哲学史讲演录
17153313, 9.0, 306, 哲学导论
1392568, 8.8, 361, 哲学之树
1811507, 8.6, 416, 历史哲学
5377278, 8.2, 611, 西方哲学简史
2281420, 8.8, 316, 巴坦加里的瑜伽经
1936511, 8.4, 465, 孟子他说
1065051, 7.6, 1214, 西方哲学简史
3874395, 8.9, 273, 思想的力量
3171864, 7.6, 1068, 一头想要被吃掉的猪
2286854, 8.0, 623, 从胡塞尔到德里达
1426973, 8.5, 364, 诗人哲学家
1322335, 8.5, 357, 中国哲学十九讲
1443964, 9.1, 208, 新编中国哲学史（全四册）
5906116, 8.2, 455, 橙色女孩
1963430, 8.7, 269, 欧洲思想史
1221710, 7.6, 862, 塞莱斯廷预言
3042524, 8.4, 334, 李天命的思考艺术
1074231, 7.5, 941, 非是非非
1031720, 7.8, 625, 现代西方哲学十五讲
2302817, 8.8, 223, 批判哲学的批判
1317830, 8.0, 475, 忏悔录
2209114, 8.9, 189, 什么是哲学
2338733, 8.4, 293, 西方的智慧
4042959, 8.8, 203, 政治哲学导论
3097364, 8.2, 353, 尼采与形而上学
1431735, 8.9, 185, 神圣与世俗
1067969, 9.3, 134, 哲学史教程（下卷）
1968882, 7.6, 659, 冰鉴
2984016, 8.8, 191, 爱因斯坦晚年文集
1367116, 9.1, 150, 奇n程
1799735, 8.2, 311, 邓晓芒讲黑格尔
1880660, 8.9, 163, 自然哲学的数学原理
1266211, 9.1, 134, 论意识操纵（上下）
1232728, 8.7, 183, 康德《纯粹理性批判》指要
1254667, 8.3, 258, 西方哲学史(第七版)
1043903, 8.7, 180, 哲学的故事
1018272, 8.2, 281, 通向哲学的后楼梯
1419049, 8.7, 178, 西方哲学的故事
1956018, 8.8, 162, 世界哲学史
1768046, 8.5, 205, 从黑格尔到尼采
5503967, 8.5, 205, 织梦人
2340318, 8.3, 239, 人生的艺术
2076962, 9.0, 132, 长短经（上下）
26892222, 8.2, 255, 生活的哲学
1884735, 9.4, 96, 判断力批判
4187788, 7.3, 705, 第一本哲学漫画书
24882901, 6.8, 1499, 不疯魔，不哲学
1872142, 8.5, 179, 伟大的书
2363744, 6.4, 2818, 在星巴克要买大杯咖啡！
2969222, 9.0, 117, 现象学之基本问题
1828272, 8.6, 159, 西方哲学史
1443526, 8.2, 220, 新工具
3075468, 8.9, 120, 哲学史方法论十四讲
1907506, 8.3, 191, 哲学要义
2060051, 7.9, 279, 为不高兴的欢乐
2228717, 8.8, 124, 寻觅意义
1439229, 7.2, 615, 圣诞的故事
1080369, 8.4, 164, 康德传
1289025, 8.6, 132, 大哲学家
1252117, 8.4, 151, 范畴篇 解释篇
1443778, 8.5, 138, 艺术哲学
4223297, 9.1, 88, 西方哲学导论
1060196, 8.9, 101, 思想家
1037048, 7.5, 353, 逻辑学是什么
1324025, 7.5, 319, 喂
1778939, 9.2, 72, The Problems of Philosophy
26644896, 8.3, 132, 我是谁？
1398969, 9.3, 63, 写给孩子的哲学启蒙书（第1卷）
1084250, 8.5, 106, 《存在与时间》读本
1467300, 8.2, 135, 黑格尔导读
4289861, 8.4, 113, 没有标准答案的哲学问题
2307114, 9.1, 68, 老子
1833592, 8.5, 98, 宗教哲学
6791426, 7.5, 237, 反哲学入门
1254950, 8.3, 111, 哲学概论
1256532, 7.6, 197, 哲学导论
3012985, 8.4, 93, 心灵导论
1266727, 7.5, 210, 新编中国哲学史（上册）
1228753, 8.6, 74, 马克思恩格斯全集（第一卷）（1833年-1843年）
1449935, 7.5, 187, 永恒的灵性
1318270, 8.2, 97, 人生哲学
20172592, 8.2, 96, 40堂哲学公开课
3803226, 9.2, 48, 庄子
3008597, 8.6, 70, 刑法的启蒙
1949568, 7.7, 146, 这是个什么样的世界
1053192, 7.1, 274, 哲学是什么
3004812, 7.5, 174, 古典哲学的趣味
1395436, 7.1, 270, 塞莱斯廷预言Ⅱ第十种洞察力
1428390, 8.3, 83, 后楼梯
1270576, 8.2, 88, 西方哲学智慧
3810082, 8.3, 81, 你不可不读的西方哲学故事
3522378, 8.8, 56, 生生之美
3062835, 8.0, 96, 快乐学哲学
5500884, 8.4, 70, 哲学百科
2165276, 7.9, 101, 西方哲学经典讲演录
1011917, 7.0, 250, 哲学的历史
2216279, 8.2, 78, 形而上学
1193655, 8.0, 90, 写给大众的西方哲学
1546378, 9.0, 45, 朱子哲学研究
1256280, 8.3, 71, 哲学概论
1437305, 8.2, 76, 思想之剑
2372237, 9.0, 44, 论语
3016981, 8.4, 61, 二十世纪德国哲学
3595851, 8.9, 44, 砍去自然神论头颅的大刀
5503795, 7.7, 105, 尼采的博客
1313070, 7.7, 103, 101个哲学问题
3078099, 8.1, 73, 西方哲学与人生（第二卷）
1675255, 7.8, 90, 哲学通论
25873525, 9.1, 37, 哲学的邀请：问题与选择
1287627, 9.0, 39, 哲学经典选读
3220131, 9.5, 30, 西方哲学史[上卷]
3087474, 8.2, 65, 马克思思想导论
1393441, 9.3, 33, 写给孩子的哲学启蒙书（第2卷）
1005873, 7.4, 128, 哲学修养十五讲
26585194, 8.8, 43, 最美的哲学史
1035937, 8.3, 59, 新哲学讲演录
2110798, 7.7, 94, 柏拉图读本
1447104, 8.5, 51, 现代西方哲学的故事
2343581, 7.6, 102, 思危：犹太人的赚钱哲学
2271522, 7.8, 83, 图解哲学
26711191, 8.4, 52, 简单的哲学
1248509, 8.8, 40, 少年哲学奇思录
1493063, 7.8, 79, 当代心灵哲学导论
1705393, 9.0, 35, 哲学概论（上下）
1983099, 7.6, 90, 哲学史思路
1414306, 8.0, 64, 徜徉在思想的密林里
1443374, 8.5, 44, 思想与论证
1319688, 8.3, 49, 批评的西方哲学史
2040868, 8.1, 54, 哲学家在想什么
1033625, 8.5, 41, 哲学通论
4231532, 7.8, 66, 哲学的陌生感
3439307, 8.2, 46, 我们对世界的认识
1056919, 8.0, 51, 杜兰讲述哲学的故事
2075160, 7.2, 86, 知道点世界哲学
5388026, 8.1, 42, 心灵的曙光
1313087, 7.7, 55, 101个道德难题
25723271, 7.9, 47, 另一种哲学
1063215, 7.7, 54, 哲学
5503739, 7.5, 62, 哲学的门槛
5402928, 8.0, 42, 哲学纲要
1796022, 6.4, 191, 自从有了哲学家
10575149, 8.4, 31, 存在主义
1393442, 8.9, 23, 写给孩子的哲学启蒙书（第3卷）
3244513, 8.9, 23, Think
1983085, 7.2, 68, 大哲学家100
26386366, 8.2, 32, 政治学百科
7162472, 7.4, 56, 尼采到底说了什么
1510739, 7.8, 38, 感觉的分析
1833685, 7.3, 52, 今天是什么
1881778, 7.3, 50, 十五堂哲学课
25956745, 8.6, 21, 伦理学
4268016, 7.4, 43, 人人需要知道的50种哲学思想
1061067, 6.6, 89, 哲学家的咖啡馆
1288906, 7.1, 54, 中国古典哲学名著选读
1219218, 8.4, 22, 不幸与幸福
2115622, 8.0, 27, 西方思想经典选读
1288950, 8.2, 24, 人生哲学
1391719, 8.2, 24, 梁漱溟选集
3669288, 7.2, 47, 哲学的初体验
7001427, 8.6, 19, 史上最哲W入T
1800111, 8.5, 19, Doing Philosophy
26564149, 8.4, 19, 中国哲学简史（英汉双语）
1358777, 8.2, 19, 哲W的陌生感
1471269, 5.2, 472, 全日制普通高级中学教科书（试用修订本）思想政治（必修）二年级（上册）
3025003, 7.7, 24, 犹太哲学史（上、下卷）
1069213, 7.4, 28, 哲学导论
10557517, 7.0, 37, 怎样思考才正确？
5384062, 7.3, 29, 哲学是什么
3062642, 7.5, 25, 7天教你读懂哲学
2188896, 7.6, 23, 人类理解论
1776809, 8.5, 14, Le Monde de Sophie
6430941, 7.0, 32, 哲学家的故事
26864947, 8.4, 14, 看，这是哲学 II
26286525, 7.2, 27, 图解后现代主义
1924743, 6.8, 36, 西方哲学概论
1509212, 6.9, 29, 简明哲学通论
1420377, 6.8, 31, 存在是什么
1811524, 7.7, 17, 20世纪西方人生哲学
3115904, 6.7, 33, 完全图解哲学
24735455, 8.0, 14, 信仰之问
3263617, 7.5, 18, 柏拉Dc嘴F一K上酒吧？
5283404, 7.5, 18, 哲学的精神
2176977, 7.1, 23, 海德格尔的智慧
26577897, 7.5, 17, 图解苏菲的世界:人人都能读懂的西方哲学史
1267208, 7.2, 20, 中西生死哲学
3602949, 7.8, 14, 西方哲学原著选读(1983)
24735415, 7.8, 14, 思维迷宫
26850053, 7.7, 14, 文德尔班哲学导论
4847296, 7.6, 14, 父亲的最后30堂哲学课
1433344, 7.7, 13, Philosophy
5316636, 7.7, 13, 荀子
2104934, 7.3, 16, 智慧人格
1338095, 7.8, 12, D解哲W
3028668, 7.0, 18, 哲学名家对谈录
3213308, 7.9, 11, 照清Q心―U修入T指引
1801741, 7.5, 13, 哲学与智慧
10555147, 7.6, 12, Sophie&#39;s World 苏菲的世界
3244348, 7.4, 12, 走进马克思
20438719, 7.4, 12, 生活，原本可以更美
3258901, 5.4, 63, 马克思主义基本原理概论
24849858, 7.4, 11, 科学哲学十讲
4833107, 7.0, 13, 知道点世界哲学
2972758, 7.5, 10, 哈佛ZDv座之大cT徒
1245638, 7.3, 10, 马克思历史辩证法的主体向度
1727268, 7.1, 11, 一个“孤独”者对自由的探索
11524196, 7.1, 11, 冯友兰论人生
