2017-01-23 16:17:59
Tag: 哲理
The number of books: 575 

ID, rating, votes, title
1084336, 9.0, 211604, 小王子
3066477, 9.2, 74658, 三体Ⅱ
1200840, 9.0, 93907, 平凡的世界（全三部）
1061118, 9.1, 73728, 活着
1017143, 8.5, 130032, 不能承受的生命之轻
1060068, 9.2, 36371, 撒哈拉的故事
1054685, 9.0, 36669, 沉默的大多数
1029791, 8.7, 56384, 许三观卖血记
3369793, 8.7, 50237, 亲爱的安德烈
1045818, 8.5, 59186, 苏菲的世界
1029111, 8.9, 29016, 哭泣的骆驼
3608208, 8.6, 45469, 牧羊少年奇幻之旅
3554154, 9.0, 23089, 阿狸・梦之城堡
3626924, 9.0, 22762, 明朝那些事儿（柒）：大结局
2035162, 9.0, 22452, 刀锋
4742918, 8.3, 73859, 1Q84 BOOK 1
1003000, 8.4, 54095, 悟空传
1058661, 8.8, 24322, 飞鸟集
1059258, 9.4, 9744, 道德经
1209899, 9.0, 15742, 我与地坛
1431836, 8.6, 25623, 我的路
1059419, 8.1, 58682, 海边的卡夫卡
1803022, 9.0, 12739, 圣经
1013208, 8.5, 26310, 如何阅读一本书
1475477, 9.3, 7925, y魂
2340100, 8.1, 52264, 遇见未知的自己
3406401, 9.0, 11010, 悉达多
2035171, 9.0, 10716, 人生的枷锁
1159939, 8.5, 21886, 一个陌生女子的来信
2131415, 8.8, 13533, 我的路2
6397275, 9.0, 9828, 此生未完成
1021847, 8.5, 21138, 我的心中每天开出一朵花
2067299, 8.8, 12471, 我的路4
1963912, 8.8, 12260, 正见
3693974, 9.4, 5077, 小王子
3261600, 9.3, 5589, 人生的智慧
1004821, 8.7, 12812, 理想国
1257365, 8.9, 9337, 活了100万次的猫
4124727, 8.1, 32646, 孤独六讲
2068249, 9.0, 7477, 温柔的夜
1032501, 8.7, 11278, 心理学与生活
4872671, 8.2, 24870, 佛祖在一号线
1170801, 8.9, 7913, 泰戈尔诗集
1056295, 8.3, 18839, 人性的弱点全集
1033190, 8.8, 8457, 失落的一角
2194123, 8.4, 15429, 相约星期二
1033778, 8.2, 21416, 富爸爸，穷爸爸
1277981, 8.8, 8066, 社会契约论
1264579, 8.7, 8928, 欢乐英雄
2334065, 9.4, 3447, 塔希里亚故事集
1060774, 8.7, 8587, 君主论
1059937, 8.4, 13451, 微笑的鱼
2251434, 9.0, 5560, 被爱路过
2076623, 9.5, 2989, 金刚经
1322455, 8.8, 7254, 遥远的救世主
1041128, 8.5, 10741, 天蓝色的彼岸
4953695, 8.0, 24715, 拆掉思维里的墙
1073349, 8.8, 6703, 写在人生边上 人生边上的边上 石语
5366275, 8.4, 12081, 我怎样毁了我的一生
1187842, 9.0, 4931, 你一生的故事
3642673, 8.0, 23116, 我执
1058679, 8.7, 7259, 人・兽・鬼
1049688, 8.5, 9430, 妞妞
1049219, 7.4, 71720, 长安乱
1061367, 8.4, 10760, 幸运儿
1003986, 8.8, 5848, 病隙碎笔
2359003, 8.2, 14046, 沉思录
1220219, 8.6, 7475, 阴阳师
1212080, 8.4, 10060, 奇鸟行状录
1012032, 8.6, 7384, 查拉图斯特拉如是说
5990251, 8.5, 8518, 西藏生死书
1039427, 9.0, 4220, 围城
1030200, 8.9, 4759, 失落的一角遇见大圆满
1044446, 8.7, 6175, 在黑暗的河流上
1367964, 8.2, 13267, 布瓜的世界
2193877, 8.1, 15708, 你在天堂里遇见的五个人
3140801, 8.1, 15502, 姑获鸟之夏
1004699, 8.9, 4452, 作为意志和表象的世界
1061242, 8.8, 4978, 写在人生边上
1949679, 8.7, 5590, 素履之往
20326626, 8.6, 6424, 少年Pi的奇幻漂流（插图珍藏版）
1031575, 8.1, 12772, 听酌壮歌
1026686, 8.3, 9128, 履历表
1851385, 7.8, 21344, 我的名字叫红
4246968, 8.9, 3822, 局外人
1059503, 9.1, 2948, 爱心树
1011215, 8.8, 4305, 论语别裁(上下)
1045716, 8.7, 4878, 人生中不可不想的事
1016486, 8.3, 8586, 笑忘录
2348372, 8.3, 8493, 野蛮生长
4773224, 8.3, 8444, 生活十讲
1703544, 7.5, 35506, 兄弟（下）
6711405, 8.9, 3463, 不能承受的生命之轻
1271212, 8.8, 3936, 死者代言人
1049522, 8.8, 3636, 西西弗的神话
2061644, 8.2, 8591, 伤心咖啡馆之歌
1027247, 7.9, 14123, 丑陋的中国人
1005193, 8.6, 4670, 重新认识你自己
1286547, 8.6, 4661, 菜根谭
3836566, 8.5, 5254, 玫瑰的名字
1089523, 8.3, 7007, 七种武器（全三册）
3108835, 9.0, 2646, 让爱点亮
3899039, 8.1, 9324, 刺猬的优雅
1262986, 8.1, 9313, 我不是教你诈
1311280, 9.0, 2617, 灵魂的事
3413836, 8.4, 5690, 当下的力量
1201821, 8.0, 10515, 梦的解析
1026411, 8.2, 7427, 你们 我们 他们
1216737, 8.9, 2785, 纯粹理性批判
2081876, 7.3, 38100, 货币战争
2123957, 8.2, 7171, 绝对小孩
1079252, 8.2, 6839, 爱情笔记
2240482, 8.0, 9292, 走到人生边上
1269900, 8.2, 6687, 活法
3834938, 8.3, 5646, 与神对话（第一卷）
2033081, 8.2, 6420, 身份的焦虑
2083981, 8.7, 3157, 了凡四训
3887826, 8.1, 7411, 我兔斯基你
3337017, 9.4, 1380, 塔希里亚故事集Ⅱ
4737325, 8.2, 6018, 维罗妮卡决定去死
2296687, 8.5, 3872, 纸牌的秘密
6097966, 8.1, 6978, 发条橙
1045201, 8.2, 5718, 哲学的慰藉
6811366, 8.3, 4857, 禅与摩托车维修艺术
1039079, 9.0, 1930, 写在人生边上 写在人生边上的边上 石语
1199026, 8.9, 2147, 小王子
1829799, 8.7, 2740, 爱的觉醒
6526752, 8.8, 2412, 生命之书
6114393, 8.1, 6385, 大家都有病
1721111, 8.6, 3092, 周国平人生哲思录
3266968, 7.3, 26354, 秘密
20453024, 8.6, 2937, 不要因为走得太远而忘记为什么出发
1030469, 8.2, 5074, 青鸟
3000997, 7.6, 13751, 牛奶可乐经济学
2165076, 9.0, 1749, 玻璃球游戏
1489670, 8.7, 2504, 老子他说
1489494, 8.5, 3121, 人与永恒
5290534, 7.8, 8995, 为了报仇看电影
4219728, 9.4, 1084, 塔希里亚故事集Ⅲ
1021056, 7.2, 27745, 谁动了我的奶酪？
6392685, 8.2, 4532, 奈良美智・用小刀划开
1161817, 8.7, 2192, 洛克菲勒留给儿子的38封信
3311009, 7.2, 24895, 原来你非不快乐
1029068, 8.8, 1888, 我爱你，妈妈
10601137, 7.6, 10977, 你永远都无法叫醒一个装睡的人
1223845, 7.6, 10902, 男人来自火星 女人来自金星
1020407, 8.8, 1821, 庄子说
1083403, 8.0, 5425, 世界上最伟大的推销员
1116367, 8.7, 2024, 道德情操论
6864307, 7.4, 14986, 像我这样笨拙地生活
1028268, 8.8, 1729, 正义论
5389557, 8.5, 2510, 姥姥语录
1060298, 8.6, 2094, 思考中医
1077129, 8.5, 2313, 一生的学习
3440557, 8.5, 2247, 亲爱的沙皮
1004318, 8.3, 2894, 守望的距离：周国平散文集
4072044, 8.1, 3843, 微笑的咖啡杯
2065564, 8.1, 3806, 一日重生
2214344, 7.5, 10234, 不存在的女儿
11614293, 7.5, 10087, 人生需要揭穿
1008459, 9.0, 1195, 毛毛
1007890, 8.4, 2300, 什么事都在发生
1004539, 8.5, 2008, 爱与孤独
2257188, 7.6, 7532, 致女儿书
1048173, 8.0, 3874, 忏悔录
4112632, 8.2, 2897, 活法（修订版）
1174192, 8.6, 1715, 瓦尔登湖
1876746, 8.3, 2435, 帷幕
1258513, 8.5, 1843, 爱与寂寞
10476698, 7.5, 7743, 因为痛，所以叫青春
1987453, 7.9, 3893, 人生不过如此
1186209, 8.7, 1337, 张晓风经典作品
24875416, 8.3, 2182, 生命最后的读书会
1456524, 7.9, 3827, 这个世界会好吗
1063401, 8.4, 1889, 精灵宝钻
2250289, 7.9, 3674, 一个人不要怕
1276297, 9.0, 909, 顾城诗全编
1055643, 8.9, 1010, 我就是刀刀
2170983, 9.0, 904, 苏格拉底的申辩
2265995, 7.1, 14953, 大象的眼泪
1135754, 8.1, 2684, 你的灯亮着吗?
1987995, 8.3, 2019, 在云上
3750309, 8.4, 1761, 安静的位置
1212508, 9.1, 788, 麦唛・完美故事
1486619, 8.3, 1947, 阁楼上的光
2250259, 8.1, 2474, 这些道理没有人告诉过你
4260576, 7.4, 7545, 有些事现在不做，一辈子都不会做了
2074851, 8.1, 2450, 食品真相大揭秘
1057211, 7.9, 3246, 永不永不说再见
1051533, 9.0, 824, 想念地坛
1921589, 8.9, 910, 周易
1254278, 8.7, 1131, 思想录
1061004, 9.2, 662, 埃舍尔大师图典
1034615, 8.7, 1105, 生命的意义
1212509, 9.0, 780, 麦唛・宁静声音
1729284, 8.0, 2612, 单行道
1055088, 8.3, 1729, 像艺术家一样思考
1030054, 7.3, 8131, 水知道答案
20272112, 8.2, 1932, 欢喜
1227986, 9.2, 623, 护生画集
1059016, 8.7, 1038, 蛇王淘金
1186712, 8.2, 1896, 各自的朝圣路
2062200, 6.3, 81301, 悲伤逆流成河
4872917, 9.0, 727, 小王子
1060294, 8.8, 876, 艺术哲学
1077497, 7.3, 7086, 水煮三国
1484695, 8.1, 1982, 季羡林谈人生
1061043, 8.7, 950, 当尼采哭泣
1185462, 9.0, 691, 小王子
1097800, 8.0, 2249, 我不是教你诈(1)
1248105, 8.9, 743, 原本大学微言
2973403, 8.6, 1006, 戒嗔的白粥馆
1291610, 7.9, 2450, 关于上班这件事
3722967, 8.3, 1422, 人生十论
1067592, 8.7, 872, 要塞
2174792, 8.3, 1388, 清欢
1053526, 8.4, 1182, 哲学与人生
1205073, 8.7, 839, 堂吉诃德（共两册）
1256282, 8.5, 1022, 心灵自由之路
3034706, 9.2, 494, The Last Lecture
1049584, 7.9, 2187, 北京法源寺
1466236, 8.0, 1881, 风中的纸屑
2133074, 7.0, 10037, 20几岁，决定女人的一生
1931318, 7.0, 9733, 于丹《论语》心得
1058097, 7.8, 2410, 岁月与性情
4125911, 8.1, 1571, 蝇王
20413742, 7.5, 3748, 不说，就真来不及了
1256284, 8.4, 1064, 谋生之道
2119843, 6.9, 11334, 钝感力
1057879, 9.1, 503, 荒漠甘泉(附黑门山路)
1206206, 8.2, 1303, 皇帝新脑
1981244, 8.4, 998, 这本书
2999785, 8.6, 783, 塔木德
1014040, 8.1, 1419, 安静
1227966, 7.8, 2130, 你的第一本哲学书
1968643, 7.3, 4496, 无目的美好生活
1387256, 8.4, 850, The Giver
1268600, 9.0, 449, 先知・沙与沫
1026871, 8.0, 1354, 林清玄散文
1748073, 8.7, 594, 从你美丽的流域
1009188, 7.7, 1983, 水知道答案2
6097491, 8.0, 1230, 把心安顿好
1271579, 7.6, 2124, 礼物
1488587, 9.1, 370, 沙与沫
2029641, 8.1, 1049, 南怀瑾与彼得・圣吉
1058112, 8.7, 535, 宽容
1722020, 8.7, 528, 最初和最终的自由
1029796, 8.1, 998, 我不是教你诈3
1048047, 8.5, 621, 风沙星辰
1850977, 8.6, 551, 风到哪里去了
1843788, 9.1, 337, 再见了，艾玛奶奶
1157681, 8.0, 1078, 外星屠异
2173025, 7.5, 2055, 放下。爱
4087554, 8.0, 998, 活法（叁）
2174795, 8.3, 698, 林泉
1274932, 7.7, 1484, 冷眼看人生
1429891, 8.5, 540, 张飞流水帐
1792133, 8.4, 597, 孟子他说1
3098548, 7.3, 2574, 寻找时间的人
1228595, 8.2, 715, 猴爪
1063221, 8.5, 506, 宽容
1912080, 8.2, 684, 我不是教你诈.3
1051387, 8.5, 483, 论语
2367799, 8.7, 394, 莲心禅韵
3633475, 8.0, 835, 最合宜的位置
24732965, 8.5, 473, 佛陀与想太多的猪 2
2991664, 8.7, 386, 相约星期二
20434430, 8.0, 819, 你要如何衡量你的人生
3773956, 8.2, 632, 思想的星空
1778124, 8.0, 794, 碎句与短章
1052250, 8.7, 373, 论语别裁(上下)
3750310, 8.4, 497, 朝圣的心路
1050527, 8.8, 333, 逻辑学（上卷）
1912088, 8.2, 612, 我不是教你诈2
1051492, 7.8, 993, 我很重要
1912395, 8.2, 590, 我不是教你诈.4
1013196, 8.3, 516, 各自的朝圣路
1218049, 8.5, 411, 舞！舞！舞！（精装本）
3423958, 8.7, 320, 安的种子
4742298, 9.1, 223, 我之舞
6515939, 6.8, 3962, 世界如此险恶，你要内心强大
1185896, 7.9, 718, 包法利夫人
1051353, 8.1, 526, 变形记
2116409, 8.7, 284, 六韬・鬼谷子
1964884, 7.4, 1224, 为什么幸运的人总幸运倒霉的人老倒霉
1322236, 9.0, 212, 泰戈尔的诗
1053836, 6.8, 3259, 细节决定成败
5504092, 8.1, 483, 西藏，面冰十年
1004325, 6.6, 4606, 致加西亚的信
4137254, 7.2, 1569, 找死专卖店
1061615, 7.6, 876, 方与圆
26864773, 8.8, 238, 任你行
10466454, 7.5, 963, 爱要深，心要狠，幸福不能等
2081261, 8.1, 458, 命中注定 C’était
1157631, 8.0, 500, 哈佛家训
2075391, 7.2, 1429, 那些不值钱的经验
1213559, 9.1, 176, 小王子
1213174, 8.2, 396, 清音五弦
1029528, 8.6, 267, 孙子说
1030254, 8.0, 466, 误入世界
20278327, 6.0, 12970, 谁的青春不迷茫
1015337, 8.9, 176, 张晓风自选集
1212850, 8.6, 216, 菜根谭
1475276, 7.7, 543, 今世的五百次回眸
2129374, 7.3, 888, 20qQ定女人的一生
5917647, 8.6, 202, 寻情季
1100202, 8.1, 321, 你不可不知的人性2
1186648, 8.9, 154, 务虚笔记
1171695, 8.8, 165, 菜根谭・小窗幽记・幽梦影
1228533, 7.6, 541, 人生的真相
1901751, 8.9, 138, 星星还没有出来的夜晚
3012244, 7.7, 414, 汪国真诗集
1223927, 8.0, 296, 空谷幽兰
4087983, 8.4, 201, 禅的故事
1252183, 8.6, 168, 毛泽东选集 第二卷
1055823, 8.8, 137, 纵欲与虚无之上
1157474, 8.1, 253, 思想的天鹅
20366457, 6.0, 6833, 香蕉哲学
10583423, 8.3, 205, 普米森林
1027277, 7.4, 539, 心灵7游戏
1925938, 7.6, 386, 萤窗小语
1050645, 9.0, 107, 沃特希普荒原
1423467, 9.0, 106, 浩渺无垠
3698534, 8.2, 203, 南怀瑾谈生活与生存
1077674, 8.7, 131, 一只狗和他的城市
1075819, 8.5, 150, 周国平哲理美文
1692109, 7.9, 257, 禅外说禅
1030991, 8.5, 147, 庄子现代版（增订本）
25823805, 9.3, 80, 缠解论语
10517695, 6.7, 1189, 你以为你以为的就是你以为的吗
5974595, 7.9, 242, 第九只兔子
3812782, 7.0, 719, 尘尘三昧
1255269, 8.0, 215, 微笑的鱼
6969706, 8.9, 101, 朱光潜人生九论
20444403, 8.3, 158, 知鱼之乐
1220053, 7.7, 277, 美女的交换礼物
1179053, 8.2, 168, 时文选粹
1079668, 7.8, 241, 上帝的笑-小故事中的大智慧|小中见大智慧文丛
2005646, 8.4, 137, 漫画心经
6736080, 7.9, 206, 曾经想要幸福的人
1438598, 7.4, 354, 和佛陀赏花去
1061315, 8.5, 120, 生活的艺术
1267863, 8.5, 120, 俗物的道德与幸福
1060448, 7.2, 436, 类人
1205922, 7.8, 219, 牙齿和爪子
1179050, 7.5, 302, 智慧背囊
1179040, 7.9, 181, 时文选粹（第3辑）
4917572, 8.9, 75, 雅舍人生
1025541, 8.2, 127, 布朗神父探案系列（上中下）
25853217, 6.8, 613, 一切都是最好的安排
2683705, 8.5, 99, 沉思录
24531573, 7.1, 395, 自制力
1011028, 8.3, 114, 沙漏
6877604, 7.4, 255, 忧伤的情欲
1004133, 7.6, 205, 心里的锁
21662529, 7.3, 274, 黔上听香
1490288, 7.6, 196, 爱为什么总矛盾
5918380, 7.7, 175, 无声爱
1940824, 8.0, 132, 向猫儿同志学习
1049235, 7.7, 174, 最后的罂粟
1352455, 9.0, 62, 和尚遇到石
26606726, 8.5, 87, 想太多的猪7：这才是我呀！
1033287, 7.6, 188, 虚掩的门
1060152, 7.6, 187, 音乐的故事
1654973, 9.1, 55, 智慧书
1729390, 8.7, 68, 菜根谈
1063664, 8.5, 78, 钟声
1802084, 8.9, 59, 飞鸟集
3018282, 8.4, 82, 生活的艺术
1227992, 7.8, 135, 一个孤独散步者的遐想
3882083, 7.9, 123, 大夏书系・周国平论教育
1032822, 7.3, 223, 鞋里的沙-小毛病中的大问题|小中见大智慧文丛
1179037, 7.3, 223, 智慧背囊(第2辑)
1147192, 8.4, 81, 曾国藩家书/中国家庭基本藏书
1050532, 8.1, 100, 赤贫的精神
1223890, 8.9, 55, 小王子
5248504, 7.7, 135, 无用之学
5257823, 8.0, 103, 另一种存在
3165367, 7.8, 121, 蒙田散文
1050973, 7.7, 129, 经典的理由
1291986, 7.7, 127, 小故事大道理全集
1179038, 7.4, 170, 智慧背囊（第三辑）
3087882, 8.9, 51, 泰戈尔经典诗歌
11601744, 8.9, 49, 先知.沙与沫-原版插图本-权威全译典藏版
1394070, 8.8, 52, 智慧快餐
1888343, 8.6, 58, For One More Day
2339125, 8.3, 71, 人性的弱点
2112702, 7.2, 190, 半支烟的爱情
1033938, 7.8, 103, 智性时光
2989616, 9.3, 37, 插图本-庄子
1179039, 7.4, 147, 智慧背囊(第4辑)
6724519, 7.9, 89, 爱情的容量
1025514, 7.9, 85, 汉娜・阿伦特：历史、政治与公民身份
1742828, 7.6, 110, 塔木德
5922535, 8.4, 58, 瓦尔登湖
25811442, 8.4, 58, 了凡四训（中华人生智慧经典）
3143506, 6.5, 370, 懒惰
1029809, 9.1, 36, 轻盈的生活
1032702, 9.0, 38, 傅雷艺术随笔
1047796, 9.2, 34, 飞翔的心灵
1071998, 8.5, 51, 基督的人生观
2024815, 9.3, 32, 余世维管理培训经典-(共8册)
1931361, 7.8, 85, 黑暗的心
1132490, 7.9, 77, 青鸟
2977625, 8.4, 53, 爱默生日记精华
1065405, 8.1, 65, 迷者的悟
26260130, 8.0, 70, 病隙碎笔
1005922, 8.7, 43, 湖滨散记（梭罗）
1277842, 7.7, 88, 洛克菲勒给儿女的忠告
1458977, 7.2, 141, 跑步
1767780, 8.4, 50, 青鸟.小王子
25768468, 8.7, 41, 爱有8种习惯
1179051, 7.2, 131, 智慧背囊(第5辑)
4813367, 7.3, 115, 北纬已北
1886207, 8.3, 50, 爱默生随笔全集
1173854, 7.9, 66, 想做上帝的巴士司机
2052064, 7.5, 92, 寻找大池塘的青蛙
11591886, 7.2, 122, 安魂
1252641, 8.3, 48, 人性的得失与智慧
1343368, 8.0, 58, 思想的天Z－林清玄散文x１
2241050, 7.9, 62, 智慧书（黄色宝典）
3107124, 7.4, 94, 再见
3635768, 8.3, 45, 外国哲学名家丛书
4874274, 8.8, 33, 雪人
3374612, 8.2, 47, 神圣的自我
26249354, 8.6, 36, 韦尔乔西方哲理系列绘本01:神圣的智慧
3100195, 8.6, 35, 娑罗馆清言围炉夜话
2139712, 7.7, 64, 心里的锁
1045973, 7.8, 59, 城里有条发呆的鱼
3224789, 7.4, 81, A Complaint Free World
26249359, 8.8, 30, 韦尔乔西方哲理系列绘本04:心灵的觉醒
1051712, 7.1, 104, 夜之族
2247358, 7.8, 56, 智慧书.银色锦囊
2241038, 7.9, 51, 智慧书
1008250, 8.1, 44, 人类素描
3228835, 7.7, 58, 毕淑敏作品4・话说生活
10512663, 8.3, 38, 蜉蝣的一生
1216332, 8.0, 46, 天才的激情与感悟
3414472, 7.5, 66, 虚掩的门全集
1934538, 7.3, 78, 刘墉文集
1018462, 8.7, 29, 光洙的想法2
2357060, 8.0, 44, 庄子
1034200, 8.1, 41, 光洙的想法1
1213918, 8.5, 32, 淡品人生
11599150, 9.1, 23, 漫条思理
1505607, 7.4, 64, 文学与人生十五讲
25909436, 7.8, 46, 幸福的哲学
26249362, 8.3, 32, 韦尔乔西方哲理系列绘本05:世界的探索
1736890, 8.4, 30, 新的粮食
1055816, 8.0, 38, 心灵的歌吟
6532583, 7.4, 58, 被骂的幸福
5362794, 8.4, 29, 生当优秀
1151140, 7.1, 75, 爱的哲学
4162699, 7.8, 41, 得与失的智慧
1810543, 8.0, 35, 自由之声
1315430, 7.0, 76, 流氓兔的故事
26577403, 7.1, 69, 你心柔软，却有力量
1278552, 7.2, 62, 三十六计
26249355, 8.0, 33, 韦尔乔西方哲理系列绘本02:哲人的沉思
1935631, 8.6, 23, 最富哲理的美文
1051054, 8.0, 32, 所思
1833685, 7.3, 52, 今天是什么
2062848, 7.9, 33, Utopia
2154019, 7.1, 60, 婚姻诊所
1705060, 7.4, 46, 哲学入门
1438309, 8.0, 30, 人生的四大秘密（新版）(珍藏版)
1727695, 8.7, 20, 理想国
4268016, 7.4, 43, 人人需要知道的50种哲学思想
5027239, 9.0, 17, 诡瞳
1075349, 6.4, 112, 我能动谁的奶酪？
1080452, 7.8, 32, 琢与自以为是的猪
1217740, 8.2, 25, 在失败中自觉
6506934, 7.1, 53, 庄子的奔腾
3388518, 7.8, 29, 纫陆谈(02)
1005464, 7.5, 34, 101个年轻人要懂得的哲理
3176740, 7.8, 27, 混世
3657125, 7.3, 37, 世界上最神奇的30个经典定律
2568197, 7.4, 34, 伏羲九九
25922426, 7.8, 25, 不闻，是一种清净
1017055, 7.0, 44, 没有借口
10800968, 7.4, 32, 烦恼平息
1194784, 6.9, 47, 一只活了99万次的猫・51个温馨动人的哲理故事
25733354, 7.0, 42, 一叶一心灯
1052346, 7.6, 27, 人文动物园
1968415, 7.6, 27, L&#39;Amour Dure Trois Ans
1265255, 8.2, 19, 小王子
2568848, 7.7, 25, 第七崇拜
1450799, 7.9, 22, 谈佛说道悟人生
21668069, 7.5, 28, 千古传诵老人言
3003718, 7.7, 24, 品读人生
10738024, 7.3, 31, 道路无限宽广
3374610, 7.9, 21, 每日皆奇迹
1185084, 6.4, 66, 成就你一生的100个哲理
3005864, 7.6, 24, 雅德心语
1493161, 7.1, 33, 善待生活
26579929, 7.7, 22, 极端动物笔记
4013255, 7.4, 26, 季羡林人生沉思录
3193183, 8.0, 18, 不想人，就e想成佛
1156498, 6.6, 48, 人生哲理枕边书
13220926, 6.0, 92, 哈佛气质课
1258507, 7.4, 25, 蒙田随笔
25798500, 8.0, 17, 纪伯伦论人生
1901550, 7.7, 20, 用什么灌溉心灵
2256192, 7.4, 24, 孩子你真棒(精)
3299889, 6.6, 44, 给大忙人看的佛法书
2115987, 7.3, 24, 听南怀瑾大师讲经
1031371, 6.6, 40, 面对面想你
3165387, 6.5, 43, 常胜思考
1709813, 7.8, 17, 后现代思潮丛书-潜意识的诠释
1410399, 7.9, 16, 生活的艺术
1397716, 7.8, 16, Follow Your Heart
3273467, 7.9, 15, 不要忧伤
2998985, 6.6, 35, 第6罐可乐
1054051, 8.0, 14, 心灵鸡汤
25860503, 6.9, 27, 刻板印象
1679083, 6.8, 29, 哈佛精神
26313008, 6.8, 29, 罗素的极简智慧
10435632, 8.3, 12, 了凡四训
1151638, 6.8, 27, 生活禅
1049093, 7.5, 17, 别把世界看错了
2337438, 7.4, 18, 汪国真哲思短语
1807989, 7.8, 14, 人生篆书
24717561, 6.5, 33, 萤窗夜话
1474728, 8.1, 12, 使你o心的故事
25928080, 7.4, 17, 生之歌
4840089, 7.2, 19, 稻盛和夫记
1051242, 7.3, 17, 心灵书
2982870, 7.4, 16, 鸟鸣心中
1277208, 7.2, 18, 其实
1625155, 6.7, 25, 禅的哲理
3783715, 7.6, 14, 了凡四训新解
4823317, 7.6, 14, 另谋高就
1198518, 8.1, 11, 伏尔泰哲理美文集
25928091, 7.3, 16, 生之颂
25972017, 7.1, 18, 海\王的哲Wn
1157141, 6.8, 22, 思想者的盛宴
25972300, 7.4, 15, 林清玄散文精选・青少卷
1216574, 7.8, 12, 刚因无欲
1013745, 7.4, 14, 菜根谭智典
1201811, 6.4, 27, 美学基本原理
3311034, 7.6, 12, 一杯安慰
5345093, 7.4, 13, 沉思录 道德箴言录
6714238, 7.2, 14, 横与竖
21347852, 7.2, 14, 不生气的生活
1449801, 7.3, 13, 《庄子：逍遥人生》
3351268, 7.3, 13, 青年文摘
6084422, 7.3, 13, 唐璜的回忆
26270475, 7.3, 13, 世纪之风
1216572, 7.6, 11, 虫拾快乐
1216575, 7.6, 11, 阿虫看世界
10600349, 7.8, 10, 365天做内心强大的自己
1913906, 6.9, 16, 气质.是最好的名牌
1881928, 7.0, 15, 耶稣最伟大的CEO
6843515, 7.4, 12, 用时间换空间
1426224, 7.1, 14, 生命的几分之几消耗在路上
1103027, 7.5, 11, 想听你说你的心
1203949, 7.3, 12, 流行哲理小品
1030105, 7.0, 14, 人生圆桌
25928031, 7.1, 13, 人间好时节
26142196, 7.6, 10, 禅的故事2
1803203, 6.4, 20, 人性的盲点-中国历史上十大文臣之死
6402687, 5.7, 38, 人生哲理漫画书
1027288, 7.5, 10, 心灵的哲学 智慧的哲学 青春的哲学
1031321, 7.5, 10, 《贞观政要》的领导艺术
3633454, 7.1, 12, 我们都是有故事的人之生而为赢
4918263, 6.8, 14, 中国人的信仰
2235783, 6.9, 13, 人生光明面
5502975, 6.9, 13, 行走在心灵深处
1225148, 7.2, 11, 幸福在心
1083253, 7.3, 10, 神秘的海
1091214, 7.1, 11, 微型世界
3192519, 7.1, 10, 忧愁的哲学寻找
3365175, 5.5, 32, 逆美人
3248848, 6.3, 12, 别以为下一份工作会更好
26281286, 4.3, 63, 你的努力，终将成就无可替代的自己
