2017-01-23 16:17:59
Tag: 商业
The number of books: 976 

ID, rating, votes, title
6709783, 9.1, 16724, 浪潮之巅
1970428, 8.8, 18990, 激荡三十年（上）
1786387, 8.6, 22130, 影响力
2380307, 8.9, 13421, 激荡三十年（下）
1033778, 8.2, 21416, 富爸爸，穷爸爸
1322025, 8.8, 8107, 卓有成效的管理者
1220853, 8.3, 9908, 伟大的博弈
1072438, 8.3, 8716, 大败局
2348372, 8.3, 8493, 野蛮生长
24851460, 8.7, 3478, 历代经济变革得失
4010186, 8.6, 3909, 跌荡一百年（下）
5320866, 8.3, 5948, 重来
2791877, 9.1, 1979, One Billion Customers
3313327, 8.6, 3562, 跌荡一百年（上）
1017180, 8.3, 5395, 定位
2309689, 8.0, 8518, 圈子圈套1
3432304, 9.1, 1879, 大江东去（共三部）
26306686, 8.4, 4427, 创业维艰
1313124, 8.2, 5758, 赢
1867642, 7.7, 13048, 世界是平的
5921213, 8.5, 3279, MBA教不了的创富课
1919072, 7.7, 10604, 长尾理论
2257609, 8.0, 6384, 圈子圈套3
3002878, 8.7, 2326, 优势谈判
1894695, 9.0, 1558, 营销管理
1457028, 8.9, 1747, 管理的实践
1161817, 8.7, 2192, 洛克菲勒留给儿子的38封信
26658379, 8.4, 2787, 必然
1059769, 8.1, 4244, 从优秀到卓越
1022936, 8.2, 3630, 基业长青
26582822, 8.3, 2976, 重新定义公司
6980818, 8.6, 1714, 浩荡两千年
5313010, 7.9, 4496, Facebook效应
3025921, 7.7, 5926, 黑天鹅
5302113, 8.3, 2301, 三双鞋
1827578, 7.6, 6634, 输赢
5297291, 8.4, 1997, 大而不倒
1464593, 8.7, 1346, 目标
3900987, 7.7, 5377, 引爆点
5253757, 7.9, 3898, 怪诞行为学2
3313363, 8.5, 1511, 演说之禅
26296352, 8.9, 936, 财富之城
25942507, 7.5, 6272, 参与感
6718487, 8.4, 1651, 商业模式新生代
4243770, 8.5, 1448, 创新者的窘境
24541955, 8.0, 2747, 史玉柱自述
1159949, 7.8, 3432, 杰克・韦尔奇自传
5914475, 8.0, 2530, 无价
26664352, 8.9, 840, 褚时健传
1499783, 8.3, 1669, 将心注入
3816827, 8.2, 1874, 沸腾十五年
1318427, 7.7, 3645, 蓝海战略
1077497, 7.3, 7086, 水煮三国
4225644, 8.5, 1178, 街头生意经
26838557, 8.6, 1031, 智能时代
3419122, 8.4, 1273, 22条商规
3808887, 7.5, 4579, 做单
5913475, 8.2, 1625, 高难度谈话
26390229, 8.0, 2078, 把生命浪费在美好的事物上
25928983, 7.6, 3659, 周鸿t自述
1464442, 7.6, 3623, 道路与梦想
3138847, 7.9, 2273, 思考的技术
20473412, 8.0, 1928, 品牌洗脑
26759508, 8.1, 1656, 硅谷钢铁侠
26435630, 9.4, 396, 经济学原理(第7版):微观经济学分册+宏观经济学分册(套装共2册)
6052860, 7.2, 6475, 海底捞你学不会
1059490, 7.7, 2708, 麦肯锡方法
6969827, 7.7, 2675, 理想丰满
3292060, 8.1, 1502, 滚雪球（下）
1038977, 8.6, 816, 谈判是什么
3869711, 8.2, 1301, 消费者行为学 （第8版・中国版）
26270679, 8.0, 1684, 零售的哲学：7-Eleven便利店创始人自述
3216007, 7.8, 2200, 郎咸平说：热点的背后
1048859, 8.7, 708, 大染坊
10773362, 8.2, 1208, 随机漫步的傻瓜
3932520, 7.5, 3260, 免费
1951372, 9.0, 503, 创新与企业家精神
4953707, 8.2, 1198, 门口的野蛮人
5914480, 8.6, 737, 富可敌国
3284230, 7.4, 3695, 我的成功可以复制
4216944, 8.8, 594, 卖轮子
1435909, 8.6, 729, 竞争战略
24748615, 8.4, 889, 天幕红尘
1319893, 8.1, 1256, 当和尚遇到钻石
10544307, 8.6, 692, 自私的皮球
11516567, 8.7, 618, 四步创业法
24714655, 8.4, 844, 我看电商
3845101, 7.9, 1562, 24堂财富课
1011509, 7.8, 1767, 谁说大象不能跳舞？
24739213, 9.1, 403, 浪潮之巅（上册）
26665230, 8.6, 658, 硅谷之谜
26756140, 9.9, 209, 行动的勇气
3063888, 8.5, 720, 我的广告生涯&amp;科学的广告
1780035, 8.6, 646, 如何改变世界
3685204, 7.9, 1475, 长尾理论2.0
3006483, 7.7, 1933, 每周工作4小时
25747852, 8.8, 506, 世界上最简单的会计书
2015368, 9.1, 380, 价值评估
26541801, 7.9, 1417, 增长黑客
26324497, 8.1, 1065, 支付战争
1000900, 8.2, 920, 顾客为什么购买
25908079, 8.5, 652, 新经济，新规则
7054652, 8.0, 1159, 创业36条军规
6556296, 8.3, 798, 亚洲教父
23780847, 8.8, 468, 民企江湖
4893663, 8.3, 792, 市场的逻辑
4846035, 7.6, 1943, 干法
1007864, 7.8, 1423, 商道
3794450, 8.5, 610, 细节营销
20270741, 8.6, 548, 消费森林×品牌再生
1790456, 7.5, 2187, 专业主义
10588021, 8.0, 1079, 技术元素
3595095, 7.5, 2168, 统计数字会撒谎
20505765, 8.8, 441, 精益创业实战
4168140, 8.4, 662, 餐巾纸上的创业课
6431621, 7.8, 1366, 奢侈态度
20471120, 7.5, 2089, 打造Facebook
1913066, 8.8, 425, 市场营销原理
25779152, 8.3, 713, 超级符号就是超级创意
5399425, 8.4, 636, 销售就是要搞定人
26220259, 8.3, 704, 褚时健：影响企业家的企业家
1427527, 8.7, 455, 竞争优势
3616968, 7.8, 1286, 活法（贰）
24740308, 9.2, 285, 浪潮之巅（下册）
26608585, 8.4, 613, 重新定义团队：谷歌如何工作
1435907, 8.5, 549, 我在通用汽车的岁月
26860776, 8.5, 541, 鞋狗
1958120, 8.6, 487, 格鲁夫给经理人的第一课
25800616, 7.5, 1893, 创业时
3922162, 8.2, 749, 认识商业
1454393, 8.6, 483, 21世纪的管理挑战
5269192, 7.9, 1068, 创业的国度
3235517, 7.8, 1205, 自慢
1002474, 7.7, 1379, 只有偏执狂才能生存
3631947, 8.1, 815, 销售圣经
25723799, 7.7, 1348, 野心优雅
1044177, 7.6, 1523, 李嘉诚全传
6078123, 7.7, 1308, 一路向前
25975454, 7.9, 932, 九败一胜
3142118, 7.5, 1571, 郎咸平说：公司的秘密
6712293, 8.2, 633, 宽客
2301904, 9.2, 241, Case in Point
26314955, 8.7, 373, 创新公司
5410582, 7.3, 2072, 伟大是熬出来的
25782608, 7.8, 999, 大道当然
6723066, 7.1, 2828, 乔布斯传
4822145, 8.7, 358, 创新者的解答
3717183, 7.5, 1452, 餐巾纸的背面
1963026, 7.7, 1090, 勇敢抉择
1082725, 7.7, 1079, 一分钟经理人
1015133, 7.8, 940, 首先，打破一切常规
4894684, 8.7, 345, 创业之初你不可不知的融资知识
26849305, 8.9, 287, 成为乔布斯
1011731, 9.0, 262, 信息规则
4860552, 7.1, 2612, 活着就为改变世界
24745639, 7.8, 922, 麦肯锡教我的写作武器
4789228, 8.7, 338, In The Plex
26929955, 8.1, 625, 腾讯传
1013638, 8.7, 330, 销售巨人1
6967535, 7.7, 976, 资本之王
2249558, 8.3, 474, 光环效应
26596778, 8.8, 288, 计算广告
5068453, 8.0, 652, 公司的力量
6548683, 7.6, 1069, 商业的常识
5299847, 8.0, 643, 与全世界做生意
4851372, 8.3, 457, 怎样卖龙虾
26702493, 8.2, 505, 时间的朋友2015
1475258, 7.3, 1593, 青瓷
6999354, 8.1, 553, 玩法变了
6920100, 7.6, 1024, 20个月赚130亿
1128313, 8.6, 326, 个人的管理
3007108, 8.6, 326, 财务智慧
20492093, 7.6, 977, 平台战略
25766700, 7.5, 1111, 一网打尽
19977078, 8.5, 345, 股权战争
4187421, 7.6, 967, 给你一个亿
1101267, 8.2, 466, 营销战
1474667, 7.9, 655, 搜
1006203, 9.3, 171, 工商巨子
3233988, 8.5, 338, 资本的游戏
3669688, 7.6, 942, NO LOGO
20365163, 7.7, 819, 创客
1031341, 7.6, 909, 联想风云
5325859, 7.4, 1194, 天下没有怀才不遇这回事
6976968, 8.9, 226, 冬吴相对论2
5439620, 7.9, 615, 艺术创业论
3682751, 7.7, 785, 谈判力
23780848, 8.7, 265, 民企江湖2
25890247, 8.4, 350, 风吹江南之互联网金融
20434393, 8.0, 534, 销售无处不在
1485340, 8.3, 381, 德鲁克日志
1311874, 8.4, 344, 说服
3793884, 7.6, 855, 轻公司
22229485, 7.8, 655, 需求
1475469, 8.4, 337, 绝不是靠运气
26682111, 7.6, 816, 从零开始做运营
3622262, 8.1, 446, 步步为营
20036150, 9.1, 175, Principles
26032227, 7.5, 902, 金融的解释
3350931, 8.0, 484, 2小时品牌素养
1031207, 7.6, 785, 执行
26411602, 8.1, 431, 富甲美国
10433837, 8.5, 287, 采购与供应链管理
1453172, 8.6, 261, The Goal
26585057, 7.4, 1007, 罗辑思维：迷茫时代的明白人
3434087, 8.4, 311, 钱商
3348742, 7.2, 1335, 牛奶可乐经济学2
1837823, 7.5, 864, 卧底经济学
3018230, 8.1, 416, 创
3320425, 8.3, 332, 跨越鸿沟
2169896, 8.4, 300, 企业参谋
6509957, 8.3, 331, 洞见
1966719, 8.6, 247, Founders at Work
11601991, 7.8, 561, 哈佛最受欢迎的营销课
1879670, 7.3, 1069, 撬动地球的Google
1792212, 8.2, 355, 丰田生产方式
1101268, 7.6, 708, 新定位
10796954, 7.7, 623, 商业模式新生代（个人篇）
24318966, 8.4, 290, 我在哈佛的最后一堂课
5904151, 7.5, 803, 马云内部讲话
10741914, 8.5, 261, 点球成金
26816874, 8.5, 261, 理解未来的7个原则
1038702, 8.0, 431, 贼巢
3235204, 7.6, 689, 三井帝国在行动
26308014, 7.4, 893, 联盟
3235606, 8.0, 425, 半路出家的投资银行家
6148690, 7.9, 470, 金融之王
10588814, 8.4, 274, 魏斯曼演讲圣经1
4867187, 8.0, 409, 稻盛和夫自传
4137490, 7.5, 746, 牛角包一样的会计
1759797, 8.7, 207, 公司的概念
4886883, 7.5, 738, 将才
3253861, 8.8, 188, 管理成就生活
4882119, 8.2, 321, 价值起源
6080028, 7.8, 492, 黑石的起点，我的顶点
6105339, 7.6, 627, 煤老板自述三十年
2265341, 7.2, 1080, 维基经济学
1022541, 7.8, 484, 追求卓越
25843334, 8.1, 344, 金融的本质
26873486, 8.5, 233, 运营之光
1068793, 9.0, 153, 从资本家手中拯救资本主义
2253697, 7.5, 690, M型社会
4118751, 7.7, 533, 阿米巴经营
1169821, 8.3, 274, 平衡计分卡
4019512, 7.0, 1386, 正在爆发的互联网革命
1440592, 7.9, 415, 用脑拿订单
26288194, 9.1, 138, 权力与领导（第5版）
2981065, 7.8, 453, 自来水哲学
25849758, 8.1, 326, 富足
5408875, 7.4, 737, 一胜九败
4062213, 7.7, 503, 财务是个真实的谎言
26743607, 7.7, 500, 商业的本质
25804890, 7.5, 637, 疯传
1205456, 7.8, 441, 未来之路
6843244, 7.7, 493, 广告人手记
6860558, 7.2, 952, 一只iPhone的全球之旅
3622624, 8.3, 257, 绝对成交
1015540, 7.6, 549, 周一清晨的领导课
10580810, 7.1, 1087, 第三次工业革命
25790070, 7.4, 705, 移动的帝国
3274991, 8.3, 254, 商业无边界
25764520, 8.1, 306, 走出电商困局
3625123, 8.6, 191, 销售的革命
3717165, 7.3, 790, 众包
2334078, 8.6, 190, 混序：维萨与组织的未来形态
26400900, 7.2, 891, 创京东
25843241, 7.5, 592, 互联网思维独孤九剑
3215423, 7.5, 588, IT不再重要
25758308, 7.7, 455, 巨富
4200664, 8.2, 262, 管理的常识
24872319, 8.1, 289, 理性的非理性
1475470, 8.3, 237, 仍然不足够
1017103, 8.4, 214, 竞争论
5283440, 8.1, 285, 野生状态
2354988, 7.6, 496, 集装箱改变世界
1448684, 8.0, 313, 蓝血十杰
2044286, 7.9, 346, 中国的新革命
2015536, 8.1, 280, 消费者行为学
3784712, 7.9, 344, 网络江湖三十六计
20366371, 8.1, 278, 找我1
1144283, 8.4, 208, Virgin商业帝国
4012148, 8.0, 300, 轻松读懂财报
24902403, 9.2, 107, 忙总管理笔记
1068884, 7.9, 328, 水平营销
5431185, 8.5, 180, 像设计师一样思考
1439982, 7.8, 357, 麦肯锡传奇
4243771, 7.9, 317, 创新的艺术
2063630, 8.1, 258, 疯狂的功成名就
4199482, 7.9, 315, 我是布隆伯格
2281055, 7.8, 349, 小就是大
25909355, 8.3, 210, 数据化管理：洞悉零售及电子商务运营
3795596, 7.8, 346, 凯西来了！
21966324, 7.1, 840, 3D打印
2151324, 8.5, 174, 市场营销原理
3901835, 9.5, 83, 专业服务公司的管理
10453927, 9.0, 116, 吴晓波中国企业史三部曲完整典藏版
2381069, 7.5, 480, 第一团队
25956628, 7.4, 544, 创业小败局
1019155, 8.5, 170, 小沃森自传
6437896, 7.7, 372, 六项精进
5907290, 8.6, 154, 业力管理
25763770, 7.6, 413, 孵化Twitter
25778433, 8.3, 198, 大生意人
25783682, 8.2, 217, 营销的16个关键词
4030556, 8.5, 163, 哈佛经典谈判术
3738701, 8.4, 177, 经营沉思录
3039668, 8.2, 211, 真北
25893995, 9.0, 108, 亚洲大趋势
4139280, 7.1, 740, 乔布斯的秘密日记
5997269, 8.6, 142, The Millionaire Fastlane
3167333, 7.8, 300, 曾经德隆
4062798, 7.6, 375, 别让猴子跳回背上
1921558, 7.4, 477, 华为的世界
3404524, 8.3, 183, 别了，雷曼兄弟
4177311, 7.5, 420, 创造商业头脑的7种框架力
26278639, 8.3, 180, 精益数据分析
4860462, 7.5, 412, 打开餐巾纸
1144530, 8.5, 151, 哈佛商学院启示录
25861795, 7.4, 465, 重来2
5977133, 7.5, 409, 营销革命3.0
25733593, 8.0, 236, 沃顿商学院最实用的谈判课（原书第2版）
2337704, 8.2, 193, BCG视野假说驱动管理的魅力
4837927, 8.9, 108, 创造高收益 壹
2128083, 7.7, 317, 无国界的世界
4200631, 7.3, 510, 麦肯锡工具
26273310, 7.9, 252, 颠覆式创新：移动互联网时代的生存法则
3827035, 7.9, 250, 战略品牌管理
1082364, 8.1, 205, 发现利润区
20386252, 7.8, 277, 金融与好的社会
25857804, 8.0, 225, 硅谷百年史
26362040, 7.5, 382, 解密无印良品
3063109, 7.9, 244, 高手身影
3994868, 7.6, 336, 钱的外遇
2033945, 7.3, 483, 定见
3795336, 7.6, 335, 公司绝不会告诉你的50大秘密
1491595, 8.3, 166, 稻盛和夫的实学：经营和会计
26844959, 8.3, 165, 学会花钱
5320300, 7.4, 421, 兄弟我在义乌的发财史
3038761, 7.4, 420, 80/20法则
2230560, 8.1, 196, 艾柯卡自传
1988470, 8.0, 215, 外贸七日通
25865556, 8.9, 100, 大生意人2
1908206, 7.7, 289, 沸腾的岁月
25925083, 8.2, 175, 再看电商
26287433, 8.7, 115, 心若菩提
24875857, 6.8, 931, 社交红利
3694923, 8.0, 208, 巷口商学院
1023614, 7.6, 314, 沉静领导
20283567, 7.0, 673, 下一个倒下的会不会是华为
6851648, 7.4, 394, 迷恋
4223249, 7.7, 279, 管理十诫
4008885, 8.2, 170, 揭秘服装赚钱的门道
21363088, 7.9, 223, 价格游戏
25873066, 7.1, 570, 麦肯锡工作法
10435804, 8.5, 129, 用地图说话
25975485, 7.1, 565, 穿布鞋的马云
1396702, 8.4, 137, 战略地图
26379069, 7.2, 472, 麦肯锡入职培训第一课
25779423, 7.3, 415, 老二非死不可
7015176, 8.0, 192, 管理的常识
3605924, 7.7, 258, 滚雪球
1027818, 7.5, 320, 洛克菲勒回忆录
20261700, 8.0, 189, 好战略，坏战略
3805573, 8.3, 144, 报童瑞恩
1135841, 8.6, 112, 改变世界的机器
1187667, 8.1, 170, 华尔街之子
1048633, 7.9, 205, 营销革命
1053848, 8.7, 103, 看得见的手
3124833, 8.7, 103, 萨姆・沃尔顿自传
26344853, 7.6, 278, 互联网世界观
5944705, 7.4, 347, 非同凡“想”
2180422, 8.3, 140, 营销想象力
26915104, 9.0, 82, 你凭什么做好互联网
10770543, 8.2, 152, 职场竞争力
2320804, 8.1, 166, 香港地产业百年
5408880, 7.8, 219, 商界裸奔
4050757, 7.9, 198, 免费文化
6851214, 7.3, 381, 社会化营销
26362997, 7.4, 336, 商业冒险
1320173, 8.1, 158, 管理者而非MBA
3526116, 7.5, 290, 买
1435718, 8.4, 122, 亨利・福特自传
23009927, 8.6, 104, 中国企业跨境并购
26022186, 6.7, 847, 跨界
3032780, 8.0, 172, 管理大未来
24890463, 7.4, 323, 拒绝平庸
3069880, 7.9, 189, BCG视野
26349459, 8.1, 156, 登高四书
3238328, 8.8, 89, 新的企业模式
26382598, 7.5, 285, 零售心理战
6880453, 8.2, 142, 乔布斯传
10484709, 8.2, 142, 让顾客自己来定价
24713765, 8.2, 142, 找我2
5325844, 8.0, 170, 任你评说
26770999, 8.4, 120, 斯坦福大学创业成长课
24738953, 7.1, 462, 疯狂的简洁
1104943, 8.0, 169, 柔道战略
3795574, 7.0, 526, 部落：一呼百应的力量
5301299, 7.8, 204, 创业必经的那些事1
20272125, 8.0, 168, 选择卓越
26688605, 6.9, 601, 认同感：用故事包装事实的艺术
26885117, 8.0, 167, 在线
1263690, 8.4, 118, 市场营销管理
26285905, 7.4, 312, 疯狂的投资
26302594, 7.2, 398, 万达哲学
20492967, 8.5, 108, 不得往生
4121543, 7.7, 221, 就这样，挺过创业难关
26876372, 9.6, 52, 小众时代
24838489, 8.6, 99, 一根萝卜的革命
1905038, 7.6, 243, 创业的艺术
4081908, 7.5, 268, 管理咨询的神话
1069174, 9.1, 69, 戴明论质量管理
1074794, 8.4, 114, 略胜一筹
1488518, 8.6, 97, 谁能成为领导羊
2212007, 7.6, 237, 经济学常识
20413922, 7.4, 296, 视觉锤
2364146, 7.6, 236, 海星模式
26281154, 7.3, 329, 行在宽处
25784098, 7.3, 325, 华尔街之狼
2065100, 8.2, 130, 成功销售必读的24本书
1476618, 7.9, 170, 光电帝国
1048851, 7.5, 255, 体验经济
6065424, 7.0, 469, 日本商业四百年
3361791, 7.5, 250, 发现商业模式
1018540, 7.9, 165, 管人的真理
26697460, 8.3, 116, 裂变式创业
4843742, 8.8, 79, 创造高收益 贰
5920725, 9.0, 69, 马奇论管理
20492199, 6.8, 590, 一键下单
4912848, 7.8, 177, 价值观的力量
1420345, 8.2, 123, 创业学
1022909, 7.8, 176, MBA十日读
26865812, 8.4, 104, 方太儒道
5264604, 7.7, 194, 我在摩根士丹利做高管
25854698, 8.1, 133, 微创新
1768398, 7.6, 214, 关键时刻MOT
1441951, 8.4, 103, 我的生活与工作
5264781, 7.7, 191, 创意阶层的崛起
1159542, 8.6, 88, 新企业的起源与演进
26575141, 6.6, 772, 场景革命
1881449, 9.1, 62, 成果管理
25850087, 8.3, 109, 有的放矢
4074927, 7.4, 257, 完美陈述
26315800, 7.5, 230, 智慧社会
26383733, 7.7, 185, 颠覆式创新：移动互联网时代的生存法则
26183356, 7.4, 254, 以奋斗者为本
1479355, 7.6, 204, 谈判天下
4025121, 7.7, 184, 创业成功的秘诀
24744410, 8.1, 126, 他们创造了美国
24708136, 8.5, 91, 估值
24700151, 7.6, 201, 街头智慧
4934530, 8.6, 84, 示人以真
20419190, 8.5, 90, 门口的野蛮人2
5408889, 7.7, 179, 一件T恤的全球经济之旅
10481001, 8.2, 113, 大债
1792615, 7.6, 197, 制药业的真相
3160742, 8.5, 89, 管理的真相
11601459, 8.5, 89, 能源重塑世界（上下）
25866380, 8.1, 122, 互联网思维的企业
1085646, 7.7, 176, 商业秀
1977840, 7.7, 175, 房间里最精明的人
26659659, 7.8, 156, 劳阿毛说并购
26318341, 6.7, 581, 风口上的猪
1843185, 8.5, 86, 远见
24844993, 8.1, 118, 全新销售
19957141, 7.2, 294, 对赌
20507211, 7.4, 232, 创新者的基因
3398336, 8.0, 128, 供应链金融
25714687, 9.1, 57, 文化战略
4006768, 7.8, 152, 供应链管理
1442992, 8.7, 73, 改革时期的外国直接投资
3151607, 7.7, 166, 会计拉面
26914073, 9.4, 47, 小风暴1.0
26355331, 7.2, 284, 产品型社群
10453373, 7.3, 252, 说服力-缔造完美的PPT演示
10862311, 8.9, 63, 人力资源管理
26663738, 8.5, 83, 一个广告人的自白（纪念版）
1786651, 8.0, 124, 我与商业领袖的合作与冲突
6307924, 8.6, 77, 精益思想
1484456, 7.9, 135, 迪斯尼战争
26368060, 8.2, 104, 创业，生与死
26851693, 9.1, 55, 单点突破
6785918, 7.5, 198, 任天堂快乐创意方程式
25996288, 8.5, 82, 大生意人3
26697242, 7.1, 313, 钓愚
6946410, 8.6, 76, 抉择
6511603, 7.3, 243, 十亿美金的教训
25875806, 8.2, 102, 并购之王
26611940, 8.7, 70, 创新者的处方
1958122, 7.9, 131, 创造性破坏
25958751, 7.7, 156, 伟大创意的诞生
1063902, 6.8, 445, 华为真相
2039176, 8.5, 79, 企业巫医
11589943, 8.5, 79, 管理的未来
10545193, 7.5, 189, IT创业疯魔史
5408888, 7.3, 234, 美学的经济
6104554, 7.5, 188, 金字塔原理2
26393438, 7.4, 209, 在火星上退休
10809142, 8.0, 116, CEO说
4875705, 8.2, 98, 艰难的辉煌
26386566, 7.4, 206, 一个人的电商
25927950, 7.5, 185, YC创业营: 硅谷顶级创业孵化器如何改变世界
1970595, 7.6, 167, 商人为什么需要哲学
2145953, 7.4, 204, 沃尔玛效应
3264684, 7.6, 165, 新数字秩序的革命
2051004, 8.2, 96, 创新的10个面孔
25862775, 7.0, 322, 游戏化思维
3527725, 8.4, 81, 决策思维
1144804, 7.7, 146, 领导力(第3版)
5410533, 8.3, 87, Getting More
25861518, 6.8, 408, 奢侈
1151152, 8.2, 93, 发现你的销售力量
1808521, 7.6, 158, 美第奇效应
26767261, 9.0, 53, 文艺复兴的故事03・海都物语：威尼斯一千年
6441139, 8.1, 100, 稻盛和夫的实学
25756203, 8.1, 100, 底特律往事
25808226, 8.2, 92, Hooked
2124330, 7.9, 118, 公司进化论
1020671, 6.5, 626, 麦肯锡意识
25800026, 7.1, 269, 移动风暴
6779184, 7.7, 141, 索尼的故事
26823208, 8.3, 84, 离经叛道
24738300, 7.6, 154, 数据挖掘与数据化运营实战
20561892, 7.5, 170, 公司的坏话
26393046, 7.6, 153, 机器人时代
3822268, 8.3, 83, 战略管理
11538549, 8.3, 83, 大客户销售
3683788, 7.3, 208, 马云管理日志
10679155, 8.1, 96, 源创新
2132955, 8.6, 66, 艾柯卡自传
3413365, 9.0, 51, 财务管理分析
3259323, 8.4, 76, BCG战略思想
1272879, 7.8, 124, 棋行天下
26739670, 7.7, 136, 众媒时代
3578154, 8.5, 70, 不小心做了销售
5248909, 8.8, 57, 金矿
26838147, 8.8, 57, 给创业小白的财报书
1029781, 7.5, 163, 硅谷商战
1219123, 8.0, 102, 犹太人的智慧全集(珍藏版)
1288976, 7.9, 111, 一页纸的商业计划
24880341, 7.7, 133, 疯狂经济学
20282603, 7.6, 146, 王石说
3574895, 7.7, 132, 营销人都是大骗子
25911445, 8.7, 60, 理解公司
26586799, 8.1, 93, 创业无畏
10600373, 8.0, 100, 魏斯曼演讲圣经2
26866421, 8.2, 85, 爆品手记
5388602, 8.1, 92, 物联网导论
10570590, 7.9, 108, 我把一切告诉你2
5940650, 7.4, 174, 简单的力量
26361762, 7.4, 174, 互联网+：小米案例版
26919762, 9.4, 39, 畅销的原理
4932288, 7.6, 142, 我的零售人生
10516877, 8.0, 99, 体验经济
26201890, 8.0, 99, 第四消费时代
1659228, 8.8, 55, 战略与结构
4147028, 7.5, 155, 迷失的盛宴
26810317, 6.9, 308, 爆品战略
1971209, 8.3, 77, 企业再造
6536667, 7.3, 188, 重新定位
26253507, 9.1, 45, 互联网思想十讲
26371123, 7.5, 152, 精益创业方法论
1443031, 7.4, 168, 金领
1084649, 8.6, 61, 企业生命周期
2128914, 8.4, 70, 塞氏企业传奇
20373428, 7.8, 113, 创新者的思考
2567297, 7.2, 204, 让你赚大钱
26599526, 7.1, 229, 阿里传
3650828, 7.4, 164, 云攻略
3818462, 8.5, 64, 经理人财务知识一本通
25958166, 7.6, 133, 吸金广告
6859758, 7.7, 121, 颠覆性思维
26897884, 8.0, 93, 智能主义
10801087, 8.2, 79, 项目计划、进度与控制
2189906, 7.6, 132, 创新者的思考
6976275, 7.3, 179, 我的PE观
2050145, 8.0, 92, 僧侣与谜语
26695045, 7.8, 109, 全球风口：积木式创新与中国新机遇
26435017, 7.5, 143, 资源革命：如何抓住一百年来最大的商机
26215937, 7.9, 99, 一只小鸟告诉我的事
26805266, 6.8, 320, 超级IP
26348488, 6.9, 279, 引爆社群
1967814, 8.9, 48, 企业战略博弈
4884847, 7.4, 157, 经济黑帮
26681681, 7.8, 107, 深度案例思考法
26801367, 8.5, 62, 反直觉询问
11594351, 7.4, 156, 一线之间
26356045, 7.0, 243, 褚橙你也学不会
1193606, 8.1, 82, 兼并、收购与公司重组
6730341, 8.1, 82, 特劳特营销十要
1941246, 7.5, 139, 追求卓越
26902122, 9.1, 42, 卖晾衣杆的小贩为何不会倒：懂点会计很有必要
3746259, 8.3, 70, 汽车和我
20429358, 9.8, 29, 做好领导的九大赢招
26589666, 8.5, 60, 法律人的明天会怎样?――法律职业的未来
1679080, 8.3, 69, 关乎天下
4191830, 8.6, 56, 西方管理思想史
5385350, 7.7, 112, 品牌的起源
6790578, 8.2, 74, 总开关
4924898, 7.1, 206, 群体的智慧
2031077, 7.4, 147, 疯狂的投资
1142995, 9.0, 43, 大道至简
6998576, 8.0, 85, 房价的本质
5367411, 8.3, 67, 创业的现实
26308917, 7.5, 131, 超级智能
1312095, 7.9, 91, 隐形冠军
1179603, 7.5, 130, 品牌22律
4191825, 7.3, 159, 公众风潮
6861149, 7.3, 159, 一天放下成功
3293444, 7.8, 98, 游戏颠覆者
6530484, 7.9, 90, 与众不同
3056628, 8.4, 61, 香港企业购并经典
3227270, 7.9, 89, 大商人
25906749, 8.2, 70, The Innovators
26642422, 8.7, 49, 自我发现与重塑
26801556, 7.9, 87, 刘强东自述
6558234, 7.8, 94, 创业者圣经
26739566, 8.5, 55, 途客圈创业记：不疯魔，不成活
26435358, 7.1, 186, 麦肯锡精英的48个工作习惯
20366373, 7.4, 135, 永无止境
1489474, 8.0, 79, 与鲨共泳
3837306, 6.9, 235, 紫牛
26916061, 9.7, 28, 魔杯
20501523, 8.8, 45, 马世民的战地日记
10588815, 7.5, 119, 天使投资
26673111, 8.0, 77, Mr Hua创业手记
26282829, 7.5, 118, 切蛋糕
11504764, 8.3, 61, 经营的原点
24858563, 8.2, 65, 管理大师
26611892, 7.0, 197, 共享经济
3635974, 6.8, 251, 富人国
11641858, 8.7, 46, 风险投资交易
25833586, 8.7, 46, 云端经济学
4849543, 7.4, 126, 麦肯锡传奇
5400552, 7.4, 126, 重返小王国
1430349, 7.6, 104, 7-ELEVEN零售圣经
20444472, 7.8, 87, 经营的本质
21356490, 7.8, 87, 常识的正面与反面
26465430, 7.8, 87, 共享经济时代
26430818, 7.4, 125, 合伙人
26357758, 9.1, 36, 风险投资交易
3300588, 8.5, 51, 新战略营销
1034962, 8.1, 67, 学历无用论
1227751, 7.9, 78, 金字塔底层的财富
2160715, 7.9, 78, 现代销售之父帕特森的销售策略
4107415, 7.6, 100, 商业模式的力量
3106569, 9.0, 37, 商务动态分析方法
3655164, 9.0, 37, 战略
10571271, 6.7, 266, 我为什么要投资你
26340695, 9.2, 33, 三位一体
5291323, 8.4, 53, 明茨伯格管理进行时
26646553, 7.6, 98, 指数型组织
21356603, 6.8, 229, 既要成功，也要成仁
1129051, 8.3, 56, 聚焦法则
26794863, 7.6, 97, 如何打造超级IP
25698920, 7.3, 129, 绩效致死
10442140, 7.6, 96, 数字信徒
1484103, 8.5, 48, 规模与范围
26850028, 8.5, 48, 阿里巴巴
1919363, 7.4, 114, 顾客要买什么
2282343, 7.8, 79, 利润模式
26734750, 6.9, 191, 罗辑思维：中国为什么有前途
25905229, 8.9, 37, 竞争战略
3576560, 7.9, 72, 客服圣经
19912117, 7.8, 78, 索尼秘史
6900660, 7.5, 101, 在家就能读MBA
24845512, 7.6, 92, 左手咖啡，右手世界
26605094, 7.6, 92, 网络英雄传1
24869644, 8.3, 53, 可可?香奈儿的私密生活
25859646, 7.2, 132, 互联网思维到底是什么
1225042, 8.2, 56, 寻找创业沃土
26697074, 8.2, 56, 智慧之巅：DT时代的商业革命
1162450, 8.1, 60, 巨人的观点
26702075, 8.1, 60, 经营战略全史
1424593, 7.2, 131, 解构德隆
3184872, 9.3, 29, 精通Excel 2007数据分析与业务建模
26598389, 8.0, 64, 创造
1396394, 8.7, 40, 创业中的陷阱
4124436, 8.7, 40, 组织生存力
24863461, 7.7, 81, 商业就是一场秀
4255397, 7.5, 96, 麦肯锡本色
6037415, 7.3, 116, 一本书读懂风险投资
1355616, 8.9, 35, The Innovator&#39;s Solution
26648884, 7.7, 78, 干法
4141729, 8.1, 57, 波士顿战略观点
26710938, 6.9, 171, 爆款：如何打造超级IP
25780509, 8.8, 36, 将培训转化为商业结果
4075839, 8.3, 49, 领导力沉思录
2990291, 7.6, 83, B2B品牌管理
4171044, 6.9, 167, 奢侈品应该这样卖
26658944, 7.8, 70, 大数据经济
1083685, 8.6, 40, 竞争性销售
26263689, 6.4, 320, 微信思维
26702089, 7.0, 147, 商业模式全史
1073266, 8.3, 48, 供应链管理
6110322, 8.0, 59, 沃伯格家族
1232185, 8.5, 42, 哈佛商学院MBA教程（上下）
20492915, 8.2, 51, 领导力
1479072, 8.1, 54, 消费者行为学
2702449, 8.0, 58, 市场营销学
26319982, 8.3, 47, 商业百科
1157749, 9.0, 31, 管理会计兴衰史
1192779, 7.9, 62, 知识管理
26796535, 7.6, 79, 伏牛传
21966346, 7.5, 86, 高跟鞋帝国
26369667, 6.6, 228, 互联网+
25850257, 8.7, 36, 消费者行为学
25720332, 7.5, 85, 政商中国
26659834, 7.5, 85, 盐糖脂
1279618, 8.3, 46, 现代竞争分析
6878784, 8.4, 43, 经销商管理动作分解培训
26366813, 8.4, 43, 管理者的10堂战略课（修订第4版）
25806793, 6.9, 155, 提问的艺术
1010700, 8.0, 56, 思考的玩具
26378392, 7.8, 65, 真实世界的纸牌屋
2050908, 9.0, 30, The Boston Consulting Group on Strategy
25817721, 7.4, 91, 魔力创业
6966458, 7.6, 76, 小，我是故意的
2151697, 8.2, 48, 运营管理
2973743, 8.0, 55, BCG视野
22790103, 6.7, 190, 病毒循环
1009089, 8.8, 33, 60分钟企业经营战略
3170900, 7.5, 81, 时尚品牌传奇
1837431, 7.8, 63, 创新的本质
5920818, 7.1, 118, 从20万到30亿
25839089, 7.1, 118, 卖什么都是卖体验
24702402, 9.0, 29, 公司治理之道
2122386, 8.8, 32, 能力构筑竞争
5978700, 8.3, 43, I&#39;m Feeling Lucky
25962759, 7.3, 94, 模仿的技术
25833194, 6.8, 156, o印良品的改革
24533745, 8.2, 45, 游戏之巅
1273942, 7.5, 76, 惠普之道
24845286, 7.4, 83, 28岁赚千万
3187204, 7.3, 91, 超级数字天才
20507208, 7.3, 91, 哈佛商学院最受欢迎的领导课
4063315, 8.9, 29, 父-那些我在n堂外W的本事
24870504, 6.9, 134, 精简
26639456, 6.4, 251, 万达工作法
3423258, 8.3, 41, 21世纪的隐形冠军
26651382, 6.5, 216, 微信力量
6386231, 6.7, 167, 一个台湾人在大陆四年的投资笔记
25841481, 7.1, 107, 大数据预测
26812805, 7.3, 88, 新媒体营销圣经（全彩）
2188534, 8.4, 38, What Got You Here Won&#39;t Get You There
25880351, 7.7, 62, #GIRLBOSS
1734687, 8.1, 46, 知识创造的螺旋
1831446, 8.1, 46, 塑造工业时代
26883590, 9.0, 27, 美国裂变
20261729, 8.0, 49, 竞争战略论
3172011, 7.2, 94, 将世界甩在身后
6075190, 8.5, 35, Pitch Anything
25971733, 8.5, 35, 自律型创业
26361727, 8.6, 33, 采购与供应链管理：一个实践者的角度（第2版）
6574069, 8.9, 28, The Innovator&#39;s Dilemma
1187241, 9.3, 23, 零售管理
25863878, 6.8, 142, 宜家真相
3182226, 8.2, 42, 欢迎光临
1811450, 8.4, 37, 创造知识的企业
26853577, 8.0, 48, 胡作非为：人性之本与金融暴行
3031800, 7.7, 60, 定价圣经
10734544, 7.5, 70, 商业模式的经济解释
26320379, 6.4, 232, 小众行为学
1442491, 7.8, 55, 浪尖上的宝洁
25750724, 7.1, 100, 0元机票的秘密
25779416, 6.9, 123, 大数据营销
26724253, 7.8, 54, 创新的洞见
5327903, 7.7, 58, 要素品牌战略
10566133, 7.6, 62, 罗斯柴尔德家族（上）
20512916, 7.6, 62, 第十九拥鬲z
2985736, 8.2, 40, 信息改变了美国
26643579, 7.5, 67, 图说金融史
5290524, 6.1, 343, 微革命
26858053, 9.1, 24, 创新者的方法
26643780, 7.4, 72, 重新定义管理
25795601, 8.2, 39, 品类战略
26808540, 8.2, 39, 战略的本质
26295314, 6.7, 144, 时代的变换: 互联网构建新世界
24807529, 7.8, 51, Data Science for Business
25710759, 7.3, 76, 优衣库这样卖衣服
21966325, 7.2, 82, 新工业革命
3729148, 9.3, 21, 财务管理基础（上.下册）
3982670, 7.2, 81, 李嘉诚谈商录
25895840, 7.8, 49, 商业创新设计
25854692, 8.3, 35, 商业地产运营管理
1410402, 7.6, 57, 将任何东西卖给任何人
25831443, 7.1, 88, 体验为王
3485355, 8.2, 37, 与众不同
25879618, 6.2, 260, 即将到来的场景时代
4171045, 8.0, 42, 为什么人们不买我的东西
6954094, 7.1, 87, 互联网创业启示录
26342628, 8.6, 29, Becoming Steve Jobs
26425227, 8.6, 29, How Music Got Free
26782574, 8.6, 29, 整合：实现商业转型的7大法则
26637083, 7.6, 56, 中国式投行
3087182, 8.8, 26, 竞争大未来
25957010, 6.6, 148, AKB48的格子裙经济学
26744929, 8.4, 32, 互联网+秋叶课堂：我的网课创业
20260646, 8.7, 27, 骑着轮子奔跑
26278454, 7.2, 77, 无须等待
1839790, 8.5, 30, 关键价值链
26648154, 9.2, 21, O2O融合：打造全渠道营销和极致体验
26392294, 7.0, 93, 绝佳提问
20473494, 6.7, 127, 富爸爸21世纪的生意
21361364, 8.6, 28, 超越极限
24859840, 8.0, 40, 为自己工作
25841314, 6.7, 125, 投行笔记
26387551, 5.8, 466, 互联网+
3823690, 8.2, 35, 牛津创新手册
25975461, 7.4, 62, 部落的力量
4192461, 8.7, 26, 上市公司并购重组监管制度解析
2126561, 6.6, 137, 行棋无悔
5979626, 8.0, 39, 成功并购
25963553, 8.0, 39, 创新十型
1012253, 7.4, 61, 极客与怪杰
3271015, 8.2, 34, 定价战略与战术
26823428, 8.1, 36, 趋势红利
5319110, 7.8, 44, 攻心式销售
3132063, 8.8, 24, 合同理论
26864253, 8.8, 24, 商界局外人
4924860, 7.3, 64, 谁说商业直觉是天生的
25743457, 7.5, 54, 企鹅与怪兽
1073390, 7.9, 40, 大交易
26800138, 7.4, 58, 滴滴：分享经济改变中国
25809418, 8.4, 29, 五星级服务
26360553, 7.4, 57, 联想涅
1420801, 7.3, 62, 人生犹如赛马
2216425, 7.3, 62, 资本暗战
10772650, 7.9, 39, 创建强势品牌
5482329, 8.8, 23, How Brands Grow
4916596, 7.2, 66, 永不放弃
1488929, 7.6, 47, 美国房地产大亨唐纳德・特朗普的投资课
21248826, 7.6, 47, “升职超人”教你旋风成长法则
4285326, 8.6, 25, Value
10427710, 6.7, 106, 历史是个商学院
26220243, 8.0, 35, 钢贸风云
26780215, 6.2, 197, 你的团队需要一个会讲故事的人
26378772, 8.4, 27, 超级天使投资
1055064, 8.2, 30, 登顶
5297292, 7.0, 74, 麻辣烫为什么穿在签子上卖？
26630540, 7.0, 74, 麦肯锡思维
26430585, 7.4, 52, 从领先到极致
20474827, 8.5, 25, 战略就是讲故事
26689271, 7.3, 55, 韩娱经济学
26767030, 7.3, 55, 关键洞察力
26771324, 8.0, 33, 这样做指导，难带员工变能干
26836518, 8.2, 29, 超级IP
10564098, 8.8, 21, The Founder&#39;s Dilemmas
14336944, 8.7, 22, 卓越服务，非凡利润
1510522, 8.6, 23, 边缘竞争
26314393, 8.6, 23, 自营销互联网方法
6901098, 8.3, 27, The Idea Factory
26422298, 8.3, 27, 奇点系列
1430540, 8.1, 30, 合伙人章程
26728952, 8.2, 28, 事业合伙人：知识时代的企业经营之道（精装）
25811287, 7.5, 44, 《淘宝大数据》
24720279, 8.0, 31, 被诅咒的巨头
25890721, 6.8, 80, O2O进化论
22522659, 8.5, 23, 麦肯锡教我的思考武器
26643784, 7.0, 65, 激活个体
26716899, 7.3, 50, 重新定义战略
25934013, 7.7, 37, 销售脑
26324886, 7.1, 59, 微商创业者手册
24758501, 6.9, 70, 世界上最伟大的女销售员
3032426, 7.1, 57, 商业地产真相
1082768, 8.7, 20, 品牌新世界
5411116, 7.0, 62, 商业的奥秘
26702829, 8.6, 21, 精益企业
26833527, 8.5, 22, 麦肯锡精英的谈判策略
7015950, 7.9, 31, The $100 Startup
25932305, 8.4, 23, 海尔转型：人人都是CEO
26632967, 7.7, 35, 一位经营鬼才的自白
26717842, 7.2, 51, 互联网生态：重构商业规则
25756499, 8.1, 27, 稻盛和夫的实学：阿米巴模式
26898190, 8.3, 24, 日本制造
26426008, 7.6, 37, MBA十日读（第四版）
1802582, 8.6, 20, 成事在人
26815802, 8.6, 20, 迪士尼体验：米奇王国的魔法服务之道
6601651, 8.1, 26, Venture Deals
25820219, 6.7, 77, 李嘉诚：成功没有偶然
25854693, 8.4, 22, 商业地产投资建设
26729327, 8.4, 22, 创新者的变现力
26605984, 7.8, 31, 创新者的课堂
26680145, 7.5, 38, 价值主张设计
1451149, 8.3, 23, The E-Myth Revisited
26579576, 8.2, 24, 哈佛双赢谈判课
24522275, 7.5, 37, 终极问题2.0
26277385, 7.3, 43, 再烂的电影也能卖出去
3198694, 7.7, 32, 铁血并购
6732404, 7.7, 32, 美丽战争
1320545, 7.9, 28, 潜智
24863117, 8.5, 20, 美国企业家
26288050, 6.3, 112, 阿里巴巴正传：我们与马云的“一步之遥”
26831650, 8.0, 26, 转向：用工程师思维解决商业难题
1040175, 8.8, 17, 公司战略透视
6394950, 7.8, 29, 运营管理
26685874, 7.8, 29, 无印良品育才法则
25740139, 7.6, 33, 富爸爸点石成金
26660694, 7.1, 47, 中国式众筹
26284947, 6.6, 75, 断点：互联网进化启示录
20444115, 7.7, 30, 新物种起源
1805443, 6.5, 82, 品类杀手
26839601, 7.2, 42, 成功的真谛
26361378, 7.6, 30, 决策的智慧
26881984, 7.3, 37, 简单思考
10757203, 7.1, 43, 他山之石
25852219, 7.8, 26, 第三种创新
6990312, 8.0, 23, 知识经营的魅力
26348360, 6.8, 55, 人人都要有会计思维
1736168, 8.7, 16, 合作竞争
6424773, 6.0, 135, 欺诈原理
26464952, 7.7, 27, 服务设计与创新实践
26422053, 7.4, 33, 德国制造
26760576, 7.8, 25, 清教徒的礼物（罗辑思维独家定制版）
24756568, 8.1, 21, 家族财富
1060230, 7.9, 22, 卓越的神话
1312032, 7.8, 23, 竞争情报完全指南
25964079, 7.7, 24, 品牌相关性
20365734, 8.0, 20, 贩卖怀疑的商人
25752502, 8.2, 18, 跟德鲁克学营销
26796712, 5.8, 145, 社交的本质：扎克伯格的商业秘密
1013391, 7.6, 24, 影响历史的商业七巨头
4732396, 8.0, 19, The Trump Card
1010089, 8.2, 17, 经营管理全集
26784477, 6.3, 67, 分享经济
25663161, 8.0, 18, 第一大亨
10537389, 7.5, 24, 我在黑道W的88堂商管n
25926762, 7.2, 28, 自媒体时代，我们该如何做营销
26838799, 7.9, 18, 以客户为中心
25895581, 7.0, 32, 改革现场：晚清经济改革始末
26775643, 7.6, 21, 富国之道：富国银行董事长写给股东的信
6064948, 7.3, 25, CFA考试核心词汇手册
26919706, 7.8, 18, 咖啡馆的梦想与现实
26840503, 7.6, 20, 大势研判
26286755, 8.1, 15, 嘻哈这门生意
26841622, 7.3, 23, 新一轮产业革命
26642365, 7.7, 18, 哈佛商业评论管理必读：大师十论
26709609, 7.7, 18, 京瓷哲学
26846867, 7.4, 21, 99%的人一看就会的理财书
26258203, 8.0, 15, 战略品牌管理
26920886, 8.0, 15, 那些人人都懂的销售技巧，你就别再用了
25976087, 7.1, 25, 游戏化革命：未来商业模式的驱动力
23678871, 7.6, 18, Leaders Eat Last
26827267, 7.7, 17, Chaos Monkeys
26703541, 7.5, 19, 重新定义创新
26828720, 7.9, 15, 零售的本质：7-Eleven便利店创始人的哲学
26926355, 8.2, 13, 重新定义分享
25800903, 6.5, 37, 微信营销应该这样做
26860783, 7.7, 16, 无偿
26865496, 8.1, 13, 大数据
6830066, 7.8, 15, 市场营销
26807037, 7.8, 15, 好莱坞怎样谈生意
1907487, 8.0, 13, Perfect Pitch
3994701, 8.0, 13, 麦克拉夫商务与经济统计学
6901990, 6.2, 45, 如何让新消费者买单
26686549, 7.2, 20, 首席内容官
7066922, 7.8, 14, 渠道江湖
26893018, 8.1, 12, 改变世界的创业者
26679658, 7.5, 16, 嗡伎
26856945, 7.9, 13, 音爆
26917503, 7.2, 19, 知日・谁是增田宗昭？只有梦想值得实现！
26798458, 7.6, 15, 不是谁都能创业
26838253, 7.8, 13, 绿色国王
26787096, 7.5, 15, 故事营销有多重要
26872840, 7.5, 15, 松鼠老爹与三只松鼠
26704089, 7.6, 14, 探询式领导：如何通过问题发现正确的解决方案
26816154, 7.3, 16, 造梦者
26876445, 6.6, 25, 暗黑医疗史
26834007, 7.0, 18, 匹配度
25769112, 7.9, 11, 娱乐产业经济学
26366549, 7.2, 15, Copy Right!模仿如何激发创新
20486827, 7.6, 12, 我是房产销售冠军
1676591, 7.3, 14, 变革的基因
26778836, 7.5, 10, 免费:商业的未来
26421326, 7.1, 10, 百年商业头条
26881122, 6.5, 10, 增长黑客营销
