2017-01-23 16:17:59
Tag: 回忆录
The number of books: 897 

ID, rating, votes, title
1023045, 8.6, 68631, 我们仨
4842446, 8.7, 15622, 巨流河
1062343, 9.2, 5728, 昨日的世界
1859140, 8.8, 9761, 上学记
1005358, 9.2, 3661, 寻找家园
1914636, 8.4, 10013, 蛤蟆的油
2042063, 8.4, 7959, 伊斯坦布尔
3662230, 8.5, 4789, 七十年代
2045811, 9.0, 2071, 张国荣的时光
1433346, 8.7, 2987, 旁观者
2377012, 8.6, 3354, 聆听父亲
3888123, 8.6, 3215, 写作这回事
1015403, 7.7, 9024, 今生今世
1924213, 8.4, 3047, 逝去的武林
1007313, 8.4, 3001, 留德十年
1049361, 8.3, 3407, 比我老的老头
1062423, 8.3, 3282, 牛棚杂忆
3393056, 8.2, 3698, 流动的盛宴
2118743, 8.6, 2120, 银元时代生活史
1418648, 8.4, 2612, 胡适口述自传
20441569, 9.1, 1107, 被淹没和被拯救的
26657570, 9.0, 1205, 活着为了讲述
1051231, 8.3, 2818, 黄河青山
25944034, 8.6, 1760, 菊次郎与佐纪
1288913, 8.3, 2515, 半生为人
3905365, 8.5, 1796, 水流云在
3227346, 8.1, 2979, 听杨绛谈往事
1456524, 7.9, 3827, 这个世界会好吗
20433554, 9.2, 757, 关山夺路
1270551, 9.0, 926, 八十忆双亲 师友杂忆
3418938, 9.0, 919, 被遗忘的士兵
1418650, 8.5, 1534, 胡适杂忆
1400710, 8.3, 1838, 读史阅世六十年
20433556, 8.7, 1110, 昨天的云
1450065, 8.4, 1546, 李宗仁回忆录（上下）
1868786, 8.0, 2590, 列侬回忆
20433553, 8.8, 776, 怒目少年
4213397, 8.9, 692, 莱昂内往事
1144865, 9.1, 535, 见证
1058097, 7.8, 2410, 岁月与性情
5376976, 8.7, 749, 德意志的另一行泪
5404877, 8.2, 1175, 安持人物琐忆
1001013, 8.8, 598, 杨绛散文
1075743, 7.3, 4366, 我把青春献给你
1081197, 8.7, 643, 歌德谈话录
10546136, 8.3, 987, 我的兄弟王小波
4912689, 8.6, 703, 杂忆与杂写
1191433, 7.5, 2925, 我的前半生
10876101, 8.8, 563, 不合理的行为
2326230, 8.6, 645, 我的精神自传
2057529, 8.1, 1136, 阿佛洛狄特
1437162, 8.1, 1135, 随想录
1009368, 7.9, 1455, 李敖回忆录
1982116, 8.4, 771, 我与兰登书屋
2128063, 8.4, 771, 抗战时代生活史
1000531, 8.7, 557, 第二次世界大战回忆录（全六卷）
1001848, 8.4, 749, 格格不入
5254318, 9.0, 405, 缝不起来的伤痕童年
3616661, 8.8, 482, 卡夫卡口述
24525766, 8.7, 528, 记忆小屋
4778442, 7.8, 1516, 我等不到了
10485866, 8.2, 878, 暴风雨的记忆
1926728, 9.3, 291, 往事与随想
10601655, 8.1, 928, 台北爸爸，纽约妈妈
1469414, 8.7, 474, 世界美如斯
4819994, 8.0, 1038, 也同欢乐也同愁
2365288, 8.3, 711, 波兰斯基回忆录
2995151, 8.5, 571, 三生影像
1937955, 8.5, 567, 胡适之先生晚年谈话录
21322534, 8.5, 556, 姥爷
3115303, 8.2, 731, 一生的远行
3863494, 8.0, 918, 季羡林读书与做人
5269145, 7.9, 1039, 沉浮与枯荣
25723799, 7.7, 1348, 野心优雅
1001769, 8.8, 366, 知堂回想录（上下）
4210379, 8.7, 402, 京华忆往
1022829, 7.7, 1270, 记忆：往事未付红尘
10532927, 9.0, 300, 一辈古人
5914551, 8.1, 727, 我在故宫看大门
25731990, 8.3, 576, 我是落花生的女儿
1050951, 8.2, 642, 米沃什词典
25807918, 7.8, 994, 莎士比亚书店
3071861, 8.4, 492, 周有光百岁口述
1033007, 7.7, 1124, 关系千万重
25853069, 9.0, 273, 切尔诺贝利之花
25886167, 8.6, 392, 武人琴音
1076285, 8.4, 478, 漏船载酒忆当年
20424572, 8.6, 390, 敢问路在何方
1424665, 7.6, 1205, 我们的钱瑗
1082102, 8.3, 511, 风雨独立路
1943703, 8.1, 635, 一个红卫兵的自白
1916614, 7.8, 901, 我，十三岁，妓女，吸毒者……
6735536, 8.6, 364, 小脚与西服
26323408, 8.4, 444, 我坦言我曾历尽沧桑
26599283, 8.2, 549, 梅子青时
2142687, 7.3, 1770, 张学良口述历史
10541710, 8.9, 270, 老头儿汪曾祺
1264559, 8.5, 383, 闪击英雄
1046448, 8.9, 258, 八十忆双亲师友杂忆
1593586, 8.2, 505, 四十自述
5269183, 8.1, 562, 我与北野武
3432678, 8.5, 368, 我的青春回忆录
26672748, 8.9, 252, 山居杂忆（插图精装版）
1477185, 8.7, 300, Sex
1071819, 8.7, 298, 经济腾飞路
1312942, 8.6, 327, 隆美尔战时文件
1465547, 8.6, 326, 领袖们
1949684, 8.4, 392, 师门五年记・胡适琐记（增补本）
20433557, 8.2, 482, 文学江湖
1000325, 8.8, 261, 人・岁月・生活（全三册）
1019945, 8.2, 465, 拉贝日记
1012221, 8.2, 460, 浮生三记
4212230, 8.1, 501, 许倬云谈话录
5325859, 7.4, 1194, 天下没有怀才不遇这回事
3057116, 8.3, 387, 真话能走多远
24738206, 9.1, 182, 曼德施塔姆夫人回忆录
1608302, 8.4, 329, 西潮・新潮
24834615, 8.1, 430, 费正清中国回忆录
2333097, 8.5, 283, 亲历兄弟连
6085417, 8.4, 307, 遗产
1839575, 8.3, 335, 罗素回忆录
11597383, 8.5, 270, 一个女人的自传
1575685, 9.0, 173, 顾维钧回忆录(第一分册)
1052245, 8.6, 241, 访苏归来
3415676, 7.5, 801, 我父亲的梦想
5501097, 7.5, 793, 三毛的最后一封信
2594830, 8.5, 259, 从战争中走来：两代军人的对话
1088525, 8.4, 281, 1957年的夏季
1480812, 8.5, 255, 思考与回忆
1029197, 7.3, 1015, 外交十记
24827120, 8.2, 339, 爽
4220232, 7.8, 522, 曲人鸿爪
1127363, 9.2, 139, 影尘回忆录
25770575, 8.7, 201, 宁静的地平线
1915725, 8.4, 258, 负暄续话
2604801, 8.0, 386, 我的一个世纪
1027608, 7.9, 427, 我妹妹与我
1976072, 8.5, 229, 曼施泰因元帅战争回忆录
10574080, 8.6, 206, 不够知己
2040853, 7.8, 455, 紫禁城的黄昏
4238148, 8.4, 241, 白石老人自述
3241927, 8.0, 355, 亲历历史
4173112, 8.4, 237, 我的光荣与信仰
4160800, 9.6, 94, Days With My Father
2979793, 8.9, 153, 我的美国之路
6809028, 8.8, 165, 朱F基讲话实录 第四卷
20266235, 8.9, 150, 新阶级
3693102, 8.1, 297, 波诺谈波诺
1029756, 7.1, 1024, 跨过厚厚的大红门
4267107, 8.5, 200, 多少往事烟雨中
2000789, 8.1, 291, 里芬施塔尔回忆录
20432906, 8.7, 168, 装点《红楼梦》
26427244, 8.9, 143, 我所缄默的事
1017848, 8.2, 263, 杂记赵家
6743308, 8.9, 142, 捍卫记忆
10539598, 7.8, 397, 飘零一家
1007918, 8.5, 195, 第一次世界大战回忆录（全五卷）
24852489, 8.4, 207, 青春奇妙物语
10599768, 8.9, 136, 碧河彼时
3297608, 8.6, 171, 费曼手札
4882116, 8.2, 242, 在华五十年
25893943, 8.5, 183, 和王世襄先生在一起的日子
1450542, 8.3, 219, 齐如山回忆录
5344916, 8.6, 168, 上帝送我一把小提琴
3410713, 8.4, 199, 三松堂自序
24742929, 8.6, 166, 碎琉璃
3134309, 8.1, 261, 民国采访战
1075022, 7.7, 400, 毕竟是书生
19975229, 8.8, 140, 时间之线
1016454, 8.0, 287, 东史郎日记
1021456, 8.5, 179, 我怎样设计飞机
3827061, 8.4, 195, 二战风云2
25755752, 8.4, 195, 监狱琐记
4199482, 7.9, 315, 我是布隆伯格
10563199, 8.9, 128, 国家记忆（2）
1038208, 7.9, 311, 苦笑录
6990237, 8.3, 208, 大雅宝旧事
10740093, 8.9, 126, 斯坦纳回忆录
1946805, 7.6, 424, 我的约翰
3880778, 7.7, 374, 镜中爹
26586326, 8.9, 123, 来自纳粹地狱的报告
1040518, 8.3, 202, 我有这样一个母亲
1865546, 8.5, 168, 乔治・施蒂格勒回忆录
1024171, 8.7, 142, 从丙午到“流亡”
1915343, 7.9, 295, 另一种回忆录
1986331, 8.4, 181, 获救之舌
3011403, 8.8, 129, 历史在这里沉思（全3册）
3074762, 7.8, 322, 记忆红楼
2976744, 8.5, 164, 若干重大决策与事件的回顾（上下）
20280677, 8.3, 194, 百岁忆往
1482496, 9.5, 78, 一生的故事（全六册）
1039544, 7.3, 573, 梁思成、林徽因与我
1767646, 8.1, 231, 彭德怀自述
2263456, 8.0, 253, 阿娜伊斯・宁日记（全四册）
1434016, 9.1, 100, 菊坛旧闻录
1028521, 7.7, 344, 我的父亲邓小平
4312477, 8.8, 124, 天地九重
25829575, 9.2, 92, 末法时代的声与光
26906750, 9.8, 63, 关于我父母的一切
24743202, 8.8, 120, 红蕖留梦
24838578, 8.3, 181, 西南联大行思录
4187622, 8.9, 110, What I Talk About When I Talk About Running
1075802, 8.0, 234, 天外有天
24852365, 7.8, 284, 天涯晚笛
2051788, 8.6, 135, 流浪王妃
1190501, 8.4, 159, 启功口述历史
1534948, 8.9, 107, 隐面人
3272749, 9.0, 99, 马关议和中之伊李问答
4882254, 7.8, 277, 简・奥斯丁失落的回忆
1442398, 7.9, 249, 思念依然无尽
3241591, 8.2, 186, 苍茫时分
1073656, 8.6, 131, 经历：我的1957年
1025384, 8.1, 201, 墓中回忆录
4145396, 8.2, 183, 阿朝来啦
2183783, 8.4, 153, 粟裕回忆录
25764376, 8.1, 200, 父亲到死，一步三回头
4189138, 7.5, 375, 重返1976
1870848, 7.8, 268, 浮生再记
1438834, 8.0, 217, 负暄三话
3710548, 8.4, 150, 曹汝霖一生之回忆
1138946, 8.2, 177, 蒋廷黻回忆录
6886415, 9.2, 81, 肖斯塔科维奇回忆录
1052953, 8.2, 175, 北大往事
4861524, 8.2, 175, 血战太平洋之决战冲绳岛
1890678, 8.3, 160, 流年碎影
1037839, 8.8, 106, 艺术与科学：贡布里希谈话录和回忆录
3183090, 8.0, 208, 许倬云问学记
3932425, 8.7, 113, 父亲的荣耀
2156890, 8.7, 112, 第三帝国内幕
20365139, 8.0, 203, 父亲那场永不止息的战争
25722114, 8.3, 154, 我的人生故事
1046658, 8.5, 129, 鲁迅的故家
6507294, 7.9, 221, 盲人奥里翁
26427100, 8.1, 181, 鱼乐
25765442, 7.6, 299, 说不尽的外交
10557480, 8.1, 179, 曲终人不散
1010315, 8.6, 117, 新亚遗铎
2326066, 8.5, 126, The Age of Turbulence
1949026, 8.9, 93, 影海生涯(上、下)
1909834, 7.3, 411, 不是我，是风
6085416, 8.5, 123, 回忆波德莱尔
1027818, 7.5, 320, 洛克菲勒回忆录
6314051, 8.0, 189, 我与八十年代
10761718, 8.2, 157, 苏北利亚
1084220, 8.9, 90, 四海为家
3014367, 7.9, 207, 寻找北大
1143017, 8.8, 95, 浮生琐忆
1437446, 8.5, 119, 我的青年时代
4864367, 8.0, 183, 血战太平洋之瓜岛浴血记
1057892, 7.4, 346, 在性与爱之间挣扎
3069615, 8.4, 128, 龚鹏程四十自述
1037684, 7.7, 245, 另一种乡愁
1949692, 8.5, 117, 量守庐学记
1972317, 7.8, 219, 当贝利遇到艾丽斯
3137050, 8.7, 99, 我是一朵飘零的花
3152055, 8.2, 148, 我仍在苦苦跋涉
1100698, 8.6, 106, 旅人
3932428, 8.9, 85, 母亲的城堡
3413803, 8.4, 122, 钏影楼回忆录
1025355, 8.2, 144, 1966
5294019, 8.2, 144, 家在云之南
1170854, 9.1, 73, 飞行员
1034127, 8.1, 154, 柏杨回忆录
1103241, 8.7, 93, 白宫岁月(全四册)
1127582, 8.4, 116, 哲学生涯
24376169, 8.4, 116, 山里山外
1907315, 8.2, 137, 雷蒙・阿隆回忆录
1962896, 8.5, 107, 耳中火炬
3219361, 7.5, 264, 出版人
6920204, 8.1, 145, 忆马勒
4747424, 7.1, 427, 我和父亲季羡林
25551562, 7.5, 261, 李光耀回忆录
20379949, 7.2, 371, 最后的闺秀
26847432, 8.9, 77, 榱嘶钕氯ィ好北女孩朴研美
1085113, 8.2, 131, 玫瑰的回忆
10789137, 8.3, 120, 雪白血红
2992729, 7.8, 185, 问学谏往录
4875686, 8.0, 153, 逝去的武林・高术莫用
1369422, 9.2, 62, 管惟炎口述v史回
24857759, 8.6, 93, 湘西往事：黑帮的童话2
1998044, 7.9, 167, 朝鲜战争
1423470, 8.0, 151, 里面的故事
10786461, 8.3, 116, 随记光阴
1950850, 7.9, 164, 梨园外纪
1507442, 7.6, 218, 我这三十年
1014518, 8.4, 105, 茨维塔耶娃文集：回忆录
1060000, 8.4, 105, 精神的雕像
1013338, 8.8, 77, 六月雪
1013910, 7.8, 172, 两个幸运的人
20493389, 8.0, 142, 回家记
1593010, 8.7, 81, 桑榆忆往
11542553, 8.4, 101, 颠倒岁月
1024249, 8.1, 129, 番薯人的故事
1421030, 8.1, 129, 我的配音生涯
4744046, 8.3, 108, 趣味横生的时光
25944419, 7.3, 284, 大地上所有的河流
25767380, 7.0, 413, 我的父亲手V治虫
1464418, 8.3, 107, 琴恋
2678709, 8.7, 79, 翁偶虹编剧生涯
6438955, 8.2, 115, 北京十年
11445599, 7.5, 222, 一九四九国府垮台前夕
1018236, 8.3, 105, 鲁迅的青年时代
25733969, 8.0, 135, 蹉跎坡旧事
26584055, 8.6, 83, 米塞斯回忆录
1069781, 8.8, 72, 原上草
5328088, 8.3, 104, 血与铁
1484487, 7.5, 218, 御香缥缈录
1950985, 8.3, 103, 励耘书屋问学记
25772406, 8.0, 132, 逆流而上
10826052, 7.4, 235, 永远的苏珊
26265940, 8.6, 80, 寒星下的布拉格
1144869, 8.5, 86, 追寻
1962897, 8.3, 100, 眼睛游戏
1976217, 8.1, 117, 赫鲁晓夫回忆录（全三卷）
2009823, 8.4, 91, 锯齿啮痕录
4729631, 8.7, 73, 汪政权的开场与收场
3713398, 7.8, 150, 左边
2010072, 7.6, 182, 国宴与家宴
1122785, 7.8, 149, 莫斯科日记
1786651, 8.0, 124, 我与商业领袖的合作与冲突
10564525, 8.6, 77, 浪
2382372, 7.4, 223, 逝水年华
1440435, 7.3, 248, 母亲杨沫
10802766, 7.1, 315, 我的朋友鲁迅
1288971, 7.7, 162, 康定斯基回忆录
1938572, 8.5, 82, Moab Is My Washpot
26681315, 8.9, 62, 一个定理的诞生
19971138, 8.8, 66, 泥泞中的老虎
20258511, 7.8, 145, 留学时代
26901257, 9.6, 41, 三十年细说从头 (上下)
1274259, 8.4, 87, 钱穆与中国文化
1007975, 7.8, 144, 沈从文晚年口述
3002757, 7.4, 216, 浮生漫谈
1781231, 7.4, 215, 王蒙自传（第1部）
3074026, 8.0, 119, 我的留学记
1918491, 7.8, 141, 往事点滴
1943940, 7.3, 236, 在希特勒身边12年
1447905, 8.3, 92, 回忆录
4832441, 8.5, 79, 烙印
24876899, 9.2, 50, 顾维钧回忆录（全13册）
6794846, 8.8, 64, 拓荒与呐喊
25932093, 8.0, 117, 小园即事
26278990, 8.6, 73, 逝年如水
3397116, 8.3, 91, 纳粹上台前后我的生活回忆
3075289, 7.4, 207, 知道
3229568, 8.9, 59, 记钱钟书与《围城》
4237539, 8.7, 67, 生命之舞-邓肯自传
25800398, 8.1, 104, 浮生三记
2240279, 8.6, 71, 狱中二十年
5263540, 8.0, 113, 德国媳妇中国家
25845259, 8.0, 113, 重庆往事
2076327, 7.4, 200, 海德堡岁月
1801430, 8.2, 95, 我的情报与外交生涯
25714762, 7.8, 133, 吾家小史
10740436, 8.6, 70, 世界上最疼我的那个人去了
2284055, 7.7, 146, 我的医务生涯
4840957, 7.9, 120, 1944-1948我的战争
25861518, 6.8, 408, 奢侈
6525712, 8.1, 101, 我的朝鲜战争
26022684, 8.1, 101, 一本严格意义上的日记
1420861, 7.8, 130, 帝国的陷落
5446436, 8.7, 64, 禁地青春
1068803, 7.4, 192, 上海的女儿
26758026, 8.0, 108, 温家宝地质笔记
1028596, 8.6, 68, 荆棘路
3807484, 6.9, 347, 不堪回首
1033263, 8.1, 99, 师承・补课・治学
26107112, 7.2, 237, 小小麦田
3321680, 9.2, 46, 小舟
1008941, 7.1, 263, 鲁迅与我七十年
5275260, 8.0, 105, 赵俪生高昭一夫妇回忆录
3932427, 8.5, 71, 秘密时光
26794875, 9.0, 51, 战俘营回忆录：1680天
1277314, 7.8, 124, 朱可夫元帅战争回忆录
1223795, 7.7, 136, 为书籍的一生
2262233, 8.2, 87, 托洛茨基：我的生平
25804571, 8.5, 69, 儿子，你要活下去
1929767, 8.3, 79, 红幕后的洋人
1313423, 8.1, 92, 邓尼茨元帅战争回忆录
26859410, 8.4, 73, 另一个世界
1169374, 8.1, 91, 梁漱溟自述
2190997, 8.1, 91, 楚④回（上、下）
1639470, 8.6, 62, 回顾香港电影三十年
1398543, 8.0, 97, 亲历晚清四十五年
10521234, 8.0, 97, 我用微软改变世界
1029007, 7.1, 236, 紫禁城的黄昏
1510287, 7.9, 105, 晚清宫廷生活见闻
4087570, 7.6, 138, 陈诚回忆录
2337526, 8.2, 82, 冈村宁次回忆录
24531423, 7.3, 186, 闲来笔潭
1409539, 8.4, 70, 走在历史的路上
6859746, 8.0, 95, 我的罗陀斯
20412232, 8.0, 95, 1942饥饿中国
4224723, 8.3, 75, 一个德国人的故事
19950615, 7.6, 135, 此生名为李香兰
1442139, 8.8, 53, 饿乡纪程 赤都心史 乱弹 多余的话
1866838, 8.1, 87, m前町九十番地
3356346, 7.5, 148, 爸爸黑泽明
10587458, 8.6, 60, 从战争到战争
1939511, 7.0, 255, 肩后
1431675, 8.2, 79, 索尔蒂回忆录
1959819, 7.2, 197, 天凉好个秋
10517689, 7.9, 99, 顾颉刚自传
1949693, 8.4, 66, 量守庐学记续编
26791405, 7.6, 127, 八百万种走法
5472426, 8.1, 82, 三十三年之梦
1913303, 8.8, 50, 寻找英雄
3193482, 8.2, 75, 游学生涯
1051098, 9.6, 32, 生死劫
5321893, 7.4, 151, 死海搏击
1108903, 8.3, 69, 与钢琴大师在一起的岁月
26351142, 8.6, 56, 秋籁居忆旧
26287487, 9.3, 37, 等待倾听
1050336, 7.4, 150, 中国纪事
6784447, 6.9, 265, 金岳霖回忆录
1038147, 7.8, 102, 北大旧事
2971703, 7.8, 102, 阅世品人录
2010598, 8.9, 46, 走向混沌
24295883, 7.9, 93, 时局的生意
5977469, 9.5, 33, 明月
3272747, 8.5, 59, 庚子西狩丛谈
2372462, 8.7, 51, 许姬传七十年见闻录
1091124, 9.2, 38, 卡尔・弗莱什回忆录
10749322, 8.5, 58, 两户人家
10566148, 7.3, 159, 被偷走的人生
1160790, 8.1, 77, 浮世万象
25848379, 7.3, 158, 给伊夫的信
1274958, 8.7, 50, 狱里狱外
6729189, 8.1, 76, 假面舞会
20152485, 8.1, 76, 昨日之河
3449435, 7.4, 141, 我的愤青岁月
5383659, 7.9, 89, 军统第一杀手回忆录1
3661833, 7.7, 105, 夜砼R：EC的共Y
5326870, 6.5, 424, 黄长烨回忆录
3300769, 9.2, 37, 十年与二十天
23081028, 7.9, 88, 我与历史有个约会
4907526, 8.0, 81, 黑色雪绒花
21778487, 8.4, 60, 安娜・陀思妥耶夫斯卡娅回忆录
5905292, 7.6, 114, 绮情楼杂记
24869453, 8.3, 64, 介入的旁观者
1007264, 7.6, 113, 莫斯科中山大学和中国革命
3274550, 7.6, 112, 我与三联
4798164, 8.4, 59, 箫声剑影
2334445, 8.1, 73, 李香兰―我的前半生
1575686, 9.2, 36, 顾维钧回忆录(第二分册)
26674220, 8.6, 51, 章开沅口述自传
1001104, 7.6, 110, 张学良世纪传奇:口述实录(全二册)
1003562, 8.0, 78, 从家乡到美国-赵元任早年回忆
1089396, 8.3, 62, 印卡王室述评
1035291, 8.0, 75, 玫瑰信札
25725847, 8.0, 75, 清华园日记
1287698, 7.4, 127, 文强口述自传
26598166, 8.5, 52, 那趟从不停靠的列车
20471896, 8.0, 74, 师友记往
1036467, 7.8, 86, 我的生活与爱
3722097, 7.8, 86, 问史求信集
23009793, 8.0, 73, 英子的乡恋
1022001, 7.9, 79, 顾维钧回忆录缩编（上下）
25850738, 7.7, 93, 监狱里的图书馆
1423469, 8.1, 67, 就是这样走过来的
3290407, 7.6, 101, 流逝的岁月
1967640, 8.4, 54, 长沙.常德.衡阳血战亲历记-国民党将领葛先才将军抗战回忆录
20563018, 8.0, 72, 1966－1970：暗淡岁月
25728569, 8.5, 50, 父子大学
3759200, 7.1, 164, 走下神坛的毛泽东
1066993, 7.9, 77, 黄克诚自述
5924802, 7.7, 91, 齐世英口述自传
1031102, 7.8, 83, 巴顿将军战争回忆录
20424606, 7.5, 108, 最寒冷的冬天Ⅱ
25758176, 7.9, 76, 晚年毛泽东重读古文内幕
1276025, 7.5, 107, 心香泪酒祭吴宓
11534353, 8.2, 60, 张发奎口述自传
4071855, 7.3, 129, 小回忆
1124907, 8.3, 55, 未完成的旅行
1950039, 8.2, 59, 北平怀旧
26578129, 7.9, 74, 何有此生
3317542, 7.8, 80, 高宗武回忆录
5257464, 8.1, 63, 何方谈史忆人
1506964, 7.9, 73, 苏联解体亲历记
25929935, 8.5, 47, 青年希特勒
10876303, 7.9, 72, 晚年所思
1875072, 8.6, 44, 致友人的二十封信
3813386, 7.1, 151, 你我之间
1898111, 7.6, 92, 精神历程
26021359, 8.2, 57, 杨绛，走在小说边上
26335810, 8.0, 66, 一个医生的故事
25774402, 7.5, 100, 庭院深深钓鱼台
2222589, 8.7, 41, 好莱坞的黄金时代
4832491, 7.9, 71, 一个美国外交官使华记
1350097, 7.1, 148, The Woman Warrior
26856478, 8.5, 46, 无路可逃
1065828, 7.8, 76, 为什么去中国
2106270, 8.6, 43, 积微翁回忆录
2125915, 7.4, 108, 少年我心
25778641, 8.9, 36, 心殇：我在伪满洲国读书的日子
1309254, 8.8, 38, 上海时代
24722094, 7.6, 89, 我与岩波书店
2380952, 7.7, 81, 隔代的声音
5335787, 8.3, 51, 一个美国女孩在中国
1877700, 8.0, 63, 简・方达回忆录
26108253, 8.9, 35, Girl in a Band
1010923, 8.1, 58, 花甲忆记
26248240, 8.1, 58, H Is for Hawk
4134641, 7.3, 114, 集体回忆・特吕弗
3329793, 9.0, 33, 第二次世界大战中的德国海军战略
2188229, 6.9, 175, 芬妮希 : 一g雠子的回
1067720, 8.5, 44, 顾准自述
3523039, 8.5, 44, 朱东润自传
25661917, 8.3, 50, 青春之歌
1313027, 6.7, 221, 王蒙
1278147, 7.9, 66, 张申府访谈录
4057826, 7.5, 92, 陈布雷回忆录
25743869, 7.7, 77, 我的唐顿庄园
10583117, 7.2, 122, 走出白色恐怖
25951769, 8.8, 36, 威廉・夏伊勒的二十世纪之旅I：世纪初生
25986829, 9.2, 29, 威廉・夏伊勒的二十世纪之旅
3932426, 8.4, 45, 爱恋时光
1429932, 7.9, 64, 复旦往事
6795314, 7.9, 64, 波伏瓦回忆录
26298299, 7.9, 64, 生活本身
1055548, 7.8, 69, 回顾-越战的悲剧与教训
5260524, 7.3, 107, 我这九十年
5377609, 7.3, 107, 钱锺书先生百年诞辰纪念文集
25876364, 8.0, 59, 无上荣耀
26658728, 8.2, 51, 高墙深院里的科学大腕
3337525, 8.6, 39, 家国梦影
4214785, 7.3, 105, 我的FBI生涯
1090730, 8.0, 58, 尼克松回忆录
20441823, 8.0, 58, 走，回民国住两天
26264004, 8.3, 47, 
1691568, 7.5, 87, 我与悲鸿
3202123, 9.0, 31, 大成就者之歌（上：法源篇）
3317549, 7.8, 67, 潮流与点滴
1489493, 6.9, 158, 清宫二年记
5323606, 7.7, 72, 公主回忆录
24648745, 6.8, 176, Hard Choices
2992724, 7.6, 78, 我与故宫五十年
4151211, 7.6, 78, 天地一书生
1944201, 7.8, 66, 十年论战（上下）
25900302, 7.4, 92, 农民何谓
25920369, 7.5, 84, 平生六记
25950294, 7.6, 77, 也无风雨也无晴
3018006, 6.8, 172, 乔冠华与龚澎
1962123, 8.2, 48, 画室──塞尚与加斯P的对话
1318807, 7.9, 59, 容闳自传
3189895, 8.0, 54, 孤琴
3160490, 7.9, 58, 丽莉・布瑞斯珂的中国眼睛
3258006, 8.8, 32, 橡胶林的回忆
1079465, 8.5, 38, 乱世学人
25931711, 8.2, 46, 宝贝，宝贝
25926549, 7.2, 103, 师友杂忆
25951801, 9.1, 27, 威廉・夏伊勒的二十世纪之旅II：噩梦年代
20365862, 7.9, 56, 士兵系列004:士兵
3048907, 8.2, 45, 谍海搏杀-舒伦堡回忆录
1451832, 8.6, 35, 中国知青部落（第1部）
1069281, 8.2, 44, 篱槿堂自叙
1879919, 8.2, 44, 懒寻旧梦录
26449650, 8.2, 44, 碛衅名字的女孩
1145354, 7.8, 58, 典守故宫国宝七十年
4845855, 7.5, 74, A Journey
26267259, 7.1, 106, 孤独相伴
1438567, 7.6, 67, 梅兰芳游美记
25940602, 8.1, 46, 梁漱溟日记（上下）
1057126, 9.0, 27, 旧时宣武门前燕
25814443, 8.0, 49, 凌汛
11626650, 8.6, 33, 家事、国事、天下事
25883308, 9.4, 22, 两个世界的回忆
1449606, 8.4, 37, 未带地图的旅人
26348869, 8.4, 37, 法官能为法治做什么
1010595, 7.6, 65, 一个革命的幸存者（上下）
20414496, 7.1, 102, 一知半解
25743432, 9.1, 25, 彳亍WD七十年
3565170, 7.5, 70, 水
1062189, 7.9, 51, 弦裂：柏林爱乐乐团首席小提琴家斯特恩回忆录
5982746, 6.8, 139, 中国为什么要改革
25832161, 7.6, 64, 北大回忆
1510347, 7.1, 100, 军统内幕
1400547, 8.0, 47, 我的特务生涯
5327838, 8.0, 47, 变色龙才是政治的徽章
1438685, 8.4, 36, 历史激流：杨宽自传
1864089, 8.4, 36, 西蒙波娃回忆录
6129284, 7.4, 74, 宪益舅舅的最后十年
24295873, 7.7, 57, 已知与未知
2030113, 8.5, 33, 最後的S埔：老兵cx散的故事
11519099, 7.4, 72, 上海下海
1009049, 7.5, 66, 牛棚日记
1141156, 8.6, 31, 李方桂先生口述史
6114636, 8.6, 31, 百战归来认此身
1066370, 8.3, 37, 在蒋介石身边八年
10737579, 7.7, 56, 往事点滴
25960596, 7.7, 56, 我的自学小史
1685704, 7.3, 78, 儿时“民国”
3673760, 7.3, 78, 郭汝瑰回忆录
11587402, 7.9, 48, 夭折的记忆
2298060, 8.2, 39, 长相思
26299308, 7.6, 60, 索尔・贝娄访谈录
25953659, 7.3, 76, 台共党人的悲歌
25933601, 7.2, 83, 一个戴灰帽子的人
1927451, 8.8, 27, 鲁迅回忆录正误
1945073, 7.4, 69, 没有不散的筵席
2249145, 7.4, 69, 慕庐忆往：王叔岷回忆录
3259442, 7.4, 69, 哈尔滨档案
2106413, 9.1, 23, 外语教育往事谈:教授们的回忆
3179042, 8.0, 43, 国民党将领淮海战役亲历记
2047575, 7.4, 68, 卡萨诺瓦回忆录
5996732, 9.0, 24, 追忆双亲
1614436, 8.3, 35, 恍若隔世
4240569, 8.3, 35, 复归的素人
1963583, 8.9, 25, 与莫斯科决裂
25848311, 8.2, 37, 杨洁自述
1534365, 8.6, 29, 文史资料选辑
4234243, 8.1, 39, 我这一生
1836183, 8.3, 34, 费正清自传
1090875, 8.4, 32, 岁月
1275330, 7.7, 51, 从上海市长到“台湾省主席”（1946-1953年）DD吴国桢口述回忆
2225849, 7.7, 51, 成败之鉴
1003055, 7.0, 94, 红色家族档案:罗瑞卿女儿的点点记忆
10427222, 8.2, 36, 波伏瓦回忆录
1095637, 8.5, 30, 沈醉狱中趣闻
3202129, 9.1, 22, 大成就者之歌（下：传承篇）
3637476, 7.0, 93, 民国密码战
1060168, 9.0, 23, 我与古史辨
2344596, 8.1, 38, 今井武夫回忆录
26767764, 7.9, 43, 无悔 : 陈明忠回忆录
25894569, 7.8, 46, 我是一个中国的美国人
1337308, 8.8, 25, 零度以下五十年
6832688, 7.2, 74, Orange Is the New Black
1072337, 8.1, 37, 马礼逊回忆录
25894699, 8.5, 29, 我想活得像人
2146129, 7.9, 42, 新疆五十年
25921333, 7.9, 42, 难得本色任天然
2255901, 6.9, 98, 特工人生“深喉”回忆录
1852500, 7.2, 73, 最危险的总编辑
2340328, 6.9, 97, 蒋纬国口述自传
1462424, 8.2, 34, Son of the Revolution
2183561, 7.8, 44, 徐向前回忆录
26376114, 8.8, 24, 西北考察日记
1719302, 7.7, 47, 在历史巨人身边
1588110, 7.6, 50, 溥杰自传
6736438, 6.8, 103, 八十溯往
25750091, 8.3, 31, 晦侬往事
25761783, 8.3, 31, 劫余录
1473346, 8.1, 35, This Boy&#39;s Life
3122125, 7.7, 46, 牌戏人生
1659968, 8.4, 29, 吴湖帆文稿
1464769, 8.0, 37, 李明回
25807550, 7.6, 49, 少女
25920031, 7.6, 49, 一片冰心在玉壶
1833455, 7.8, 42, 青春・北大
2227196, 7.7, 45, 岫庐八十自述
3213862, 7.9, 39, 鹰犬将军
3757950, 8.5, 27, 追忆王国维
5942453, 7.5, 52, 九十春秋
2002740, 8.8, 23, 那个年代中的我们
3321618, 6.7, 110, 孟小冬
20504793, 8.0, 36, 南港学风
4243141, 7.5, 51, 沈醉回忆录
3011819, 8.0, 35, 里根自传
26643941, 8.0, 35, 吴建民谈外交
25929084, 7.8, 40, 燕南园往事
26754373, 7.8, 40, 战略对话
2297874, 7.2, 64, 三生有幸
1975142, 8.3, 29, 艾森豪威尔回忆录
4209708, 7.6, 46, 旧闻杂忆（修订版）
6430314, 7.6, 46, 一辈子的活法
2343135, 6.9, 84, 德龄公主回忆录
26265843, 8.9, 21, 我的疯狂世纪
25736047, 9.0, 20, 云深不知处
21364395, 6.9, 83, 王国维家事
3262646, 8.7, 23, 谍海孤舟
1020382, 7.0, 75, 吴德口述
3194577, 7.8, 39, 编辑忆旧
2132175, 7.6, 45, 侍卫官杂记
2015137, 8.1, 32, 我是日军翻译官
2185794, 8.0, 34, 租界生活
3075628, 7.5, 48, 四院・沙滩・未名湖
1418577, 8.3, 28, 我与我的世界
3138950, 8.3, 28, 麦克阿瑟回忆录
24860612, 7.7, 41, 绝响
5263234, 6.9, 80, 太监谈往录
1542539, 8.1, 31, 杨尚昆日记（上、下）
26262781, 8.4, 26, Do No Harm
26339094, 8.4, 26, 死亡特雷布林卡
1007479, 7.9, 35, 又见昨天
3464386, 7.9, 35, 我的人生档案
26671867, 7.9, 35, 我们三代人
25743938, 8.2, 29, 周策纵作品集1：忆己怀人
4289860, 8.8, 21, 文学七七级的北大岁月
1419704, 7.3, 54, 音乐移动群星:霍金传
2005464, 7.4, 49, 往事
3602421, 7.4, 49, 基辛格越战回忆录
1047635, 7.7, 39, 生死恋歌
3651501, 8.4, 25, 海遗丛稿
6310990, 9.2, 17, 沈宗瀚自述（全三册）
25789290, 7.6, 41, 我的家庭回忆录
1814841, 8.7, 21, 亲历长征
3644117, 7.4, 47, 格兰特将军回忆录
6438514, 8.9, 19, 中老胡同三十二号
3299941, 7.1, 60, 克格勃与政权
2027148, 8.5, 23, 碧空铁血
25951817, 8.5, 23, 威廉・夏伊勒的二十世纪之旅III：旅人迟归
25910821, 8.2, 27, 黄沙与蓝天
6885707, 7.9, 32, 我想对你说，亲爱的
4722164, 6.6, 96, 鲁迅回忆录
2005566, 8.0, 30, 杜鲁门回忆录(上下)
1313639, 6.7, 85, 我做了七年蒋介石夫人(陈洁如回忆录)
24754279, 8.7, 20, 第一次世界大战回忆录1
3744129, 8.2, 26, 我所亲历的中苏大论战
20257070, 8.2, 26, 寒冰的篝火
1970620, 7.5, 41, 林斤澜说
1970916, 7.5, 41, 我的生活
3300772, 7.6, 38, 郭廷以口述自传
25912272, 7.9, 31, 沧桑岁月稠
26428568, 7.4, 44, 洄澜
24862706, 7.8, 33, 纽伦堡来信
1050049, 6.8, 74, 盛氏家族・邵洵美与我
3000449, 7.5, 40, 我与道藩
4704170, 7.6, 37, 美国女画师的清宫回忆
25916824, 7.6, 37, F是怎不成的
25921649, 7.9, 30, 家书中的百年史
26787000, 8.0, 28, 天地悠悠
4238160, 7.5, 39, 生正逢时
24099183, 7.6, 36, 哈钦斯的大学
26183740, 8.1, 26, 保罗・安德鲁建筑回忆录
26735057, 8.4, 22, 第二本书
3694210, 6.7, 76, 白崇禧口述自传（上下）
4262010, 7.7, 33, 报海旧闻（修订版）
1265218, 8.9, 17, 永州旧事
1291602, 8.1, 25, 战争回忆录（共3册）
26713294, 7.6, 34, 干校札记
21778431, 8.5, 20, 同时代人回忆陀思妥耶夫斯基
1154574, 8.4, 21, 让庐日记
26364711, 8.4, 21, 缅怀玛丽娜・茨维塔耶娃
21966326, 7.3, 42, 国家威胁
1060981, 8.3, 22, 沧海（上下）
6854483, 8.3, 22, 道一风同
26596558, 8.3, 22, 呐喊――大屠杀回忆录
3555646, 7.7, 31, 囚徒
26387803, 7.7, 31, 勒热夫绞肉机
3024038, 7.2, 44, 搞垮巴林银行之后
25787849, 7.4, 37, 闲置的皇城
26711069, 7.2, 43, 莫问他乡与故乡
26284498, 7.8, 28, 水流过，星月留下
3848876, 8.3, 21, 纳粹将领的自述
1012720, 7.6, 31, 反回忆录
26337760, 7.0, 49, 留学北京
1409540, 7.1, 45, 在出版界二十年
3411367, 7.7, 29, 莎拉的礼物
2281350, 7.9, 25, 难忘的八年-周恩来秘书回忆录
1446166, 7.7, 28, 背水一战
26411643, 6.9, 51, 难得本色任天然
26757864, 7.8, 26, 百年旧痕
26335169, 8.0, 23, 拯救最后的犹太人
21337366, 7.3, 36, 眷村
1067674, 7.9, 24, 虽九死其犹未悔
26430399, 7.9, 24, 阎明复回忆录
11516575, 7.4, 33, 东京上空三十秒
26791192, 7.4, 33, 各在天一涯
25808264, 8.2, 20, Duty
3531673, 7.8, 25, 吴清源回忆录
1838400, 8.0, 22, 儿时琐忆
1547328, 7.9, 23, 五十回忆
1187634, 7.3, 34, 刘华清回忆录
4712862, 7.8, 24, 我的父亲顾颉刚
10508764, 7.5, 29, 晚清侍卫追忆录
1734163, 8.4, 17, 薛暮桥回忆录
3321784, 6.9, 44, 突围
21778060, 7.8, 23, 一八六七年日记
25819541, 7.8, 23, 爸爸丰子恺
3063698, 7.0, 39, 毛家湾纪实
3778377, 8.0, 20, 国民政府女密使赴藏纪实
19957139, 8.2, 18, 人曲
1393517, 7.9, 21, 红尘冷眼
1461801, 7.9, 21, 89年的秋天
10803521, 7.9, 21, 荒漠的旅程
1261271, 7.6, 25, 红色记忆
26684744, 8.5, 15, A Life Beyond Boundaries
6540577, 7.6, 24, 早年毛泽东
1396454, 8.0, 19, 国事忆述
10510751, 7.3, 29, 王云五回忆录
25786738, 7.7, 22, 浪迹十年之联大琐记
2081701, 8.0, 18, 我的读书生涯
10795445, 7.8, 20, 波伏瓦回忆录
6985690, 8.1, 17, 八十逆旅
2359401, 6.4, 58, 业外杂谭录
1938611, 7.2, 29, 白崇禧回忆录
1491764, 8.2, 16, 我在中国和美国的生活
10740538, 7.1, 31, 盛成回忆录
6087618, 7.8, 19, 陈诚回忆录
3376233, 7.1, 29, 80后
4704128, 6.5, 48, 在太后身边的日子
2156261, 7.0, 31, 峰与谷
26695660, 7.4, 23, 潮起潮落：新中国文坛沉思录
26658814, 7.8, 18, 我的父亲苏秉琦
6798742, 7.7, 19, 昨夜星辰昨夜风
11650637, 7.9, 17, Unknown Pleasures
4243140, 6.6, 41, 沈醉回忆录
25728115, 7.5, 21, 母亲的六十年（郑鸿生作品）
3555654, 7.2, 25, 谷牧回忆录
26421490, 7.7, 18, 小难民自述
1018638, 7.6, 19, 冬天里的尼克松
25850144, 7.8, 17, 百年世事
7067171, 7.0, 28, 黄慕兰自传
25908462, 7.9, 16, 31人说
25909079, 7.4, 21, 奥岱翁街
25835253, 6.8, 32, 一槌定音
1934729, 7.3, 22, 江泽民在一汽的岁月
25886984, 7.6, 18, 时光如此轻柔
26437677, 7.6, 18, 饥不择食
26671047, 7.6, 18, 姜义华口述历史
3601827, 7.8, 16, 我的中国缘分
1417473, 7.4, 20, 一声千两
1008188, 6.8, 30, 忆毛主席
26735056, 7.9, 15, 同时代人回忆契诃夫
3635846, 8.2, 13, 亦回
26708191, 8.0, 14, 责任
1142791, 7.0, 25, 胡乔木回忆毛泽东
25782632, 7.6, 17, 依依故人
26336539, 7.6, 17, 一生爱好是天然
5300555, 7.4, 19, 我额头青枝绿叶
1197907, 7.7, 16, 愤怒书尘
17070190, 7.7, 16, 历史的回声
4720218, 7.3, 20, 1900年：西方人的叙述
1312047, 7.8, 15, 希望回忆录
26850675, 7.8, 15, 我死过
26921246, 7.6, 16, 女儿亚妮
2021094, 6.1, 50, 我的丈夫溥仪
1010123, 7.4, 17, 背叛(《沧海》第一部)
25880222, 7.4, 17, 抗战中 看河山
5984161, 7.5, 16, 文革中的我
1273850, 7.9, 13, 早年留日者谈日本
4172991, 7.9, 13, 学钝室回忆录
1343782, 7.6, 15, 浮生後
26734109, 7.6, 15, Lab Girl
3314638, 7.7, 14, 地下十二年与周恩来
4882059, 7.7, 14, 困学纪程
26829115, 8.0, 12, 客居忆往
22003507, 7.3, 17, 我不知道的那些事情
25750614, 7.3, 17, 我的中国心结：一个中国知识分子的苏联流亡记
3879810, 7.8, 13, 浦薛凤回忆录（全三册）
4079417, 7.8, 13, 蹇蹇录
26606590, 7.8, 13, 十年一梦
26578132, 7.1, 19, 谢觉哉家书
2355160, 7.0, 20, 探索历史―白修德笔下的中国抗日战争
26760888, 7.6, 14, 暗夜里，还亮着灯
1889294, 8.1, 11, Memoirs of the Second World War
1475307, 7.9, 12, Living to Tell the Tale
4158060, 7.7, 13, 影坛忆旧
2023591, 7.2, 17, 我的八十五年
25969249, 7.2, 17, 百岁拾忆
24852561, 7.3, 16, 真相：专机副驾驶亲历“九一三”
2203784, 7.4, 15, 人类学家三部曲:故乡.田野.火车
4040420, 7.4, 15, 四个时代的我
3678004, 7.5, 14, 自由的滋味
26139619, 7.8, 12, 老兵长存
2178200, 6.0, 42, 我与汉卿的一生
26598314, 7.6, 13, 江海平生
26300032, 7.2, 16, 筑人间
26711228, 7.2, 16, 忆着烟村旧风景
25720523, 6.9, 19, 百岁溯往
3036904, 7.7, 12, 十字架上的校L：敏之夫人回
3640684, 7.7, 12, 追忆章太炎
25717280, 7.7, 12, 秋灯忆语
25731599, 7.7, 12, 广禄回忆录
25811038, 7.5, 13, 徐景贤最后回忆
26646298, 7.5, 13, 回忆拿破仑
26702154, 7.8, 11, 大节落落  高文炳炳
6519142, 7.4, 13, 旅苏纪事
26733120, 7.4, 13, 伊杰娅
5392174, 7.0, 16, 宋美龄回忆录
25904944, 7.7, 11, A Spy Among Friends
26425883, 7.7, 11, 东鸣西应记
25915717, 7.5, 12, 五四事件回忆
26608356, 7.5, 12, 生命中的兵团（上下）
26344116, 7.8, 10, 老先生
2185737, 6.9, 16, 文化名人的最后时光
1087964, 7.4, 12, 上海东亚同文书院大旅行记录
6902588, 7.2, 13, 一代奇人戴笠④
26431477, 7.2, 13, 1942―1945：我的上海沦陷生活
1830595, 7.3, 12, 李一氓回忆录
26646248, 6.7, 17, 往事旧友 欲说还休
11530543, 7.4, 11, 波伏瓦回忆录
1669811, 7.6, 10, 政治沧桑六十年
4848744, 7.6, 10, 实力与原则
26824919, 7.6, 10, 城
3131461, 7.0, 13, 海桑集
25811464, 7.0, 13, 古拉格群岛第一岛
1145705, 7.5, 10, 张震回忆录(上下)
1907943, 7.5, 10, 巨匠与情人
2273079, 7.5, 10, The Climb
26336862, 7.3, 11, 逝者如斯集
26698932, 7.1, 12, 一臂之间
26673661, 7.4, 10, 邓力群自述
26433682, 7.0, 12, 英国巡捕眼中的上海滩
26775923, 7.0, 12, 留学改变我的世界
26380273, 7.1, 10, “灰皮书”：回忆与研究
25750459, 0.0, 41, A Single Tear
