2017-01-23 16:17:59
Tag: 外国
The number of books: 998 

ID, rating, votes, title
1084336, 9.0, 211603, 小王子
1770782, 8.8, 248947, 追风筝的人
6082808, 9.2, 94370, 百年孤独
1068920, 9.3, 73313, 飘（上下）
1041007, 9.0, 82498, 哈利・波特与魔法石
1040211, 9.2, 46902, 福尔摩斯探案全集（上中下）
1071241, 8.9, 70172, 哈利・波特与阿兹卡班的囚徒
1009257, 8.9, 68069, 哈利・波特与火焰杯
1083428, 8.8, 80334, 傲慢与偏见
1017143, 8.5, 130032, 不能承受的生命之轻
1858513, 8.9, 61688, 月亮和六便士
1039487, 8.8, 67893, 哈利・波特与密室
2295163, 8.9, 53467, 哈利・波特与死亡圣器
10594787, 8.9, 50270, 霍乱时期的爱情
1432596, 8.8, 59604, 哈利・波特与混血王子
1141406, 8.5, 101726, 简爱
1829226, 9.1, 35345, 肖申克的救赎
1085860, 8.9, 48452, 基督山伯爵
1046209, 9.1, 34455, 安徒生童话故事集
2035179, 9.2, 28182, 动物农场
1336330, 9.3, 21608, 冰与火之歌（卷一）
1007914, 8.7, 54482, 窗边的小豆豆
1082387, 9.2, 24007, 一九八四・动物农场
1827374, 9.0, 32507, 东方快车谋杀案
2143732, 8.7, 48484, 灿烂千阳
1040771, 8.2, 123360, 达・芬奇密码
1013129, 8.6, 56196, 哈利・波特与凤凰社
1046265, 8.0, 178790, 挪威的森林
3006581, 8.9, 30715, 无人生还
1045818, 8.5, 59186, 苏菲的世界
1043008, 8.9, 27885, 格林童话全集
2154960, 8.7, 38686, 一个陌生女人的来信
3608208, 8.6, 45469, 牧羊少年奇幻之旅
1080370, 8.6, 45094, 情书
2035162, 9.0, 22452, 刀锋
1205054, 8.9, 25765, 悲惨世界（上中下）
1464203, 9.4, 11870, 冰与火之歌（卷二）
7060185, 9.0, 21128, 江城
1986291, 9.5, 10278, 冰与火之歌（卷三）
4908885, 9.0, 20115, 局外人
1119522, 8.4, 54420, 呼啸山庄
1863930, 8.8, 25331, 看不见的城市
1058661, 8.8, 24322, 飞鸟集
1400705, 8.1, 79083, 情人
1086249, 8.6, 30341, 荆棘鸟
1064275, 8.3, 50323, 老人与海
1051193, 8.6, 28487, 麦琪的礼物
1034282, 8.8, 19400, 时间简史
1092335, 8.9, 16044, 教父
1433640, 9.3, 8891, 猜猜我有多爱你
1803022, 9.0, 12739, 圣经
1119839, 9.1, 11028, 王尔德童话
1024197, 8.3, 39262, 巴黎圣母院
1292416, 8.5, 26410, 香水
2361768, 9.3, 7910, 爷爷变成了幽灵
3162991, 9.6, 5246, 艺术的故事
3210843, 9.2, 8410, 冰与火之歌・卷四・群鸦的盛宴（全两册）
3406401, 9.0, 11010, 悉达多
4011670, 8.3, 33416, 人间失格
1818347, 8.7, 17050, 尼罗河上的惨案
4187411, 8.8, 14414, 万物有灵且美
2035171, 9.0, 10716, 人生的枷锁
1008988, 8.3, 31976, 了不起的盖茨比
1424741, 8.5, 22339, 心是孤独的猎手
20381804, 9.4, 6020, 冰与火之歌・卷五・魔龙的狂舞（全三册）
1013380, 8.1, 45154, 茶花女
1394364, 8.8, 13713, 银河系漫游指南
1159939, 8.5, 21886, 一个陌生女子的来信
3026879, 8.8, 13331, 爱的艺术
1856494, 9.3, 6360, 卡拉马佐夫兄弟
25829693, 9.0, 9489, 永恒的终结
1205370, 8.1, 40982, 羊脂球
1036274, 8.5, 20146, 夏洛的网
6781808, 9.2, 7049, 杀死一只知更鸟
5038409, 9.0, 8981, 金色梦乡
26382433, 8.2, 32056, 无声告白
6789605, 9.0, 8735, 树上的男爵
1035848, 8.6, 15721, 一千零一夜
1440972, 9.1, 7393, 博尔赫斯小说集
1813841, 8.8, 11259, 枪炮、病菌与钢铁
1062193, 8.6, 15224, 娱乐至死
1004821, 8.7, 12812, 理想国
2056749, 8.1, 34507, 时间旅行者的妻子
1016003, 8.0, 40957, 鲁滨逊漂流记
1013225, 8.3, 23364, 生活在别处
1082518, 7.9, 48055, 麦田里的守望者
1865089, 8.4, 19141, 瓦尔登湖
1083762, 8.7, 11546, 人类的群星闪耀时
1085470, 8.4, 18538, 海底两万里
1062343, 9.2, 5728, 昨日的世界
1316648, 8.3, 21698, 查令十字街84号
5366248, 8.3, 21625, 你一定爱读的极简欧洲史
1040104, 8.7, 11022, 魔戒（第一部）
1228110, 8.2, 24808, 天使与魔鬼
1140727, 8.8, 9372, 安德的游戏
1001136, 8.8, 9347, 彼得・潘
1213546, 8.3, 20087, 变形记
1170801, 8.9, 7913, 泰戈尔诗集
3315879, 8.6, 11675, 恶童日记
1033190, 8.8, 8457, 失落的一角
1258498, 8.3, 18232, 项链
2194123, 8.4, 15429, 相约星期二
1856025, 8.9, 7263, 道连・葛雷的画像
1006197, 8.4, 15290, 哈姆莱特
10763902, 7.9, 36854, 偷影子的人
26425831, 8.8, 8099, 斯通纳
1005521, 8.1, 24864, 伊豆的舞女
1794620, 7.8, 43144, 芒果街上的小屋
1418999, 9.2, 4609, 银河英雄传说
4071859, 9.3, 4069, 我在伊朗长大
1115748, 9.2, 4591, 故事
1066165, 9.3, 4023, 卡尔维诺文集（第三卷）
1465324, 7.7, 51323, 洛丽塔
1007433, 8.1, 23563, 红与黑
3578470, 9.0, 5790, 德米安
1186392, 8.7, 8785, 约翰・克利斯朵夫
24934182, 8.1, 22941, 一个人的朝圣
26340138, 7.7, 49621, 岛上书店
1060774, 8.7, 8587, 君主论
1092149, 8.7, 8400, 梵高传
3391248, 8.6, 9651, 金阁寺
3057556, 9.0, 5471, 狂热分子
6401128, 8.9, 6230, 批评官员的尺度
3537590, 8.3, 15165, 朗读者
4011440, 8.0, 25437, 最初的爱情 最后的仪式
1917972, 7.8, 37137, 在路上
3608235, 8.5, 10840, 失物之书
1004088, 9.0, 5296, 长袜子皮皮
10560798, 8.7, 8019, 面纱
1041128, 8.5, 10741, 天蓝色的彼岸
1254731, 8.8, 6873, 欧・亨利短篇小说选
1037602, 8.9, 5834, 别闹了，费曼先生
20392523, 8.5, 10378, 没有人给他写信的上校
1431870, 9.1, 4471, 源泉
5366275, 8.4, 12081, 我怎样毁了我的一生
24382569, 8.6, 8862, 一桩事先张扬的凶杀案
1917078, 8.6, 8833, 风之影
2180619, 8.0, 23363, 偷书贼
1022632, 8.7, 7492, 罪与罚
1187842, 9.0, 4931, 你一生的故事
2136484, 8.7, 7406, 如果在冬夜，一个旅人
3326892, 8.6, 8537, 圣诞忆旧集
1082584, 8.6, 8474, 追忆似水年华 Ⅰ
11584574, 8.5, 9845, 万物静默如谜
1883353, 8.8, 6331, 野性的呼唤
1060117, 8.5, 9769, 不朽
2158684, 9.0, 4736, 象棋的故事
3347997, 8.5, 9460, X的悲剧
1427288, 8.4, 10827, 小妇人
1005492, 8.9, 5193, 光荣与梦想
1321789, 8.5, 8935, 美丽新世界
10774752, 9.1, 3901, 毛姆短篇小说精选集
4010969, 7.8, 29524, 当我们谈论爱情时我们在谈论什么
2359003, 8.2, 14046, 沉思录
6781794, 8.8, 5622, 过于喧嚣的孤独
4292149, 8.5, 8594, 龙文身的女孩
1442869, 8.9, 4862, 献给阿尔吉侬的花束
1030200, 8.9, 4759, 失落的一角遇见大圆满
4714015, 9.0, 4135, 万物既伟大又渺小
2193877, 8.1, 15708, 你在天堂里遇见的五个人
1203251, 8.1, 15492, 雾都孤儿
1013502, 7.6, 39485, 钢铁是怎样炼成的
1418058, 9.1, 3520, 小径分岔的花园
1007772, 8.2, 12739, 双城记
3597825, 8.6, 6847, 我的孤独是一座花园
1275608, 8.7, 5876, 神秘岛
1441853, 8.9, 4439, 伯里曼人体结构绘画教学
1081422, 8.9, 4406, 卡夫卡小说全集（全三册）
1045352, 8.7, 5774, 二十首情诗与绝望的歌
1012637, 8.2, 12232, 牛虻
1052828, 8.4, 8760, 玩笑
1079680, 8.7, 5639, 你今天心情不好吗？
1005660, 9.0, 3783, 雕刻时光
1017563, 8.7, 5594, 我的野生动物朋友
20326626, 8.6, 6424, 少年Pi的奇幻漂流（插图珍藏版）
5920385, 8.2, 11872, 肠子
2139305, 7.7, 29045, 巴别塔之犬
1072319, 8.5, 7349, 长腿叔叔
1031741, 7.8, 23722, 欧也妮・葛朗台
24845582, 8.4, 8479, 群山回唱
1318126, 8.4, 8473, 雪国
5993310, 9.0, 3653, 直捣蜂窝的女孩
1034279, 8.6, 5967, 果壳中的宇宙
4934552, 8.8, 4525, 玩火的女孩
2042063, 8.4, 7959, 伊斯坦布尔
3673771, 9.0, 3462, 项塔兰
1907739, 8.6, 5841, 当世界年纪还小的时候
1075538, 8.2, 10730, 普罗旺斯的一年
1851385, 7.8, 21344, 我的名字叫红
4105446, 8.1, 12480, 十一种孤独
1064841, 9.0, 3363, 绿山墙的安妮
3266345, 8.1, 12345, 三杯茶
4313207, 8.5, 6575, 致D
3137289, 8.5, 6525, 姐姐的守护者
5958726, 8.0, 14315, 质数的孤独
25884880, 8.9, 3727, 我不知道该说什么，关于死亡还是爱情
1016486, 8.3, 8586, 笑忘录
1010472, 8.4, 7331, 安娜・卡列尼娜（上下）
1255288, 8.0, 13988, 复活
4826530, 9.1, 2805, 我亲爱的甜橙树
1769765, 9.2, 2485, 我在伊朗长大1
3014444, 8.7, 4664, 自深深处
3673651, 7.7, 23624, 岛
10555486, 8.7, 4626, 分成两半的子爵
6857344, 8.5, 6105, 夜莺与玫瑰
4882023, 9.2, 2452, 万物既聪慧又奇妙
3821057, 8.6, 5266, 搏击俱乐部
1400707, 8.1, 11231, 广岛之恋
3826899, 8.6, 5217, 布鲁克林有棵树
2212371, 9.0, 3032, 先知
6789551, 8.8, 3902, 不存在的骑士
3131626, 8.9, 3429, 荒原狼
3124525, 7.7, 22420, 暮色
3151990, 8.5, 5766, 达摩流浪者
1069059, 8.1, 10623, 雪国
20428302, 9.1, 2579, 失明症漫记
1032431, 9.0, 2901, 卡尔维诺文集（第五卷）
2161892, 8.5, 5578, 九故事
1064828, 8.4, 6454, 好笑的爱
5366382, 8.7, 4208, 夜航西飞
2165063, 9.2, 2252, 纳尔齐斯与歌尔德蒙
3003477, 9.2, 2235, 虚构集
3594151, 8.1, 10134, 柑橘与柠檬啊
2061644, 8.2, 8591, 伤心咖啡馆之歌
1203244, 8.2, 8576, 三个火枪手
1982200, 8.7, 4102, 爱德华的奇妙之旅
1063852, 8.8, 3586, 悲剧的诞生
1036541, 8.7, 4088, 疯癫与文明
1005918, 7.9, 13995, 堂吉诃德
3442373, 8.5, 5370, 二人证据
26755503, 8.9, 3136, 我可以咬一口吗
6712255, 8.8, 3512, 天真的人类学家
1040397, 8.1, 9715, 假如给我三天光明
4149805, 8.5, 5266, 了不起的盖茨比
1007952, 9.4, 1721, 蓝熊船长的13条半命
3836566, 8.5, 5254, 玫瑰的名字
1485731, 9.6, 1386, 原动画基础教程
1015864, 9.0, 2667, 惶然录
1047138, 7.7, 18995, 少年维特的烦恼
1016429, 8.6, 4439, 毛姆读书随笔
4242406, 8.5, 5104, 达芬奇密码
1013469, 8.6, 4432, 战争与和平（全四册）
3899039, 8.1, 9324, 刺猬的优雅
3442377, 8.6, 4391, 第三谎言
2036561, 8.4, 5802, 城堡
2996596, 8.4, 5796, 特别的猫
10488563, 8.7, 3781, 宇宙尽头的餐馆
10512236, 8.4, 5747, 时间的针脚
1859108, 8.8, 3264, 白痴
1092168, 9.1, 2256, 追忆似水年华（上下册）
1049957, 8.6, 4237, 浮士德
1201821, 8.0, 10516, 梦的解析
2381950, 8.8, 3231, 论摄影
1438816, 9.1, 2227, 给青年诗人的信
1083089, 9.3, 1738, 博尔赫斯全集
26647054, 9.2, 1942, 小王子（纯美珍藏绘本）
1212469, 8.9, 2760, 荷马史诗・伊利亚特
1052360, 8.9, 2758, 卡尔维诺文集（第四卷）
1077492, 9.0, 2439, 大师和玛格丽特
3246904, 8.1, 8434, 蒂凡尼的早餐
6016234, 8.8, 3072, 奇风岁月
4171951, 7.5, 24782, 失落的秘符
4120475, 9.3, 1692, 加缪全集 （小说卷）
1818583, 9.1, 2100, 斯・茨威格中短篇小说选
19962936, 8.7, 3430, 只是孩子
2042633, 9.0, 2338, 金蔷薇
1037954, 8.4, 5131, 告别圆舞曲
5406559, 8.7, 3363, 鼠疫
2146279, 9.0, 2307, 心灵的焦灼
1079252, 8.2, 6839, 爱情笔记
1085021, 8.2, 6692, 蝴蝶梦
4116629, 8.9, 2544, 希区柯克悬念故事集
3926717, 8.5, 4242, 雷蒙德・卡佛短篇小说自选集
1072334, 8.5, 4230, 魔戒前传
1962124, 8.5, 4224, 东京塔
1056023, 8.5, 4215, 鼠疫
1083435, 8.7, 3195, 契诃夫短篇小说选
1270508, 8.7, 3193, 失焦
1063796, 8.6, 3608, 小说的艺术
3769738, 8.7, 3126, 万火归一
1082147, 9.0, 2156, 热爱生命
1083477, 7.8, 12238, 包法利夫人
2050767, 8.6, 3535, 绿野仙踪
4202422, 8.3, 5304, 云图
1083434, 8.6, 3468, 莫泊桑短篇小说选
4143051, 8.6, 3423, 荆棘之城
1000121, 8.5, 3901, 昆虫记
4737325, 8.2, 6018, 维罗妮卡决定去死
2296687, 8.5, 3872, 纸牌的秘密
6097966, 8.1, 6978, 发条橙
1034066, 9.1, 1804, 加缪文集
1882915, 8.9, 2274, 莎士比亚四大悲剧
10598170, 8.1, 6846, 我不要你死于一事无成
2302217, 8.8, 2537, 阿特拉斯耸耸肩（上下）
1010204, 8.5, 3716, 宽容
1393447, 9.1, 1755, 忧郁的热带
1460340, 8.9, 2207, 人性的，太人性的
10569619, 8.4, 4202, 自由
24541883, 8.1, 6523, 消失的爱人
1872158, 8.2, 5570, 蝇王
1000856, 7.9, 8942, 我是猫
1451270, 9.2, 1525, 纪伯伦诗集
3643270, 9.1, 1703, 新千年文学备忘录
1119528, 7.9, 8871, 高老头
1052074, 8.7, 2736, 喧哗与骚动
1055234, 8.5, 3518, 神曲（全三册）
5940553, 8.8, 2382, 当尼采哭泣
1481311, 8.7, 2694, 沙丘
1019628, 8.7, 2688, 卡夫卡中短篇小说选
5446490, 8.7, 2688, 宇宙奇趣全集
2042629, 8.7, 2687, 九三年
1279648, 8.4, 4013, 天使在人间
1089049, 9.3, 1336, 莎士比亚全集（全8册）
1070685, 8.1, 6225, 永远的普罗旺斯
3003258, 9.2, 1473, 阿莱夫
5993314, 8.0, 7183, 安吉拉・卡特的精怪故事集
2066374, 9.1, 1629, 返璞归真
1035477, 7.8, 9981, 德伯家的苔丝
2173262, 8.3, 4499, 假如明天来临
1849791, 8.5, 3395, 铁皮鼓
1291199, 8.7, 2606, 过于喧嚣的孤独 底层的珍珠
3402999, 8.6, 2963, 到灯塔去
11528350, 8.8, 2296, 哈扎尔辞典（阳本）
1025336, 7.9, 8255, 慢
1874411, 8.5, 3337, 乞力马扎罗的雪
3302645, 8.1, 5946, 我在雨中等你
1430530, 8.2, 5097, 汤姆叔叔的小屋
1030469, 8.2, 5074, 青鸟
2214350, 8.4, 3795, 幻影书
1083429, 8.7, 2544, 爱伦・坡短篇小说集
2165076, 9.0, 1749, 玻璃球游戏
3608170, 8.0, 6774, 我想吃一个小孩
1057197, 8.1, 5780, 无知
1030366, 8.1, 5687, 身份
1061029, 8.8, 2158, 杜尚访谈录
1417878, 8.5, 3167, 里尔克诗选
2243692, 7.8, 8995, 潜水钟与蝴蝶
10768068, 8.4, 3547, 寻欢作乐
1064707, 8.7, 2387, 从卡夫卡到昆德拉
3640067, 8.7, 2382, 革命之路
3831788, 8.0, 6363, 逃离
2073345, 8.7, 2355, 拜伦 雪莱 济慈 抒情诗精选集
2300010, 8.5, 3048, 夜访吸血鬼
1021056, 7.2, 27745, 谁动了我的奶酪？
1045365, 8.6, 2651, 恶之花
3026875, 8.7, 2322, 幕后凶手
6041708, 8.4, 3440, 世上另一个我(修订版)
1015398, 8.8, 2040, 卡尔维诺文集（第二卷）
1009094, 8.6, 2607, 古都
6797396, 8.5, 2968, 焚舟纪
4732188, 8.1, 5232, 中央公园西路
1014144, 8.3, 3892, 大卫・科波菲尔（上下）
3003032, 9.2, 1281, 浪漫主义的根源
1076330, 8.9, 1785, 奥狄浦斯王
3101021, 8.7, 2261, 极权主义的起源
1051714, 8.2, 4420, 等待戈多
1026317, 7.7, 9837, 可爱的骨头
1005325, 8.4, 3296, 童年的消逝
1793713, 8.3, 3748, 中国北方的情人
2120339, 8.6, 2493, 是谁嗯嗯在我的头上
4266008, 8.3, 3701, 给一个未出生孩子的信
1469878, 8.6, 2445, 日瓦戈医生
3033690, 8.0, 5710, 24重人格
1038196, 8.4, 3176, 尤利西斯
2295912, 8.9, 1686, 佩德罗・巴拉莫
4154988, 8.0, 5671, 纯真博物馆
4140380, 8.7, 2137, 第七重解答
2267630, 8.3, 3593, 凯尔特的薄暮
2251691, 8.7, 2117, 弗兰妮与祖伊
10764013, 8.8, 1874, 克罗诺皮奥与法玛的故事
1082159, 8.2, 4118, 沉默的羔羊
6890671, 8.2, 4117, 一天
3111928, 8.1, 4774, 安迪・沃霍尔的哲学
20503529, 9.2, 1181, 古拉格：一部历史
4245064, 8.6, 2355, 冷血
1023709, 8.3, 3504, 被背叛的遗嘱
1088812, 8.3, 3478, 第二十二条军规
6712407, 8.9, 1618, 巴黎评论・作家访谈Ⅰ
2255896, 8.8, 1800, 绿里奇迹
1203622, 8.9, 1600, 莎乐美 道林?格雷的画像
1315844, 9.1, 1275, 古拉格群岛（上中下）
1457542, 9.2, 1145, 芥川龙之介全集
1315199, 9.1, 1266, 历史研究
1852700, 9.0, 1405, 神经外科的黑色喜剧
1011702, 8.1, 4400, 廊桥遗梦
1028268, 8.8, 1729, 正义论
4175473, 8.6, 2199, 波斯少年
4732123, 8.5, 2491, 爸爸，我们去哪儿？
20392525, 7.9, 5857, 枯枝败叶
3393056, 8.2, 3698, 流动的盛宴
1035478, 8.6, 2144, 静静的顿河（全四册）
3316438, 8.3, 3176, 孤独及其所创造的
4246979, 8.1, 4206, 窄门
2980471, 8.2, 3619, 赎罪
1219090, 9.2, 1063, 沙与沫
1125731, 8.8, 1650, 第三帝国的兴亡（上中下）
10759466, 9.0, 1306, 地下室手记
1870262, 8.5, 2374, 帕洛马尔
1439441, 8.9, 1457, 伯罗奔尼撒战争史
1042434, 8.0, 4794, 安妮日记
2026870, 9.4, 858, 阿尔丰斯・穆夏
1768642, 9.2, 1048, 博尔赫斯短篇小说集
4173402, 8.4, 2689, 昨日之旅
26357614, 9.0, 1296, 海风中失落的血色馈赠
3908032, 7.3, 16140, 怪诞心理学
4882159, 7.6, 9093, 橘子不是唯一的水果
21329239, 8.8, 1582, 巴黎烧了吗?
1780277, 8.7, 1773, 法兰西组曲
25924242, 8.9, 1400, 爱在黎明破晓前&amp;爱在日落黄昏时
1011228, 8.3, 2952, 远大前程
10607615, 8.8, 1551, 第三种黑猩猩
1027587, 8.6, 1968, 恶之花 巴黎的忧郁
10473355, 8.6, 1968, 木麻黄树
1868698, 8.3, 2895, 为什么读经典
1186350, 7.8, 6128, 红字
2229229, 8.0, 4460, 穿条纹衣服的男孩
3198422, 8.6, 1941, 光明王
1465543, 8.8, 1523, 异端的权利
2214344, 7.5, 10234, 不存在的女儿
2364215, 8.5, 2185, 此地无人生还
1053493, 8.9, 1345, 苇间风
3003466, 8.7, 1696, 恶棍列传
25892399, 7.9, 5103, 余生皆假期
2228707, 8.9, 1343, 癌症楼
4220020, 8.8, 1503, 相助
1771464, 8.6, 1907, 微物之神
2062599, 8.4, 2433, 雪
1424569, 8.4, 2395, 婚礼的成员
3095037, 9.0, 1167, 听音乐（插图第6版）
1067293, 8.5, 2093, 青春
24715686, 8.7, 1629, 仿生人会梦见电子羊吗？
21346008, 8.5, 2075, 米格尔街
1034259, 8.5, 2060, 小逻辑
1252057, 8.9, 1276, 1844年经济学哲学手稿
1015767, 8.0, 4098, 门萨的娼妓
4265526, 9.4, 746, 珍藏布列松
1174721, 8.4, 2278, 丧钟为谁而鸣
1036446, 8.9, 1244, 诗学
3908240, 7.8, 5437, 情人
5383175, 8.7, 1557, 童年与故乡
1315184, 9.0, 1108, 哲学研究
1807562, 9.2, 896, 加西亚・马尔克斯中短篇小说集
3242857, 7.5, 9021, 分手信
3228779, 8.7, 1541, 出埃及记
10519369, 9.4, 730, 万物生光辉
3264211, 8.6, 1728, 犹大之窗
1048173, 8.0, 3874, 忏悔录
1088418, 9.0, 1081, 死屋手记
1867064, 7.7, 6191, 八百万种死法
4247000, 9.0, 1059, 欲望号街车
3338175, 7.9, 4372, 诗翁彼豆故事集
1066663, 8.8, 1320, 兰波作品全集
10565151, 7.5, 8527, 我是个年轻人 我心情不太好
1876746, 8.3, 2435, 帷幕
1426852, 8.7, 1469, 叶芝诗集（上中下）
1051745, 8.7, 1464, 一个陌生女人的来信
3263006, 8.8, 1298, 飞越疯人院
3010128, 8.6, 1626, 剧院风情
3733083, 8.8, 1285, 你往何处去
26451351, 8.6, 1618, 爱情和其他魔鬼
1455933, 7.5, 8150, 你好，忧愁
3669671, 8.5, 1811, 我们在此相遇
1312558, 8.9, 1133, 文学讲稿
5336228, 8.7, 1414, 作家笔记
1468997, 8.6, 1580, 守望灯塔
25952961, 8.8, 1249, 博尔赫斯谈话录
4870150, 8.3, 2301, 44号孩子
26580084, 8.7, 1380, 烛烬
10563555, 8.9, 1085, 恐惧
1105890, 8.2, 2554, 生命的重建
1012379, 8.6, 1509, 知识分子论
1030554, 8.5, 1692, 恶心
24875416, 8.3, 2182, 生命最后的读书会
1982096, 8.4, 1915, 关于来洛尼亚王国的十三个童话故事
4621099, 8.3, 2173, 死于威尼斯
10583075, 8.5, 1680, 英国病人
1211572, 9.7, 487, 世界文学名著连环画 欧美部分（全十册）
1793721, 7.9, 3823, 琴声如诉
24736805, 7.5, 7367, 我所有的朋友都死了
1960035, 8.8, 1166, 盲刺客
1506961, 8.4, 1881, 西行漫记
10739689, 8.8, 1163, 伟大的电影
1444558, 8.7, 1301, 博尔赫斯谈艺录
1162773, 9.0, 933, 地狱一季
1400717, 8.0, 3227, 写作
1760730, 8.3, 2122, 伍尔夫读书随笔
1006770, 8.4, 1858, 卡尔维诺文集（第一卷 上下）
25733467, 9.1, 833, V字仇杀队
3055316, 7.7, 5088, 第十三个故事
1011673, 8.7, 1273, 基耶斯洛夫斯基谈基耶斯洛夫斯基
25985126, 8.6, 1424, 迷宫中的将军
2061444, 8.6, 1423, 幽灵之家
5321895, 8.3, 2067, 那些忧伤的年轻人
2265995, 7.1, 14953, 大象的眼泪
6265779, 8.3, 2040, 地下
1415226, 8.7, 1245, 奥兰多
1966573, 8.6, 1399, 随风而行
1064734, 8.4, 1787, 疾病的隐喻
3783409, 8.7, 1243, 圣殿春秋（上）
1038492, 8.7, 1242, 追忆
25779593, 8.5, 1561, 马尔克斯：族长的秋天
2003092, 8.3, 2000, 波多里诺
1825855, 8.8, 1088, 荒原
1039840, 7.6, 5623, 查特莱夫人的情人
1028779, 8.1, 2595, 神奇动物在哪里
1005692, 8.4, 1731, 西方哲学史
2146277, 9.1, 784, 一个政治性人物的肖像
1948429, 8.5, 1522, 诗人
4152770, 8.6, 1348, 根西岛文学与土豆皮馅饼俱乐部
1486619, 8.3, 1947, 阁楼上的光
1005813, 9.0, 858, 自由秩序原理
20501761, 8.2, 2210, 地球上最后的夜晚
2973335, 8.6, 1331, 微暗的火
10522844, 8.7, 1168, 游戏的终结
4105444, 8.5, 1474, 复活节游行
2165084, 8.3, 1869, 在轮下
1077196, 8.6, 1290, 蒙田随笔全集（全三册）
2350407, 8.2, 2129, 寂静的春天
26261735, 8.5, 1445, 编舟记
1430657, 9.3, 611, 卡夫卡全集（全10卷）
1482609, 9.1, 740, 理解国际冲突
2209227, 8.3, 1840, 一个孤独漫步者的遐想
26295450, 8.7, 1132, 软件体的生命周期
1254278, 8.7, 1131, 思想录
26300508, 8.7, 1121, 万物的签名
1279212, 7.5, 6013, 十日谈
20279665, 9.2, 660, “太空漫游”四部曲
1251839, 8.6, 1246, 权力意志
6310320, 8.7, 1102, 人都是要死的
5387467, 8.4, 1568, 三口棺材
26598807, 9.0, 795, 人鼠之间
1394250, 8.8, 982, 荒原
1093098, 7.8, 3581, 爱玛
26276279, 7.8, 3581, 苦妓回忆录
26701959, 8.6, 1224, 我脑袋里的怪东西
5940829, 8.1, 2287, 写在身体上
1048014, 8.5, 1365, 外国古建筑二十讲
5921802, 7.6, 4868, 邮差总按两遍铃
4285240, 8.9, 865, 过于喧嚣的孤独
1027767, 8.2, 1984, 时间的女儿
1041896, 8.3, 1740, 巴黎的忧郁
1729284, 8.0, 2612, 单行道
4198469, 8.2, 1976, 轻舔丝绒
3003470, 8.8, 954, 另一个，同一个
26349261, 8.3, 1711, 孤儿列车
4753689, 8.2, 1949, 莎拉的钥匙
1027030, 8.4, 1504, 常识
6897140, 8.3, 1700, The Fault in Our Stars
3783412, 8.8, 941, 圣殿春秋（下）
4140396, 8.5, 1325, 黄昏清兵卫
1075371, 8.7, 1048, 马丁・伊登
1437687, 8.7, 1048, 性经验史
3891855, 8.6, 1173, 第56号教室的奇迹
3765092, 8.6, 1163, 旧地重游
3003460, 8.7, 1035, 布宜诺斯艾利斯激情
1683152, 9.6, 429, 费恩曼物理学讲义 第3卷
1433659, 7.8, 3355, 失恋排行榜
2147647, 7.9, 2867, 物质生活
2050779, 8.3, 1646, 魔山
3715982, 8.6, 1142, 当幸福来敲门
1440243, 8.7, 1015, 索拉里斯星
2073481, 8.6, 1134, 城市与狗
24089492, 8.8, 906, 恶童日记（珍藏纪念版）
6861517, 8.5, 1262, 时时刻刻
1000579, 8.6, 1116, 嚎叫
1182890, 8.4, 1415, 严厉的月亮
5283663, 8.4, 1410, 另一个波琳家的女孩
1082946, 8.8, 888, 我弥留之际
20493367, 8.5, 1246, 爱伦・坡暗黑故事全集（上册）
4714018, 7.5, 5171, 青春咖啡馆
5263454, 8.6, 1105, 当代占星研究
5988558, 8.3, 1580, 深夜小狗神秘事件
1000251, 9.0, 713, 王尔德全集
2032523, 8.5, 1231, 失乐园
1047325, 9.2, 585, 老妇还乡
1393233, 9.2, 584, 古典时代疯狂史
3606804, 8.2, 1781, 徒然草
4213981, 8.4, 1381, 好人难寻
6832303, 6.9, 16224, 别相信任何人
2245449, 8.7, 965, 爱与黑暗的故事
5391766, 7.5, 4995, 忽然七日
5408886, 8.3, 1531, 大空头
1428154, 8.8, 853, 费尔南多・佩索阿诗选
6746290, 8.9, 767, 奥丽芙・基特里奇
1982120, 9.0, 692, 向着明亮那方
1021702, 8.6, 1054, 偶像的黄昏
3027464, 8.6, 1052, 专业投机原理
1077428, 9.1, 620, 自然权利与历史
1422231, 8.4, 1329, 电影剧本写作基础
3310627, 8.4, 1317, 繁花将尽
1441980, 9.0, 678, 特朗斯特罗姆诗全集
1949121, 7.7, 3459, 白色城堡
1038656, 8.8, 833, 我曾侍候过英国国王
1437488, 9.2, 557, 群魔
1070820, 8.7, 926, 上帝与新物理学
6791412, 8.8, 825, 炽焰燃烧
2135139, 8.4, 1292, 我为什么要写作
26844525, 8.5, 1146, 再见，萤火虫小巷
1427023, 9.0, 664, 希罗多德历史（上下）
3253854, 7.7, 3360, 书店的灯光
2245301, 8.0, 2156, 戴珍珠耳环的少女
4203630, 8.5, 1134, 鳄鱼街
21993104, 8.1, 1874, 白夜
3732346, 8.1, 1872, 疯狂实验史
3908391, 8.5, 1128, 莫瑞斯
5423775, 8.2, 1625, 隔壁女子
3090810, 8.7, 893, 五号屠场
1090877, 8.8, 798, 献给爱米丽的一朵玫瑰花
3003182, 8.9, 718, 博尔赫斯谈诗论艺
3609269, 8.7, 886, 黑色电影
2280027, 7.6, 3820, 自杀俱乐部
1823058, 8.3, 1407, 关于他人的痛苦
25886351, 7.8, 2788, 耶路撒冷三千年
3127852, 8.6, 985, 推销员之死
1077638, 8.0, 2085, 耻
1949417, 8.2, 1593, 这就是纽约
1072767, 9.1, 581, 宇宙
1067592, 8.7, 872, 要塞
2127498, 9.5, 402, 罗念生全集：第二卷：埃斯库罗斯悲剧三种、索福克勒斯悲剧四种
1077833, 8.7, 868, 形而上学
3024623, 8.1, 1772, 布鲁克林的荒唐事
19898714, 7.6, 3677, 偶发空缺
1083030, 9.0, 626, 双重人格 地下室手记
1880825, 8.2, 1528, 希腊神话
2283762, 8.5, 1056, 钟形罩
4836951, 8.6, 936, 保罗・策兰诗选
2124556, 8.2, 1509, 黑书
6967983, 8.2, 1509, 罪行
1434435, 8.3, 1324, 春琴抄
1255006, 9.0, 607, 爱伦・坡集
1936756, 8.6, 923, 诊疗椅上的谎言
2301475, 8.4, 1161, 人间食粮
1274953, 8.7, 825, 伦理学
4891108, 8.4, 1160, 爱伦坡惊悚小说全集
7916069, 8.8, 741, 被禁锢的头脑
10749924, 8.2, 1485, 天真的和感伤的小说家
1089142, 8.4, 1156, 消费社会
1017839, 7.9, 2220, 带着鲑鱼去旅行
2032117, 7.7, 2967, 纽约三部曲
1760134, 9.1, 539, 茨威格小说集
1607478, 8.3, 1283, 巴黎伦敦落魄记
1331454, 8.7, 803, 西方正典
2568067, 8.1, 1623, 中性
20392524, 7.7, 2862, 恶时辰
1083317, 7.8, 2460, 北回归线
3241907, 8.3, 1248, 维特根斯坦笔记
4038610, 8.1, 1602, 回归
2213965, 8.2, 1404, 他人就是地狱
3136267, 8.5, 974, 小城畸人
5988624, 8.2, 1396, 远山淡影
25801080, 8.2, 1394, 我曾这样寂寞生活：辛波斯卡诗选2
4160472, 8.5, 970, 告诉我，你怎样去生活
1056917, 8.8, 696, 十诫
26698598, 8.2, 1368, 有如走路的速度
1603984, 8.1, 1553, 希腊神话故事
2174400, 8.2, 1365, 达洛卫夫人
26687879, 8.1, 1548, 一首小夜曲
2969263, 8.5, 942, 跳房子
1039017, 8.9, 614, 温夫人的扇子
10282582, 8.3, 1191, 隐形怪物
24226728, 8.5, 934, 人间失格
1959270, 8.1, 1517, 小世界
2036569, 8.2, 1324, 愤怒的葡萄
1002607, 8.5, 924, 一个导演的故事
5914563, 8.1, 1504, 边走边啃腌萝卜
1812223, 7.6, 3050, 消失的地平线
4882013, 8.1, 1481, 异常
1095849, 8.8, 658, 词与物
3327495, 8.3, 1148, 万有引力之虹
5980471, 8.4, 1014, 生命如歌
26394018, 9.1, 486, 生活与命运
25899496, 8.7, 723, 1453――君士坦丁堡的陷落
3190550, 8.3, 1137, 巨匠与杰作
5321892, 8.8, 644, 不适之地
1039809, 8.1, 1444, 草叶集
1044499, 9.3, 399, 菲利普二世时代的地中海和地中海世界（上下卷）
3989541, 7.3, 4826, 没有悲伤的城市
3402988, 8.9, 579, 海浪
3816883, 8.3, 1113, 黑暗的左手
5448179, 8.0, 1623, 别的声音，别的房间
26276923, 7.9, 1854, 礼拜二午睡时刻
4898547, 8.1, 1414, 祖与占
2255871, 8.6, 780, 冠军早餐 囚鸟
5980585, 8.3, 1100, 走在蓝色的田野上
1073063, 8.6, 779, 人论
5419801, 8.3, 1097, 别样的色彩
6874612, 8.1, 1407, 孤独的池塘
26110579, 7.6, 2853, 暗店街
1103080, 7.9, 1832, 金色笔记
26292964, 8.8, 626, 世界小史
5326883, 8.3, 1083, 如何读，为什么读
3931849, 7.6, 2818, 天黑前的夏天
3662421, 8.1, 1381, 密涅瓦火柴盒
5299919, 8.6, 762, 国王鞠躬，国王杀人
4299250, 8.6, 760, 读诗的艺术
2372087, 8.3, 1056, 剥洋葱
1042006, 9.3, 378, 十九世纪文学主流（共六册）
26022097, 8.4, 934, 番石榴飘香
1373788, 8.2, 1186, 玩偶之家
3076529, 7.9, 1754, 纸房子
4282086, 8.0, 1528, 伊斯坦布尔的幸福
25870629, 7.7, 2294, 亲爱的生活
1223765, 8.3, 1030, 请宰了我
1878495, 8.6, 729, 拜伦诗选
21778349, 8.2, 1144, 苦水音乐
3432953, 8.9, 529, 爱情刽子手
6831222, 8.4, 900, 随性而至
1794138, 8.6, 720, 北欧神话ABC
1081197, 8.7, 643, 歌德谈话录
10563464, 8.8, 577, 总结
4219120, 8.4, 878, 流浪的星星
25724491, 8.3, 984, 突然，响起一阵敲门声
1437129, 8.1, 1253, 悠游小说林
6404040, 8.1, 1253, 三行情书
1048672, 8.0, 1426, 尼采生存哲学
4742971, 7.9, 1630, 错把妻子当帽子
4729502, 9.2, 388, 现代诗歌的结构
2568438, 8.6, 693, 权力与荣耀
10876101, 8.8, 563, 不合理的行为
1074030, 8.3, 971, 西方哲学十五讲
21363162, 9.4, 323, 詹森艺术史（插图第7版）
6060418, 8.3, 965, 年轻的心在哭泣
3586491, 8.6, 685, 防守
1387256, 8.4, 850, The Giver
2382544, 8.7, 610, 园圃之乐
4199421, 9.3, 345, 在少女花影下
2227700, 7.6, 2417, 有你我不怕
5038509, 8.5, 751, 倒带人生
1017334, 9.0, 450, 没有个性的人
25940556, 8.3, 940, 锌皮娃娃兵
3898308, 8.6, 669, 一个青年艺术家的画像
5394486, 7.3, 3869, 爱情没那么美好
4941428, 8.7, 598, 飞女郎与哲学家
25985982, 8.5, 732, 遥远的星辰
1021914, 8.2, 1033, 香港电影的秘密
1511912, 8.4, 815, 高卢战记
2050806, 8.1, 1155, 爱情故事
1185912, 8.4, 802, 变形记
4929897, 7.8, 1706, 情商：为什么情商比智商更重要
26607924, 8.4, 800, 午夜之子
3655433, 8.4, 799, 西尔斯怀孕百科
3662751, 8.7, 577, 公羊的节日
3266349, 8.3, 893, 恋情的终结
3826575, 7.8, 1693, “小不列颠”札记
25919825, 8.4, 794, 大河湾
26689063, 8.2, 999, 卡罗尔
3138839, 8.7, 571, 大师
1465419, 8.5, 704, 资本主义与自由
4918103, 8.5, 703, 礼物
3167871, 8.1, 1121, 月宫
1075540, 8.8, 511, 拉奥孔
1010866, 8.6, 626, 我的最后一口气
4772537, 8.4, 775, 窥看舞台
1440159, 8.0, 1257, 安琪拉的灰烬
5406557, 8.1, 1106, 夜色温柔
1982116, 8.4, 771, 我与兰登书屋
1084029, 9.0, 417, 新闻报道与写作
1483285, 7.6, 2154, 有关品位
4252512, 8.5, 680, 静谧与光明
2131426, 9.0, 410, 涅朵奇卡・涅茨瓦诺娃
1894184, 8.9, 448, 罗素自选文集
1001848, 8.4, 749, 格格不入
1146176, 8.4, 745, 地海传奇Ⅰ
3073401, 7.4, 2858, 隐之书
1945004, 8.6, 597, 近距离
1817332, 8.8, 487, 爱因斯坦谈人生
26584387, 7.7, 1787, 一个人的朝圣2
6440324, 8.4, 734, 人各有异
10483439, 8.4, 733, 上升的一切必将汇合
4882148, 8.2, 922, 遥望
5299807, 8.6, 589, 当世界还不存在的时候
10875996, 8.9, 436, 朝圣者之歌
24525766, 8.7, 528, 记忆小屋
10564102, 8.1, 1033, 单身（50周年典藏纪念版）
3665961, 8.2, 905, 客厅里的绅士
24722916, 7.4, 2724, 如果一切重来
1185883, 8.8, 467, 白轮船
5416923, 8.8, 463, 推销员之死
10473347, 8.3, 785, 双重赔偿
2277314, 8.4, 700, 碰巧的杰作
2980475, 8.4, 694, 长路漫漫
25923427, 8.6, 560, 河童
1926728, 9.3, 291, 往事与随想
7046857, 8.3, 764, 长日留痕
5043526, 7.6, 1886, 床笫之间
20373351, 8.2, 847, 城市的胜利
4067806, 8.2, 842, 流星旅行车
6792277, 8.6, 539, 燃烧的原野
10537645, 8.4, 661, 岛屿书
19950784, 8.4, 653, 空荡荡的家
20515828, 8.6, 526, 傅科摆
4882008, 8.4, 649, 亚特兰蒂斯之心
26878124, 8.8, 430, 我的天才女友
1469414, 8.7, 474, 世界美如斯
1022187, 8.3, 719, 知识考古学
20437599, 8.0, 1028, 自杀
3816895, 8.1, 902, 雪崩
25808977, 8.4, 637, 全息玫瑰碎片
1177968, 8.5, 567, 建筑的永恒之道
11620497, 8.2, 786, 简单的艺术
20389611, 8.3, 699, 世界史
5248289, 7.7, 1487, 岁月的泡沫
2372670, 7.9, 1130, 兔子，跑吧
24855421, 8.7, 454, 在春天走进果园
6833935, 8.5, 550, 老无所依
6720539, 8.3, 682, 断层线
4898534, 8.4, 607, 爵士时代的故事
25881325, 7.0, 4443, 庆祝无意义
10345557, 8.7, 441, 被遗忘的花园
3222065, 8.6, 487, 伦理学与生活
24856615, 8.8, 400, 阿尔伯特・卡埃罗
25751763, 9.1, 304, 语言与沉默
1790005, 8.7, 438, 蒙面骑士
1074364, 8.9, 362, 哲学史讲演录(第一卷)
25886175, 7.8, 1224, 星际迷航-红衫
3689094, 8.4, 593, 最美的决定
4263247, 8.4, 589, 为什么大猩猩比专家高明
3888110, 8.7, 431, 天使望故乡
1960044, 8.5, 522, 伊利亚随笔选
1082305, 8.9, 353, 沙郡年记
5336008, 8.3, 646, 瞬变
5396636, 9.2, 270, 资本主义与精神分裂 （卷二）
3174506, 8.5, 508, 一个自行发完病毒的病例
26765928, 8.5, 508, 屠夫十字镇
3546574, 8.9, 344, 扭曲的人性之材
4898552, 8.5, 504, 夏日
25748132, 8.4, 553, 复明症漫记
20425439, 8.4, 543, 我们所有人
1843508, 9.1, 276, 管理：使命、责任、实务（实务篇）
1492928, 8.2, 667, 陪我走到世界尽头
1980903, 8.1, 742, 达・芬奇笔记
10546119, 8.4, 526, 弯曲的脊梁
26676528, 8.7, 386, 如何阅读一本文学书
1017227, 9.0, 293, 温迪嬷嬷讲述绘画的故事
5321896, 8.3, 581, 危险的关系
1477442, 9.0, 292, 为自己的人
1858493, 7.8, 1053, 虹
1050951, 8.2, 642, 米沃什词典
4845007, 8.2, 633, 南极
1038949, 8.5, 457, 资本主义、社会主义与民主
5338233, 8.3, 561, 我的法兰西岁月
26425881, 8.2, 612, 真幌站前番外地
2158889, 8.3, 546, 权力的48条法则
26292057, 8.4, 488, 性审判史
22790094, 8.5, 437, 玛丽娜・阿布拉莫维奇传
20375515, 8.2, 601, 重生：桑塔格日记与笔记1947～1963
6061658, 8.7, 349, 幸福超越完美
25904933, 8.4, 470, 我的母亲手记
10473352, 8.9, 290, 浮士德博士
26359759, 8.0, 733, 那些我们没谈过的事
5321843, 6.5, 8658, 假装的艺术
26109489, 8.3, 519, 我是马拉拉
26593670, 8.2, 576, 天鹅绒监狱
10762880, 8.0, 721, 南方女王
25837539, 8.1, 637, 美洲纳粹文学
7063852, 8.2, 561, 石泉城
24871971, 8.6, 361, 然而，很美
24871651, 8.8, 295, 爱达或爱欲
1916819, 8.1, 596, 美丽圣经
1448727, 8.4, 430, 博弈论基础
11637051, 8.1, 591, 平壤水族馆
3781776, 9.2, 207, 纳博科夫传（上下册）
1089508, 7.8, 846, 数字化生存
21978753, 8.2, 525, 护身符
3266350, 8.5, 383, 问题的核心
20003446, 8.3, 470, 草竖琴
26756030, 8.4, 423, 时间之间
2030855, 8.5, 382, 弱者的武器
19950785, 8.3, 468, 雨后
2156635, 7.5, 1241, 有人喜欢冷冰冰
26294048, 7.7, 922, 黑羊
2567964, 8.6, 334, 道德的重量
10955921, 8.4, 405, 骂观众
1084794, 8.4, 400, 法官和他的刽子手
20266046, 8.5, 358, 走出非洲
11584608, 7.5, 1150, 世界和其他地方
3596307, 8.4, 392, 最高虚构笔记
25959838, 8.0, 605, 巴托比症候群
26591590, 8.6, 322, 巴黎评论・作家访谈2
6800122, 9.1, 207, 泰晤士世界历史
1484616, 9.0, 222, 鱼王
20559350, 8.3, 426, 抛锚
1438394, 8.4, 384, 更多的人死于心碎
26264210, 7.8, 747, 几乎没有记忆
1000325, 8.8, 261, 人・岁月・生活（全三册）
4849378, 8.6, 313, 世界
1019945, 8.2, 465, 拉贝日记
10809021, 8.5, 342, 学生托乐思的迷惘
26298590, 8.4, 377, 出轨
4837333, 8.2, 463, 写给大家看的设计书
26662600, 8.2, 463, 哈佛非虚构写作课
1499542, 8.6, 308, 短篇小说写作指南
3347961, 8.4, 371, 流水别墅传
24755048, 8.2, 456, 当Bob来敲门
1227920, 8.1, 504, 日本古典俳句选
1475128, 8.8, 251, 人的潜能和价值
26577096, 9.1, 193, 吉米・科瑞根
6784965, 7.7, 793, 渴望之书
2078883, 8.3, 394, 毕加索的成败
6310335, 8.3, 394, 星期天
24861167, 8.3, 394, 一个人消失在世上
26712787, 8.2, 437, 可爱的诅咒
26642648, 8.5, 321, 美好的七年
24845006, 9.0, 205, 有生之年非听不可的1001张唱片
26849452, 8.5, 313, 静默
10809708, 8.3, 380, 关于一个孩子
1855132, 8.2, 421, 我在另一个世界等你
26375108, 8.4, 342, 新手
1065341, 8.1, 467, 孤独是迷人的
5260193, 7.7, 744, 狼厅
24738206, 9.1, 182, 曼德施塔姆夫人回忆录
6010156, 8.1, 460, 狂野之夜！
7060197, 8.6, 275, 魔桶
2068955, 8.9, 210, 大学之理念
3270647, 7.7, 707, 玛丽莎的心愿清单
5312097, 8.5, 293, 维特根斯坦的侄子
26840830, 8.9, 203, 爱德华・巴纳德的堕落
26357269, 7.2, 1382, 京都山居生活
3172128, 8.7, 233, 从卡里加利到希特勒
21690069, 8.3, 338, 幻世浮生
1812687, 8.4, 303, 电影的本性
25875270, 7.6, 738, 生命不息
2252637, 8.0, 445, 诱惑的艺术
26794598, 8.2, 356, 过去的痛
24325270, 8.2, 350, 道德动物
4172046, 7.9, 483, 埃德加的故事
15047243, 7.9, 479, 卡波蒂短篇小说全集
26682066, 8.5, 255, 我的奋斗1
22693008, 8.2, 341, 兔子共和国
2338638, 8.2, 340, 预知社会
10567711, 8.1, 371, 闪回：电影简史（插图第6版）
10521470, 8.6, 222, 样样干
26840109, 8.4, 255, 单程票
10554689, 7.7, 536, 需要时，就给我电话
24749997, 8.2, 302, 耶路撒冷异乡人
26722307, 7.9, 414, 暗夜独行客
3094686, 7.6, 590, y座桑fg
24737018, 8.7, 188, 玉米人
6430503, 8.8, 173, 万叶集精选
6878082, 8.8, 171, 托尔斯泰或陀思妥耶夫斯基
25913219, 8.5, 214, 孤独的精确度
26609809, 6.8, 1706, 火车上的女孩
26723433, 7.6, 520, 冬日笔记
5333443, 8.4, 222, 抽象与移情
1918325, 8.6, 183, 荒凉山庄
11604737, 8.7, 165, 芬尼根的守灵夜（第一卷）
26593037, 7.9, 342, 苏丝黄的世界
26534971, 7.5, 541, 蓝狗的眼睛
10599768, 8.9, 136, 碧河彼时
1972353, 8.4, 205, 阿赫玛托娃诗选
1013987, 8.5, 186, 古代中国的思想世界
2973325, 8.2, 239, 纠正
1116342, 9.0, 121, 斯宾诺莎书信集
26864983, 8.5, 179, 思家小馆的晚餐
26286330, 8.7, 151, 俄罗斯文学讲稿
20499983, 8.1, 247, 死水恶波
25876615, 8.4, 182, 信徒的国度
20453483, 8.3, 198, 塞万提斯的未婚妻
26823134, 8.1, 236, 困扰种种
1864830, 7.5, 448, 鲜花圣母
25942069, 8.3, 190, 文雅的疯狂
26253701, 8.6, 137, 船夫日记
26853742, 8.6, 136, 疯子的自由
25871958, 8.2, 191, 一个自杀者的传说
26613544, 7.4, 440, 月亮的光是借来的
1082468, 8.8, 112, 维特根斯坦全集（全12卷）
25893267, 7.9, 245, 11/22/63
1142213, 8.2, 183, 计算机科学导论
25943359, 8.0, 217, 死亡百科全书
25697240, 8.2, 172, 生命的思索：史怀哲自传
10345585, 7.3, 417, 与往事说再见
10456882, 8.4, 134, 波德莱尔
11597313, 8.3, 143, 地下世界
26431618, 8.8, 95, 君士坦丁堡最后之恋
26640061, 7.4, 342, 谷物01
26575658, 7.9, 199, 被掩埋的巨人
10578490, 7.5, 303, 杰夫在威尼斯，死亡在瓦拉纳西
6722886, 7.1, 482, 设计准则
25899380, 8.8, 86, 桑切斯的孩子们
20513013, 8.1, 146, 亲爱的，我不会把你交给绝望
26840504, 7.6, 234, 人人都有妄想症
26616972, 8.0, 153, 再见，明天见
26818873, 7.9, 162, 我们都是食人族
26353828, 7.4, 266, 面包匠的狂欢节
10589329, 8.3, 107, 多难而伟大的十九世纪
11533561, 8.4, 96, 电影符号学质疑
26840828, 8.4, 78, 古拉格之恋
26786792, 9.1, 48, 走走画画
26270320, 7.6, 146, 穷忙
26802170, 9.2, 35, 科雷马故事
26835452, 8.1, 66, 这就是莫奈
26297872, 8.2, 60, 北美殉道者花园
26823150, 7.6, 76, 脏工作
26844682, 8.7, 30, 《生活大爆炸》里的科学
19896056, 9.2, 20, 永a之王: 瑟王髌
26878104, 7.6, 38, 痛苦的中国人
26735057, 8.4, 22, 第二本书
26910910, 7.9, 11, 彼岸书
