2017-01-23 16:17:59
Tag: 外国小说
The number of books: 995 

ID, rating, votes, title
1770782, 8.8, 248947, 追风筝的人
6082808, 9.2, 94370, 百年孤独
1068920, 9.3, 73313, 飘（上下）
1041007, 9.0, 82498, 哈利・波特与魔法石
1040211, 9.2, 46902, 福尔摩斯探案全集（上中下）
1009257, 8.9, 68069, 哈利・波特与火焰杯
1083428, 8.8, 80334, 傲慢与偏见
1017143, 8.5, 130032, 不能承受的生命之轻
1858513, 8.9, 61688, 月亮和六便士
1039487, 8.8, 67893, 哈利・波特与密室
4820710, 9.3, 28279, 1984
2295163, 8.9, 53467, 哈利・波特与死亡圣器
10594787, 8.9, 50270, 霍乱时期的爱情
1432596, 8.8, 59604, 哈利・波特与混血王子
1141406, 8.5, 101726, 简爱
1829226, 9.1, 35345, 肖申克的救赎
1085860, 8.9, 48452, 基督山伯爵
2035179, 9.2, 28182, 动物农场
1336330, 9.3, 21608, 冰与火之歌（卷一）
1082387, 9.2, 24007, 一九八四・动物农场
1827374, 9.0, 32507, 东方快车谋杀案
2143732, 8.7, 48484, 灿烂千阳
1040771, 8.2, 123360, 达・芬奇密码
1013129, 8.6, 56196, 哈利・波特与凤凰社
1046265, 8.0, 178791, 挪威的森林
3006581, 8.9, 30715, 无人生还
2154960, 8.7, 38686, 一个陌生女人的来信
3608208, 8.6, 45469, 牧羊少年奇幻之旅
1080370, 8.6, 45094, 情书
2035162, 9.0, 22452, 刀锋
1205054, 8.9, 25765, 悲惨世界（上中下）
4908885, 9.0, 20115, 局外人
1119522, 8.4, 54420, 呼啸山庄
1863930, 8.8, 25331, 看不见的城市
1400705, 8.1, 79083, 情人
1086249, 8.6, 30341, 荆棘鸟
1064275, 8.3, 50323, 老人与海
1051193, 8.6, 28487, 麦琪的礼物
1092335, 8.9, 16044, 教父
1059419, 8.1, 58682, 海边的卡夫卡
1024197, 8.3, 39262, 巴黎圣母院
1292416, 8.5, 26410, 香水
3406401, 9.0, 11010, 悉达多
4011670, 8.3, 33416, 人间失格
4187411, 8.8, 14414, 万物有灵且美
2035171, 9.0, 10716, 人生的枷锁
1008988, 8.3, 31976, 了不起的盖茨比
1424741, 8.5, 22339, 心是孤独的猎手
1013380, 8.1, 45154, 茶花女
1159939, 8.5, 21886, 一个陌生女子的来信
1856494, 9.3, 6360, 卡拉马佐夫兄弟
1205370, 8.1, 40982, 羊脂球
1036274, 8.5, 20146, 夏洛的网
6781808, 9.2, 7049, 杀死一只知更鸟
6789605, 9.0, 8735, 树上的男爵
1035848, 8.6, 15721, 一千零一夜
1440972, 9.1, 7393, 博尔赫斯小说集
2056749, 8.1, 34507, 时间旅行者的妻子
1016003, 8.0, 40957, 鲁滨逊漂流记
1013225, 8.3, 23364, 生活在别处
1082518, 7.9, 48055, 麦田里的守望者
1085470, 8.4, 18538, 海底两万里
1316648, 8.3, 21698, 查令十字街84号
1228110, 8.2, 24808, 天使与魔鬼
1213546, 8.3, 20087, 变形记
3315879, 8.6, 11675, 恶童日记
1258498, 8.3, 18232, 项链
1856025, 8.9, 7263, 道连・葛雷的画像
1006197, 8.4, 15290, 哈姆莱特
10763902, 7.9, 36854, 偷影子的人
26425831, 8.8, 8099, 斯通纳
1005521, 8.1, 24864, 伊豆的舞女
1794620, 7.8, 43144, 芒果街上的小屋
1066165, 9.3, 4023, 卡尔维诺文集（第三卷）
1465324, 7.7, 51323, 洛丽塔
1007433, 8.1, 23563, 红与黑
3578470, 9.0, 5790, 德米安
1186392, 8.7, 8785, 约翰・克利斯朵夫
24934182, 8.1, 22941, 一个人的朝圣
26340138, 7.7, 49621, 岛上书店
3537590, 8.3, 15165, 朗读者
4011440, 8.0, 25437, 最初的爱情 最后的仪式
1917972, 7.8, 37137, 在路上
3608235, 8.5, 10840, 失物之书
10560798, 8.7, 8019, 面纱
1041128, 8.5, 10741, 天蓝色的彼岸
1254731, 8.8, 6873, 欧・亨利短篇小说选
20392523, 8.5, 10378, 没有人给他写信的上校
1431870, 9.1, 4471, 源泉
24382569, 8.6, 8862, 一桩事先张扬的凶杀案
1917078, 8.6, 8833, 风之影
2180619, 8.0, 23363, 偷书贼
1022632, 8.7, 7492, 罪与罚
2136484, 8.7, 7406, 如果在冬夜，一个旅人
3326892, 8.6, 8537, 圣诞忆旧集
1082584, 8.6, 8474, 追忆似水年华 Ⅰ
1883353, 8.8, 6331, 野性的呼唤
1060117, 8.5, 9769, 不朽
2158684, 9.0, 4736, 象棋的故事
1427288, 8.4, 10827, 小妇人
1321789, 8.5, 8935, 美丽新世界
10774752, 9.1, 3901, 毛姆短篇小说精选集
1053759, 8.3, 12195, 雪国 古都
4010969, 7.8, 29524, 当我们谈论爱情时我们在谈论什么
6781794, 8.8, 5622, 过于喧嚣的孤独
4292149, 8.5, 8594, 龙文身的女孩
1442869, 8.9, 4862, 献给阿尔吉侬的花束
2193877, 8.1, 15708, 你在天堂里遇见的五个人
1203251, 8.1, 15492, 雾都孤儿
1013502, 7.6, 39485, 钢铁是怎样炼成的
3335362, 8.5, 8040, 大教堂
1418058, 9.1, 3520, 小径分岔的花园
1007772, 8.2, 12739, 双城记
1081422, 8.9, 4406, 卡夫卡小说全集（全三册）
1012637, 8.2, 12232, 牛虻
1052828, 8.4, 8760, 玩笑
20326626, 8.6, 6424, 少年Pi的奇幻漂流（插图珍藏版）
5920385, 8.2, 11872, 肠子
2139305, 7.7, 29045, 巴别塔之犬
1072319, 8.5, 7349, 长腿叔叔
1031741, 7.8, 23722, 欧也妮・葛朗台
24845582, 8.4, 8479, 群山回唱
5993310, 9.0, 3653, 直捣蜂窝的女孩
4934552, 8.8, 4525, 玩火的女孩
3673771, 9.0, 3462, 项塔兰
1420508, 8.9, 3903, 最后一片叶子
1851385, 7.8, 21344, 我的名字叫红
4105446, 8.1, 12480, 十一种孤独
1064841, 9.0, 3363, 绿山墙的安妮
3266345, 8.1, 12345, 三杯茶
3137289, 8.5, 6525, 姐姐的守护者
5958726, 8.0, 14315, 质数的孤独
1016486, 8.3, 8586, 笑忘录
1010472, 8.4, 7331, 安娜・卡列尼娜（上下）
1255288, 8.0, 13988, 复活
4826530, 9.1, 2805, 我亲爱的甜橙树
3673651, 7.7, 23624, 岛
10555486, 8.7, 4626, 分成两半的子爵
4882023, 9.2, 2452, 万物既聪慧又奇妙
3821057, 8.6, 5266, 搏击俱乐部
1400707, 8.1, 11231, 广岛之恋
3826899, 8.6, 5217, 布鲁克林有棵树
3131626, 8.9, 3429, 荒原狼
3124525, 7.7, 22420, 暮色
1069059, 8.1, 10623, 雪国
1772786, 8.6, 4957, 真名实姓
20428302, 9.1, 2579, 失明症漫记
1032431, 9.0, 2901, 卡尔维诺文集（第五卷）
2161892, 8.5, 5578, 九故事
1064828, 8.4, 6454, 好笑的爱
5366382, 8.7, 4208, 夜航西飞
3003477, 9.2, 2235, 虚构集
3594151, 8.1, 10134, 柑橘与柠檬啊
2061644, 8.2, 8591, 伤心咖啡馆之歌
1203244, 8.2, 8576, 三个火枪手
1005918, 7.9, 13995, 堂吉诃德
3442373, 8.5, 5370, 二人证据
4149805, 8.5, 5266, 了不起的盖茨比
3836566, 8.5, 5254, 玫瑰的名字
1047138, 7.7, 18995, 少年维特的烦恼
1013469, 8.6, 4432, 战争与和平（全四册）
3899039, 8.1, 9324, 刺猬的优雅
3442377, 8.6, 4391, 第三谎言
2036561, 8.4, 5802, 城堡
2996596, 8.4, 5796, 特别的猫
10512236, 8.4, 5747, 时间的针脚
1859108, 8.8, 3264, 白痴
1092168, 9.1, 2256, 追忆似水年华（上下册）
1052360, 8.9, 2758, 卡尔维诺文集（第四卷）
1077492, 9.0, 2439, 大师和玛格丽特
3246904, 8.1, 8434, 蒂凡尼的早餐
6016234, 8.8, 3072, 奇风岁月
4171951, 7.5, 24782, 失落的秘符
4120475, 9.3, 1692, 加缪全集 （小说卷）
1818583, 9.1, 2100, 斯・茨威格中短篇小说选
1037954, 8.4, 5131, 告别圆舞曲
5406559, 8.7, 3363, 鼠疫
2146279, 9.0, 2307, 心灵的焦灼
3013903, 8.1, 7863, 漫长的告别
1085021, 8.2, 6692, 蝴蝶梦
3926717, 8.5, 4242, 雷蒙德・卡佛短篇小说自选集
1056023, 8.5, 4215, 鼠疫
1083435, 8.7, 3195, 契诃夫短篇小说选
3723866, 8.0, 8913, 破晓
3769738, 8.7, 3126, 万火归一
1082147, 9.0, 2156, 热爱生命
1083477, 7.8, 12238, 包法利夫人
1077778, 8.1, 7377, 爱的教育
4202422, 8.3, 5304, 云图
1083434, 8.6, 3468, 莫泊桑短篇小说选
4143051, 8.6, 3423, 荆棘之城
1275907, 8.3, 5208, 八十天环游地球
4737325, 8.2, 6018, 维罗妮卡决定去死
2296687, 8.5, 3872, 纸牌的秘密
6097966, 8.1, 6978, 发条橙
2302217, 8.8, 2537, 阿特拉斯耸耸肩（上下）
10569619, 8.4, 4202, 自由
24541883, 8.1, 6523, 消失的爱人
1872158, 8.2, 5571, 蝇王
1119528, 7.9, 8871, 高老头
1052074, 8.7, 2736, 喧哗与骚动
1019628, 8.7, 2688, 卡夫卡中短篇小说选
2042629, 8.7, 2687, 九三年
1035477, 7.8, 9981, 德伯家的苔丝
2173262, 8.3, 4499, 假如明天来临
1849791, 8.5, 3395, 铁皮鼓
1291199, 8.7, 2606, 过于喧嚣的孤独 底层的珍珠
3402999, 8.6, 2963, 到灯塔去
11528350, 8.8, 2296, 哈扎尔辞典（阳本）
1874411, 8.5, 3337, 乞力马扎罗的雪
3302645, 8.1, 5946, 我在雨中等你
1430530, 8.2, 5097, 汤姆叔叔的小屋
2214350, 8.4, 3795, 幻影书
1083429, 8.7, 2544, 爱伦・坡短篇小说集
2165076, 9.0, 1749, 玻璃球游戏
1057197, 8.1, 5780, 无知
3871911, 8.4, 3600, 大树
10768068, 8.4, 3547, 寻欢作乐
3640067, 8.7, 2382, 革命之路
3831788, 8.0, 6363, 逃离
1939182, 8.0, 6320, 美国众神
4881998, 8.4, 3491, 猜火车
1204488, 8.4, 3474, 格兰特船长的儿女
6041708, 8.4, 3440, 世上另一个我(修订版)
1015398, 8.8, 2040, 卡尔维诺文集（第二卷）
6797396, 8.5, 2968, 焚舟纪
1014144, 8.3, 3892, 大卫・科波菲尔（上下）
1051714, 8.2, 4420, 等待戈多
1026317, 7.7, 9837, 可爱的骨头
1018482, 8.0, 5871, 汤姆?索亚历险记
4908872, 8.6, 2447, 都柏林人
1469878, 8.6, 2445, 日瓦戈医生
1038196, 8.4, 3176, 尤利西斯
4154988, 8.0, 5671, 纯真博物馆
1211267, 8.5, 2746, 阿甘正传
2251691, 8.7, 2117, 弗兰妮与祖伊
1082159, 8.2, 4118, 沉默的羔羊
4245064, 8.6, 2355, 冷血
1012489, 7.7, 8995, 童年 在人间 我的大学
1057206, 7.3, 19108, 数字城堡
1088812, 8.3, 3478, 第二十二条军规
2255896, 8.8, 1800, 绿里奇迹
1457542, 9.2, 1145, 芥川龙之介全集
1011702, 8.1, 4400, 廊桥遗梦
4175473, 8.6, 2199, 波斯少年
4732123, 8.5, 2491, 爸爸，我们去哪儿？
20392525, 7.9, 5857, 枯枝败叶
1035478, 8.6, 2144, 静静的顿河（全四册）
2980471, 8.2, 3619, 赎罪
1152701, 7.7, 7940, 漂亮朋友
10759466, 9.0, 1306, 地下室手记
1870262, 8.5, 2374, 帕洛马尔
1768642, 9.2, 1048, 博尔赫斯短篇小说集
4173402, 8.4, 2689, 昨日之旅
26357614, 9.0, 1296, 海风中失落的血色馈赠
1083483, 8.7, 1829, 一个陌生女人的来信
1009285, 7.6, 9149, 童年
4882159, 7.6, 9093, 橘子不是唯一的水果
1780277, 8.7, 1773, 法兰西组曲
1011228, 8.3, 2952, 远大前程
1186350, 7.8, 6128, 红字
2229229, 8.0, 4460, 穿条纹衣服的男孩
2065564, 8.1, 3806, 一日重生
2214344, 7.5, 10234, 不存在的女儿
3003466, 8.7, 1696, 恶棍列传
2228707, 8.9, 1343, 癌症楼
4220020, 8.8, 1503, 相助
1010898, 7.6, 8403, 格列佛游记
1771464, 8.6, 1907, 微物之神
1428066, 8.8, 1489, 海上钢琴师
2062599, 8.4, 2433, 雪
6800379, 8.6, 1849, 2666
1067293, 8.5, 2093, 青春
21346008, 8.5, 2075, 米格尔街
1736652, 9.1, 1016, 哈利?波特(共6册) (精装)
1837654, 8.7, 1580, 审判
1174721, 8.4, 2278, 丧钟为谁而鸣
3908240, 7.8, 5437, 情人
1807562, 9.2, 896, 加西亚・马尔克斯中短篇小说集
3242857, 7.5, 9021, 分手信
3228779, 8.7, 1541, 出埃及记
1397467, 7.9, 4559, 理智与情感
10519369, 9.4, 730, 万物生光辉
1088418, 9.0, 1081, 死屋手记
1867064, 7.7, 6191, 八百万种死法
26642866, 8.4, 2161, 萤火虫小巷
1051745, 8.7, 1464, 一个陌生女人的来信
3263006, 8.8, 1298, 飞越疯人院
4164096, 7.6, 6995, 饥饿游戏
3010128, 8.6, 1626, 剧院风情
3733083, 8.8, 1285, 你往何处去
1885262, 8.6, 1624, 笑面人
26356948, 7.0, 22445, 摆渡人
26451351, 8.6, 1618, 爱情和其他魔鬼
1455933, 7.5, 8150, 你好，忧愁
3669671, 8.5, 1811, 我们在此相遇
10746177, 8.5, 1805, 终结的感觉
4219125, 8.3, 2332, 坟场之书
3866885, 8.5, 1798, 沉默
4870150, 8.3, 2301, 44号孩子
1918351, 8.3, 2297, 烟云・阿根廷蚂蚁
26580084, 8.7, 1380, 烛烬
1030554, 8.5, 1692, 恶心
4621099, 8.3, 2173, 死于威尼斯
10583075, 8.5, 1680, 英国病人
1960035, 8.8, 1166, 盲刺客
1488794, 9.0, 929, 荒野的呼唤
3055316, 7.7, 5088, 第十三个故事
25985126, 8.6, 1424, 迷宫中的将军
5321895, 8.3, 2067, 那些忧伤的年轻人
1411086, 8.6, 1419, 金阁寺/潮骚
4151134, 7.8, 4221, 只爱陌生人
2265995, 7.1, 14953, 大象的眼泪
1415226, 8.7, 1245, 奥兰多
3783409, 8.7, 1243, 圣殿春秋（上）
1068641, 8.9, 993, 茨威格小说精选
25779593, 8.5, 1561, 马尔克斯：族长的秋天
2003092, 8.3, 2000, 波多里诺
1039840, 7.6, 5623, 查特莱夫人的情人
25808056, 8.1, 2587, 纸牌屋
2160292, 8.1, 2575, 神谕之夜
4152770, 8.6, 1348, 根西岛文学与土豆皮馅饼俱乐部
1452766, 8.5, 1505, 宾克的魔法
2973335, 8.6, 1331, 微暗的火
1485225, 7.3, 9292, 骗局
10522844, 8.7, 1168, 游戏的终结
4105444, 8.5, 1474, 复活节游行
26261735, 8.5, 1445, 编舟记
26300508, 8.7, 1121, 万物的签名
1279212, 7.5, 6013, 十日谈
2301167, 8.3, 1795, 天使的愤怒
26598807, 9.0, 795, 人鼠之间
26276279, 7.8, 3581, 苦妓回忆录
26701959, 8.6, 1224, 我脑袋里的怪东西
10512506, 7.8, 3569, 世界上的另一个你
4198469, 8.2, 1976, 轻舔丝绒
1434071, 7.9, 2994, 我们
3401258, 7.9, 2993, 小猫杜威
26349261, 8.3, 1711, 孤儿列车
4753689, 8.2, 1949, 莎拉的钥匙
3783412, 8.8, 941, 圣殿春秋（下）
1075371, 8.7, 1048, 马丁・伊登
3765092, 8.6, 1163, 旧地重游
1433659, 7.8, 3355, 失恋排行榜
3158733, 7.9, 2857, 在切瑟尔海滩上
2050779, 8.3, 1646, 魔山
1123546, 8.8, 910, 一个陌生女人的来信
3823070, 8.4, 1440, 最后的精灵
2073481, 8.6, 1134, 城市与狗
24089492, 8.8, 906, 恶童日记（珍藏纪念版）
3622445, 8.7, 1007, 贫民窟的百万富翁
6861517, 8.5, 1262, 时时刻刻
6973816, 7.7, 3771, 古董衣情缘
5283663, 8.4, 1410, 另一个波琳家的女孩
20493367, 8.5, 1246, 爱伦・坡暗黑故事全集（上册）
4714018, 7.5, 5171, 青春咖啡馆
25796061, 9.3, 535, 杜撰集
5988558, 8.3, 1580, 深夜小狗神秘事件
26831234, 8.8, 879, 不属于我们的世纪
4213981, 8.4, 1381, 好人难寻
6832303, 6.9, 16224, 别相信任何人
5391766, 7.5, 4995, 忽然七日
6746290, 8.9, 767, 奥丽芙・基特里奇
1766685, 8.3, 1513, 黑暗中的笑声
6010144, 8.3, 1499, 动物寓言集
1883349, 8.3, 1497, 永别了，武器
1949121, 7.7, 3459, 白色城堡
1038656, 8.8, 833, 我曾侍候过英国国王
2057291, 8.1, 1915, 守夜人
2174410, 8.2, 1663, 名利场
2245301, 8.0, 2156, 戴珍珠耳环的少女
4203630, 8.5, 1134, 鳄鱼街
21993104, 8.1, 1874, 白夜
3090810, 8.7, 893, 五号屠场
2280027, 7.6, 3820, 自杀俱乐部
1077638, 8.0, 2085, 耻
25796049, 9.0, 633, 沙之书
1074155, 8.8, 773, 骑兵军
3024623, 8.1, 1772, 布鲁克林的荒唐事
19898714, 7.6, 3677, 偶发空缺
6879215, 7.6, 3660, 乌克兰拖拉机简史
1026547, 8.1, 1737, 一生
1433739, 8.5, 1056, 蜘蛛女之吻
2283762, 8.5, 1056, 钟形罩
1958871, 8.3, 1308, 普宁
2032117, 7.7, 2967, 纽约三部曲
1865689, 8.6, 899, 玻璃城堡
25890145, 8.4, 1132, 线
5347700, 7.9, 2169, 我坐在彼德拉河畔，哭泣
3596322, 7.9, 2155, 隔离岛
1026278, 8.4, 1123, 冷山
1321790, 8.1, 1636, 华氏451
2568067, 8.1, 1623, 中性
1083317, 7.8, 2460, 北回归线
1534810, 9.0, 577, 红头发安妮
4038610, 8.1, 1602, 回归
26837288, 8.4, 1084, 钓鱼的男孩
2969263, 8.5, 942, 跳房子
1201947, 8.1, 1525, 哈克贝里・费恩历险记
2122274, 9.2, 457, 福尔摩斯探案集
1959270, 8.1, 1517, 小世界
2036569, 8.2, 1324, 愤怒的葡萄
1914625, 7.7, 2633, 老师的提包
1031354, 8.0, 1709, 死魂灵
1174722, 7.9, 1957, 太阳照常升起
2300786, 8.4, 1027, 谋略大师
5940877, 8.4, 1025, 激情
19950612, 7.3, 4983, 伊斯坦布尔假期
3327495, 8.3, 1148, 万有引力之虹
26394018, 9.1, 486, 生活与命运
5321892, 8.8, 644, 不适之地
1212486, 8.5, 889, 马克・吐温中短篇小说选
3989541, 7.3, 4826, 没有悲伤的城市
1468560, 8.8, 636, 毛姆短篇小说集
5448179, 8.0, 1623, 别的声音，别的房间
10574912, 8.9, 573, 一个陌生女人的来信
26276923, 7.9, 1854, 礼拜二午睡时刻
2255871, 8.6, 780, 冠军早餐 囚鸟
5980585, 8.3, 1100, 走在蓝色的田野上
26110579, 7.6, 2853, 暗店街
1103080, 7.9, 1832, 金色笔记
3931849, 7.6, 2818, 天黑前的夏天
24736901, 8.3, 1071, 山音
4191701, 8.8, 612, 肉桂色铺子
1277761, 8.9, 548, 根
1507437, 8.4, 934, 人格裂变的姑娘
4282086, 8.0, 1528, 伊斯坦布尔的幸福
2971734, 7.3, 4376, 一把雨伞给这天用
21778349, 8.2, 1144, 苦水音乐
2153625, 7.6, 2589, 午后四点
2568438, 8.6, 693, 权力与荣耀
4313213, 8.3, 970, 白老虎
3586491, 8.6, 685, 防守
4213990, 7.9, 1588, 天使游戏
1035475, 8.2, 1077, 好兵帅克历险记
1387256, 8.4, 850, The Giver
2141646, 7.8, 1813, 恰似水之于巧克力
4199421, 9.3, 345, 在少女花影下
2227700, 7.6, 2417, 有你我不怕
2003209, 8.0, 1369, 蜘蛛男孩
1017334, 9.0, 450, 没有个性的人
25831096, 8.9, 495, 梦书之城
3603676, 8.1, 1187, 爷爷的微笑
2257878, 7.8, 1758, 水泥花园
1105150, 9.0, 441, 菲雅尔塔的春天
1098639, 8.3, 917, 纯真年代
1917962, 7.9, 1519, 金银岛
6560651, 7.9, 1515, 雨必将落下
4262685, 8.0, 1325, 戏梦巴黎
1470235, 8.3, 911, 猫的摇篮
1021928, 8.4, 810, 这里的黎明静悄悄……
2050806, 8.1, 1155, 爱情故事
1082133, 8.6, 646, 迈克尔・K的生活和时代
26607924, 8.4, 800, 午夜之子
3266349, 8.3, 893, 恋情的终结
5383804, 9.0, 426, 酒吧长谈
3167871, 8.1, 1121, 月宫
1208002, 8.2, 990, 琥珀
1440159, 8.0, 1257, 安琪拉的灰烬
1255321, 8.1, 1097, 漫长的婚约
10442281, 8.2, 966, 她比烟花寂寞
1018664, 8.5, 677, 等待野蛮人
1269972, 9.0, 410, 火 一弹解千愁
2131426, 9.0, 410, 涅朵奇卡・涅茨瓦诺娃
3420077, 8.1, 1078, 我生命的速度
2170030, 8.0, 1223, 白鲸
5363264, 7.7, 1820, 被偷走的人
1766725, 8.1, 1063, 斩首之邀
3073401, 7.4, 2858, 隐之书
26584387, 7.7, 1787, 一个人的朝圣2
3431637, 8.5, 658, 野棕榈
10483439, 8.4, 733, 上升的一切必将汇合
4882148, 8.2, 922, 遥望
2082380, 7.8, 1534, 失窃的孩子
3086832, 8.4, 727, 寡居的一年
1075791, 8.6, 585, 梅里美中短篇小说集
10564102, 8.1, 1033, 单身（50周年典藏纪念版）
1455950, 7.7, 1737, 你喜欢勃拉姆斯吗……
3091295, 8.7, 520, 盖普眼中的世界
24722916, 7.4, 2724, 如果一切重来
3861531, 8.2, 894, 荒野侦探
1185883, 8.8, 467, 白轮船
1950019, 8.6, 570, 马利与我
4087909, 8.4, 700, 借东西的小人
1427784, 7.8, 1469, 曼斯菲尔德庄园
26577690, 8.5, 624, 伪装成独白的爱情
2127202, 7.9, 1271, 蜜蜂的秘密生活
10604943, 8.3, 776, 爱情半夜餐
1072015, 9.1, 344, 人间喜剧 第一卷
7046857, 8.3, 764, 长日留痕
5043526, 7.6, 1886, 床笫之间
25746421, 8.2, 849, 公开的秘密
1860568, 7.9, 1234, 宠儿
26686802, 8.8, 444, 真幌站前狂骚曲
3163177, 7.8, 1364, 传信人
19950784, 8.4, 653, 空荡荡的家
4863905, 7.5, 2053, 就说你和他们一样
1420506, 8.7, 465, 疯狂星期日
5248289, 7.7, 1487, 岁月的泡沫
3668430, 8.4, 624, 明智的孩子
2372670, 7.9, 1130, 兔子，跑吧
1045934, 8.7, 455, 幻灭
3275066, 8.2, 774, 十字军骑士
5289426, 7.4, 2269, 在云端
6833935, 8.5, 550, 老无所依
3818410, 8.8, 407, 爱的历史
5033915, 8.4, 608, 希特勒传（上下册）
4898534, 8.4, 607, 爵士时代的故事
4246974, 8.4, 606, 伪币制造者
1519058, 7.8, 1249, 母亲
3716506, 8.1, 852, 路
2149157, 8.7, 441, 墙
1069168, 7.4, 2206, 钢琴教师
3728560, 8.2, 746, 孤独的幸存者
3098548, 7.3, 2574, 寻找时间的人
1083316, 8.1, 834, 南回归线
1895846, 7.9, 1067, 马语者
5267345, 8.1, 830, 最后的歌
25883054, 8.6, 477, 草枕
2050776, 8.7, 431, 凯旋门
3888110, 8.7, 431, 天使望故乡
6712398, 8.4, 586, 母与子
1449641, 9.2, 272, 胡安・鲁尔福全集
6813370, 8.2, 719, 雾中回忆
1055536, 8.9, 350, 埃梅短篇小说选
1136277, 7.3, 2463, 嘉莉妹妹
1774750, 7.8, 1179, 黑质三部曲・之一・黄金罗盘
1322852, 8.8, 383, 孤筏重洋
1962249, 8.3, 630, 换位
3174506, 8.5, 508, 一个自行发完病毒的病例
26765928, 8.5, 508, 屠夫十字镇
3123757, 8.8, 377, 奥斯卡与玫瑰夫人
1812319, 8.1, 788, 船讯
5366441, 7.9, 1008, 爱无可忍
4215171, 8.4, 555, 暗笑
25748132, 8.4, 553, 复明症漫记
2036573, 7.6, 1455, 儿子与情人
1492928, 8.2, 667, 陪我走到世界尽头
20444771, 8.9, 327, 血色子午线
1256405, 8.6, 434, 哈德良回忆录
3293742, 7.8, 1063, 战争画师
5321896, 8.3, 581, 危险的关系
1858493, 7.8, 1053, 虹
5254269, 8.4, 516, 坏女孩的恶作剧
2300515, 7.8, 1044, 镜子里的陌生人
1511457, 8.2, 640, 套中人
1951440, 8.7, 380, 洪堡的礼物
5473543, 7.7, 1171, 带我回去
4067659, 8.0, 791, 德语课
2033107, 8.9, 304, 契诃夫小说选
26425881, 8.2, 612, 真幌站前番外地
4619135, 9.0, 277, 押沙龙，押沙龙！
4719265, 8.5, 442, 逆天
3554504, 7.6, 1282, 我死之前
1400725, 7.4, 1713, 广场
1769617, 9.3, 212, 和三部曲
1006732, 9.0, 267, 战争与回忆：1941－1945（上下）
1277257, 7.6, 1227, 小人物日记
4140447, 8.2, 579, 绿房子
1732998, 8.9, 286, 傻瓜吉姆佩尔
10762880, 8.0, 721, 南方女王
3101896, 8.0, 720, 你会在那儿吗？
1421547, 8.3, 511, 猎杀“红十月”号
25837539, 8.1, 637, 美洲纳粹文学
1776856, 7.5, 1341, 历史学家
4233385, 7.7, 1015, 海上大教堂
25747871, 8.4, 439, 恨，友谊，追求，爱情，婚姻
6012787, 8.8, 298, 追忆似水年华（第三卷）
24871651, 8.8, 295, 爱达或爱欲
25897675, 7.5, 1281, 比恐惧更强烈的情感
1940960, 8.7, 320, 历代大师
1256406, 8.8, 292, 苦炼
3125141, 8.3, 475, PS
6390423, 8.2, 529, 外出偷马
21978753, 8.2, 525, 护身符
1766731, 7.7, 957, 绝望
3266350, 8.5, 383, 问题的核心
20003446, 8.3, 470, 草竖琴
26756030, 8.4, 423, 时间之间
2381982, 7.5, 1254, 在地图结束的地方
1794677, 9.2, 204, 当代美国短篇小说集
1475186, 9.1, 221, 白夹竹桃
2121679, 7.9, 732, 洛丽塔
1185636, 7.4, 1408, 娜娜
26294048, 7.7, 922, 黑羊
4191879, 8.1, 566, 苏菲的选择
2973343, 7.8, 810, 眼睛
6540230, 8.2, 504, 读爱情故事的老人
2150265, 8.7, 305, 苹果酒屋的规则
1130069, 8.0, 625, 巨人传
1084794, 8.4, 400, 法官和他的刽子手
20273137, 7.8, 780, 伦敦塔集雨人
26821757, 8.4, 396, 他们说，我是幸运的
1017267, 8.7, 296, 伊甸之东
4605558, 7.9, 687, 布鲁克林
3187665, 8.3, 437, 文静的美国人
25996181, 8.3, 436, 真相
5988637, 8.5, 356, 镜子之家
25959838, 8.0, 605, 巴托比症候群
3040682, 8.5, 353, 奥赛罗
26342182, 8.7, 292, 天堂之火
3767540, 7.9, 673, 影子写手
2229048, 7.6, 987, 购物狂的异想世界
1484616, 9.0, 222, 鱼王
20559350, 8.3, 426, 抛锚
1438394, 8.4, 384, 更多的人死于心碎
3908305, 7.4, 1290, 宿主
2054716, 7.4, 1288, 救救我
25728473, 8.5, 346, 头号书迷
26264210, 7.8, 747, 几乎没有记忆
1948925, 8.1, 522, 魔法外套
5264480, 8.2, 465, 呼吸秋千
1856892, 8.5, 342, 该隐与亚伯
3704397, 7.0, 2388, 首席女法医1
3024319, 8.0, 569, 东方故事集
3434097, 8.5, 335, 大饭店
3113159, 7.6, 929, 爱与其他不可能的追求
1168737, 8.4, 367, 妇女乐园
5989231, 8.0, 558, 别问我是谁
1962041, 8.2, 443, 破碎的四月
25747868, 8.5, 324, 爱的进程
6310335, 8.3, 394, 星期天
2294802, 7.9, 612, 亲密
20301792, 7.8, 687, 邮差
4219027, 7.5, 1013, 大英博物馆在倒塌
1475735, 7.3, 1350, 书店
4137254, 7.2, 1569, 找死专卖店
4736181, 7.5, 1006, 有我，你别怕
3290031, 7.5, 1005, 罗丹岛之恋
1337282, 8.1, 479, 我的米海尔
5263065, 8.2, 428, 异教徒的女儿
5403795, 7.7, 762, 沉溺
1025321, 8.8, 239, 纪德文集
1221710, 7.6, 862, 塞莱斯廷预言
26611176, 8.9, 218, 永不言弃
1855132, 8.2, 421, 我在另一个世界等你
4082019, 8.2, 421, 人们都叫我动物
26375108, 8.4, 342, 新手
1962248, 8.3, 377, 好工作
5260193, 7.7, 744, 狼厅
1088714, 8.5, 308, 修道院纪事
6010156, 8.1, 460, 狂野之夜！
1042609, 8.3, 371, 浴室 先生 照相机
4140448, 8.1, 458, 胡利娅姨妈与作家
1983356, 8.6, 277, 敖德萨故事
3105462, 8.6, 277, 接触
6712406, 7.7, 729, 一切破碎，一切成灰
4909251, 8.4, 333, 无尽世界（上）
7060197, 8.6, 275, 魔桶
1949580, 8.7, 251, 菲茨杰拉德小说选
4892942, 7.7, 723, 小小陌生人
26264973, 8.6, 273, 查无此人
5394500, 7.8, 636, 幸福，在幸福远去的时代
2008235, 7.5, 913, 丑闻笔记
5326323, 8.6, 266, 贼城
4729479, 8.3, 352, 送菜升降机
1951441, 8.4, 318, 赫索格
1525761, 8.1, 432, 法国中尉的女人
26900889, 9.1, 172, 佛罗伦萨的神女
4151203, 8.5, 286, 莫妮卡的芒果雨
5326853, 8.1, 426, 悲喜边缘的旅馆
3434087, 8.4, 311, 钱商
4105424, 7.8, 592, 恋爱中的男人
1017699, 8.9, 197, 草原和群山的故事
1768556, 9.3, 144, 巴比伦彩票
21690069, 8.3, 338, 幻世浮生
26248587, 7.6, 745, 美好古董衣店
4038653, 8.4, 302, 逃离奥斯维辛
25875270, 7.6, 738, 生命不息
26184384, 8.1, 398, 八月的星期天
1085217, 8.9, 187, 道连・葛雷的画像 快乐王子
2251699, 7.2, 1232, 十月的孩子
6873343, 8.1, 390, 我们不见面，好吗？
3774161, 7.7, 615, 凡人
4172046, 7.9, 483, 埃德加的故事
1461987, 9.1, 157, 桤木王
23858192, 8.2, 346, 最蓝的眼睛
26728131, 8.0, 425, 安尼尔的鬼魂
3921392, 7.9, 475, 多谢您的小费
1022210, 8.3, 310, 贝姨
1772580, 9.2, 143, sr雨
26682066, 8.5, 255, 我的奋斗1
25959972, 8.2, 341, 染血之室与其他故事
4199629, 7.2, 1172, 棚屋
1796774, 8.6, 231, 马龙之死
4304282, 7.6, 669, 黑暗中的人
20434037, 8.1, 374, 谜一样的眼睛
26253801, 8.8, 192, 一个市民的自白
1058488, 8.0, 412, 跳来跳去的女人
10801039, 8.4, 273, 格拉斯医生
10607006, 7.7, 578, 长崎
3160833, 7.9, 456, 布赖顿棒糖
24856608, 8.3, 298, 三个女人
7175434, 7.9, 453, 父亲的眼泪
6847881, 7.9, 452, 被遗弃的人
5408861, 7.6, 641, 你走以后
2372671, 8.2, 323, 兔子归来
5264477, 8.0, 398, 心兽
1163374, 8.3, 291, 罗马阳台 世间的每一个清晨
25836981, 8.8, 185, 爬出窗外并消失的百岁老人
1818298, 8.5, 240, 艾・辛格的魔盒
3040515, 8.9, 170, 灼人的秘密
26653000, 8.1, 352, 金翅雀
5990487, 7.2, 1075, 我的自闭症男友
3557480, 9.1, 144, To Kill a Mocking Bird
4151143, 8.1, 345, 拍卖第四十九批
6784957, 8.3, 280, 性本恶
6885348, 8.2, 308, 鳄鱼的黄眼睛
1083440, 8.3, 279, 黑色的春天
1982707, 7.1, 1207, 时尚女魔头
24884200, 8.9, 164, 间谍课：上帝的拳头
1264455, 8.8, 177, 拉格泰姆时代
6920283, 7.7, 526, 1945年的恋人
24882924, 7.9, 417, 那一年，我们爱得闪闪发亮
5336245, 7.3, 886, 失落的玫瑰
26133488, 8.8, 176, 死刑判决
5996568, 8.6, 207, 人性的污秽
1317861, 8.9, 161, 一个人的遭遇
1915476, 8.9, 161, 草原上的小木屋
3091975, 7.3, 873, 穿裘皮的维纳斯
24737018, 8.7, 188, 玉米人
20395899, 8.4, 244, 流浪者史诗
25820440, 8.3, 267, 秀拉
3872604, 8.2, 294, 鞑靼人沙漠
26640439, 8.9, 157, 死缓
2372672, 8.4, 239, 兔子富了
1949579, 9.0, 144, 康拉德小说选
3689141, 8.6, 199, 强盗新娘
1042783, 8.0, 351, 黑桃皇后
3434084, 8.5, 215, 航空港
4053597, 7.6, 554, 幸存者回忆录
1937192, 7.8, 431, 爵士乐
3087550, 7.8, 431, 自由国度
6952107, 7.7, 476, 当上帝是只兔子
3333696, 8.4, 228, 别名格雷斯
3406848, 7.6, 532, 终极美味
4823779, 8.4, 227, 马人
26609809, 6.8, 1706, 火车上的女孩
25887908, 8.6, 188, 提堂
20380987, 8.0, 331, 看这儿，照相啦！
26353825, 8.2, 270, 美洲豹阳光下
25747869, 8.3, 244, 好女人的爱情
6518600, 8.0, 328, 派蒂格鲁小姐的大日子
2372673, 8.4, 221, 兔子歇了
26665723, 7.5, 580, 情人
1918325, 8.6, 183, 荒凉山庄
5299768, 8.6, 183, 希腊左巴
1981397, 7.8, 401, 三个六月
1085245, 8.1, 290, 天路历程
6017554, 8.6, 180, 蓝毛衣
6777734, 8.4, 213, 战地情书
3575882, 7.2, 837, 时间箭
1920037, 9.1, 120, 珍妮的肖像
1022973, 8.6, 177, 卢布林的魔术师 冤家，一个爱情故事
1067570, 7.2, 827, 夜半撞车
25702794, 8.3, 230, 银行家的情人
6539848, 8.3, 229, 爱是一种病
25887956, 7.2, 813, 缓刑
1084821, 8.5, 190, 黑匣子
4836690, 7.4, 617, 十三封自杀告别信
1085585, 8.3, 226, V.
1889559, 8.6, 173, 看不清道不明
1007840, 8.3, 225, 同名人
6124813, 8.0, 300, 纽约兄弟
10763228, 7.5, 527, 追日
10725024, 7.9, 331, 特别的他
4229633, 8.1, 269, 奥斯卡・瓦奥短暂而奇妙的一生
1585889, 8.6, 170, 蓝山
1375398, 8.5, 183, 毕司沃斯先生的房子
20499985, 8.5, 183, 社交礼仪守则
26686803, 9.0, 122, 葬礼竞技会
2973325, 8.2, 239, 纠正
11597363, 8.2, 236, 黑暗托马
5940806, 8.2, 235, 什么是什么
25889814, 8.6, 164, 玫瑰传奇
26866448, 8.6, 164, 皮囊之下
1441171, 8.3, 206, 小酒店
24737025, 8.3, 205, 总统先生
6937890, 7.7, 374, 朗姆酒日记
5611244, 8.3, 201, 还乡之谜
4832482, 7.9, 297, 真实的颜色
26690624, 8.6, 154, 她们
26864850, 8.2, 218, 香蕉的低语
24876106, 7.7, 362, 悲伤的精确度
26210631, 7.9, 291, 夜的草
11597355, 8.2, 215, 荣耀
3217622, 8.5, 164, 万灵节
26823134, 8.1, 236, 困扰种种
25766893, 8.7, 139, 成为简?奥斯丁
26755284, 7.6, 402, 献给折颈男的协奏曲
1926594, 8.8, 128, 羊奶煮羊羔
2235852, 8.4, 176, 克里姆林宫的枢机主教
23164134, 8.2, 211, 斯通与骑士伙伴
26628823, 6.7, 1424, 图书馆奇谈
6712408, 8.5, 161, 卡瓦利与克雷的神奇冒险
1154561, 7.9, 283, 抵达之谜
25814346, 8.0, 252, 双生
10828409, 7.9, 278, 天才雷普利
19985023, 8.3, 187, 上面很安静
7175251, 7.5, 425, 念及她名
26388286, 8.3, 183, 纸牌屋 3
1422741, 8.5, 153, 猫眼
26716997, 8.5, 153, 隐秘的幸福
10491248, 8.5, 152, 祖母
20403596, 8.4, 163, 武州公秘话（谷崎润一郎作品系列）
5921811, 8.1, 213, 小心沉默的人
11600042, 8.3, 177, 6号特工
4074706, 8.0, 234, 蓝胡子的蛋
26666917, 7.8, 287, 笼中的爱人
6528126, 8.5, 148, 阿尔特米奥・克罗斯之死
5611659, 7.4, 453, 大都会
10558239, 8.0, 231, 奇异海
20458893, 7.4, 443, 画中情缘
25929284, 8.6, 133, 所有的名字
3710671, 8.2, 187, 冷皮
25930036, 8.0, 226, 窒息
1339959, 9.0, 98, 魔鬼篇
1106986, 8.4, 155, 比目鱼
1025384, 8.1, 201, 墓中回忆录
5436532, 8.1, 199, 宁静海
26752646, 7.9, 241, 天意
25943359, 8.0, 217, 死亡百科全书
24846632, 8.2, 179, 国家阴谋2：英国刺客
3144509, 7.5, 363, 白牙
4252085, 7.4, 405, 依然美丽
25722936, 8.7, 115, 孩子们的书
1460684, 8.6, 122, 定命论者雅克和他的主人
1872389, 7.4, 394, 闻香识女人
1289221, 8.0, 203, 拉维尔斯坦
1480899, 7.3, 438, 捕蜂器
1916464, 8.4, 139, 一位女士的画像
1448741, 7.8, 242, 要短句，亲爱的
6829529, 8.4, 138, 失聪宣判
5990169, 7.7, 264, 冬天的骨头
24887637, 7.3, 418, 我唾弃你们的坟墓
7067328, 7.0, 625, 请你帮我杀了她
24760692, 8.3, 147, 已故的帕斯卡尔
10809667, 8.0, 192, 老虎的妻子
26331492, 7.5, 320, 日出酒店
10605854, 8.3, 143, 尼克・亚当斯故事集
11597313, 8.3, 143, 地下世界
5326148, 7.3, 400, 堕落天使
1245762, 8.6, 111, 米佳的爱情
10739341, 8.6, 111, 西伯利亚的眼泪
3437146, 8.0, 182, 晚间新闻
1970742, 7.8, 221, 雨王亨德森
5367393, 8.3, 136, 最高权力
5996569, 7.9, 194, 美国牧歌
20453231, 7.4, 332, 去年今日
26717934, 8.4, 124, 新年快乐
26390071, 8.4, 123, 两个故事
5606376, 7.4, 327, 物理属于相爱的人
3719221, 7.8, 209, 我们街区的孩子们
6041720, 7.5, 287, 许愿树
25947837, 7.9, 188, 栗树街的回忆
2156127, 9.0, 77, 帝国瀑布
6735564, 7.3, 357, 魔女卡丽
11600041, 7.8, 205, 秘密演讲
1960033, 8.4, 116, 金驴记
1084891, 8.7, 91, 维莱特
1070527, 7.7, 215, 卡斯特桥市长
1083004, 8.8, 84, 索尔・贝娄全集（全14卷）
3035544, 8.0, 160, P房e的哲W
26280061, 6.9, 569, 第一夜
25900686, 8.3, 123, 达维多维奇之墓
20513013, 8.1, 146, 亲爱的，我不会把你交给绝望
10567283, 7.7, 211, 恶棍来访
1085177, 8.9, 77, 海
24859816, 7.6, 229, 黑水灯塔船
1864832, 7.7, 203, 玫瑰奇迹
4845020, 7.5, 245, 造船厂
26762116, 7.9, 162, 疯癫老人日记
6437865, 7.8, 178, 当爱远行
6730591, 7.8, 178, 我们一起去纽约
26391031, 8.5, 97, 未知量
25966771, 8.0, 147, 如此苍白的心
19951332, 7.9, 159, 色
10518851, 8.3, 112, 莫菲
26353828, 7.4, 266, 面包匠的狂欢节
6110483, 8.3, 111, 火的女儿
25765043, 8.3, 111, 柏油娃娃
1085591, 8.6, 88, 身着狮皮
5259496, 8.1, 131, 返老还童/像里兹饭店那样大的钻石(中文导读英文版)
2602581, 7.8, 167, 怎么办
3131608, 7.8, 167, 天才
3151430, 8.2, 116, 自由生活
3785315, 7.8, 164, 海边的疗伤小屋
26347185, 8.7, 76, 微妙的平衡
1328114, 7.6, 192, 萨德文集-爱之诡计萨
10733114, 9.0, 61, 不要丢下我
26673089, 7.5, 204, 二流小说家
1478099, 8.5, 81, 康素爱萝
4028116, 7.3, 239, 垂直之旅
4067663, 8.0, 118, 鸟鸣
26602780, 8.5, 79, 乡村生活图景
26666023, 8.5, 79, 睡美人与魔纺锤
1067652, 9.1, 53, 经过斯洛特/世代相传
26017808, 8.2, 98, 家
26808761, 8.8, 63, 试刊号
5386403, 8.0, 115, 风景画家的片段人生
26748185, 7.3, 229, 火星崛起
4894979, 8.4, 83, 已知的世界
6991326, 8.5, 77, 下一个就是你
26285636, 8.3, 89, 似是都柏林
1197838, 7.6, 162, 老实人
25852928, 7.9, 117, 巴卡卡伊大街
2368795, 8.1, 96, 拉摩的侄儿
24851836, 8.2, 88, 回家的路
24284797, 7.9, 110, 无欲的悲歌
1494139, 7.5, 159, 美丽曲线
1440391, 8.2, 85, 夜与日
10799324, 8.3, 78, 可能发生的往事
23164130, 8.8, 55, 世纪旅人
11501816, 7.6, 140, 绿野黑天鹅
20452427, 7.2, 212, 代寻旧日时光
5038562, 7.9, 105, 爱情盛宴
1439350, 8.6, 61, Bridge to Terabithia
3090818, 8.6, 61, 奥斯特利茨
24528310, 7.2, 204, 失落的秘境
2004341, 8.2, 80, 基列家书
1086522, 9.0, 46, 塞利纳精选集
3131619, 7.6, 131, 绿蒂在魏玛
6920282, 8.0, 91, 孤身一人
1228693, 8.3, 72, 人树
25829252, 8.5, 62, 最残酷的夏天
1546475, 7.9, 98, 葡萄园
3799551, 7.8, 103, 我嫁给了共产党人
19964286, 7.8, 102, 我的秘密城堡
25982711, 7.4, 144, 玩家一号
26108035, 7.1, 199, 地狱派对
1069955, 7.7, 107, 吉姆爷
24847418, 6.9, 249, 素食主义者
26756533, 8.0, 82, 分手在布达
26265743, 8.6, 53, 蒲公英女孩
24319072, 7.8, 96, 横渡大西洋
1039599, 8.4, 59, 望乡
26616936, 8.3, 63, 雨鼓
1877897, 9.1, 38, 四朝代（上下）
26574813, 9.1, 38, 婚变
26341559, 7.9, 84, 大象旅行记
1769760, 8.0, 77, 二叶亭四迷小说集
10518852, 8.4, 56, 瓦特
1438073, 7.9, 81, 基本粒子
26771731, 8.1, 68, 朱q
25850738, 7.7, 93, 监狱里的图书馆
20430023, 8.1, 67, 聚会
1756103, 8.4, 51, 卡彭铁尔作品集
26636665, 8.4, 51, 黄雨
1274378, 8.1, 62, 中奖彩票
25888469, 6.9, 187, 薛定谔之猫
25918399, 8.0, 65, 宇宙
26823153, 8.6, 43, 在一个陌生的房间
3054784, 8.0, 64, 奥康纳短篇小说选
1283357, 7.7, 81, 汽车城
6428837, 7.1, 143, 当我们一起去跳海
4099745, 7.8, 74, 露西・高特的故事
2188229, 6.9, 175, 芬妮希 : 一g雠子的回
2032759, 7.4, 101, 最后的莫希干人
1190337, 7.5, 91, 爱恋中的女人-劳伦斯经典名著
10434822, 8.1, 55, 罂粟海
1850587, 7.9, 62, 镀金时代
19894438, 8.5, 41, 纸老虎
25790810, 7.4, 92, 孤独的梦中人
25922763, 7.3, 101, 奇山飘香
1817026, 8.7, 35, 英雄与坟墓
1054793, 9.4, 24, 卞之琳译文集（上中下）
4898555, 7.9, 55, 神秘的人
1888455, 6.2, 341, 涂尔干死了！
1186454, 8.5, 34, 众生之路
1388826, 9.3, 22, 摩人的最後@息
25838017, 7.6, 60, 我不要我们永远在一起
26672867, 8.8, 26, 烈火的召唤
4905954, 7.8, 48, 天堂
26425904, 7.8, 46, 我在地球的日子
26367990, 8.0, 39, 为亡灵弹奏玛祖卡
26752585, 8.2, 34, 反叛者
26303203, 7.9, 39, 没什么大不了
1455955, 8.8, 21, Autobiography of Red
26756721, 8.3, 27, 骗子
26275680, 8.2, 28, 法兰西兵法
26680283, 7.9, 33, 费丽西娅的旅行
2062963, 8.0, 29, 一个神经衰弱者的二十一天
25891894, 7.8, 31, 冬日传奇
1543423, 8.5, 20, 爱华妲夫人及其它
26660775, 8.5, 20, 名誉
26641657, 8.0, 24, 三孔桥
26345445, 8.3, 20, 失忆的年代
26641592, 8.1, 18, 海姆素岛居民
26666009, 7.3, 25, H档案
26326479, 4.7, 932, 五十度灰
26853177, 7.5, 18, 迷情
26739962, 8.0, 13, 天竺葵
26640818, 7.8, 14, 水手比利・巴德
26874199, 7.7, 12, 恋人们的森林
17093813, 7.3, 12, Mom &amp; Me &amp; Mom
