2017-01-23 16:17:59
Tag: 外国文学
The number of books: 988 

ID, rating, votes, title
1084336, 9.0, 211603, 小王子
1770782, 8.8, 248947, 追风筝的人
6082808, 9.2, 94370, 百年孤独
1068920, 9.3, 73313, 飘（上下）
1041007, 9.0, 82498, 哈利・波特与魔法石
1040211, 9.2, 46902, 福尔摩斯探案全集（上中下）
1071241, 8.9, 70172, 哈利・波特与阿兹卡班的囚徒
1009257, 8.9, 68069, 哈利・波特与火焰杯
1083428, 8.8, 80334, 傲慢与偏见
1017143, 8.5, 130032, 不能承受的生命之轻
1858513, 8.9, 61688, 月亮和六便士
1039487, 8.8, 67893, 哈利・波特与密室
4820710, 9.3, 28279, 1984
10594787, 8.9, 50270, 霍乱时期的爱情
1141406, 8.5, 101726, 简爱
1829226, 9.1, 35345, 肖申克的救赎
1085860, 8.9, 48452, 基督山伯爵
1046209, 9.1, 34455, 安徒生童话故事集
2035179, 9.2, 28182, 动物农场
1336330, 9.3, 21608, 冰与火之歌（卷一）
1082387, 9.2, 24007, 一九八四・动物农场
2143732, 8.7, 48484, 灿烂千阳
1040771, 8.2, 123360, 达・芬奇密码
1046265, 8.0, 178791, 挪威的森林
3006581, 8.9, 30715, 无人生还
1045818, 8.5, 59186, 苏菲的世界
1043008, 8.9, 27885, 格林童话全集
2154960, 8.7, 38686, 一个陌生女人的来信
3608208, 8.6, 45469, 牧羊少年奇幻之旅
2035162, 9.0, 22452, 刀锋
1205054, 8.9, 25765, 悲惨世界（上中下）
4908885, 9.0, 20115, 局外人
1119522, 8.4, 54420, 呼啸山庄
1863930, 8.8, 25331, 看不见的城市
1058661, 8.8, 24322, 飞鸟集
1400705, 8.1, 79083, 情人
1086249, 8.6, 30341, 荆棘鸟
1064275, 8.3, 50323, 老人与海
1051193, 8.6, 28487, 麦琪的礼物
1092335, 8.9, 16044, 教父
1119839, 9.1, 11028, 王尔德童话
1024197, 8.3, 39262, 巴黎圣母院
1292416, 8.5, 26410, 香水
26698660, 9.0, 11323, 巨人的陨落
3406401, 9.0, 11010, 悉达多
4187411, 8.8, 14414, 万物有灵且美
2035171, 9.0, 10716, 人生的枷锁
1008988, 8.3, 31976, 了不起的盖茨比
1424741, 8.5, 22339, 心是孤独的猎手
1013380, 8.1, 45154, 茶花女
1159939, 8.5, 21886, 一个陌生女子的来信
1856494, 9.3, 6360, 卡拉马佐夫兄弟
25829693, 9.0, 9490, 永恒的终结
1205370, 8.1, 40982, 羊脂球
1036274, 8.5, 20146, 夏洛的网
6781808, 9.2, 7049, 杀死一只知更鸟
26382433, 8.2, 32056, 无声告白
6789605, 9.0, 8735, 树上的男爵
1035848, 8.6, 15721, 一千零一夜
1440972, 9.1, 7393, 博尔赫斯小说集
2056749, 8.1, 34507, 时间旅行者的妻子
1016003, 8.0, 40957, 鲁滨逊漂流记
1013225, 8.3, 23364, 生活在别处
1082518, 7.9, 48055, 麦田里的守望者
1865089, 8.4, 19141, 瓦尔登湖
1083762, 8.7, 11546, 人类的群星闪耀时
1085470, 8.4, 18538, 海底两万里
1062343, 9.2, 5728, 昨日的世界
1316648, 8.3, 21698, 查令十字街84号
1040104, 8.7, 11022, 魔戒（第一部）
1228110, 8.2, 24808, 天使与魔鬼
1001136, 8.8, 9347, 彼得・潘
1213546, 8.3, 20087, 变形记
1170801, 8.9, 7913, 泰戈尔诗集
26586492, 8.9, 7690, 火星救援
3315879, 8.6, 11675, 恶童日记
2194123, 8.4, 15429, 相约星期二
1856025, 8.9, 7263, 道连・葛雷的画像
1006197, 8.4, 15290, 哈姆莱特
10763902, 7.9, 36854, 偷影子的人
26425831, 8.8, 8099, 斯通纳
1794620, 7.8, 43144, 芒果街上的小屋
4071859, 9.3, 4069, 我在伊朗长大
1066165, 9.3, 4023, 卡尔维诺文集（第三卷）
1465324, 7.7, 51323, 洛丽塔
1007433, 8.1, 23563, 红与黑
3578470, 9.0, 5790, 德米安
1186392, 8.7, 8785, 约翰・克利斯朵夫
24934182, 8.1, 22941, 一个人的朝圣
26340138, 7.7, 49621, 岛上书店
1092149, 8.7, 8400, 梵高传
3537590, 8.3, 15165, 朗读者
4011440, 8.0, 25437, 最初的爱情 最后的仪式
1917972, 7.8, 37137, 在路上
3608235, 8.5, 10840, 失物之书
10560798, 8.7, 8019, 面纱
1041128, 8.5, 10741, 天蓝色的彼岸
1254731, 8.8, 6873, 欧・亨利短篇小说选
20392523, 8.5, 10378, 没有人给他写信的上校
1431870, 9.1, 4471, 源泉
24382569, 8.6, 8862, 一桩事先张扬的凶杀案
1917078, 8.6, 8833, 风之影
2180619, 8.0, 23363, 偷书贼
1022632, 8.7, 7492, 罪与罚
2136484, 8.7, 7406, 如果在冬夜，一个旅人
3326892, 8.6, 8537, 圣诞忆旧集
1082584, 8.6, 8474, 追忆似水年华 Ⅰ
11584574, 8.5, 9845, 万物静默如谜
1883353, 8.8, 6331, 野性的呼唤
1060117, 8.5, 9769, 不朽
2158684, 9.0, 4736, 象棋的故事
1427288, 8.4, 10827, 小妇人
1321789, 8.5, 8935, 美丽新世界
10774752, 9.1, 3901, 毛姆短篇小说精选集
4010969, 7.8, 29524, 当我们谈论爱情时我们在谈论什么
6781794, 8.8, 5622, 过于喧嚣的孤独
4292149, 8.5, 8594, 龙文身的女孩
1442869, 8.9, 4862, 献给阿尔吉侬的花束
4714015, 9.0, 4135, 万物既伟大又渺小
2193877, 8.1, 15708, 你在天堂里遇见的五个人
1203251, 8.1, 15492, 雾都孤儿
1013502, 7.6, 39485, 钢铁是怎样炼成的
3335362, 8.5, 8040, 大教堂
1418058, 9.1, 3520, 小径分岔的花园
1007772, 8.2, 12739, 双城记
3597825, 8.6, 6847, 我的孤独是一座花园
1081422, 8.9, 4406, 卡夫卡小说全集（全三册）
1045352, 8.7, 5774, 二十首情诗与绝望的歌
1012637, 8.2, 12232, 牛虻
1052828, 8.4, 8760, 玩笑
20326626, 8.6, 6424, 少年Pi的奇幻漂流（插图珍藏版）
5920385, 8.2, 11872, 肠子
2139305, 7.7, 29045, 巴别塔之犬
1072319, 8.5, 7349, 长腿叔叔
24845582, 8.4, 8479, 群山回唱
5993310, 9.0, 3653, 直捣蜂窝的女孩
2042063, 8.4, 7959, 伊斯坦布尔
3673771, 9.0, 3462, 项塔兰
1851385, 7.8, 21344, 我的名字叫红
4105446, 8.1, 12480, 十一种孤独
1064841, 9.0, 3363, 绿山墙的安妮
3266345, 8.1, 12345, 三杯茶
4313207, 8.5, 6575, 致D
3137289, 8.5, 6525, 姐姐的守护者
5958726, 8.0, 14315, 质数的孤独
25884880, 8.9, 3727, 我不知道该说什么，关于死亡还是爱情
1016486, 8.3, 8586, 笑忘录
1010472, 8.4, 7331, 安娜・卡列尼娜（上下）
1255288, 8.0, 13988, 复活
4826530, 9.1, 2805, 我亲爱的甜橙树
3014444, 8.7, 4664, 自深深处
3673651, 7.7, 23624, 岛
10555486, 8.7, 4626, 分成两半的子爵
6857344, 8.5, 6105, 夜莺与玫瑰
4882023, 9.2, 2452, 万物既聪慧又奇妙
3821057, 8.6, 5266, 搏击俱乐部
1400707, 8.1, 11231, 广岛之恋
3826899, 8.6, 5217, 布鲁克林有棵树
25826936, 9.5, 1719, 冰与火之歌
2212371, 9.0, 3032, 先知
6789551, 8.8, 3902, 不存在的骑士
3131626, 8.9, 3429, 荒原狼
3151990, 8.5, 5766, 达摩流浪者
1069059, 8.1, 10623, 雪国
20428302, 9.1, 2579, 失明症漫记
1032431, 9.0, 2901, 卡尔维诺文集（第五卷）
2161892, 8.5, 5578, 九故事
1064828, 8.4, 6454, 好笑的爱
5366382, 8.7, 4208, 夜航西飞
2165063, 9.2, 2252, 纳尔齐斯与歌尔德蒙
3003477, 9.2, 2235, 虚构集
3594151, 8.1, 10134, 柑橘与柠檬啊
2061644, 8.2, 8591, 伤心咖啡馆之歌
1982200, 8.7, 4102, 爱德华的奇妙之旅
1005918, 7.9, 13995, 堂吉诃德
1040397, 8.1, 9715, 假如给我三天光明
4149805, 8.5, 5266, 了不起的盖茨比
1007952, 9.4, 1721, 蓝熊船长的13条半命
3836566, 8.5, 5254, 玫瑰的名字
1015864, 9.0, 2667, 惶然录
1047138, 7.7, 18995, 少年维特的烦恼
1016429, 8.6, 4439, 毛姆读书随笔
4242406, 8.5, 5104, 达芬奇密码
1013469, 8.6, 4432, 战争与和平（全四册）
26371317, 8.2, 7989, 24个比利
3899039, 8.1, 9324, 刺猬的优雅
3765331, 8.6, 4376, 恋人絮语
2036561, 8.4, 5802, 城堡
2996596, 8.4, 5796, 特别的猫
10512236, 8.4, 5747, 时间的针脚
1859108, 8.8, 3264, 白痴
1092168, 9.1, 2256, 追忆似水年华（上下册）
21979017, 9.5, 1448, 魔戒
1049957, 8.6, 4237, 浮士德
1438816, 9.1, 2227, 给青年诗人的信
1083089, 9.3, 1738, 博尔赫斯全集
1212469, 8.9, 2760, 荷马史诗・伊利亚特
1052360, 8.9, 2758, 卡尔维诺文集（第四卷）
1077492, 9.0, 2439, 大师和玛格丽特
3246904, 8.1, 8434, 蒂凡尼的早餐
6016234, 8.8, 3072, 奇风岁月
4171951, 7.5, 24782, 失落的秘符
4120475, 9.3, 1692, 加缪全集 （小说卷）
1818583, 9.1, 2100, 斯・茨威格中短篇小说选
19962936, 8.7, 3430, 只是孩子
1006113, 7.8, 13624, 源氏物语
2042633, 9.0, 2338, 金蔷薇
5406559, 8.7, 3363, 鼠疫
2146279, 9.0, 2307, 心灵的焦灼
1079252, 8.2, 6839, 爱情笔记
3013903, 8.1, 7863, 漫长的告别
1085021, 8.2, 6692, 蝴蝶梦
4116629, 8.9, 2544, 希区柯克悬念故事集
3926717, 8.5, 4242, 雷蒙德・卡佛短篇小说自选集
1072334, 8.5, 4230, 魔戒前传
1056023, 8.5, 4215, 鼠疫
2669319, 9.0, 2217, Flipped
1083435, 8.7, 3195, 契诃夫短篇小说选
1063796, 8.6, 3608, 小说的艺术
3769738, 8.7, 3126, 万火归一
1082147, 9.0, 2156, 热爱生命
1083477, 7.8, 12238, 包法利夫人
1077778, 8.1, 7377, 爱的教育
4202422, 8.3, 5304, 云图
4143051, 8.6, 3423, 荆棘之城
4737325, 8.2, 6018, 维罗妮卡决定去死
2296687, 8.5, 3872, 纸牌的秘密
6097966, 8.1, 6978, 发条橙
1034066, 9.1, 1804, 加缪文集
1882915, 8.9, 2274, 莎士比亚四大悲剧
10598170, 8.1, 6846, 我不要你死于一事无成
2302217, 8.8, 2537, 阿特拉斯耸耸肩（上下）
3888123, 8.6, 3215, 写作这回事
10569619, 8.4, 4202, 自由
24541883, 8.1, 6523, 消失的爱人
1417385, 8.9, 2172, 博尔赫斯诗选
1872158, 8.2, 5571, 蝇王
26672693, 9.0, 1927, 一个叫欧维的男人决定去死
1451270, 9.2, 1525, 纪伯伦诗集
3643270, 9.1, 1703, 新千年文学备忘录
1052074, 8.7, 2736, 喧哗与骚动
3129584, 8.8, 2408, 莎乐美
1055234, 8.5, 3518, 神曲（全三册）
5940553, 8.8, 2382, 当尼采哭泣
1019628, 8.7, 2688, 卡夫卡中短篇小说选
5446490, 8.7, 2688, 宇宙奇趣全集
2042629, 8.7, 2687, 九三年
1089049, 9.3, 1336, 莎士比亚全集（全8册）
26704403, 9.0, 1849, 二手时间
3003258, 9.2, 1473, 阿莱夫
5993314, 8.0, 7183, 安吉拉・卡特的精怪故事集
1849791, 8.5, 3395, 铁皮鼓
1291199, 8.7, 2606, 过于喧嚣的孤独 底层的珍珠
3402999, 8.6, 2963, 到灯塔去
11528350, 8.8, 2296, 哈扎尔辞典（阳本）
1025336, 7.9, 8255, 慢
1874411, 8.5, 3337, 乞力马扎罗的雪
3302645, 8.1, 5946, 我在雨中等你
1430530, 8.2, 5097, 汤姆叔叔的小屋
2214350, 8.4, 3795, 幻影书
1083429, 8.7, 2544, 爱伦・坡短篇小说集
2165076, 9.0, 1749, 玻璃球游戏
1057197, 8.1, 5780, 无知
1030366, 8.1, 5687, 身份
1417878, 8.5, 3167, 里尔克诗选
3871911, 8.4, 3600, 大树
2243692, 7.8, 8995, 潜水钟与蝴蝶
10768068, 8.4, 3547, 寻欢作乐
1064707, 8.7, 2387, 从卡夫卡到昆德拉
3640067, 8.7, 2382, 革命之路
3831788, 8.0, 6363, 逃离
2073345, 8.7, 2355, 拜伦 雪莱 济慈 抒情诗精选集
4881998, 8.4, 3491, 猜火车
1045365, 8.6, 2651, 恶之花
6041708, 8.4, 3440, 世上另一个我(修订版)
6797396, 8.5, 2968, 焚舟纪
4732188, 8.1, 5232, 中央公园西路
1014144, 8.3, 3892, 大卫・科波菲尔（上下）
1076330, 8.9, 1785, 奥狄浦斯王
1051714, 8.2, 4420, 等待戈多
1026317, 7.7, 9837, 可爱的骨头
26695174, 9.0, 1545, 灯塔
4266008, 8.3, 3701, 给一个未出生孩子的信
4908872, 8.6, 2447, 都柏林人
1469878, 8.6, 2445, 日瓦戈医生
1038196, 8.4, 3176, 尤利西斯
2295912, 8.9, 1686, 佩德罗・巴拉莫
4154988, 8.0, 5671, 纯真博物馆
2267630, 8.3, 3593, 凯尔特的薄暮
2251691, 8.7, 2117, 弗兰妮与祖伊
10764013, 8.8, 1874, 克罗诺皮奥与法玛的故事
1082159, 8.2, 4118, 沉默的羔羊
6890671, 8.2, 4117, 一天
4245064, 8.6, 2355, 冷血
1023709, 8.3, 3504, 被背叛的遗嘱
26628811, 8.7, 2058, 世上最美的溺水者
1088812, 8.3, 3478, 第二十二条军规
6712407, 8.9, 1618, 巴黎评论・作家访谈Ⅰ
1315844, 9.1, 1275, 古拉格群岛（上中下）
1852700, 9.0, 1405, 神经外科的黑色喜剧
1011702, 8.1, 4400, 廊桥遗梦
4175473, 8.6, 2199, 波斯少年
4732123, 8.5, 2491, 爸爸，我们去哪儿？
20392525, 7.9, 5857, 枯枝败叶
3393056, 8.2, 3698, 流动的盛宴
1035478, 8.6, 2144, 静静的顿河（全四册）
3316438, 8.3, 3176, 孤独及其所创造的
4246979, 8.1, 4206, 窄门
2980471, 8.2, 3619, 赎罪
1219090, 9.2, 1063, 沙与沫
2254615, 8.9, 1472, 西线无战事
10759466, 9.0, 1306, 地下室手记
1870262, 8.5, 2374, 帕洛马尔
1042434, 8.0, 4794, 安妮日记
1768642, 9.2, 1048, 博尔赫斯短篇小说集
4173402, 8.4, 2689, 昨日之旅
26357614, 9.0, 1296, 海风中失落的血色馈赠
4882159, 7.6, 9093, 橘子不是唯一的水果
21329239, 8.8, 1582, 巴黎烧了吗?
1780277, 8.7, 1773, 法兰西组曲
25924242, 8.9, 1400, 爱在黎明破晓前&amp;爱在日落黄昏时
1011228, 8.3, 2952, 远大前程
10473355, 8.6, 1968, 木麻黄树
20441569, 9.1, 1107, 被淹没和被拯救的
1868698, 8.3, 2895, 为什么读经典
1186350, 7.8, 6128, 红字
2229229, 8.0, 4460, 穿条纹衣服的男孩
2214344, 7.5, 10234, 不存在的女儿
26657570, 9.0, 1205, 活着为了讲述
3003466, 8.7, 1696, 恶棍列传
2228707, 8.9, 1343, 癌症楼
4220020, 8.8, 1503, 相助
1771464, 8.6, 1907, 微物之神
1428066, 8.8, 1489, 海上钢琴师
2062599, 8.4, 2433, 雪
1001065, 8.4, 2428, 麦克白
6800379, 8.6, 1849, 2666
1067293, 8.5, 2093, 青春
21346008, 8.5, 2075, 米格尔街
6844341, 7.6, 7834, 牡蛎男孩忧郁之死
10764363, 9.2, 914, 是，大臣
1837654, 8.7, 1580, 审判
1174721, 8.4, 2278, 丧钟为谁而鸣
26729776, 8.2, 2984, 雪人
3908240, 7.8, 5437, 情人
5383175, 8.7, 1557, 童年与故乡
1807562, 9.2, 896, 加西亚・马尔克斯中短篇小说集
3228779, 8.7, 1541, 出埃及记
1397467, 7.9, 4559, 理智与情感
10519369, 9.4, 730, 万物生光辉
1048173, 8.0, 3874, 忏悔录
1088418, 9.0, 1081, 死屋手记
26642866, 8.4, 2161, 萤火虫小巷
4247000, 9.0, 1059, 欲望号街车
10565151, 7.5, 8527, 我是个年轻人 我心情不太好
1426852, 8.7, 1469, 叶芝诗集（上中下）
3689118, 8.3, 2426, 梦想家彼得
3263006, 8.8, 1298, 飞越疯人院
3010128, 8.6, 1626, 剧院风情
3733083, 8.8, 1285, 你往何处去
1885262, 8.6, 1624, 笑面人
11542577, 8.6, 1624, 天生就会跑
26356948, 7.0, 22445, 摆渡人
26451351, 8.6, 1618, 爱情和其他魔鬼
26431326, 8.9, 1141, 所有我们看不见的光
1455933, 7.5, 8150, 你好，忧愁
3669671, 8.5, 1811, 我们在此相遇
1312558, 8.9, 1133, 文学讲稿
10746177, 8.5, 1805, 终结的感觉
26276924, 8.6, 1593, 梦中的欢快葬礼和十二个异乡故事
5336228, 8.7, 1414, 作家笔记
1468997, 8.6, 1580, 守望灯塔
25952961, 8.8, 1249, 博尔赫斯谈话录
4870150, 8.3, 2301, 44号孩子
26580084, 8.7, 1380, 烛烬
10563555, 8.9, 1085, 恐惧
1030554, 8.5, 1692, 恶心
24875416, 8.3, 2182, 生命最后的读书会
1982096, 8.4, 1915, 关于来洛尼亚王国的十三个童话故事
4621099, 8.3, 2173, 死于威尼斯
10583075, 8.5, 1680, 英国病人
24736805, 7.5, 7367, 我所有的朋友都死了
1063401, 8.4, 1889, 精灵宝钻
1960035, 8.8, 1166, 盲刺客
1444558, 8.7, 1301, 博尔赫斯谈艺录
3649661, 8.7, 1300, 说吧，记忆
1760730, 8.3, 2122, 伍尔夫读书随笔
25733467, 9.1, 833, V字仇杀队
3055316, 7.7, 5088, 第十三个故事
25985126, 8.6, 1424, 迷宫中的将军
2061444, 8.6, 1423, 幽灵之家
5321895, 8.3, 2067, 那些忧伤的年轻人
4151134, 7.8, 4221, 只爱陌生人
2265995, 7.1, 14953, 大象的眼泪
3438303, 8.7, 1251, 抬高房梁，木匠们；西摩：小传
3783409, 8.7, 1243, 圣殿春秋（上）
25779593, 8.5, 1561, 马尔克斯：族长的秋天
2003092, 8.3, 2000, 波多里诺
1825855, 8.8, 1088, 荒原
1039840, 7.6, 5623, 查特莱夫人的情人
25808056, 8.1, 2587, 纸牌屋
2146277, 9.1, 784, 一个政治性人物的肖像
2160292, 8.1, 2575, 神谕之夜
4152770, 8.6, 1348, 根西岛文学与土豆皮馅饼俱乐部
20501761, 8.2, 2210, 地球上最后的夜晚
2973335, 8.6, 1331, 微暗的火
26053771, 8.6, 1327, 小于一
1097835, 8.0, 2889, 名人传
10522844, 8.7, 1168, 游戏的终结
4105444, 8.5, 1474, 复活节游行
2165084, 8.3, 1869, 在轮下
2350407, 8.2, 2129, 寂静的春天
1430657, 9.3, 611, 卡夫卡全集（全10卷）
26300508, 8.7, 1121, 万物的签名
1279212, 7.5, 6013, 十日谈
6310320, 8.7, 1102, 人都是要死的
26598807, 9.0, 795, 人鼠之间
26276279, 7.8, 3581, 苦妓回忆录
26701959, 8.6, 1224, 我脑袋里的怪东西
10512506, 7.8, 3569, 世界上的另一个你
5940829, 8.1, 2287, 写在身体上
5921802, 7.6, 4868, 邮差总按两遍铃
4285240, 8.9, 865, 过于喧嚣的孤独
1041896, 8.3, 1740, 巴黎的忧郁
4198469, 8.2, 1976, 轻舔丝绒
1434071, 7.9, 2994, 我们
3003470, 8.8, 954, 另一个，同一个
26349261, 8.3, 1711, 孤儿列车
6897140, 8.3, 1700, The Fault in Our Stars
1005255, 9.3, 569, 博尔赫斯文集
3783412, 8.8, 941, 圣殿春秋（下）
26264154, 8.6, 1176, 悲伤与理智
3765092, 8.6, 1163, 旧地重游
2050779, 8.3, 1646, 魔山
24107596, 8.0, 2461, 神经漫游者
2073481, 8.6, 1134, 城市与狗
24089492, 8.8, 906, 恶童日记（珍藏纪念版）
6861517, 8.5, 1262, 时时刻刻
6973816, 7.7, 3771, 古董衣情缘
5283663, 8.4, 1410, 另一个波琳家的女孩
4120485, 9.3, 540, 加缪全集（散文卷Ⅰ）
1082946, 8.8, 888, 我弥留之际
20493367, 8.5, 1246, 爱伦・坡暗黑故事全集（上册）
4714018, 7.5, 5171, 青春咖啡馆
25796061, 9.3, 535, 杜撰集
5988558, 8.3, 1580, 深夜小狗神秘事件
26831234, 8.8, 879, 不属于我们的世纪
1000251, 9.0, 713, 王尔德全集
2032523, 8.5, 1231, 失乐园
1047325, 9.2, 585, 老妇还乡
26356515, 8.2, 1781, S.
26892080, 8.9, 785, 猎豹
4213981, 8.4, 1381, 好人难寻
6832303, 6.9, 16224, 别相信任何人
2245449, 8.7, 965, 爱与黑暗的故事
26275572, 9.1, 636, Ocnos
26602467, 9.0, 702, 我是女兵
5391766, 7.5, 4995, 忽然七日
1428154, 8.8, 853, 费尔南多・佩索阿诗选
6746290, 8.9, 767, 奥丽芙・基特里奇
1006991, 8.6, 1057, 一个无政府主义者的意外死亡
1766685, 8.3, 1513, 黑暗中的笑声
20473505, 8.8, 844, 山月记
6010144, 8.3, 1499, 动物寓言集
1441980, 9.0, 678, 特朗斯特罗姆诗全集
1038656, 8.8, 833, 我曾侍候过英国国王
1437488, 9.2, 557, 群魔
6791412, 8.8, 825, 炽焰燃烧
2174410, 8.2, 1663, 名利场
2135139, 8.4, 1292, 我为什么要写作
26844525, 8.5, 1146, 再见，萤火虫小巷
3253854, 7.7, 3360, 书店的灯光
4203630, 8.5, 1134, 鳄鱼街
21993104, 8.1, 1874, 白夜
3090810, 8.7, 893, 五号屠场
2280027, 7.6, 3820, 自杀俱乐部
3127852, 8.6, 985, 推销员之死
1077638, 8.0, 2085, 耻
25796049, 9.0, 633, 沙之书
26787935, 8.6, 966, 夜色人生
4836697, 8.3, 1376, 看见真相的男孩
1074155, 8.8, 773, 骑兵军
19898714, 7.6, 3677, 偶发空缺
1083030, 9.0, 626, 双重人格 地下室手记
6879215, 7.6, 3660, 乌克兰拖拉机简史
1880825, 8.2, 1528, 希腊神话
2283762, 8.5, 1056, 钟形罩
2124556, 8.2, 1509, 黑书
1255006, 9.0, 607, 爱伦・坡集
2301475, 8.4, 1161, 人间食粮
7916069, 8.8, 741, 被禁锢的头脑
10749924, 8.2, 1485, 天真的和感伤的小说家
1958871, 8.3, 1308, 普宁
20425489, 9.3, 455, 是，首相
1017839, 7.9, 2220, 带着鲑鱼去旅行
2032117, 7.7, 2967, 纽约三部曲
1607478, 8.3, 1283, 巴黎伦敦落魄记
25890145, 8.4, 1132, 线
1331454, 8.7, 803, 西方正典
1321790, 8.1, 1636, 华氏451
21681263, 8.2, 1426, 大鱼
2568067, 8.1, 1623, 中性
20392524, 7.7, 2862, 恶时辰
1083317, 7.8, 2460, 北回归线
4038610, 8.1, 1602, 回归
3136267, 8.5, 974, 小城畸人
25801080, 8.2, 1394, 我曾这样寂寞生活：辛波斯卡诗选2
4160472, 8.5, 970, 告诉我，你怎样去生活
26591906, 8.3, 1225, 浮生梦
26837288, 8.4, 1084, 钓鱼的男孩
1012189, 8.9, 624, 柳林风声
6003394, 8.2, 1372, 爱，始于冬季
1603984, 8.1, 1553, 希腊神话故事
2969263, 8.5, 942, 跳房子
10282582, 8.3, 1191, 隐形怪物
26890281, 8.2, 1347, 漫长的中场休息
1959270, 8.1, 1517, 小世界
2364762, 8.7, 744, 唐璜（上下册）
2036569, 8.2, 1324, 愤怒的葡萄
1174722, 7.9, 1957, 太阳照常升起
1812223, 7.6, 3050, 消失的地平线
19950612, 7.3, 4983, 伊斯坦布尔假期
3327495, 8.3, 1148, 万有引力之虹
26394018, 9.1, 486, 生活与命运
3190550, 8.3, 1137, 巨匠与杰作
2042631, 7.9, 1898, 弗兰肯斯坦
5321892, 8.8, 644, 不适之地
3402988, 8.9, 579, 海浪
1894740, 8.5, 877, 猎人笔记
5448179, 8.0, 1623, 别的声音，别的房间
10740054, 8.0, 1616, 给樱桃以性别
4898547, 8.1, 1414, 祖与占
2255871, 8.6, 780, 冠军早餐 囚鸟
5980585, 8.3, 1100, 走在蓝色的田野上
5419801, 8.3, 1097, 别样的色彩
6874612, 8.1, 1407, 孤独的池塘
26110579, 7.6, 2853, 暗店街
5326883, 8.3, 1083, 如何读，为什么读
3931849, 7.6, 2818, 天黑前的夏天
5299919, 8.6, 762, 国王鞠躬，国王杀人
4299250, 8.6, 760, 读诗的艺术
4191701, 8.8, 612, 肉桂色铺子
1046680, 8.6, 750, 茨维塔耶娃文集：诗歌
1042006, 9.3, 378, 十九世纪文学主流（共六册）
26022097, 8.4, 934, 番石榴飘香
1373788, 8.2, 1186, 玩偶之家
2971734, 7.3, 4376, 一把雨伞给这天用
25870629, 7.7, 2294, 亲爱的生活
21778349, 8.2, 1144, 苦水音乐
4219120, 8.4, 878, 流浪的星星
25724491, 8.3, 984, 突然，响起一阵敲门声
11508896, 8.4, 873, 夜航
1950154, 8.8, 564, 小说鉴赏
2568438, 8.6, 693, 权力与荣耀
6060418, 8.3, 965, 年轻的心在哭泣
2266567, 9.2, 382, 伊凡・伊里奇的死
1242927, 9.7, 251, 英国文学名篇选注
4199421, 9.3, 345, 在少女花影下
1017334, 9.0, 450, 没有个性的人
25831096, 8.9, 495, 梦书之城
25940556, 8.3, 940, 锌皮娃娃兵
3898308, 8.6, 669, 一个青年艺术家的画像
5394486, 7.3, 3869, 爱情没那么美好
26811147, 8.4, 829, 月族
25985982, 8.5, 732, 遥远的星辰
4191696, 8.8, 534, 狗心
6560651, 7.9, 1515, 雨必将落下
4262685, 8.0, 1325, 戏梦巴黎
1470235, 8.3, 911, 猫的摇篮
26120130, 9.1, 396, 天才的编辑
26896859, 9.2, 362, 当呼吸化为空气
1185912, 8.4, 802, 变形记
11528305, 8.2, 1012, 朝圣
26607924, 8.4, 800, 午夜之子
26262141, 8.3, 895, 毛姆传
3266349, 8.3, 893, 恋情的终结
25919825, 8.4, 794, 大河湾
26689063, 8.2, 999, 卡罗尔
5383804, 9.0, 426, 酒吧长谈
3138839, 8.7, 571, 大师
1051524, 8.3, 884, 断头王后
1850861, 8.0, 1268, 托斯卡纳艳阳下
26269845, 8.1, 1116, 唯有孤独恒常如新
5406557, 8.1, 1106, 夜色温柔
10432334, 8.3, 867, Me Before You
10442281, 8.2, 966, 她比烟花寂寞
2131426, 9.0, 410, 涅朵奇卡・涅茨瓦诺娃
2170030, 8.0, 1223, 白鲸
2375988, 8.0, 1215, 一间自己的屋子
3073401, 7.4, 2858, 隐之书
1945004, 8.6, 597, 近距离
26657740, 9.0, 401, 再度觉醒
1316652, 9.1, 365, 王尔德作品集
26584387, 7.7, 1787, 一个人的朝圣2
3431637, 8.5, 658, 野棕榈
6440324, 8.4, 734, 人各有异
10483439, 8.4, 733, 上升的一切必将汇合
4882148, 8.2, 922, 遥望
11535042, 8.2, 921, 请以你的名字呼唤我
10875996, 8.9, 436, 朝圣者之歌
24525766, 8.7, 528, 记忆小屋
10564102, 8.1, 1033, 单身（50周年典藏纪念版）
3861531, 8.2, 894, 荒野侦探
1185883, 8.8, 467, 白轮船
25986497, 8.3, 791, 疑问集
26591790, 8.6, 568, 我还是想你，妈妈
26577690, 8.5, 624, 伪装成独白的爱情
10604943, 8.3, 776, 爱情半夜餐
1048047, 8.5, 621, 风沙星辰
1926728, 9.3, 291, 往事与随想
20425433, 8.1, 980, 请你安静些，好吗？
1072015, 9.1, 344, 人间喜剧 第一卷
25699387, 8.6, 552, 星辰时刻
7046857, 8.3, 764, 长日留痕
20435635, 8.5, 609, 里斯本夜车
5043526, 7.6, 1886, 床笫之间
6041086, 7.9, 1238, 恋爱中的骗子
25746421, 8.2, 849, 公开的秘密
26787941, 7.3, 2934, 玛格丽特小镇
25900687, 8.6, 535, 夜
10537645, 8.4, 661, 岛屿书
26745030, 8.8, 437, 陌生女人的来信
19950784, 8.4, 653, 空荡荡的家
26384735, 9.0, 358, 致未来的诗人
20515828, 8.6, 526, 傅科摆
26878124, 8.8, 430, 我的天才女友
1042638, 9.3, 268, 西方文学之旅
7007231, 7.9, 1141, 房间
5248289, 7.7, 1487, 岁月的泡沫
4191638, 8.4, 625, 10 1/2章世界史
3668430, 8.4, 624, 明智的孩子
24855421, 8.7, 454, 在春天走进果园
5289426, 7.4, 2269, 在云端
6833935, 8.5, 550, 老无所依
25881325, 7.0, 4443, 庆祝无意义
24856615, 8.8, 400, 阿尔伯特・卡埃罗
1790005, 8.7, 438, 蒙面骑士
3689094, 8.4, 593, 最美的决定
1083316, 8.1, 834, 南回归线
26792804, 9.2, 275, 魔兽世界编年史
3888110, 8.7, 431, 天使望故乡
6712398, 8.4, 586, 母与子
25774978, 8.7, 425, 眼泪与圣徒
6813370, 8.2, 719, 雾中回忆
1801813, 8.3, 639, 血族1：侵袭
6720777, 9.0, 318, 海明威短篇小说全集（上）
3174506, 8.5, 508, 一个自行发完病毒的病例
26765928, 8.5, 508, 屠夫十字镇
6720810, 8.5, 505, 马尔特手记
26390426, 8.3, 617, 比利战争
25748132, 8.4, 553, 复明症漫记
20425439, 8.4, 543, 我们所有人
20444771, 8.9, 327, 血色子午线
26819342, 9.0, 297, 波丽娜
26676528, 8.7, 386, 如何阅读一本文学书
5321896, 8.3, 581, 危险的关系
1858493, 7.8, 1053, 虹
1050951, 8.2, 642, 米沃什词典
4845007, 8.2, 633, 南极
26895033, 8.7, 365, 知更鸟女孩2
25807918, 7.8, 994, 莎士比亚书店
26285734, 8.1, 684, 6点27分的朗读者
4619135, 9.0, 277, 押沙龙，押沙龙！
4719265, 8.5, 442, 逆天
26318808, 7.5, 1443, 我的脖子让我很不爽
2093212, 9.0, 269, 青铜骑士
26863353, 8.9, 292, 贩罪
10473352, 8.9, 290, 浮士德博士
26359759, 8.0, 733, 那些我们没谈过的事
10774932, 8.0, 730, 柠檬桌子
26593670, 8.2, 576, 天鹅绒监狱
24838958, 8.7, 344, 我们的小镇
26654687, 8.0, 722, 你是我的命运
10762880, 8.0, 721, 南方女王
25837539, 8.1, 637, 美洲纳粹文学
1916614, 7.8, 901, 我，十三岁，妓女，吸毒者……
4233385, 7.7, 1015, 海上大教堂
26323408, 8.4, 444, 我坦言我曾历尽沧桑
25747871, 8.4, 439, 恨，友谊，追求，爱情，婚姻
24871651, 8.8, 295, 爱达或爱欲
1256406, 8.8, 292, 苦炼
1185910, 8.9, 267, 埃涅阿斯纪
26910597, 8.4, 427, 直到那一天
3781776, 9.2, 207, 纳博科夫传（上下册）
26266067, 8.9, 264, 重返美丽新世界
26756030, 8.4, 423, 时间之间
19950785, 8.3, 468, 雨后
26773323, 9.1, 222, 莫泊桑短篇小说精选
26732624, 8.3, 460, 精神病患
26294048, 7.7, 922, 黑羊
2059994, 8.1, 560, 只要在一起
26801361, 9.2, 198, 鹿苑长春
10955921, 8.4, 405, 骂观众
1084794, 8.4, 400, 法官和他的刽子手
20273137, 7.8, 780, 伦敦塔集雨人
26821757, 8.4, 396, 他们说，我是幸运的
20266046, 8.5, 358, 走出非洲
4605558, 7.9, 687, 布鲁克林
25996181, 8.3, 436, 真相
11584608, 7.5, 1150, 世界和其他地方
25959838, 8.0, 605, 巴托比症候群
26591590, 8.6, 322, 巴黎评论・作家访谈2
20273121, 8.2, 481, 易碎品
26802228, 8.8, 267, 寻找光的小女孩
26342182, 8.7, 292, 天堂之火
25803529, 9.3, 176, 现代英文选评注
26653460, 8.3, 427, 烟雾弥漫你的眼
1484616, 9.0, 222, 鱼王
20559350, 8.3, 426, 抛锚
1438394, 8.4, 384, 更多的人死于心碎
26264210, 7.8, 747, 几乎没有记忆
26631867, 9.0, 219, 现实与欲望
25908110, 8.5, 343, 诗人的迟缓
10809021, 8.5, 342, 学生托乐思的迷惘
26826605, 9.3, 172, 加缪手记
26298590, 8.4, 377, 出轨
20273136, 8.6, 308, 水的空白
3194500, 7.9, 640, 一个被称作“它”的孩子
3024319, 8.0, 569, 东方故事集
3434097, 8.5, 335, 大饭店
3324036, 8.5, 333, 茫茫黑夜漫游
6784965, 7.7, 793, 渴望之书
24861167, 8.3, 394, 一个人消失在世上
26642648, 8.5, 321, 美好的七年
26905360, 9.4, 150, 夜莺
26108007, 7.8, 678, 我已经结婚了  我心情还不好
26346222, 8.2, 426, 美好的事物无法久存
26849452, 8.5, 313, 静默
26611176, 8.9, 218, 永不言弃
1855132, 8.2, 421, 我在另一个世界等你
3583331, 8.6, 283, 布登勃洛克一家
26375108, 8.4, 342, 新手
26779789, 8.8, 236, 安德的游戏・三部曲
22606931, 8.5, 308, 寒鸦行动
26270304, 9.0, 198, 七夜
20380988, 8.1, 463, 众生安眠
24738206, 9.1, 182, 曼德施塔姆夫人回忆录
6010156, 8.1, 460, 狂野之夜！
4856199, 7.4, 1099, 而河马被煮死在水槽里
1812843, 7.7, 710, 在中国屏风上
1962078, 8.6, 269, 校园秘史
5312097, 8.5, 293, 维特根斯坦的侄子
3826293, 8.2, 392, 教授与疯子
26840830, 8.9, 203, 爱德华・巴纳德的堕落
26900889, 9.1, 172, 佛罗伦萨的神女
26666138, 8.9, 202, 这是不是个人
26791409, 8.7, 237, 奇爱博士
4105424, 7.8, 592, 恋爱中的男人
6085417, 8.4, 307, 遗产
21690069, 8.3, 338, 幻世浮生
26248587, 7.6, 745, 美好古董衣店
26794876, 9.2, 151, 一日谈
26310659, 8.9, 190, 莎士比亚
26258374, 8.6, 243, 爱丽尔
26794598, 8.2, 356, 过去的痛
6313462, 8.6, 239, 礼拜五或太平洋上的灵薄狱
1461987, 9.1, 157, 桤木王
5404221, 8.4, 283, 在德黑兰读《洛丽塔》
26922895, 9.7, 102, 其实你没那么爱他
1479703, 9.2, 144, 赫尔曼・黑塞小说散文选
26728131, 8.0, 425, 安尼尔的鬼魂
4869637, 8.1, 380, 福楼拜的鹦鹉
26682066, 8.5, 255, 我的奋斗1
22693008, 8.2, 341, 兔子共和国
25959972, 8.2, 341, 染血之室与其他故事
25837924, 8.4, 276, 这个世界土崩瓦解了
26253801, 8.8, 192, 一个市民的自白
1411023, 8.3, 300, 独居日记
26707942, 7.1, 1298, 知更鸟女孩
1065410, 8.2, 325, 三怪客泛舟记
25805143, 8.4, 265, 他方世界
1780564, 8.7, 202, 米德尔马契（全二册）
26710042, 9.1, 146, 多莱尔的希腊神话书
25836981, 8.8, 185, 爬出窗外并消失的百岁老人
6535063, 9.8, 90, 堂吉诃德
26653000, 8.1, 352, 金翅雀
26869695, 9.0, 156, 棕色的世界
26429208, 9.5, 108, 猜猜我有多爱你
6973020, 8.2, 311, 独抒己见
26840109, 8.4, 255, 单程票
6784957, 8.3, 280, 性本恶
1026534, 8.5, 228, 布拉格精神
24523678, 8.1, 336, 白噪音
5996568, 8.6, 207, 人性的污秽
25751322, 7.6, 588, 植物的记忆与藏书乐
24737018, 8.7, 188, 玉米人
1535600, 8.2, 297, 黑暗的心
26640439, 8.9, 157, 死缓
1949579, 9.0, 144, 康拉德小说选
26819479, 8.4, 235, 小说药丸
26717204, 8.7, 180, 毛姆经典短篇集
25913219, 8.5, 214, 孤独的精确度
26861449, 9.4, 106, 阁楼里的女孩
26895254, 9.1, 128, 雪中的印记
26609809, 6.8, 1706, 火车上的女孩
25887908, 8.6, 188, 提堂
25751315, 9.0, 136, 艾丽丝・门罗作品
26723433, 7.6, 520, 冬日笔记
3571559, 7.5, 589, 驱魔人
26758995, 8.2, 269, 罗茜计划
4121656, 8.4, 221, 水之乡
26220631, 8.3, 240, 霍夫曼博士的魔鬼欲望机器
5299768, 8.6, 183, 希腊左巴
26798156, 8.4, 218, 哀伤的墙
1029368, 8.2, 261, 情感教育
26377363, 8.4, 214, 在你说“喂”之前
11604737, 8.7, 165, 芬尼根的守灵夜（第一卷）
24523682, 7.6, 493, 裸体午餐
4891196, 7.7, 437, 智血
1317853, 8.8, 151, 斯特林堡文集（全五册）
26378466, 7.9, 342, 生日故事集
26534971, 7.5, 541, 蓝狗的眼睛
6124813, 8.0, 300, 纽约兄弟
4229633, 8.1, 269, 奥斯卡・瓦奥短暂而奇妙的一生
26848052, 8.8, 144, 别爱上任何人
26776393, 9.2, 107, 故乡，心里的风景
25913147, 7.7, 409, 因为深爱，所以放手
26837789, 8.6, 168, 不存在的父亲
26686803, 9.0, 122, 葬礼竞技会
2973325, 8.2, 239, 纠正
1433163, 8.9, 131, 星・雪・火
19975229, 8.8, 140, 时间之线
26864983, 8.5, 179, 思家小馆的晚餐
26866448, 8.6, 164, 皮囊之下
26286330, 8.7, 151, 俄罗斯文学讲稿
26286751, 8.5, 178, 文学阅读指南
3189896, 7.6, 433, 教书匠
1363379, 7.7, 385, 索多120天
26742636, 9.0, 117, 鸟人
5247161, 9.5, 83, 费・陀思妥耶夫斯基全集（全22卷）
26755625, 8.2, 222, 妈妈走的那一年
26765930, 9.3, 92, 努门诺尔与中洲之未完的传说
4832482, 7.9, 297, 真实的颜色
10763918, 8.3, 200, 一路两个人
26864850, 8.2, 218, 香蕉的低语
20453483, 8.3, 198, 塞万提斯的未婚妻
26640091, 8.8, 130, 痛苦与狂喜: 向石而生
26823134, 8.1, 236, 困扰种种
26348734, 8.4, 177, 听客溪的朝圣
26657701, 8.5, 161, 若非此时，何时？
1154561, 7.9, 283, 抵达之谜
26667282, 8.6, 146, 见信如晤
26818183, 9.0, 107, 失忆的爱丽丝
26704178, 8.3, 188, 我们飞
25784780, 9.3, 85, 凯尔特乡野叙事：一八八八
26756561, 9.0, 104, 小谎言
26716997, 8.5, 153, 隐秘的幸福
26594676, 9.4, 79, 古典传统
26372186, 9.1, 96, 爱与战争的日日夜夜
26430928, 7.4, 466, 如何独处
25841074, 9.7, 65, 契诃夫小说全集
26253701, 8.6, 137, 船夫日记
26695251, 9.2, 88, 痛苦与狂喜：众神之巅
26666917, 7.8, 287, 笼中的爱人
26853742, 8.6, 136, 疯子的自由
25871958, 8.2, 191, 一个自杀者的传说
26848972, 8.1, 208, 这里是没有我们存在的地方
25985298, 8.7, 124, 巫术师
24872823, 9.1, 92, 博尔赫斯全集：诗歌卷 (上册)
26613544, 7.4, 440, 月亮的光是借来的
1339959, 9.0, 98, 魔鬼篇
26366422, 7.8, 272, 怪房客
26752646, 7.9, 241, 天意
26756565, 8.6, 126, 一加一
26871658, 8.8, 107, 爱有失落时
19894080, 8.0, 207, 名声
26274359, 9.1, 85, 夏威夷史诗
2136135, 7.3, 429, 充满奇想的一年
10529737, 7.9, 216, 美丽失败者
25986620, 8.7, 107, 阁楼上的疯女人
26676298, 8.2, 161, 我要渐渐忘记这个世界了
10345585, 7.3, 417, 与往事说再见
26412776, 7.9, 209, 巴塞尔姆的60个故事
26321331, 8.6, 113, 沙漏做招牌的疗养院
11597313, 8.3, 143, 地下世界
26793129, 8.9, 89, 电灯光
26789635, 8.5, 120, 殡葬人的秘密
26431618, 8.8, 95, 君士坦丁堡最后之恋
26881067, 8.8, 95, 我在伦敦买了一头狮子
26888764, 8.3, 140, 寂然的狂喜
1329403, 9.9, 48, 孤独鸽
26861450, 8.4, 128, 丹麦女孩
26575658, 7.9, 199, 被掩埋的巨人
26787943, 8.4, 127, 消失的殖民星球
26717934, 8.4, 124, 新年快乐
24853136, 8.3, 134, 火车梦
26390071, 8.4, 123, 两个故事
26451509, 9.2, 69, 先人祭
26637781, 8.4, 121, 自决之书
10593454, 6.7, 811, 怪屋女孩
26793134, 8.8, 83, 人之链
10567283, 7.7, 211, 恶棍来访
25982261, 9.7, 47, 福楼拜文集（全5册）
26835827, 8.9, 75, 想象地名私人词典
26926061, 9.7, 46, 呼叫助产士
26391031, 8.5, 97, 未知量
26641528, 8.8, 76, 诺拉・韦伯斯特
10774651, 8.4, 97, 费玛
26835895, 8.7, 77, 猫的私人词典
1767750, 9.0, 63, Infinite Jest
10809151, 7.8, 160, 失语者
26677797, 9.2, 55, 里尔克诗全集 珍藏版（全四卷）
4199233, 9.1, 58, 人间喜剧
25986499, 8.7, 75, 奥斯卡・王尔德传
26834592, 8.6, 80, 夏日遇见狄更斯
26603456, 8.2, 108, 危地马拉传说
26295983, 8.1, 117, 苏珊・桑塔格谈话录
3141960, 9.1, 56, 世界童话精选百篇
26910593, 8.5, 82, 重生
2002962, 8.4, 88, 生活之恶
26890960, 8.9, 62, 疗愈美术馆
11511203, 8.8, 66, 驭风少年
26852835, 8.8, 65, 柏林孤谍
10746178, 7.8, 142, 修补匠
26602780, 8.5, 79, 乡村生活图景
26666023, 8.5, 79, 睡美人与魔纺锤
26808761, 8.8, 63, 试刊号
26365959, 8.2, 97, 模仿者
4894979, 8.4, 83, 已知的世界
26628145, 7.5, 178, 你就这样失去了她
26798155, 8.0, 110, 古拉格气象学家
26644964, 8.3, 84, 耶鲁文学小历史
26828229, 9.4, 41, 加缪手记：第三卷
11614503, 9.4, 39, 20世纪中外散文经典
6863525, 8.1, 90, 卡门
26685296, 9.1, 44, L格
26909793, 8.5, 64, 佩拉宫的午夜
26830844, 7.7, 121, 这也会过去
26704405, 8.4, 68, 树敌
26775352, 8.1, 84, 水印
26743551, 7.2, 196, 月亮是夜晚的伤口
26791405, 7.6, 127, 八百万种走法
26857911, 8.8, 50, 叶之震颤
5381541, 8.7, 53, 时间与河流
1033350, 8.4, 64, 水与土
26892801, 8.4, 64, 华生手稿
26394190, 9.1, 41, 鹿特丹的伊拉斯谟
26902280, 9.5, 33, 田野调查.被遗忘的村落
26916869, 8.8, 48, 去他的戒律
26844939, 7.8, 98, 只有她知道
26862163, 8.4, 61, 她他
26803285, 8.2, 70, 驶入深海
26870270, 8.2, 70, 第十个人
26574813, 9.1, 38, 婚变
26640080, 9.2, 35, 采摘幻想的女孩
26802170, 9.2, 35, 科雷马故事
26852985, 8.1, 69, 惧恨拉斯维加斯
26264163, 8.1, 67, 跳舞女郎
26377477, 8.9, 39, 文章家与先知
26297872, 8.2, 60, 北美殉道者花园
26436987, 8.7, 41, 史诗
26787948, 8.7, 40, 不止信仰
26763167, 8.1, 57, 狼的恩赐
26937732, 9.7, 23, 黑暗时代的她们
26775452, 9.6, 23, 陀思妥耶夫斯基文集（布面精装珍藏本）
1421484, 8.9, 32, The Poisonwood Bible
3090839, 7.7, 70, 黑王子
26910978, 9.0, 29, 蓝色笔记本
26760973, 8.4, 40, 战略高手
26721302, 9.3, 24, 埃涅阿斯纪  特洛亚妇女
26831765, 9.1, 26, 远方之镜
26853122, 8.5, 36, 抢走我名字的人
26806567, 8.4, 38, 高能预警
26701711, 8.4, 36, 风下之乡
26911045, 8.4, 35, 陌生的女儿
26862352, 9.0, 25, 莫扎特，请入席
26838224, 8.5, 32, 排队
26321442, 8.3, 35, The Door
26671886, 8.9, 25, 清洗
26286752, 8.2, 36, 影舞
26596019, 9.2, 21, The Invention of Nature
26827210, 8.0, 40, 林中秘族
26760972, 8.4, 31, 危险关系
26928435, 7.9, 40, 语言的第七功能
26878104, 7.6, 38, 痛苦的中国人
26889424, 8.6, 20, 爱是地狱冥犬
26735057, 8.4, 22, 第二本书
26840502, 8.3, 21, 翡翠城
26879082, 8.5, 18, 吉诃德大神父
26901177, 8.1, 22, 流动的盛宴
26899141, 7.6, 27, 千百种罪
26920207, 8.7, 15, 企鹅课
26945674, 9.2, 12, 狐狸与星
26944471, 9.3, 10, 一个女孩的镜像世界
26895119, 8.0, 16, 剧作家与戏剧
26848050, 8.4, 13, 托马斯・伯恩哈德自传小说五部曲
26840136, 8.2, 11, 惊悦
26861949, 7.9, 11, 你要像喜欢甜一样喜欢苦
