2017-01-23 16:17:59
Tag: 大师
The number of books: 623 

ID, rating, votes, title
1200840, 9.0, 93907, 平凡的世界（全三部）
2567698, 8.8, 125478, 三体
1858513, 8.9, 61688, 月亮和六便士
3995526, 8.7, 73738, 目送
1212893, 8.8, 26603, 鹿鼎记（全五册）
1051193, 8.6, 28487, 麦琪的礼物
1059419, 8.1, 58682, 海边的卡夫卡
1786387, 8.6, 22130, 影响力
1789837, 9.0, 11572, 射雕英雄传
1028842, 9.0, 10761, 经济学原理（上下）
2035171, 9.0, 10716, 人生的枷锁
1013380, 8.1, 45154, 茶花女
1776683, 9.0, 9955, 沉默的大多数
2022979, 8.1, 41237, 喜宝
1205370, 8.1, 40982, 羊脂球
1440972, 9.1, 7393, 博尔赫斯小说集
1013225, 8.3, 23364, 生活在别处
1077528, 8.9, 8066, 通往奴役之路
1213546, 8.3, 20087, 变形记
1059112, 9.0, 6636, 百年孤独
1139336, 9.4, 3637, C程序设计语言
1025753, 8.2, 18119, 妻妾成群
1187842, 9.0, 4932, 你一生的故事
1058679, 8.7, 7259, 人・兽・鬼
1792668, 8.5, 9457, 苏东坡传
1040382, 8.9, 4948, 人间词话手稿本全编
1858568, 9.0, 4307, 罪与罚
1212910, 9.3, 2713, 笑傲江湖（全四册）
1777932, 8.6, 5904, 寻找无双・东宫西宫
1212908, 9.1, 2943, 神雕侠侣（全四册）
11229072, 9.4, 1945, 中国历代政治得失
2008724, 9.1, 2617, 百年孤独
1032431, 9.0, 2901, 卡尔维诺文集（第五卷）
1047719, 8.5, 5616, 傅雷家书
1157014, 8.8, 3475, 伤逝
1201821, 8.0, 10516, 梦的解析
2381950, 8.8, 3231, 论摄影
1083089, 9.3, 1738, 博尔赫斯全集
1052360, 8.9, 2758, 卡尔维诺文集（第四卷）
1002690, 8.8, 3110, 陈寅恪的最后20年
3013903, 8.1, 7863, 漫长的告别
20501147, 9.3, 1600, 中国哲学简史
1056023, 8.5, 4215, 鼠疫
5408858, 8.9, 2455, 建筑家安藤忠雄
1783111, 8.7, 3120, 存在与时间
1139360, 9.1, 1890, 毛泽东选集 第一卷
1433346, 8.7, 2987, 旁观者
1777823, 8.1, 6928, 八十年代访谈录
1066108, 8.6, 3014, 易经杂说
1050566, 8.0, 6406, 一地鸡毛
1015398, 8.8, 2040, 卡尔维诺文集（第二卷）
1793132, 7.5, 14235, 白马啸西风
1457028, 8.9, 1747, 管理的实践
1394534, 9.2, 1133, 勒・柯布西耶全集
1029940, 9.2, 1129, 锦灰堆
1885261, 8.5, 2550, 巴黎圣母院
1053623, 8.4, 2878, 文明的冲突与世界秩序的重建
1050175, 8.0, 5123, 赫逊河畔谈中国历史
1029475, 8.1, 4209, 若星汉天空
1027587, 8.6, 1968, 恶之花 巴黎的忧郁
1051231, 8.3, 2818, 黄河青山
1006341, 8.0, 4139, 红粉
1734830, 9.2, 926, 汪曾祺精选集
1637486, 8.1, 3462, 建筑师的20岁
5399227, 8.1, 3229, 南渡北归（第一部）
1178089, 9.0, 1036, 给心理治疗师的礼物
1870003, 8.4, 2061, 二十位人性见证者
1058131, 8.4, 1928, 金融炼金术
1186703, 8.6, 1475, 妞妞：一个父亲的札记
1170539, 8.6, 1463, 带上她的眼睛
1006770, 8.4, 1858, 卡尔维诺文集（第一卷 上下）
1052178, 8.5, 1603, 走向新建筑
2382994, 8.0, 3107, 负建筑
1143696, 7.9, 3401, 永失我爱
6119800, 8.5, 1479, 南渡北归（第三部）
1968670, 8.7, 1116, 希区柯克与特吕弗对话录
1782318, 8.5, 1404, 白银时代
1212152, 7.8, 3397, 萤
2029640, 8.4, 1444, 南怀瑾讲演录
5502440, 8.3, 1607, 南渡北归（第二部）
1182890, 8.4, 1415, 严厉的月亮
3069690, 8.5, 1214, 人生的起点和终站
1023979, 8.9, 773, 朝花夕拾
1484695, 8.1, 1982, 季羡林谈人生
1022071, 8.7, 931, 悲剧的诞生
1087547, 8.5, 1168, 理解媒介
1212890, 8.0, 2027, 连城诀
5290498, 8.6, 957, 自然的建筑
1024928, 8.6, 951, 裸猿
3116096, 8.4, 1176, 象与骑象人
1047447, 7.6, 3495, 去中国的小船
1049584, 7.9, 2187, 北京法源寺
1026884, 8.5, 1010, 左手的掌纹
4050758, 8.4, 1132, 基业长青
1212894, 7.2, 6326, 侠客行（全二册）
2972597, 8.4, 1057, 路易斯.I.康的空间构成
1016832, 8.4, 1055, 我负丹青
1002607, 8.5, 924, 一个导演的故事
1114862, 9.4, 379, 江南园林志
1174722, 7.9, 1957, 太阳照常升起
1160320, 8.8, 659, 政治学
1027427, 8.4, 974, 论语今读
3054127, 7.7, 2382, 十宅论
1228098, 8.4, 924, 魔灯
1435909, 8.6, 729, 竞争战略
1073749, 7.6, 2458, 李敖有话说
1219614, 9.2, 375, 伦勃朗速写
1017334, 9.0, 450, 没有个性的人
1397549, 7.9, 1474, 作文本
1048109, 8.6, 638, 第三波
3138839, 8.7, 571, 大师
1010866, 8.6, 626, 我的最后一口气
4252512, 8.5, 680, 静谧与光明
1056501, 8.1, 1083, 传统下的独白
1464241, 9.4, 289, Louis I. Kahn
1074945, 8.5, 671, 奥格威谈广告
1780208, 8.8, 489, 凯恩斯传
2029641, 8.1, 1049, 南怀瑾与彼得・圣吉
1056324, 9.1, 364, 鲁迅小说全编
1006453, 8.5, 641, 南怀瑾谈历史与人生
1051931, 8.9, 423, 西藏度亡经
4086800, 9.2, 313, 陈寅恪集
1410829, 8.5, 607, 路易斯.I.康:在建筑的王国中
4722905, 8.2, 847, 大师镜头
1025156, 8.7, 491, 中国史学名著
6905341, 9.1, 329, 贝聿铭全集
11527058, 8.2, 816, 先生
1131501, 8.7, 473, 丢勒
1444563, 8.9, 384, Delirious New York
1217905, 8.5, 569, 人性的弱点全集
1027568, 9.0, 344, 泰戈尔诗选
1923472, 8.5, 559, 大投机家
1776832, 9.2, 285, Sandman
1454393, 8.6, 483, 21世纪的管理挑战
3449304, 8.5, 529, 哈佛大学建筑系的八堂课
1160733, 8.4, 586, 静坐修道与长生不老
3115303, 8.2, 731, 一生的远行
1055536, 8.9, 350, 埃梅短篇小说选
3088963, 7.7, 1330, 陈寅恪与傅斯年
6773583, 9.0, 313, 意识光谱
3038143, 8.5, 504, 季羡林自传
2972992, 8.1, 783, 时间足够你爱
1777410, 8.7, 405, 我，费利尼
1843508, 9.1, 276, 管理：使命、责任、实务（实务篇）
3079768, 8.1, 752, 我们与这个世界的误会
1195054, 9.0, 296, 欧・亨利小说全集（全四卷）
1193658, 8.2, 646, 机器新娘
4005727, 8.3, 576, 致年轻律师的信
1041297, 8.4, 512, 猫啊，猫
3449541, 9.0, 287, 安塞尔・亚当斯：传世佳作400
1042149, 8.1, 701, 伯格曼论电影
10550784, 9.2, 236, “匀质”的秩序与“清晰的建造”
1049586, 8.1, 668, 朱自清散文
1033816, 9.0, 269, 莫迪洛漫画
1436918, 9.2, 227, The Americans
6781745, 8.7, 344, 民国语文
1048907, 8.3, 513, 我是说谎者
1024666, 7.6, 1156, 王氏之死
1052027, 8.2, 546, 禅宗与道家
1175941, 8.6, 357, 本杰明・富兰克林自传
1227816, 7.8, 859, 纪实摄影
1940960, 8.7, 320, 历代大师
1051715, 8.1, 582, 道家、密宗与东方神秘学
3076600, 8.9, 253, 朱光潜谈美（朱光潜卷）
2014941, 9.2, 195, 鲁迅经典全集
1128313, 8.6, 326, 个人的管理
1949684, 8.4, 392, 师门五年记・胡适琐记（增补本）
1049180, 8.0, 589, 法斯宾德论电影
1193831, 8.2, 469, 创意
1064864, 8.6, 309, 摄影大师对话录
1203241, 8.2, 460, 笑面人
1056144, 7.5, 1084, 中的精神
1212891, 7.4, 1207, 碧血剑（全二册）
1436719, 9.7, 125, Josef Koudelka: the Exiles
1592351, 8.3, 400, 清华园日记
1792257, 9.2, 177, 三毛流浪记
1810527, 9.1, 187, 梅里美小说选
3087799, 9.0, 201, 四世同堂(第三部)
1485340, 8.3, 381, 德鲁克日志
1186425, 9.1, 185, 中短篇小说选
1464980, 8.5, 299, 家
1046548, 8.1, 446, 中国人的精神
1389925, 9.0, 190, 世界摄影大师经典作品集5种
1954246, 7.7, 687, 世界建筑大师名作图析
1726390, 8.4, 315, 固体物理学
1417346, 9.0, 185, Araki by Araki
24536403, 7.7, 682, 代码的未来
1053960, 8.1, 422, 人物摄影
1023860, 8.4, 308, 最后的炼金术士：牛顿传
4035398, 7.5, 845, 问学
19956259, 8.0, 455, 人生有何意义
1203255, 8.6, 249, 丧钟为谁而鸣
1796768, 8.3, 318, 世界与裤子
1484422, 8.9, 185, 凡・高自传
1223584, 9.0, 168, 大千世界
1796774, 8.6, 231, 马龙之死
1027384, 9.2, 141, 海德格尔选集（上下）
1016936, 9.2, 140, 语言问题
1759797, 8.7, 207, 公司的概念
1179865, 8.1, 364, 从拍摄到艺术
1275367, 8.3, 297, 亦新亦旧的一代
1394533, 8.1, 355, 勒・柯布西耶：机器与隐喻的诗学
1498788, 9.4, 117, Diane Arbus Revelations
1664838, 9.3, 125, 靳・柯布西耶全集(第2卷1929-1934年)
1132623, 8.4, 261, 成为技术领导者
6722199, 9.2, 131, 英国文学史（全三册）
1203329, 8.3, 277, 人类行为的经济分析
1101260, 9.1, 140, 福楼拜小说全集（上中下）
1800637, 8.0, 362, 我的人生感悟
1047794, 8.2, 294, 当代摄影新锐
1141154, 8.4, 242, 程序开发心理学
1682639, 9.5, 102, 勒・柯布西耶全集
1796775, 8.4, 240, 是如何
2972594, 7.8, 443, 勒.柯布西耶的住宅空间构成
1597272, 9.4, 106, 巴赫金全集（全7卷）
1418838, 8.4, 231, 路易斯・康与学生的对话
1436902, 9.3, 112, Henri Cartier-Bresson: The Man
2142034, 7.0, 1236, OFF学
1679164, 9.5, 97, 勒・柯布西耶全集
2331254, 8.4, 223, 城堡
2122834, 8.0, 330, 不准调头
2031251, 9.1, 123, 无事此静坐
1017103, 8.4, 214, 竞争论
2028648, 9.3, 103, Looking East
1922868, 9.2, 110, 汪曾祺文集 小说卷(上、下)
4932093, 8.7, 156, PHOTO BOX
1068884, 7.9, 328, 水平营销
1313069, 8.1, 265, 我们是谁
2158692, 8.0, 291, 路易斯.I.康：秩序的理念
26584727, 9.1, 113, 柏拉图四书
1884446, 9.1, 111, 线性代数
1047423, 8.6, 159, 季羡林散文
1671918, 8.2, 226, 阿尔瓦罗・西扎
1775914, 9.2, 100, The Importance of Living
1857314, 9.2, 99, Martin Parr
2287553, 9.7, 71, バガボンド（25）
1033917, 7.8, 325, 贝聿铭谈贝聿铭
1921523, 8.6, 151, 思想者
6390216, 8.4, 176, 南渡北w (3院鲜)
1154561, 7.9, 283, 抵达之谜
6024015, 8.0, 255, 蚕丝：钱学森传
1105616, 8.4, 175, 跟亚当斯学摄影
2242839, 8.8, 126, 阿尔瓦・阿尔托全集
1501831, 7.6, 392, 安藤忠雄的作品与思想
1683078, 9.3, 86, 勒・柯布西耶全集 第5卷・1946～1952年
6846815, 8.1, 218, 民国的底气
1048590, 7.2, 603, 死亡与少女
1074655, 9.1, 95, 走进大师
25711585, 8.8, 118, 莎拉珊德
1215642, 7.5, 407, 中国式管理
1029985, 7.5, 391, 图说相对论
1787325, 8.2, 186, Zaha Hadid
1134133, 9.2, 85, 米拉日巴传
1082468, 8.8, 112, 维特根斯坦全集（全12卷）
6434372, 8.8, 112, 视觉之旅2
26412796, 9.2, 84, 孩子提问题大师来回答2
1775229, 9.2, 82, Jean Loup Sieff
2114394, 8.5, 135, 21世纪大师级招贴设计
1889552, 8.2, 172, 勒・柯布西埃
1169532, 9.3, 74, 虚云和尚开示录
2376990, 9.1, 84, Ansel Adams
2160713, 9.0, 89, 卓有成效的组织
1436863, 9.3, 73, AKIRA (Part 5)
1958880, 8.8, 102, 绝境
1134036, 7.9, 217, 路易・康
1493191, 7.6, 297, 设计大师の对话
2306166, 8.8, 100, 飞去的候鸟
1926736, 7.7, 262, 像你我一样呼吸/一个世纪的摄影传奇
25969353, 8.9, 92, 天鹅之死
4120362, 8.4, 134, 当恐慌来临(世界当代摄影家告白Ⅱ)
24857764, 6.5, 1307, 我是个大师
1051012, 8.9, 87, 世界摄影大师萨尔加多――与苦难者呼吸同一口空气的人
1064604, 7.9, 196, 纪实摄影
2081674, 8.7, 99, 风光-世界顶级摄影大师巅峰作品诞生记
3676012, 8.2, 148, 看不见的花园
1985875, 7.6, 264, 科恩兄弟的电影
1169401, 9.4, 61, 安持精舍印
1199500, 8.7, 97, 时光
25832719, 7.1, 476, 大师
1320173, 8.1, 158, 管理者而非MBA
3032780, 8.0, 172, 管理大未来
1460572, 7.6, 257, 彼得・埃森曼:图解日志
1002825, 8.3, 131, 诠释与过度诠释
1220675, 7.8, 205, 咨询的奥秘
3726951, 8.8, 88, 亨利・卡蒂埃-布勒松
2081671, 8.1, 153, 世界顶级摄影大师巅峰作品诞生记
1499853, 8.8, 87, Robert Frank:Storylines
1958011, 8.4, 117, 鸟山明短篇集
4188603, 8.3, 127, 走近钱学森
1202248, 8.0, 165, 阿尔瓦・阿尔托
1291089, 8.0, 161, 德国印象
1356890, 9.4, 57, The Great LIFE Photographers
10518196, 9.5, 53, 罗贝尔・杜瓦诺
2111225, 8.2, 131, 摄影报道
3405277, 7.7, 205, 世间情
1310590, 8.4, 109, 波得・沃克 极简主义庭园
1481674, 7.7, 204, 世界动画电影大师
1418846, 7.9, 167, 安藤忠雄
4088423, 8.4, 108, 自由人生
1024526, 8.3, 117, 著名画家、雕塑家、建筑家传
1990775, 9.2, 61, The Photographer&#39;s Eye
2247176, 7.6, 213, 瞬间与永恒-90位摄影名家作品解读
1918352, 7.9, 158, 费德里柯・费里尼
2281380, 8.9, 71, 薛定谔讲演录
2173401, 7.4, 261, 阅读的危险
2990575, 9.3, 55, 门采尔
5328080, 8.6, 85, 季羡林妙语录
1794502, 9.3, 53, 新父女PS
1208760, 8.4, 93, 当代中国史学
3208705, 7.3, 261, 安藤忠雄的建筑迷宫
26613078, 8.5, 84, 父亲南怀瑾
2160238, 8.0, 125, 管理工作的本质
2146258, 8.7, 72, 工业管理与一般管理
6062198, 8.5, 83, 卡罗.斯卡帕
20271917, 7.6, 180, 持续的幸福
6121224, 8.1, 112, 一个时代的斯文
1065576, 8.4, 87, 萨特文学论文集
1020762, 8.7, 70, 杜瓦诺：来自巴黎的“平民”摄影家
1232713, 8.5, 80, 比较制度分析
6952711, 8.2, 100, 生命之光
1178025, 7.6, 171, 雷姆・库哈斯: 容纳 Content
1451528, 8.4, 85, Richard Meier Architect
1387398, 9.3, 47, Henri Cartier-Bresson
4851826, 8.9, 58, 光辉城市
1504509, 7.5, 180, 扎哈・哈迪德的作品与思想
1766784, 9.0, 54, Richard Meier Architect
1216637, 8.3, 87, 系统设计的一般原理
1165879, 8.8, 61, 安藤忠雄
1151152, 8.2, 93, 发现你的销售力量
1199424, 9.2, 47, 罪与罚
25813591, 7.7, 139, 南怀瑾的最后100天
2307165, 8.0, 106, 范曾谈艺录
1176933, 8.0, 105, 探索需求
5908773, 8.1, 96, 出世入世
1066999, 8.5, 70, 辜鸿铭文集(上下)
1809168, 9.6, 36, 虚云老和尚法汇
1056050, 8.0, 102, 摄影速查手册
1056467, 7.9, 111, 混沌与秩序
1011971, 9.0, 50, 余光中散文精选集
1392939, 9.0, 50, 伦勃朗
1683890, 7.2, 223, 世界十大建筑鬼才
1134339, 8.0, 100, 玛莎・施瓦兹 超越平凡
1452282, 8.0, 100, Richard Meier Architect
1158629, 7.4, 175, 世界摄影图鉴
26828401, 8.7, 59, 发现薇薇安・梅耶
5246819, 7.9, 106, 伯恩斯情绪疗法
1661462, 8.3, 76, 陈省身传
4295779, 7.7, 125, 电醒人心
1457761, 9.4, 38, 卡蒂埃-布勒松摄影作品选
1027097, 8.7, 57, 哈尔斯曼-超现实主义的人像摄影怪杰
20373428, 7.8, 113, 创新者的思考
1314828, 9.2, 42, 鲁迅小说集
1347467, 9.0, 47, 蜘蛛丝.舞会.秋
1120553, 7.4, 165, 贝聿铭
26584140, 8.1, 86, 民国清流1
2137612, 9.3, 39, 想象的时空
5243707, 8.6, 59, 自然的建B
1340446, 8.0, 92, 摄影大师的夜间与弱光拍摄秘诀
1791149, 8.9, 48, 顶果钦哲法王传
1385967, 9.3, 38, South Southeast
1077699, 8.6, 57, 世界摄影大师瑞茨
1034985, 7.5, 138, 摄影艺术二十讲
1057390, 8.6, 56, 赢在影响力
1016818, 8.6, 55, 世界摄影大师韦斯顿
1766785, 8.3, 67, Richard Meier Architect 
1921524, 7.8, 99, 觉醒的年代
1179603, 7.5, 130, 品牌22律
25824613, 8.4, 60, 当时只道是寻常
1501828, 7.5, 125, 理查德・迈耶的作品与思想
3024168, 8.8, 46, 企业的人性面
1505797, 8.0, 79, 阿尔瓦・阿尔托的作品与思想
1046314, 8.3, 63, 布宁短篇小说选
1469031, 7.8, 93, 黑泽明的世界
1029851, 7.4, 133, 巴赫传
2970071, 9.0, 39, 数码摄影师Photoshop魔法
3240306, 8.2, 65, 我要来抓你啦
3018312, 8.9, 41, 晚清双记
5373553, 6.7, 286, 淡定的力量
1016570, 8.3, 60, 摄影大师
1176299, 8.5, 52, 马蒂斯素描
1902817, 8.5, 52, The Nature of Photographs
1144636, 7.9, 80, 八年
5408926, 9.0, 38, 制作大师级黑白杰作
1010463, 8.3, 58, 重读大师：一种谎言的真诚说法
1098067, 8.1, 67, 经济学大师的人生哲学
1048022, 7.8, 85, 魔幻.达利
10802061, 7.9, 78, 好婚姻，靠修行
25835801, 7.5, 110, 1933，聆听民国
1062529, 8.3, 57, 给大师定位
3351661, 7.3, 131, 李敖议坛哀思录
6023208, 7.6, 98, 消逝的燕京
1218518, 7.1, 161, 世界建筑师的思想和作品
3428852, 8.6, 46, 摄影名家大讲堂
4081913, 7.7, 89, 拯救人类的哲学
1487002, 7.6, 97, 和谐与冲撞
2350023, 8.2, 59, 成为领导者
1780442, 8.8, 40, Jeff Wall
1457711, 9.2, 32, 亚当斯：40幅作品的诞生
1921533, 7.9, 73, 个人与组织的未来
1451529, 8.2, 58, Richard Meier Architect
2149350, 7.9, 72, 萨伏伊别墅
3903025, 7.9, 72, 风光的超越
1182972, 8.8, 39, 虚云老和尚的足迹
10516328, 8.7, 40, 摄影的智慧
2247610, 8.4, 48, 秋天的况味
1112473, 8.5, 45, 开门
1175088, 7.8, 74, 过河入林
3807977, 9.0, 33, 09 作品集 库哈斯
3106648, 7.6, 85, 志虑心物
3009272, 7.9, 66, 德鲁克的最后忠告
26315320, 8.4, 46, 灰鸽试飞
1878324, 8.2, 52, 管理前沿
1357677, 8.4, 45, Steve McCurry
3221665, 7.0, 147, 移居台湾的九大师
1777433, 8.5, 42, 城市与狗
6856716, 8.8, 35, 那些有意思的老头儿
2069245, 8.7, 37, 冯骥才分类文集（全16卷）
3237429, 8.3, 47, 李居明饿命改运学
1255402, 9.5, 24, 为学术的一生
1134521, 8.4, 43, 摄影大师郎静山
4242868, 7.6, 77, 不可预知时代的可预知结果
2081673, 8.0, 56, 人体-世界顶级摄影大师巅峰作品诞生记
1012625, 7.9, 60, 我心中的画师
1156519, 7.9, 60, 弗莱特里科・费里尼
24697015, 7.2, 110, 在西方发现陈寅恪
26669881, 8.8, 33, 文坛亦江湖
6004612, 9.1, 28, 百年国士之一
3058732, 9.5, 23, Sharaz-de 01
26825519, 9.7, 21, 吾国与吾民
20503851, 6.5, 224, 与青春私奔
1456285, 9.4, 23, University Economics
25781305, 8.8, 31, 外国中短篇小说藏本：福克纳
26437121, 7.7, 64, 国史讲话：春秋
1028638, 7.6, 69, 达・芬奇画传
1223672, 7.2, 97, 名摄影师眼中的世界（黑白卷）
1845593, 8.3, 40, 世界建筑大师手绘图集
1391937, 7.4, 78, 秘密与谎言
1916039, 8.5, 35, Guy Bourdin
1166527, 8.9, 28, 斯蒂文・霍尔
1852532, 7.3, 84, 犹太人之谜
1410803, 8.2, 41, Man Ray
25780844, 8.4, 36, 色彩与光的完美表达：莫奈作品欣赏
1170767, 7.6, 63, 摄影家西游记
2229081, 6.7, 151, 呀!弘一
1288643, 7.5, 67, 摄影大师的构图
1053267, 8.0, 45, 完美的对称-富勒烯的意外发现
19962542, 8.4, 34, 德鲁克的管理智慧
2180667, 7.2, 83, 黑白摄影100法
1520463, 8.0, 42, 当代数学精英(菲尔兹奖得主及其建树与见解)
2350065, 8.6, 29, 领导的轨迹
1858165, 7.8, 48, &lt;&lt;一个投机者的告白&gt;&gt;之金钱游戏
1058269, 8.4, 32, 西洋名画巡礼建筑讲话
10508723, 8.7, 27, 安藤忠雄全建筑
1011350, 7.4, 63, 海明威
1045316, 8.0, 40, 大师笔下的大师
4881794, 8.4, 31, Menzel门采尔
1217674, 8.1, 37, 丰子恺自述
26762696, 8.7, 26, 民国清流2
1504480, 7.3, 66, 阿尔巴罗・西萨的作品与思想
6712642, 8.6, 27, 不寻常的治疗
1828711, 8.2, 34, The Photography Book
25930050, 8.1, 36, 一部自传
26865040, 8.9, 23, 发展与罪恶
1217253, 7.8, 44, 摄影大师的户外拍摄秘诀
2026331, 7.6, 51, 风雅颂
6845717, 6.9, 92, 我是谁
25899645, 8.4, 29, 自我与自性
1208056, 8.0, 37, 银幕创造
1288694, 7.7, 45, 摄影大师的用光
1921518, 7.4, 56, 大师论大师
5242766, 8.7, 24, 重读大师
1141763, 7.4, 55, 写给父亲的信
1032658, 8.6, 25, 市场营销管理
1658253, 7.5, 50, 工程报告
2280731, 7.9, 37, 民间记忆
25984382, 8.1, 32, 摄影对话录
1022735, 7.2, 62, 管理思维
1045778, 7.9, 36, 凯恩斯文集-投资的艺术
25867200, 7.8, 38, 创作大师
1043967, 7.5, 47, 伦勃朗
3818237, 8.4, 26, 形体绘画
1000140, 8.2, 29, 品读世界摄影大师精品(全六册)
1537413, 7.7, 40, 查尔斯・柯里亚的建筑空间
26292367, 7.6, 43, 柳问
1203256, 7.8, 37, 岛在湾流中
1742664, 7.9, 34, 林泉高致
6015653, 7.9, 34, 在不美的年代里
1170628, 7.2, 57, 面对摄影大师
4087863, 7.7, 38, 数码单反摄影・构图・编修实用讲座
1635082, 8.7, 21, 品读世界摄影大师精品 纽曼
3027126, 8.8, 20, 管理学基础文献选读
1684331, 7.4, 47, 大师自画像
1598791, 8.1, 29, MARIO BOTTA 马里奥・博塔
2990453, 7.8, 35, 国外建筑大师思想肖像（上）
2339989, 7.0, 65, 建筑大师MOOK丛书
3673402, 7.9, 32, 清华四大导师
1018630, 8.0, 30, 北大学者谈读书
1160561, 7.5, 42, 摄影大师的成功秘诀
1683893, 7.5, 42, 尊贵的回忆
2995560, 7.0, 63, 摄影家的门槛
2161231, 7.9, 31, 大师眼中的色彩
1163661, 6.5, 103, 世界电影大师108将
2349708, 7.2, 50, 民国那些大师
1895983, 8.4, 22, Robert Doisneau
1964445, 8.4, 22, 组织的概念
26661736, 7.8, 31, 你若爱，生活哪里都可爱
4124142, 7.4, 41, 熊彼特传
2175161, 7.5, 38, 佛典辑要
3522400, 8.3, 23, 文心书魂
1055660, 7.4, 39, 歌德与贝多芬
1556264, 8.3, 22, 译匠天缘
24756827, 6.7, 70, 曾仕强说人性的弱点
5242765, 8.1, 24, 重读大师
1277239, 7.5, 35, 九谒先哲书
1449368, 7.4, 37, 摄影大师教你100招
11524481, 7.2, 43, 民国底气
1614615, 8.4, 20, 预言与劝说
5297395, 8.6, 18, 勒柯布西耶
2381274, 8.2, 22, 领导力实践
1187069, 8.1, 23, Photoshop CS数码照片专业处理技法
1071066, 7.9, 25, 精英的聚会
1127130, 8.3, 20, 尼古拉斯．卓思乐
1208511, 8.3, 20, 周作人经典作品选
3099351, 7.5, 32, 决断
26746800, 7.9, 23, 牛啤经
20389321, 8.1, 20, 康定斯基艺术全集
2349859, 6.9, 45, 七个天才团队的故事
1681421, 7.6, 26, 世界摄影大师社会纪实500幅鉴赏
1189713, 7.1, 37, 向大师学习
5351835, 7.2, 34, 对话私募股权与风险投资大师
1034690, 7.4, 29, 普朗克之魂--感觉世界.物理科学世界.实在世界
3269738, 8.0, 20, 别梦依稀
4941686, 8.0, 20, Auto Focus
10484717, 8.2, 18, 绘画大师的心灵世界
1963984, 6.3, 75, 季门立雪
1185736, 7.1, 35, 文化自白书
2325183, 7.7, 23, 世界素描大师
26289170, 7.7, 23, 先生归来
1833075, 7.6, 24, 伊利诺伊理工学院克朗楼
1053053, 8.1, 18, 阅读大师人文社科卷
1760614, 7.5, 25, 手感
19987565, 7.6, 23, 前辈
1067410, 7.8, 20, 总经理
3063882, 8.1, 17, 重构多元智能
26837296, 8.1, 17, 民国清流3
10740540, 7.2, 29, 聚焦
1324827, 7.2, 28, 解读大师
3037769, 8.0, 17, 大师雕塑1000例
7045673, 7.4, 24, 北大燕南园的大师们
1026284, 7.5, 22, 向格雷厄姆学思考向巴菲特学投资
6535238, 7.3, 25, 闲话陈寅恪
1047294, 7.8, 18, 阅读大师文学艺术卷
10582041, 7.8, 18, 丰子恺静观尘世
3352322, 7.7, 19, 为中国而设计境外建筑师与中国当代建筑
1169241, 8.0, 16, 弘一书法墨迹
2440972, 8.0, 16, Sahel
2182239, 8.1, 14, 费欣素描解析
10463145, 7.7, 17, z影的精神
1319773, 7.0, 26, 新数码摄影师手册
1147543, 8.0, 14, 速读中国现当代文学大师与名家丛书
1921380, 7.5, 18, 学苑春秋
25757010, 7.5, 18, 哈佛大学的博弈论课
1145647, 6.9, 26, 新整合营销
26762019, 7.0, 24, 拍出大师之作
1206929, 7.5, 17, 品读世界摄影大师精品(共6册)
1443243, 7.6, 16, 虚云大师说禅
1920719, 7.3, 19, 吞吐大荒
26589791, 8.0, 13, 扬・索德克JAN SAUDEK
20273273, 8.1, 12, 文化随笔
26932322, 8.1, 12, 民国清流4
1079508, 6.0, 52, 范曾自述
1045938, 7.7, 14, 探求智慧之旅
1047614, 7.7, 14, 文化猎疑
2307675, 8.2, 11, 黄庆庆传
4817035, 7.8, 13, 梁启超
1026431, 6.8, 23, F.L.赖特
26203066, 7.7, 13, 松下幸之助在哭泣
6396902, 5.9, 50, 民国那些范儿
2329738, 7.1, 18, 跨越传统碑石的天才
1157141, 6.8, 22, 思想者的盛宴
1790997, 8.0, 11, Henri Cartier-Bresson
3374621, 6.9, 20, 时装设计大师
1042213, 7.9, 11, 鲁迅选集
2020938, 6.8, 20, 城域外的呐喊
3851857, 7.5, 13, 为什么美国盛产大师
1257321, 7.1, 16, 圣经故事
4119928, 7.1, 16, 理柏论财智
24870779, 7.0, 17, 中国人
1556041, 7.8, 11, 探索的路上
1384078, 7.6, 12, GUIDO ARGENTINI
3078257, 7.6, 12, 记忆王中王
24706668, 7.6, 12, 不曾苟活
6104542, 6.7, 20, 民国记忆
24699577, 6.7, 20, 彼得 卒姆托
1450827, 7.0, 16, 尼基塔・米哈尔科夫
2305093, 7.7, 11, 克服组织防卫
3010953, 7.7, 11, 生活的回忆
1221085, 6.3, 25, 一生难忘的30张面孔
3375511, 7.8, 10, 永恒的记忆
4136120, 7.8, 10, Renoir
4013283, 7.2, 13, 季羡林文化沉思录
1197436, 7.5, 11, 清华的大师们
1865976, 7.5, 11, 徕卡情结
25844274, 6.7, 17, 寻找大师
4178942, 7.0, 14, 网拍商品摄影、修图讲座
19952170, 6.6, 18, 大师的童年
1390622, 6.5, 19, 马寅初的最后33年
25839381, 7.4, 11, 先生的读书经
1277283, 7.6, 10, 旧影
1188273, 7.2, 12, 以影求知
1678369, 7.2, 12, 李庄往事
1103135, 7.2, 11, 大赢家
1279240, 7.1, 11, 中片幅和大片幅摄影
1448635, 7.1, 11, 神州觅影
2331514, 6.9, 12, 投资中最重要的1件事
1214175, 6.8, 12, 洁白如雪
3391156, 6.3, 16, 图解当代日本建筑大师
2996024, 7.0, 10, 凌耀星内经讲稿
1182468, 6.8, 11, 应对压力
1213876, 6.3, 15, 为什么我讨厌搭飞机
1260429, 6.9, 10, 大师论战略
1425978, 6.8, 10, 跟大师学文化
2348486, 5.4, 18, 旋转木马
