2017-01-23 16:17:59
Tag: 奇幻
The number of books: 978 

ID, rating, votes, title
1041007, 9.0, 82498, 哈利・波特与魔法石
1071241, 8.9, 70172, 哈利・波特与阿兹卡班的囚徒
1009257, 8.9, 68069, 哈利・波特与火焰杯
1039487, 8.8, 67893, 哈利・波特与密室
2295163, 8.9, 53467, 哈利・波特与死亡圣器
1432596, 8.8, 59604, 哈利・波特与混血王子
1336330, 9.3, 21608, 冰与火之歌（卷一）
1013129, 8.6, 56196, 哈利・波特与凤凰社
1464203, 9.4, 11870, 冰与火之歌（卷二）
1948901, 8.4, 57596, 盗墓笔记
1986291, 9.5, 10278, 冰与火之歌（卷三）
5916880, 8.6, 36688, 华胥引（全二册）
1321017, 8.8, 18648, 九州・缥缈录
1919201, 8.5, 24697, 七夜雪
3210843, 9.2, 8410, 冰与火之歌・卷四・群鸦的盛宴（全两册）
20381804, 9.4, 6020, 冰与火之歌・卷五・魔龙的狂舞（全三册）
1431779, 8.9, 10846, 九州・缥缈录Ⅱ・苍云古齿
1882933, 8.1, 36080, 鬼吹灯之精绝古城
1040104, 8.7, 11022, 魔戒（第一部）
1071794, 8.9, 7666, 魔戒（第三部）
6964047, 9.3, 4436, 冰与火之歌（卷一）
2253753, 8.8, 8034, 九州・缥缈录Ⅲ・天下名将
1418999, 9.2, 4609, 银河英雄传说
2271450, 8.7, 8968, 镜・神寂
3851790, 8.9, 6659, 九州・缥缈录V・一生之盟
2334065, 9.4, 3447, 塔希里亚故事集
1058759, 8.8, 7193, 魔戒（第二部）
1316622, 8.4, 12263, 诛仙1
1926103, 8.0, 24246, 鬼吹灯之云南虫谷
2286313, 8.7, 7599, 九州・缥缈录Ⅳ・辰月之征
1220219, 8.6, 7475, 阴阳师
1916726, 7.9, 22293, 鬼吹灯之龙岭迷窟
1256186, 8.3, 10692, 护花铃
2382711, 8.6, 6495, 镜・龙战
20326626, 8.6, 6424, 少年Pi的奇幻漂流（插图珍藏版）
2382709, 8.6, 6326, 镜・辟天
3854066, 8.6, 6061, 九州・缥缈录VI・豹魂
1326828, 8.4, 8100, 镜・双城
2052049, 9.0, 3463, 海伯利安
2114580, 8.8, 4425, 听雪楼系列典藏版（全三册）
1316623, 8.4, 7629, 诛仙2
1938591, 7.8, 19902, 鬼吹灯之昆仑神宫
6964051, 9.5, 1788, 冰与火之歌（卷一）
1321018, 8.2, 9783, 九州・羽传说
1059406, 7.1, 87446, 幻城
6973805, 9.4, 1959, 冰与火之歌（卷一）
25826936, 9.5, 1719, 冰与火之歌
1437858, 8.7, 4255, 天行健（全4册）
1010520, 8.1, 10191, 血薇
1442920, 8.3, 7222, 镜・破军
1007952, 9.4, 1721, 蓝熊船长的13条半命
3115476, 8.8, 3402, 热夜之梦
1161852, 8.2, 7998, 天意
1410145, 8.3, 6600, 诛仙3
21979017, 9.5, 1448, 魔戒
1357483, 9.2, 1974, 空之境界（上）
6016234, 8.8, 3072, 奇风岁月
1420794, 8.2, 6985, 诛仙4
3034184, 8.0, 9431, 鬼吹灯Ⅱ之四巫峡棺山
1357739, 9.3, 1634, 空之境界（下）
1434038, 8.8, 2933, 龙枪编年史（全三册）
2057550, 8.5, 4354, 魅生・妖颜卷
1400048, 8.5, 4335, 搜神记Ⅰ-神农使者
1232186, 8.9, 2532, 黑暗精灵三部曲
1072334, 8.5, 4230, 魔戒前传
1313159, 8.1, 7459, 大漠荒颜
3337017, 9.4, 1380, 塔希里亚故事集Ⅱ
1478487, 7.8, 12150, 曼珠沙华
3908795, 9.3, 1519, Fate/Zero Vol.2 [王者们的狂宴]
4212812, 8.7, 3021, 紫川（全五册）
3091122, 9.0, 2053, 百鬼夜行抄1 [|立]
3122477, 8.8, 2614, 魅生・涅卷
1313156, 8.0, 8117, 帝都赋
2269576, 8.7, 2844, 魅生・凤鸣卷
3908784, 9.1, 1734, Fate/Zero Vol.1 [第四次圣杯战争秘话]
1221329, 8.6, 3107, 阴阳师・飞天卷
1433572, 9.2, 1509, 随风而来的玛丽阿姨
6434543, 8.1, 6318, 龙族Ⅱ
2212325, 8.6, 3053, 魅生・幻旅卷
1452923, 8.0, 7319, 九州・斛珠夫人
2330635, 8.6, 3016, 九州・秋林箭
1863163, 8.4, 3906, 异兽志
1433726, 8.1, 5977, 诛仙5
1467382, 8.4, 3807, 镜・龙战（上）
1262837, 8.7, 2545, 阴阳师・凤凰卷
2201813, 7.5, 16412, 藏地密码1
4737329, 7.8, 9079, 龙族Ⅰ
1288939, 8.7, 2403, 阴阳师・龙笛卷
4219728, 9.4, 1084, 塔希里亚故事集Ⅲ
3191247, 8.7, 2382, 好兆头
3315827, 7.8, 8862, 暮光之城・新月
1939182, 8.0, 6320, 美国众神
1400049, 8.6, 2656, 搜神记Ⅱ・大荒惊变
2570719, 8.3, 3971, 诛仙全集（全六册）
3903387, 7.7, 10290, 香蜜沉沉烬如霜
6797396, 8.5, 2968, 焚舟纪
2137491, 8.5, 2834, 镜・归虚1
1420740, 8.6, 2466, 阴阳师・生成姬
1507256, 8.8, 1916, 吸血鬼猎人/猎命师传奇
1449957, 9.1, 1353, 烙印勇士1
1770668, 8.0, 5684, 诛仙6
1422079, 9.0, 1485, 十二：月之影・影之海（上）
1262039, 8.6, 2397, 阴阳师・付丧神卷
5291181, 8.3, 3573, Blood X Blood：血族传说
10488617, 9.3, 1061, 冰与火之歌・卷二・列王的纷争（上）
3364853, 7.7, 9026, 月食
1426673, 8.6, 2336, 搜神记Ⅲ・灵山十巫
5360394, 9.7, 699, 塔希里亚故事集Ⅳ
20473089, 8.6, 2274, 有顶天家族
1370150, 9.2, 1136, 十二・D南之翼
2340300, 7.6, 9774, 鬼吹灯Ⅱ之三・怒晴湘西
1821476, 9.1, 1200, 十二：月之影・影之海（下）
10608470, 9.5, 795, 冰与火之歌・卷三・冰雨的风暴（上）
1029475, 8.1, 4209, 若星汉天空
3124547, 7.7, 7993, 藏地密码2
10488618, 9.4, 873, 冰与火之歌・卷二・列王的纷争（下）
10608473, 9.6, 707, 冰与火之歌・卷三・冰雨的风暴（下）
1975809, 7.8, 6455, 海上牧云记
2148947, 8.7, 1806, 阴阳师・太极卷
1958655, 7.6, 8924, 寻找前世之旅（上下册）
1015189, 8.9, 1398, 龙枪传奇（全三卷）
10488616, 9.3, 907, 冰与火之歌・卷二・列王的纷争（中）
10608472, 9.5, 738, 冰与火之歌・卷三・冰雨的风暴（中）
3198422, 8.6, 1941, 光明王
1344965, 9.2, 983, 十二：L之f里・黎明之空（上）
25825717, 8.2, 3281, 龙族Ⅲ
3321602, 7.9, 5108, 藏地密码5
1010898, 7.6, 8403, 格列佛游记
10763905, 7.8, 5898, 西游日记
1878819, 8.6, 1884, 蛮荒记1・鲲鹏
1430871, 8.5, 2136, 亵渎1・轮回・月陨
3241893, 7.8, 5867, 藏地密码4
2265750, 8.3, 2739, 九州志
3889682, 8.4, 2389, 饕餮娘子
20381805, 9.3, 850, 冰与火之歌・卷五・魔龙的狂舞（上）
1921362, 7.8, 5725, 诛仙7
1347681, 8.8, 1441, C命髌 卷一
25735699, 7.9, 4675, 三生三世 枕上书・终篇
2217788, 9.5, 653, 三鹿人成功之路
3338175, 7.9, 4372, 诗翁彼豆故事集
1469429, 8.4, 2144, 相思门
2040824, 8.1, 3220, 九州・铁浮图
4199686, 8.0, 3726, 羽・青空之蓝
2002035, 8.3, 2338, 镜・辟天1
4219125, 8.3, 2332, 坟场之书
26578003, 8.2, 2635, 无心法师 第一卷
4842735, 8.4, 2004, 海妖
2143487, 8.0, 3471, 茅山后裔1
1976047, 8.5, 1747, 阴阳师・晴明取瘤
1063401, 8.4, 1889, 精灵宝钻
2298769, 8.1, 2825, 殷商舰队玛雅征服史
25778124, 8.7, 1296, 七王国的骑士
4199431, 7.8, 4318, 天帝妖狐
3210683, 8.2, 2379, 星尘
2302080, 7.9, 3636, 神之右手
20472730, 7.8, 4230, 龙族Ⅲ
1096714, 8.5, 1559, 冰风谷（全三册）
1028779, 8.1, 2595, 神奇动物在哪里
24283160, 8.6, 1357, 间客
20381803, 9.4, 582, 冰与火之歌・卷五・魔龙的狂舞（下）
1452766, 8.5, 1505, 宾克的魔法
3674734, 8.2, 2204, 涿鹿
1786543, 7.9, 3355, 九州・白雀神龟
4922018, 7.6, 5398, 斗破苍穹 2
1921433, 8.6, 1272, 蛮荒记2・青帝
2040833, 7.9, 3213, 九州・英雄
4853091, 7.8, 3698, 藏地密码8
7056972, 9.4, 549, 塔希里亚故事集Ⅴ
4937547, 7.9, 3152, 我的征途是星辰大海
3705820, 7.5, 5920, 斗罗大陆（全14卷）
2567960, 7.6, 4970, 镜・织梦者
1393280, 7.7, 4205, 花镜
1786536, 7.7, 4192, 九州・朱颜记
5366006, 8.4, 1554, Blood X Blood：血族传说大结局
11628194, 9.2, 629, 冰与火之歌・卷四・群鸦的盛宴（上）
3359946, 7.7, 4034, 盘龙（1～10部）
20381801, 9.3, 569, 冰与火之歌・卷五・魔龙的狂舞（中）
3286200, 8.4, 1479, 九州志Ⅲ
4313949, 8.0, 2504, 奥汀的祝福
1726544, 8.3, 1666, 卧底
3841649, 8.8, 921, 长安幻夜
5264447, 7.5, 5398, 三千鸦杀
2924564, 7.9, 2807, 彼岸花
1742707, 8.4, 1428, 佣兵天下1
3866397, 7.7, 3796, 鹿男
4847836, 8.0, 2366, 羽・赤炎之
2302798, 8.5, 1227, 吸血鬼莱斯特
11628195, 9.3, 525, 冰与火之歌・卷四・群鸦的盛宴（下）
4920036, 7.3, 7128, 临界・爵迹 Ⅱ
1461652, 8.2, 1749, 纳尼亚传奇：狮子、女巫和魔衣柜
1283275, 8.5, 1200, 都市妖奇谈一
1450536, 8.9, 768, 猎物者
4920037, 7.1, 9916, 临界・爵迹 I
2057291, 8.1, 1915, 守夜人
1347406, 8.9, 737, 十二：S昏之岸・灾天（上）
1964560, 7.5, 4674, 沧海
11628197, 9.2, 546, 冰与火之歌・卷四・群鸦的盛宴（中）
24877320, 7.8, 2873, 龙族Ⅲ
2133270, 8.6, 1003, 魔法的颜色
1762743, 9.2, 538, 龙与地下城玩家手册
5276802, 8.6, 991, 饕餮娘子之岁寒记
4146280, 8.1, 1828, 暮光之城-豪华珍藏版
2288853, 8.0, 2088, 茅山后裔2
5363651, 7.8, 2654, 浮生物语
2244881, 8.4, 1161, 宝珠鬼话之锁麒麟
26303224, 8.1, 1691, 说部之乱
26725405, 7.9, 2183, Harry Potter and the Cursed Child
1022582, 8.4, 1131, 瞬间收藏家
25934300, 8.6, 858, 塞拉菲尼抄本
1823247, 7.4, 4476, 飞天
3336960, 8.5, 951, 沧海明月・凝碧卷
2372401, 8.1, 1551, 九州志Ⅱ
1316584, 8.7, 740, 玩具修理者
1420524, 8.1, 1490, 夜谈蓬莱店
6437880, 7.7, 2584, 哑舍
2011423, 7.4, 4164, 光明皇帝
1928374, 8.4, 1005, 道可道
3695832, 8.2, 1280, 九州志・葵花
3084855, 7.6, 2967, 星辰变1
3297636, 9.5, 335, Harry Potter Hardcover Box Set
1461898, 8.5, 882, 蜀山剑侠传
3816883, 8.3, 1113, 黑暗的左手
2127790, 7.6, 2897, 蝴蝶风暴
2133273, 8.9, 573, 异光
3587025, 8.1, 1412, 九州・星痕
26267087, 8.7, 698, 猎魔人1：白狼崛起
6018589, 9.5, 330, George R. R. Martin&#39;s A Game of Thrones 4-Book Boxed Set
2139618, 7.5, 3325, 寻找前世之旅续集
3854127, 8.2, 1227, 九州・云之彼岸
3191257, 8.2, 1202, 乌有乡
1836272, 8.7, 678, 山海经
1950094, 8.5, 840, 疯狂植物园
3698543, 8.4, 938, 胡林的儿女
26390937, 9.2, 414, 猎魔人2：宿命之剑
1084341, 7.8, 2031, 神奇的魁地奇球
1863160, 8.7, 657, 十二 - 前 - 魔性之子
25808738, 9.1, 442, 阴阳师典藏合集
2378291, 8.6, 728, 黄昏使者
20273030, 8.3, 1015, 哈尔的移动城堡
2176700, 8.1, 1292, 鬼吹灯之精绝古城（上下）（漫画版）
2056686, 9.0, 477, －{夜叉姬（上、下）
6779980, 7.4, 3527, 天命
1859615, 8.6, 707, 荒原
3174112, 8.9, 518, ：夜光杯卷
1054380, 9.1, 420, 龙族（一）
2049339, 8.3, 963, 变化的位面
26425832, 9.3, 350, 纸上中洲
1000353, 8.6, 683, 纳尼亚王国传奇（全7册）
1962224, 9.2, 378, 龙与地下城怪物图鉴
2003209, 8.0, 1369, 蜘蛛男孩
25831096, 8.9, 495, 梦书之城
3219393, 8.6, 661, 最后的守护人
25768277, 8.0, 1342, 苗疆蛊事1
1919733, 8.6, 659, 彼得潘
4811938, 8.4, 810, 九州・轮回之悸
3543364, 8.9, 477, 狐说
6952187, 8.2, 1012, 宵山万华镜
4825807, 8.3, 891, 提嘉娜
3177087, 7.3, 3664, 风玫瑰
3236601, 7.9, 1447, 恶魔法则1
4839148, 8.7, 564, 阿拉桑雄狮
2010276, 7.6, 2183, 神墓1・潜龙出渊
25832787, 8.8, 503, 惊悚乐园1
26783041, 9.3, 318, 睡魔1：前奏与夜曲
2117552, 8.6, 614, 历史的尘埃 1
10566125, 7.7, 1847, 饥饿游戏（全三册）
2136038, 7.0, 5930, 诛仙8（大结局）
6440764, 7.8, 1588, 羽・黯月之翼
1131441, 8.2, 946, 刺客正传Ⅰ・刺客学徒
1190746, 8.5, 669, 河图洛书
1146176, 8.4, 745, 地海传奇Ⅰ
2343823, 8.1, 1051, 笔冢随录・生事如转蓬
3864624, 8.3, 825, 九州幻想・四年
1941280, 9.3, 307, 地下城主指南
1834139, 7.9, 1351, 云荒往世书・云散高唐
2226171, 8.1, 1043, 守日人
3830512, 8.1, 1042, 九州志・葵花・紫之苦寂
2082380, 7.8, 1534, 失窃的孩子
1084335, 8.3, 813, 古堡里的月亮公主
3810025, 8.2, 904, 卡徒（第一季）
10786074, 8.1, 998, 如意蛋
6890100, 8.6, 565, 缥缈・提灯卷
4895136, 7.8, 1469, 鸭川小鬼
1874418, 7.9, 1280, 奇幻夜
3543627, 8.7, 506, 黑暗之塔
2969999, 7.7, 1670, 九州・死者夜谈
1003925, 8.4, 687, 风姿物语No.1
3680885, 7.8, 1420, 回声
1014751, 8.4, 674, 异人傲世录1・异世逍遥
1452779, 8.2, 840, 魔法之源
1771843, 8.3, 745, 三张牌
1464421, 8.4, 657, 亚尔斯兰战记
1340583, 9.5, 237, The Return of the King
2988328, 8.8, 435, 莉的音泛#上
2373242, 9.2, 301, 酉阳杂俎
20532619, 8.6, 524, 魅生・十师卷（全二册）
1967829, 8.7, 472, 风住尘香
6790474, 8.4, 642, 别拿穿越不当工作（全三册）
24751077, 9.3, 272, 飓光志第一卷：王者之路（全三册）
3315767, 8.1, 902, 笔冢随录Ⅱ・万事皆波澜
26775078, 8.9, 384, 非人哉
2052380, 8.6, 514, 巫师与玻璃球
2133276, 8.5, 559, 死神学徒
2216512, 7.7, 1470, 冒死记录
1493257, 8.6, 501, 三千界
1776832, 9.2, 285, Sandman
2106932, 8.1, 859, 最后的守护者
4828326, 8.0, 965, 远歌
1364507, 9.4, 237, 冰c火之歌三部曲（卷三）τ觑L暴
1000934, 8.8, 397, 詹姆斯与大仙桃
4718389, 8.1, 838, 江湖异闻录
4082857, 8.1, 833, 九州志・葵花・玄之殇陨
26792804, 9.2, 275, 魔兽世界编年史
3628184, 8.9, 357, 猫武士
1461655, 8.2, 734, 纳尼亚传奇：黎明踏浪号
24383253, 9.3, 252, 塔希里亚故事集Ⅵ
26327314, 8.2, 728, 胚胎奇谭
1774750, 7.8, 1179, 黑质三部曲・之一・黄金罗盘
3021566, 7.9, 1028, 我是传奇
10770739, 7.7, 1331, 哑舍Ⅱ
3679840, 8.1, 781, 恶魔法则（全12册）
4709682, 8.7, 401, 绿林记
11505944, 8.3, 606, 天鹅・余辉
1607466, 8.4, 543, 妖言惑众
4814392, 8.0, 848, 光逝
2239764, 8.5, 483, 卡拉之狼
5984284, 7.5, 1645, 斗破苍穹3・寻找异火
1451520, 7.7, 1237, 沙门空海之大唐鬼宴・卷之一・入唐
3024276, 8.3, 592, 绅士盗贼拉莫瑞
10537633, 8.2, 662, 克苏鲁神话
3897538, 8.6, 426, 大猎捕（上下卷）
2354896, 8.5, 467, 幽冥仙途
2272936, 8.5, 460, 图解山海经
3016791, 8.3, 566, 逆流河
3059430, 8.1, 685, 萨布莉尔
4118264, 7.5, 1499, 五蠹
1889764, 8.7, 361, 燃犀奇谈
24882313, 8.5, 437, 地海传奇2：地海古墓
1678877, 8.2, 600, 鬼妈妈
26341728, 8.4, 480, 山河表里
5936069, 8.2, 594, 九州・雪焚城
1832435, 8.5, 430, 雨柳堂梦语
4219418, 7.7, 1091, 九州・刺客王朝・葵
1084416, 8.6, 387, 地海传奇Ⅱ
26435000, 9.1, 245, 猎魔人3：精灵之血
1460275, 7.7, 1066, 逝雪
25731663, 8.7, 344, 地海传奇3：地海彼岸
10198949, 8.3, 511, 魁拔之书
25811761, 8.9, 283, 只有我不存在的城市 01
1258564, 8.5, 411, 刺客正传Ⅲ・刺客任务（上下）
1811844, 8.7, 337,  1
3059435, 8.2, 560, 莉芮尔
1776856, 7.5, 1341, 历史学家
5921263, 8.5, 403, 家电人生
1067243, 8.0, 692, 伊拉龙
1786264, 8.0, 687, 黑质三部曲・之三・琥珀望远镜
1786262, 7.9, 773, 黑质三部曲・之二・魔法神刀
3898902, 7.7, 998, 九州・龙痕
4922017, 7.1, 2452, 斗破苍穹 1
26647621, 7.0, 2908, 龙族Ⅳ
11444474, 8.6, 358, 缥缈・鬼面卷
4848427, 7.8, 865, 血色童话
4320805, 7.4, 1463, 太阳之塔
4262680, 8.0, 658, 九州志・王朝启示录・复仇的姬武神
26712106, 8.4, 420, 开封志怪
3897534, 8.1, 575, 世界之眼（上下卷）
3149497, 7.3, 1647, 星空
11639956, 9.2, 201, 星际迷航：联邦星舰进取号完全图解
10344574, 8.0, 624, 傲风
1227812, 8.1, 555, 刺客正传II：皇家刺客（上下）
3014701, 8.4, 402, 苏珊娜之歌
20394783, 8.0, 621, 浮生物语2
1771840, 7.5, 1173, 枪侠
1795067, 7.8, 772, 沙门空海之大唐鬼宴・卷之四・不空
20273121, 8.2, 481, 易碎品
2040795, 7.6, 994, 佛本是道1
1778558, 7.8, 763, 沙门空海之大唐鬼宴・卷之三・胡术
5355649, 8.1, 533, 九州・龙渊
26792696, 8.9, 241, 镜（全6册）
24531079, 7.6, 973, 哑舍Ⅲ
1760258, 7.7, 849, 沙门空海之大唐鬼宴・卷之二・咒俑
5391812, 7.8, 745, 风港
4128025, 7.3, 1475, 羽翼・深蓝
2061219, 8.9, 237, 朔风飞扬
2133275, 8.3, 410, 平等权利
10618121, 8.1, 498, 扮鬼脸
25748802, 8.9, 228, 地海传奇6：地海奇风
26603434, 7.7, 797, 无心法师 第三卷
3188317, 8.5, 325, 摩合罗传Ⅰ
25880067, 7.5, 1028, 安珀志1：安珀九王子
26307399, 9.0, 205, 吉尔莫・德尔・托罗的奇思妙想
4114025, 7.2, 1569, 白色群像
1430684, 7.3, 1339, 永恒之井
1452782, 8.2, 423, 鲁格纳城堡
4828417, 7.9, 590, 贞观幽明谭
1458377, 8.2, 419, 大魔法师
1822785, 8.5, 309, 风姿物语1・暹罗结义
1966337, 7.3, 1289, 紫诏天音
25880068, 8.0, 510, 安珀志4：奥伯龙之手
4859791, 8.2, 409, 猫婆婆
10580816, 9.0, 194, 卫兵！卫兵！
2149618, 7.8, 639, 氏族之王
3237656, 8.4, 331, 龙枪终结版・灵魂之战三部曲
4851821, 7.9, 566, 九州志・王朝启示录・白虎的崛起
3375956, 7.9, 564, 黑白灰姑娘
3058812, 8.2, 404, 阿布霍森
5984933, 9.3, 152, 超魔杀帝国
1256220, 8.9, 208, 阿巴拉岛
6715001, 8.3, 359, 九州・丧乱之瞳
10508660, 8.6, 268, 美食狩猎人
1787843, 7.6, 802, 兽血沸腾（第一卷）
3108941, 9.2, 162, 周天・狩偃
26275998, 8.2, 393, 寒武再临
1467905, 7.3, 1201, 孔雀王01
25867880, 9.3, 149, 塔希里亚故事集VII
4000983, 7.7, 693, 九州・逆旅
2249413, 8.0, 480, 云荒纪年・隔云端・苍平卷
2302816, 9.0, 185, 中国奇幻十人选――捕梦天王・骑桶人
4744976, 8.8, 218, 时光之轮4・暗影渐起（上下）
2970998, 6.9, 2228, 青囊尸衣
1055445, 8.7, 237, 魔法灰姑娘
1441505, 9.0, 184, 龙枪编年史
1485503, 8.2, 381, 长老
4214004, 8.5, 283, 转生真龙（上下卷）
3998030, 8.6, 256, 妖怪记事簿
10560806, 8.9, 196, 迷雾之子3・永世英雄（上下册）
20451752, 8.6, 253, 九州・天光云影・风云会
25880072, 7.7, 639, 安珀志2：阿瓦隆之枪
26628814, 7.1, 1473, 龙与地下铁
26856953, 7.7, 627, 夏目友人帐
4116620, 8.7, 221, 平安夜行抄
2220265, 8.7, 217, Coraline
10545776, 8.4, 285, 迷雾之子1・最后帝国（上下册）
25742768, 8.4, 281, 地海传奇4：地海孤儿
22693008, 8.2, 341, 兔子共和国
1817625, 7.2, 1179, 善良的死神
10546893, 8.3, 308, 弑君者传奇（第一日）风之名
26545120, 9.7, 101, 塔希里亚故事集Ⅷ
2147373, 7.2, 1174, 朱雀记
26895508, 9.7, 100, 睡魔2：玩偶之家
1449981, 6.3, 6114, 无极
24857335, 8.3, 302, 天鹅・永夜
5395150, 8.5, 248, 亚波娜之歌
26111149, 7.3, 969, 第一日
1225062, 8.7, 205, 汤姆的午夜花园
26707942, 7.1, 1298, 知更鸟女孩
25805143, 8.4, 265, 他方世界
5406471, 8.9, 170, 夜色玛奇莲I
25880088, 7.7, 553, 安珀志3：独角兽之兆
3631593, 8.9, 168, 猫武士
10540821, 7.8, 485, 龙缘
25836027, 7.6, 616, 献给死者的音乐
10566470, 8.7, 197, 迷雾之子2・升华之井（上下册）
1085756, 8.3, 283, 地海传奇Ⅲ
3070182, 8.5, 234, 周天・镜弓劫
1151918, 8.2, 311, 吸血鬼猎人D
26722307, 7.9, 414, 暗夜独行客
4230751, 8.0, 369, P`4：n穹浩茫茫
1489079, 7.2, 1009, 狂神
1842679, 7.4, 760, 狂神6
4046040, 7.9, 402, 盘龙（11～13部）
25748804, 8.6, 202, 地海传奇5：地海故事集
1466696, 8.2, 293, 囚狐
1485498, 7.4, 740, 狂神3
4937334, 8.7, 183, 时光之轮5・天空之火（上下）
4040473, 8.1, 318, 极地恶灵（上）
25921286, 7.5, 630, 民调局异闻录1・苗乡巫祖
11523417, 7.8, 435, 神渊古纪・烽烟绘卷
3394198, 8.0, 347, 药师寺凉子之怪奇事件簿（共3册）
25758245, 8.2, 282, 浮生物语3（上）
3580714, 8.5, 212, 帝国（上）
24358147, 8.1, 306, 战争之潮
19967857, 8.0, 337, 冰与火之歌漫画
10795751, 8.7, 174, ：天鼓卷
1050866, 8.3, 246, 法老的诅咒
3571559, 7.5, 589, 驱魔人
4040496, 8.3, 244, 极地恶灵 下
10589434, 7.3, 763, 七夜谈
10580819, 8.9, 145, 金字塔
1485497, 7.3, 758, 狂神2・堕落天使
10580817, 8.8, 156, 大法
4863294, 8.5, 200, 萝铃的魔力（第2部）
1441589, 7.9, 359, 上帝掷骰子
4082627, 8.5, 199, 家守_T
4100304, 8.0, 321, 巫术族的预言-萝铃的魔力-上下册
20383692, 8.7, 167, 山海师1
10511365, 8.4, 216, 镇魂街 1
25908098, 8.0, 319, 千香引・雏凤星现
6424415, 7.2, 847, 山海经密码
26767242, 8.4, 214, 亲爱的阿道夫
25760119, 9.0, 130, 《霍比特人》的艺术
3575882, 7.2, 837, 时间箭
24757288, 8.2, 257, M代表魔法
5347698, 7.7, 438, 娑婆气
3464724, 8.1, 283, 巫颂（第一部）
6789608, 8.1, 283, 濒死的地球
25739928, 8.1, 277, 累 1
24852489, 8.4, 207, 青春奇妙物语
4176604, 7.8, 377, 阿尔萨斯：巫妖王的崛起
3079250, 8.4, 205, 不存在未出版的错误条目
2356605, 7.7, 418, 布莱克伍德庄园
4604958, 8.0, 299, 波西.杰克逊与神火之盗
5416595, 8.0, 299, 九州・澜州战争
4124525, 9.2, 106, 龙与地下城4.0 玩家手册
26596521, 7.1, 876, 无心法师 第二卷
3807481, 7.5, 505, 墨水心
3210923, 7.8, 355, 荆棘王
26377359, 8.7, 150, 浮生物语4（上）
4124683, 9.4, 90, 龙与地下城4.0 怪物图鉴
1804980, 7.4, 564, 狂神5
26320244, 8.7, 149, 巫师、外星人和星舰
1460136, 9.0, 118, The Chronicles of Narnia Boxed Set
25880074, 7.5, 492, 安珀志 5：混沌王庭
1908361, 8.5, 173, 太古和其他的时间
6265773, 7.4, 538, 巨龙的颂歌
1923602, 9.2, 99, 洪荒孤女（全四册）
4124694, 9.2, 99, 龙与地下城4.0 地下城主指南
6014664, 9.2, 99, 烈火魔尘
25921287, 7.5, 472, 民调局异闻录2・清河鬼戏
26598799, 9.5, 81, 冰与火之歌的世界
26765930, 9.3, 92, 努门诺尔与中洲之未完的传说
25719558, 7.9, 295, 闻香榭之一 脂粉有灵
25725506, 7.2, 681, 羽・苍穹之烬
2040860, 7.4, 521, 冰火魔厨
25922733, 7.4, 516, 哑舍Ⅳ
6311231, 7.6, 402, 神的平衡器
1817628, 7.3, 584, 善良的死神
19966285, 8.6, 149, ：醍醐卷
6801379, 9.1, 99, Game of Thrones
5375981, 8.6, 144, 阿飞幻想（第2辑）
3276278, 8.2, 203, 人衰退之後 1
25897996, 8.2, 203, 浮生物语3（下）
20469397, 8.6, 143, 暗黑破坏神Ⅲ：凯恩之书
5954635, 8.5, 154, 时光之轮6・混沌之王（上下）
2084961, 7.7, 333, 九州・创造古卷
1950218, 8.4, 167, The Book of Lost Things
10546528, 7.5, 419, 伊岚翠
19954977, 8.7, 130, 偃师1
25887999, 7.8, 297, 欧罗巴英雄记
2244604, 7.9, 264, 时光之轮1・世界之眼・下
24715870, 7.9, 262, 战士（套装上下册）
26652880, 7.4, 461, 遗落的南境1：湮灭
10453136, 8.4, 163, 红色天空红色海
3025616, 8.0, 236, 夜市
21714358, 8.3, 177, 地火明夷 1
26617142, 8.4, 161, 最后的猎巫人
10593893, 7.6, 357, 秘境之匣
25900689, 8.6, 136, 新日之书（全4册）
4783285, 7.8, 284, 明日歌・山河曲1
25921289, 7.5, 398, 民调局异闻录4・亡魂列车
4322238, 7.9, 251, 云荒・云泥变
5697408, 7.5, 390, 伪伦敦
2988752, 9.3, 80, W赫奇幻地IWA-I
26148066, 8.3, 169, 第一律法 [卷一]
24523684, 8.6, 130, 弑君者传奇（ 第二日）智者之惧
26281603, 9.0, 96, 渡鸦之影1・血歌（上下）
4262616, 8.4, 152, 妖精的尾巴
26586126, 8.4, 151, 黑糖匣
26847177, 8.9, 102, 猎魔人4：轻蔑时代
26600719, 7.8, 266, 哑舍・零
4228449, 8.0, 217, 鲲与虫
3686859, 7.3, 475, 长生界1・龙岛死城
24529806, 8.8, 109, 神秘的陌生人
25923242, 7.9, 238, 如何不相离
1436218, 9.3, 77, 如何在网上聊天
1423193, 8.7, 117, 外公的13号古宅
25885287, 7.6, 325, 明日绽放的花蕾
3056871, 8.0, 213, 夜之琴女与耶稣之笛
1346045, 8.5, 136, Wolves In The Walls (PB)
6712400, 7.5, 362, 莫雷尔的发明
3546460, 9.3, 76, 旅人之忆
1385745, 8.8, 107, 如何一b好狗
3735921, 7.2, 525, 骑士幻想夜
26781555, 8.3, 160, 山海变1・指间错
4850427, 7.9, 233, 魔F世界：黑暗之T
21957247, 7.9, 232, 九州・黑暗之子
2721400, 8.1, 190, 黑色佣兵团
3076851, 8.5, 133, 托尔金与世界大战
24760789, 8.1, 188, 烟与镜
5915713, 6.4, 1842, 爵迹?燃魂书
2253601, 7.6, 314, 牛顿加农炮
25719562, 8.2, 171, 闻香榭之二 玉露无心
26125800, 7.5, 351, 民调局异闻录6・无边冥界
10566123, 8.3, 156, 山海经
6059239, 7.7, 278, 魅灵之书
1852108, 7.0, 663, 唯我独仙1
25973609, 8.1, 185, 时间海
10795878, 7.3, 441, 仙逆1・天逆珠子
5299772, 7.6, 306, 九州・海潮三十年
25814398, 7.9, 221, 鸭川六景
2203368, 7.1, 564, 蔷薇的第七夜
4604928, 7.7, 269, 波西・杰克逊与魔兽之海
4025048, 7.8, 242, 阿努比斯之门
25868123, 7.5, 332, 战争罪行
1804944, 7.3, 419, 狂神4
5367354, 8.3, 147, 波西・杰克逊与最终之神
4060086, 8.5, 124, 猫武士二部曲之1
19894102, 7.8, 234, 九州・暗月将临
6425903, 7.7, 259, 鱼馆幽话
2150985, 6.6, 1145, 光之子（上中下）
10558240, 8.0, 190, 咬时代
3753880, 7.3, 407, 千面之城
1450538, 7.2, 459, 克苏鲁神话
26369156, 7.6, 283, 猫饭奇妙物语
4866449, 8.5, 120, 斗铠
26789635, 8.5, 120, 殡葬人的秘密
24857764, 6.5, 1307, 我是个大师
3306248, 7.5, 311, 蔷薇的第七夜3・完结篇
2407931, 9.1, 77, The Witcher: The Last Wish
26812570, 9.1, 77, 魔兽世界：伊利丹
10768061, 7.6, 276, 异海
6424142, 7.9, 201, 骑誓・海渊骑士的破晓
2310458, 7.5, 305, 查布克夫人的画像
24853106, 8.2, 151, 利维坦号战记Ⅰ――飞越阿尔卑斯
1426168, 8.8, 93, 猫和少年魔笛手
22933018, 6.7, 893, 斗破苍穹
26325866, 8.8, 92, 第一律法・卷二
1082632, 7.2, 428, 最后的独角兽
1220201, 8.1, 161, 撒玛坎护身符
10508104, 8.6, 106, 镇魂街 2
4263894, 8.0, 176, 恐怖王子
6073464, 8.1, 160, 死亡区域
26375191, 8.2, 146, 寒武再临2
1365337, 9.0, 79, 魔戒影O定}典1
3753881, 7.6, 261, 记忆之岛
4847645, 8.0, 174, 波西・杰克逊与巨神之咒
25707505, 8.3, 133, 云中兰若
3753879, 7.8, 209, 彼方之旅
4862326, 9.3, 64, Hiccup: How to Train Your Dragon [Audiobook]
19954996, 7.3, 361, 浮生物语外传
3081725, 7.1, 464, 金樽幽月
25982408, 9.1, 72, 青春奇妙物语②
1448712, 7.8, 203, 指环王与哲学
3161956, 7.8, 203, 怪物
10593454, 6.7, 811, 怪屋女孩
1677118, 8.9, 81, 神奇的玛丽阿姨
26125718, 7.3, 349, 民调局异闻录5 ・赌城妖灵
26289352, 7.3, 349, 奇谭怪事录
25793696, 8.2, 137, 闻香榭之四 镜花魔生
5299852, 7.9, 179, 九州幻想・天空之城
3772790, 8.4, 115, 新白话聊斋志异（上下册）
26603435, 6.9, 579, 无心法师 第四卷
10575157, 7.3, 337, 炽恋物语
6533098, 8.4, 113, 时光之轮7 剑之王冠（上、下册）
2024174, 7.9, 175, 流枫川志
25839365, 7.7, 213, 巨龙的黄昏
26656291, 8.4, 112, 上帝的图书馆
6073200, 7.9, 173, 天启薄暮
20504955, 7.8, 189, The Ocean at the End of the Lane
20275457, 8.8, 82, 时光之轮9・寒冬之心（上下）
10763425, 8.5, 102, 查理九世13・鬼公主的嫁衣
10433307, 9.7, 47, A Dance with Dragons
3786933, 7.3, 322, 骑士幻想夜Ⅱ
25923098, 7.3, 321, 楚墓
26851278, 9.2, 62, 浮生物语4（下）
26835827, 8.9, 75, 想象地名私人词典
10763426, 8.5, 100, 查理九世14・幽灵列车
4882044, 8.4, 108, 威尼斯之石
5912701, 7.6, 225, 查理九世1・黑贝街的亡灵
24705796, 8.2, 127, 哑舍大画集
6779365, 9.7, 46, Song of Ice and Fire Series 5Copy Boxed Set UK Edition
5957622, 8.1, 137, 血腥骑士
20273032, 8.0, 148, 迷宫之屋
3012320, 7.0, 448, 勇者物语1
5910862, 8.1, 134, 萝铃的魔力（第3部）
5921799, 7.3, 303, 徒然王子
26613044, 8.1, 133, 亚特兰蒂斯2：末日病毒
3894769, 7.8, 174, 妖怪公寓
25922739, 8.2, 121, 十字弓・玫瑰之刃
25927836, 9.8, 42, 所有的邪恶
1186261, 9.2, 58, 隐身
3745104, 8.5, 93, 少年吸血鬼阿曼德
4304072, 8.5, 92, 玄皓战记（1
1829667, 7.9, 152, 蒲生邸事件
26263536, 9.3, 54, Harry Potter and the Methods of Rationality
5906613, 7.5, 226, 温暖躯壳
4124698, 8.8, 73, 龙与地下城4.0 角色扮演游戏起始包
1429203, 7.3, 279, 仙剑奇侠传
24838956, 9.1, 60, 时光之轮11・迷梦之刃（上下）
1151090, 8.0, 135, 魔幻家族
7056713, 7.7, 179, 德古拉家族日记
3219415, 9.2, 56, 精`守o者
5993317, 8.3, 104, 白云苍狗
4145804, 7.6, 195, 东晋妖异谭
26609967, 6.9, 449, 他与月光为邻
5367352, 8.0, 132, 波西・杰克逊与迷宫之战
24876892, 8.8, 71, 人字旁
25767897, 9.1, 58, 霍比特人官方年历2014
7153478, 8.3, 101, 时光之轮8・匕首之路（上下）
24748959, 7.8, 156, 十号酒馆・判官
26834592, 8.6, 80, 夏日遇见狄更斯
24863567, 8.5, 86, 地疤
3104395, 9.0, 61, W赫奇幻地IWJ-Q
26261238, 7.0, 378, 超禁忌游戏Ⅰ
6395810, 8.2, 108, 魔兽世界 第一部
25922740, 8.2, 108, 十字弓・背叛者月
24853110, 8.4, 92, 利维坦号战记Ⅱ――伊斯坦布尔大炮
25729111, 8.4, 91, 克苏鲁神话 2
25775380, 8.1, 114, 无尽长门Ⅰ
1450539, 7.1, 319, 克苏鲁神话
25900112, 8.9, 63, 特洛伊1・银弓之王
4909029, 8.0, 124, 森林魔法师（全二册）
2012562, 8.3, 96, Fantastic Beasts and Where to Find Them
25816346, 8.3, 96, 恶魔呼唤
2300020, 7.5, 198, 镜中女孩
1917348, 7.6, 178, 罗佛兰登
25954325, 8.0, 122, 废物庄园
24737061, 7.8, 146, 猎人行
4050577, 8.3, 94, 猫头鹰王国1-暗算
26811966, 8.1, 110, 无影人
25919864, 7.7, 157, 奥术神座1・女巫笔记
25997575, 6.9, 389, 天之炽1
5909528, 7.8, 141, 沉寂的星球
26666023, 8.5, 79, 睡美人与魔纺锤
25900685, 9.2, 50, 时光之轮12・末日风暴（上下）
25957855, 9.3, 47, 乌有王子2・战士先知
24882286, 7.3, 233, 部落的暗影：沃金
26338189, 8.7, 67, 魔法活船1・魔法之船（上下）
10545414, 7.5, 180, 九州・戏中人
2127090, 7.5, 179, 倾诉
1421001, 7.3, 219, 武器屋
3298145, 9.4, 42, W赫奇幻地IWR-Z
25713221, 8.7, 64, 托勒密门扉
10458703, 7.9, 118, 浮世织香录
6985984, 7.5, 172, 白夜灵异事件簿
26283241, 7.2, 238, 光与暗的生灵
26289676, 7.7, 139, 从天而落
1441356, 9.2, 46, The Mists of Avalon
6855830, 7.4, 186, 鼠王
21236739, 7.5, 167, 四季城邦・卷1
26264178, 8.5, 71, 梦歌
26267088, 8.1, 95, 洛基启示录
1449920, 8.5, 70, 帽子里的天空
25857006, 8.3, 81, 乌有王子1・前度的黑暗
1861809, 7.5, 161, |京
26461338, 8.4, 74,  n猴卷
25882205, 8.1, 91, HBO权力的游戏官方指南：幕后及艺术设定 卷1
1801762, 8.5, 67, 卡通角色设计
6516924, 7.3, 189, 骑誓・龙骑士的千年誓约
26878529, 8.0, 96, 山海经传奇
1439350, 8.6, 61, Bridge to Terabithia
21869680, 8.6, 61, 镇魂街3
10437285, 7.2, 207, 三界宅急送
24854772, 9.0, 47, 冰与火之歌漫画：权力的游戏（第2卷）
26594195, 9.0, 47, 渡鸦之影Ⅱ
1029928, 8.1, 87, 穿越夜空的疯狂旅行
20488050, 8.3, 74, 时光之轮10・光影歧路（上下）
2309907, 7.6, 133, 天使微积分
26437749, 9.2, 41, 时光之轮14・光明回忆（上下）
25958712, 8.0, 91,  醉月卷
26675529, 8.0, 91, 爱因斯坦与上海神秘人
25900117, 8.8, 51, 特洛伊2・雷霆之盾
25761490, 8.6, 58, 穿过锁孔的风
26336884, 9.2, 40, 时光之轮13・午夜高塔（上下）
4178273, 7.3, 172, 萨满桥
26413030, 7.1, 215, 天之炽2
4497893, 8.3, 69, 魔兽世界：毁灭/The Shattering
2263939, 7.4, 150, 邪神传说6
26671170, 7.1, 207, 神圣懒汉的冒险
19971869, 9.1, 41, 勇者互助M合 交流型魇景
24853111, 8.0, 86, 利维坦号战记Ⅲ――直到世界尽头
26602859, 8.0, 86, 文学少女侦探
10581248, 9.7, 30, A Game of Thrones
26874330, 7.4, 148, 脑洞W
10735452, 8.5, 59, 传奇
25941181, 7.4, 147, 哑舍5
20518486, 9.6, 31, A Song of Ice and Fire - A Game of Thrones
25734788, 7.8, 99, 九国夜雪・寻梦人
24722919, 7.4, 144, 九州・殇翼
4827982, 6.7, 327, 忘川堂夜话
6037875, 7.5, 129, 学习蒲松龄
20312477, 6.9, 249, 斗破苍穹25・净莲妖火
20431818, 9.5, 32, 地海六部曲(思十L年o念套)
24877417, 8.5, 57, 冰与火之歌官方地图集
1955493, 6.9, 247, 邪神传说1
10774931, 7.8, 96, 吸血鬼猎人林肯
6862480, 7.6, 114, 烟雾和骨头的女儿
4186902, 9.0, 41, F之奏者I
26338191, 9.0, 41, 魔法活船3・命运之船（上下）
25777845, 7.4, 137, 浮珑
20450684, 7.0, 210, 光与专属少年
3177544, 6.9, 230, 幻兽物语
26338190, 8.9, 42, 魔法活船2・疯狂之船（上下）
7047307, 8.2, 66, 查理九世12・失落的海底城
4895205, 8.7, 47, 暴风雨中的蝴蝶
4729530, 7.3, 144, 巫师神探1・血魔法之罪
25936765, 8.0, 76, 无尽长门Ⅱ
3411680, 7.5, 116, 鬼T草
1442454, 7.3, 141, 灵魂骑士
26721099, 7.9, 81, 冰龙
26666026, 7.8, 88, 饕餮娘子3：蜜语楼
6129292, 7.1, 173, 移用m
6856218, 7.7, 95, 九国・伽蓝之羽
3128800, 6.1, 713, 迷航昆仑墟
26657576, 7.5, 113, 异乡人
26904095, 8.1, 68, 博物学家的神秘动物图鉴
24697000, 7.7, 94, 古村妖物志
26337589, 8.5, 51, 青春奇妙物语③
24089340, 7.4, 122, 反西游记
4926253, 8.6, 47, At the Mountains of Madness
25660555, 7.8, 84, 十三绣衣使 第壹卷
6517444, 7.3, 133, 魁拔
26667828, 8.7, 43, 影渡者
1895107, 7.1, 159, 霍格沃茨的中国留学生-哈利波特
26648683, 6.9, 198, 我所创造的怪物
25900091, 8.5, 48, 特洛伊3・诸王陨落
1998979, 7.7, 87, 丑人
26115790, 8.1, 63, 浮云半书
26789764, 7.7, 85, 食梦先生
6720614, 8.6, 44, 失落的英雄
1753749, 7.7, 83, Rip Van Winkle
10763427, 8.2, 56, 查理九世15・海龟岛的狩猎者
26417450, 7.9, 70, 大香师
6265776, 7.3, 118, 天降女王
26647625, 6.9, 177, 安珀志6：厄运主牌
26299615, 8.1, 58, 如何创作科幻小说与奇幻小说
11502313, 7.9, 67, 百骨夜宴
1674824, 8.0, 62, Eragon
5395592, 7.2, 125, 黑暗的祝福
1345458, 8.6, 41, 中妖怪事典
26763167, 8.1, 57, 狼的恩赐
26822901, 7.1, 137, 采珠勿惊龙：鬼雨法螺
21993097, 9.5, 25, Special Edition Harry Potter Paperback Box Set
10432664, 6.1, 521, 2012・末夜
26347973, 6.8, 188, 觉醒日
26598547, 7.4, 99, 天之炽
6100926, 6.8, 185, 被置换的孩子
1110162, 8.4, 44, 中国狐文化
11528312, 7.7, 72, 石中剑
26721089, 8.0, 57, 怪屋女孩2：空城
24380530, 8.6, 38, 黑质三部曲
1438289, 8.2, 49, The Eye of the World (The Wheel of Time
26612858, 8.2, 49, 住在身体里的人
6397232, 7.4, 92, 堕落天使2
25913452, 7.5, 84, 星河
26823150, 7.6, 76, 脏工作
26435003, 8.2, 48, 废物小镇
3687101, 7.6, 75, 暗夜圣杯
25872258, 6.7, 188, 黄衣王
26899959, 9.6, 22, 达洋猫动物小说・奇幻冒险五部曲
3188433, 8.0, 54, 歌T鬼城首部曲：泰忒斯Q生
4743953, 8.4, 41, 罪人c共舞 (1)
10772870, 7.3, 96, 妖物
1458980, 9.8, 20, The Lord of the Rings
26647624, 6.9, 144, 安珀志7：安珀血脉
26636393, 7.6, 71, 饕餮记
25865762, 8.0, 52, 无人区
25929288, 6.6, 199, 刺客信条：文艺复兴
25833222, 8.0, 51, 寻找杰克
22049946, 8.4, 39, 帝国的誓言：亚拉腊山的阴影（上下）
26261244, 7.3, 90, 血族3：永夜
21371565, 8.1, 47, 一鬼夜行
26417932, 8.3, 41, 时光之轮前传 新春
26806567, 8.4, 38, 高能预警
5912709, 7.6, 66, 查理九世3・恶灵栖息的乌鸦城
25833221, 7.6, 66, 城与城
26827251, 7.8, 56, 山 ? 十二记
26591328, 8.4, 37, 天鹅・晨星
1158291, 7.2, 93, 幻兽・龙事典
1492241, 7.2, 93, 恶魔事典
10605863, 7.2, 93, 汗血宝马
26745463, 7.6, 65, 米米朵拉
7163389, 6.4, 234, 光明之子-神印王座-I
25754417, 6.7, 158, 碎前故事
26666033, 8.3, 39, 幸福先生
6867624, 8.8, 29, The Once and Future King
5416888, 7.6, 64, 衰神附身记
4233165, 9.0, 26, The Unwritten Vol. 1
2263111, 8.3, 38, Wicked
24715997, 7.1, 96, 潘宫的秘密1
1484267, 7.6, 61, 南总里见八犬传（全四册）
4884908, 7.6, 61, D解克K神
20423631, 8.2, 39, 西岸三部曲1・天x之子
25954369, 6.2, 279, 奇谈百景
1955062, 6.8, 127, 邪神传说2
24849621, 7.4, 70, 不周记
26651639, 8.4, 34, 开始写吧！――科幻、奇幻、惊悚小说创作
25886997, 7.5, 64, 回忆、悲伤与荆棘1・龙骨椅（上下）
10355357, 7.1, 91, 玫瑰帝国・堕天使之心
25857034, 7.4, 68, 生命之书
2291660, 7.9, 46, The Lightning Thief
20496320, 7.6, 56, 白夜灵异事件薄2
10799163, 7.8, 48, 7王圣钥系列
26421116, 7.2, 78, 巨龙的黎明
25930023, 7.9, 43, 忘尘阁之一 噬魂珠
26306661, 7.0, 91, 刺客信条：黑旗
11520569, 8.0, 40, 翅鬼
7056742, 7.1, 82, 十二金剪
26712018, 7.0, 90, 悬崖的错觉
11541367, 6.2, 234, 阿宅的奇幻事务所
26545212, 7.9, 42, 破碎之海Ⅰ
26769987, 7.4, 61, 魔兽：杜隆坦
25940818, 6.6, 136, 刺客信条：秘密圣战
26201918, 7.5, 56, 蛊真人
1086796, 7.3, 66, 西游记后传
19896056, 9.2, 20, 永a之王: 瑟王髌
24879931, 8.4, 30, 海上宴
26274437, 7.8, 44, 英伦魔法拾遗
20275733, 6.7, 117, 天使学
25713202, 7.9, 40, 所罗门之戒
26413654, 8.2, 32, 紫星花之诗 1
10531432, 8.0, 36, 埯z漫[奇境
21349494, 7.8, 41, 天才相2
25751571, 7.4, 55, 处女座：完美年华初相见
1863794, 6.6, 114, 魔法的历史
26023562, 6.9, 82, 亡者归来
3054912, 8.6, 24, 魔法门之英雄无敌3攻略宝典
26713079, 8.6, 24, 赫伯特的奇幻人生
25723676, 7.5, 48, 巫城记 1：梅律辛
26411937, 7.7, 40, 玛拉兹英灵录 卷一
20713847, 8.8, 21, 西岸三部曲3・X醒之力
26339863, 8.6, 23, C魔士Ⅲ
24876144, 8.4, 25, 歌门鬼城
26435484, 7.2, 56, 刺客信条：大革命
26797394, 7.3, 51, 九州・天空城
24702226, 8.0, 30, 皇帝魂
10769040, 6.9, 64, 女王・再见黑天鹅
3617729, 8.1, 26, 奇翡：粽眭奇幻茏鬟x
1459156, 8.4, 22, 奇幻文W作的十堂n《The Writer&#39;s Complete Fantasy Reference》
25891894, 7.8, 31, 冬日传奇
25957889, 7.2, 48, 《分歧者》三部曲
7161897, 6.4, 104, 龙族4
26786935, 8.4, 21, 盗贼联盟
26341534, 7.3, 42, 吹笛者与开膛手
25725674, 7.5, 36, 猎妖学堂1：妖灵时空
2004395, 8.2, 23, 夜夜春梦
26818782, 6.8, 63, 爵迹：雾雪零尘
24720111, 7.2, 43, 神秘岛/潘宫的秘密4
4297731, 7.5, 34, 猫町
6523880, 8.1, 23, 雷克里斯与幻镜石魔
1356910, 8.0, 24, 世界妖怪事典
26862572, 8.2, 20, 诗人和鲸鱼
26917251, 7.8, 25, 哈利・波特神奇动物解密宝典
4719395, 7.2, 36, 付噬癯鲎庵校
26898910, 9.8, 10, 塔希里亚故事集Ⅸ
25837941, 7.1, 38, 唐朝诡事录2
25817159, 6.4, 72, 夜晚马戏团
25834089, 6.8, 48, 白夜灵异事件簿3
26881696, 7.7, 24, 古文物专家的鬼故事
20003448, 6.8, 42, 魔法师
26358901, 7.3, 28, 忘尘阁2玲珑心
26916993, 8.0, 18, 怪屋女孩3：灵魂博物馆
26824352, 6.5, 53, 爵迹：永生之海
26451335, 7.6, 22, 法外之徒
26824306, 7.5, 23, 被删除的人
25919828, 7.7, 20, 歌门鬼城四部曲套装
24389756, 8.1, 16, 帕迪多街站
26267048, 8.1, 16, 记忆传授人
25985977, 7.2, 27, 阿瑟・梅琴奇幻惊悚故事集
26606988, 7.5, 22, 阿黛拉的非凡冒险 1
26286399, 8.2, 15, 古代志怪小说鉴赏辞典
24859376, 7.7, 19, 纯净
26616769, 7.7, 19, 阿瓦隆迷雾 3：鹿王
26430276, 7.0, 28, 阿瓦隆迷雾 2：卡米洛王后
26589197, 8.0, 15, 荆棘王子
26642040, 6.7, 32, 刺客信条：启示录
1339785, 8.0, 14, 幻想的地IW
26683024, 8.1, 13, 环游精灵国度的女孩
26415590, 6.4, 38, 韩国异闻录
26673852, 6.8, 27, 刺客信条：兄弟会
26704111, 7.6, 16, 阿瓦隆迷雾4：橡树之囚
25733653, 5.1, 209, 大主宰1
1416363, 7.0, 21, 耗事典《Dictionary of Demons and Devils》
25944664, 6.7, 26, The Bone Clocks
25954780, 7.2, 18, 长夜幻歌
1426312, 7.6, 14, 教你如何“混饭吃”
26869980, 7.2, 17, 镜花物语
1855704, 7.2, 16, Something Wicked This Way Comes
26021870, 7.3, 15, 鬼马女神捕1・绝密卧底（上）
10542033, 7.4, 14, 藏地密a第二季 2: 雀母王城
24680771, 7.1, 16, 迷m
26358363, 7.5, 11, Uprooted
10739049, 6.7, 17, 龙族-5
10542031, 7.2, 12, 藏地密a第二季 1: ^粜M毒
26729926, 6.9, 14, 异乡人2
20470516, 7.3, 11, BloodxBlood・番外篇・暗夜的微火
26896735, 7.3, 11, 饕餮记2
17647718, 7.4, 10, Hollow City
