2017-01-23 16:17:59
Tag: 安妮宝贝
The number of books: 215 

ID, rating, votes, title
1084336, 9.0, 211603, 小王子
1008145, 8.9, 179736, 围城
1082154, 9.1, 120204, 活着
1200840, 9.0, 93907, 平凡的世界（全三部）
10554308, 9.2, 58836, 白夜行
20427187, 8.8, 108686, 看见
1361264, 9.0, 53521, 撒哈拉的故事
1017143, 8.5, 130033, 不能承受的生命之轻
1060068, 9.2, 36371, 撒哈拉的故事
1141406, 8.5, 101726, 简爱
1949338, 8.9, 39233, 明朝那些事儿（贰）
1040771, 8.2, 123360, 达・芬奇密码
5414391, 9.0, 28881, 寻路中国
1046265, 8.0, 178791, 挪威的森林
1066462, 8.4, 69215, 向左走・向右走
1080370, 8.6, 45094, 情书
1461903, 8.0, 114210, 何以笙箫默
1085799, 8.6, 35287, 白鹿原
2070844, 8.8, 25081, 梦里花落知多少
1400705, 8.1, 79083, 情人
1064275, 8.3, 50323, 老人与海
2159042, 8.4, 38972, 挪威的森林
1529893, 8.0, 76602, 莲花
2022979, 8.1, 41237, 喜宝
2067299, 8.8, 12471, 我的路4
1440589, 8.7, 14195, 浪客剑心
3054821, 9.2, 6668, 渴望生活
1963310, 8.2, 29817, 大地之灯
1958227, 8.2, 25332, 那些年，我们一起追的女孩
1030052, 7.9, 44452, 清醒纪
1762869, 8.9, 8210, 如彗星划过夜空
1962929, 8.0, 35192, 佳期如梦
1077528, 8.9, 8066, 通往奴役之路
1065970, 7.8, 47965, 彼岸花
2250587, 7.6, 67374, 一个人的好天气
1794620, 7.8, 43144, 芒果街上的小屋
1465324, 7.7, 51323, 洛丽塔
1063190, 8.0, 27055, 蔷薇岛屿
1039752, 7.8, 39411, 且听风吟
1026425, 7.4, 93042, 三重门
1016300, 7.2, 142940, 梦里花落知多少
1041128, 8.5, 10741, 天蓝色的彼岸
2180619, 8.0, 23363, 偷书贼
3162513, 8.5, 9942, 魍魉之匣（上）
2339950, 7.8, 32377, 被窝是青春的坟墓
2158684, 9.0, 4736, 象棋的故事
1018153, 7.8, 30420, 水仙已乘鲤鱼去
1058234, 7.7, 35284, 二三事
2363651, 8.2, 13374, 十四堂人生创意课
2082194, 8.2, 12957, 小时候
1029159, 7.5, 47372, 八月未央
1013419, 8.8, 4707, 张爱玲全集1：长篇小说・半生缘
1024217, 7.4, 51656, 第一次的亲密接触
2042063, 8.4, 7959, 伊斯坦布尔
2114580, 8.8, 4425, 听雪楼系列典藏版（全三册）
1016523, 7.5, 36702, 告别薇安
25747921, 7.2, 68352, 从你的全世界路过
3566368, 8.3, 7956, 空谷幽兰
2061644, 8.2, 8591, 伤心咖啡馆之歌
1949068, 8.4, 5989, 最好的时光
1856285, 7.3, 41290, 人生若只如初见
1470158, 8.0, 10225, 圆舞
1006004, 7.5, 25008, 樱桃之远
24753751, 8.1, 8426, 向前一步
1382829, 8.6, 3885, f水千山走遍
1914572, 7.6, 18790, 誓鸟
1180106, 9.3, 1600, 恐怖宠物店(3)
1393447, 9.1, 1755, 忧郁的热带
1452923, 8.0, 7319, 九州・斛珠夫人
3266968, 7.3, 26354, 秘密
1358416, 7.8, 9841, 1.2.3.木^人
1006073, 7.6, 13031, 七月与安生
1705507, 8.0, 6488, 胭脂扣
1489494, 8.5, 3121, 人与永恒
2977174, 7.8, 8136, N.世界
3033690, 8.0, 5710, 24重人格
1015403, 7.7, 9024, 今生今世
1008093, 8.5, 2648, 苏菲的世界
3224818, 8.5, 2284, 安妮宝贝系列
3191328, 6.7, 58352, 小时代1.0折纸时代
1205373, 7.8, 5732, 苔丝
20413794, 7.7, 6694, 眠空
1012802, 7.2, 16808, 十爱
3290010, 7.0, 25306, 澜本嫁衣
2032666, 7.6, 7373, 零下一度
3176766, 7.6, 6820, 三个 A Cup 的女人
2973589, 7.5, 7676, 少年残像
1793721, 7.9, 3823, 琴声如诉
1944205, 8.9, 971, 追寻记忆的痕迹
1087145, 7.7, 4414, 瞬间空白
1456597, 7.5, 6170, 她的二三事
2244170, 7.7, 4353, 电光幻影
1082172, 7.6, 4977, 蝴蝶过期居留
2268080, 8.1, 2313, 素年锦时之月棠记
6710720, 7.0, 14360, 春宴
1485480, 8.0, 2495, 太和舞
2147647, 7.9, 2867, 物质生活
1062326, 6.9, 17473, 爱尔兰咖啡
2924564, 7.9, 2807, 彼岸花
1078566, 7.6, 4308, 桃之夭夭
1353132, 8.6, 992, 沉默。暗　Ｎ⑿　
1080812, 7.1, 9261, 红鞋
25898124, 7.6, 3782, 得未曾有
1072767, 9.1, 581, 宇宙
1980585, 7.6, 3672, 寒武纪
1793793, 9.3, 453, Thinking Architecture
20413880, 8.1, 1667, 古书之美
3390170, 7.9, 2154, 圣诞奇案
1041550, 6.7, 19255, 爱与痛的边缘
25798977, 7.4, 3873, 去你家玩好吗
1264253, 9.1, 450, 少女安妮
1451453, 9.1, 436, 女大学生安妮
6753739, 7.7, 2223, 大方 No.2
5986107, 7.1, 5547, 大方 No.1
3276786, 7.7, 2002, 爱尔兰咖啡
3521168, 7.0, 6098, 谢谢你离开我
3623125, 8.1, 1094, 花与爱丽丝
1046619, 9.1, 370, 风吹白杨的安妮
1316611, 8.5, 658, 沉默。暗　Ｎ⑿　
1793718, 7.6, 2065, 爱
3667783, 6.9, 6840, 月
2241214, 8.7, 522, 味至浓时即家乡
1036793, 8.0, 1083, 杜拉斯传
1036290, 6.7, 9253, 校服的裙摆
26785701, 7.5, 2112, 月童度河
3239048, 7.2, 3378, 相亲以后
1072239, 8.3, 675, 和尚与哲学家
2311695, 7.2, 3038, 岛（Vol.09）
1790759, 7.4, 1763, 无爱不欢
4199677, 7.6, 1181, 安妮宝贝  彼岸花
2030664, 6.7, 5320, 我的千岁寒
1861325, 8.1, 562, 图解西藏生死书
2377537, 8.3, 445, 活着，为了什么？
24297906, 6.7, 4438, 不畏将来 不念过去
24860561, 7.4, 1262, 且以永日
14449069, 8.0, 567, 春在绿芜中
1393907, 8.6, 298, P眉女子
2003634, 7.5, 1008, 情人杜拉斯
2081758, 7.2, 1541, 最小说(2007.06 第八辑)
2115041, 6.9, 2483, 邻居太太的情人
2149710, 7.4, 942, 再见了，马拉卡纳
1426817, 8.3, 322, 陌生人日记
4585039, 7.4, 928, 请继续，爱我到时光尽头
2063076, 8.0, 413, 跟踪8
3858167, 7.2, 1007, 要有多勇敢，才能念念不忘
1094500, 7.8, 445, 一种浸染
2137632, 8.9, 148, 天堂之鸟
1223927, 8.0, 296, 空谷幽兰
2360801, 8.2, 241, 花
1477146, 8.7, 146, 豺狼的日子
1420663, 8.8, 131, 艾米莉的诗样年华
20549889, 7.0, 920, 厨房里的哲学家
1444157, 7.2, 646, 几乎成了英雄
2970301, 8.7, 130, 生活禅钥
3176268, 6.3, 2442, 七喜
1420664, 8.6, 117, 艾米莉之恋
2053333, 7.4, 370, 女友杜拉斯
3517509, 8.9, 81, 梦中小屋的安妮
4280334, 8.9, 81, 有一天
24226730, 7.9, 163, 人生在世便是相逢
25806128, 8.2, 118, 安妮宝贝文集
26900050, 7.6, 195, 仍然
1784129, 7.8, 152, 赤道往北21度
4726734, 7.7, 158, 白雪晶晶
20515281, 7.8, 138, 文艺风赏・第一日
2003114, 7.7, 135, 十年之爱
2323644, 8.8, 57, 爷爷再次被埋葬
3517498, 8.9, 52, 壁炉山庄的安妮
2979831, 7.1, 235, 锦地繁花
10537434, 7.1, 210, 八行书
3517510, 8.9, 43, 彩虹幽谷
4079113, 8.6, 50, 花季的安妮
3812447, 7.0, 200, 书名
3177616, 8.5, 53, 石之花(01)
4079116, 9.0, 39, 小岛上的安妮
1078790, 6.9, 175, 黑色唱片
1448477, 6.4, 328, 日本简史
25942255, 7.9, 62, 莲花
1874697, 8.6, 38, 安妮・雪莉
3181268, 8.4, 41, 茶花女
1084090, 8.2, 42, 蒋梦麟自传
3517506, 8.4, 34, 女大学生安妮
3508103, 6.3, 231, 半糖主义
1828772, 6.1, 289, 青春电影志
2243419, 5.7, 585, 空事
11599188, 7.6, 52, 安妮宝贝小说集
3327047, 5.6, 583, 选择之道
1791786, 7.1, 65, 书城2006年6月号
6963464, 6.9, 73, 春宴
2133848, 8.5, 22, Getting To Maybe
2226278, 7.4, 41, 宗教的起源与发展
25960125, 6.8, 49, 告别薇安
1046083, 6.5, 62, 情定落日桥
2269104, 5.6, 183, 金缺玉
1385988, 7.8, 21, 失落的指纹
26411182, 7.6, 22, 眠空
26411185, 7.5, 22, 清醒纪
26862227, 6.8, 33, 告别薇安
25960126, 7.3, 22, 彼岸花
26411187, 7.4, 20, 素年锦时
4304560, 7.7, 16, 绿色屋顶之家的安妮-安妮的世界系列-1
26412773, 7.0, 23, 告别薇安
26679553, 7.2, 20, 蔷薇岛屿
26411188, 7.5, 14, 蔷薇岛屿
6885912, 7.6, 13, lFs旦
1935250, 7.7, 12, 空山灵雨-竺子与33座名山的对话
26411186, 7.4, 13, 春宴
1071927, 7.1, 15, 2000中国年度最佳网络文学
1941639, 7.3, 13, 大智度论的故事
3112013, 7.3, 13, さよなら、ビビアン
23860355, 7.0, 15, 安妮宝贝作品集
26411180, 6.2, 25, 八月未央
1182461, 7.4, 11, 重塑完美自我
6518238, 7.3, 11, 安维利镇的安妮
2160952, 2.3, 153, 让孩子告别网瘾
