2017-01-23 16:17:59
Tag: 宗教
The number of books: 958 

ID, rating, votes, title
1040771, 8.2, 123360, 达・芬奇密码
1082334, 8.3, 64802, 穆斯林的葬礼
1803022, 9.0, 12739, 圣经
3406401, 9.0, 11010, 悉达多
1856494, 9.3, 6360, 卡拉马佐夫兄弟
1963912, 8.8, 12260, 正见
1228110, 8.2, 24808, 天使与魔鬼
2076623, 9.5, 2990, 金刚经
1409704, 8.9, 5773, 金刚经说什么
5990251, 8.5, 8518, 西藏生死书
3566368, 8.3, 7956, 空谷幽兰
3836566, 8.5, 5254, 玫瑰的名字
4242406, 8.5, 5104, 达芬奇密码
4843456, 9.4, 1565, 金刚经・心经
5332713, 9.0, 2453, 人间是剧场
2381748, 9.1, 2159, 金刚经 心经 坛经
4171951, 7.5, 24782, 失落的秘符
1433411, 8.8, 3036, 新教伦理与资本主义精神
3834938, 8.3, 5646, 与神对话（第一卷）
2083981, 8.7, 3157, 了凡四训
1840859, 9.6, 1115, 心经
1812011, 9.0, 2026, 佛教的见地与修道
1055234, 8.5, 3518, 神曲（全三册）
5290370, 8.6, 3005, 禅的行囊
2066374, 9.1, 1629, 返璞归真
2201813, 7.5, 16412, 藏地密码1
3842847, 8.6, 2707, 深河
1482625, 8.8, 1719, 德兰修女传
1626532, 9.5, 811, 地藏菩萨本愿经
3124547, 7.7, 7993, 藏地密码2
1060531, 8.5, 2398, 忏悔录
3147450, 7.8, 6552, 藏地密码3
5026743, 8.0, 4431, 藏地密码9
1465543, 8.8, 1523, 异端的权利
3321602, 7.9, 5108, 藏地密码5
1608873, 9.2, 969, 山海
3241893, 7.8, 5867, 藏地密码4
1841625, 8.9, 1312, 标竿人生
3042785, 8.7, 1652, 学佛三书（共3册）
2122992, 9.0, 1164, 故道白云
3610094, 7.8, 4996, 藏地密码6
3733083, 8.8, 1285, 你往何处去
3866885, 8.5, 1798, 沉默
3787012, 7.8, 4729, 藏地密码7
1448820, 9.7, 501, 大佛顶首楞严经
2213463, 8.7, 1282, 拯救与逍遥
1048692, 8.8, 1101, 六祖坛经
1254278, 8.7, 1131, 思想录
4853091, 7.8, 3698, 藏地密码8
3783412, 8.8, 941, 圣殿春秋（下）
6856422, 9.1, 661, }☆哥 01
1945160, 8.4, 1406, 游子吟
3873355, 7.4, 6172, 仓央嘉措诗传
4843462, 9.5, 450, 楞严经
5450660, 8.7, 977, 次第花开
3069690, 8.5, 1214, 人生的起点和终站
6026287, 7.6, 4239, 藏地密码10
1038746, 8.6, 1077, 佛教常识答问
4294353, 9.2, 569, 净空法师讲《了凡四训》
4843444, 9.4, 473, 维摩诘经
25978763, 8.8, 849, 僧侣与哲学家
3649304, 8.9, 753, 无语问上帝
1070820, 8.7, 926, 上帝与新物理学
25756947, 7.4, 5581, 地狱
2568268, 8.9, 737, 四种爱
25928708, 8.6, 1015, 佛祖都说了些什么?
3306209, 8.5, 1121, 雪域求法记
3024802, 9.3, 485, 在路上――中国的天主教
1018714, 8.9, 708, 创世记
4898627, 8.3, 1391, 禅者的初心
4843454, 9.2, 519, 坛经
10594802, 8.0, 1901, 写给无神论者
1016033, 9.1, 518, 圆觉经略说
1056917, 8.8, 696, 十诫
1603984, 8.1, 1553, 希腊神话故事
1057879, 9.1, 503, 荒漠甘泉(附黑门山路)
3007708, 9.2, 454, 六祖坛经
1780032, 8.3, 1167, 六世达赖仓央嘉措情歌及秘史
5364104, 8.7, 731, 朝圣
4884858, 9.4, 371, 魔鬼家书
1000804, 9.1, 485, 楞严大义今释
1865891, 7.8, 2205, 神了
3875610, 8.9, 584, 内观
4812799, 9.1, 478, 认识佛教
2999785, 8.6, 783, 塔木德
3172450, 8.5, 837, 佛学入门
4282086, 8.0, 1528, 伊斯坦布尔的幸福
1795374, 8.0, 1487, 莲花次第开放
4874162, 8.3, 988, 与神对话（第二卷）
1319893, 8.1, 1256, 当和尚遇到钻石
1045248, 8.9, 514, 如何修证佛法
5383915, 7.7, 2167, 只为途中与你相见
4843458, 8.9, 506, 四十二章经
4122992, 8.6, 680, 人生的三路向
1967819, 8.6, 656, 李叔同解经
1870212, 9.0, 439, 宗教生活的基本形式
1028052, 7.9, 1515, 李叔同说佛
1132722, 9.2, 365, 南怀瑾选集（第8卷）
4202352, 9.3, 327, 基督教要义
25986748, 8.6, 635, 我的应许之地
4812798, 9.5, 272, 地藏菩萨本愿经
4830829, 9.2, 349, 根道果
26827590, 8.9, 459, 八万四千问
19963287, 9.0, 413, 诸神的面具
1982025, 8.5, 681, 宽宽信箱与出埃及记
1055199, 8.3, 840, 万里无云
5282139, 9.4, 287, 维摩诘的花雨满天（上）
21324451, 8.9, 440, 不是为了快乐
2116107, 8.8, 484, 藏传佛教象征符号与器物图解
1059716, 8.6, 590, 水乳大地
1051659, 8.9, 434, 我与你
1051931, 8.9, 423, 西藏度亡经
1019308, 8.1, 985, 圣经的故事
1055906, 7.7, 1645, 禅是一枝花
2256361, 8.8, 448, 箭术与禅心
1400888, 8.4, 676, 法律与宗教
1025989, 8.9, 405, 中国佛学源流略讲
3757530, 8.7, 488, 空了
2240928, 8.7, 485, 当生命陷落时
1019232, 9.1, 332, 五灯会元（全三册）
1076067, 9.5, 237, 妙法莲华经
1021529, 8.9, 392, 重负与神恩
2306659, 9.0, 357, 道德经心释（上下）
23316673, 7.7, 1537, 知日・日本禅
1310155, 8.1, 894, 莱博维茨的赞歌
2066232, 8.8, 420, 痛苦的奥秘
1075729, 8.8, 417, 药师经的济世观
5363118, 9.6, 210, 慧灯之光（全6册）
4843463, 9.0, 344, 圆觉经
21363236, 8.8, 409, 寻找?苏慧廉
6010792, 8.5, 551, 与神对话（第三卷）
3012903, 9.0, 337, 关于这颗心
4833802, 8.9, 365, 薄伽梵歌
26303520, 9.0, 332, 婚姻的意义
1400697, 8.0, 942, 古兰经
1160733, 8.4, 586, 静坐修道与长生不老
6079385, 9.3, 250, 耶稣真貌
25774978, 8.7, 425, 眼泪与圣徒
1754852, 9.5, 211, JR神
1925865, 9.1, 291, 摩西五
4726852, 8.5, 507, 正念的奇迹
10801462, 7.7, 1310, 苦才是人生
23780225, 8.8, 368, 能断
5366471, 9.2, 258, 佛教十三经
3079768, 8.1, 752, 我们与这个世界的误会
2367799, 8.7, 394, 莲心禅韵
10537633, 8.2, 662, 克苏鲁神话
1315188, 9.0, 293, 印度佛学源流略讲
3358570, 8.5, 464, 你可以不怕死
4044062, 8.5, 462, 学佛群疑
3109123, 8.3, 560, 圣经故事
7174792, 8.5, 448, 千面英雄
1070274, 8.5, 445, 人的宗教(修订版)
3041474, 8.7, 359, 裸颜
2324913, 9.4, 197, 佛陀的⑹
20516441, 8.9, 293, 美术、神话与祭祀
4880885, 7.6, 1241, 仓央嘉措
3826301, 9.0, 266, 地藏经?药师经
1736919, 9.3, 207, 印度古代史诗摩诃婆罗多.全译本(1-6卷)
3191679, 8.3, 519, 八戒说禅
2138608, 8.7, 345, 中国社会中的宗教
19989305, 8.4, 460, 做才是得到
1078516, 7.9, 795, 心灵史
4233385, 7.7, 1015, 海上大教堂
4133007, 7.4, 1541, 一只牡羊的金刚经笔记
1052027, 8.2, 546, 禅宗与道家
4835563, 8.8, 299, 奥义书
2024220, 8.2, 537, 从异教徒到基督徒
1366878, 9.3, 192, 与神对话
1051715, 8.1, 582, 道家、密宗与东方神秘学
3183283, 8.5, 377, 无常
1958486, 9.2, 202, 自由的迷思
26732624, 8.3, 460, 精神病患
1861325, 8.1, 562, 图解西藏生死书
2777035, 8.9, 254, 前车可鉴
4166880, 8.8, 275, 雪中足迹
2377537, 8.3, 445, 活着，为了什么？
3062634, 8.3, 443, 佛
4817590, 8.3, 426, 雪洞
5984387, 8.3, 422, 佛学概论
4132844, 9.0, 219, 心的经典
4123046, 8.9, 238, 禅修入门
4812801, 9.1, 200, 太上感应篇
2254616, 8.4, 375, 基督的最后诱惑
1035117, 8.8, 257, 定慧初修
1827054, 9.1, 196, 诺斯替宗教
1938320, 7.7, 808, 美国的本质
25849143, 8.9, 230, 佛陀
1029056, 9.0, 211, 高僧传
25955940, 8.6, 298, 透过佛法看世界
1176241, 9.2, 178, 宗教思想史
10449401, 9.3, 164, 现代性的神学起源
1476920, 9.1, 191, 五十奥义书
4260799, 9.2, 176, 灵魂幸存者
7001419, 9.4, 151, 突破修道上的唯物
1443662, 9.2, 175, 拒斥死亡
1879344, 8.8, 242, 精神分析与宗教
3109124, 8.2, 424, 圣经故事:新约篇(名画全彩版)
1391672, 9.1, 185, 罗马书释义
1756759, 8.8, 234, 佛陀的智慧
4912808, 9.0, 197, 新s
1255989, 9.2, 168, 化书
1077411, 7.3, 1276, 尼古拉的遗嘱
2382432, 8.5, 297, 佛泽：影像中国佛学文化
2271287, 8.4, 327, 释迦牟尼佛传
1280205, 8.8, 226, 宗教经验种种
10539120, 8.4, 326, 寂静之道
4881692, 9.0, 190, 了凡四训讲记
2280575, 8.6, 265, 大唐西域记
1789108, 9.3, 149, 发现心中的日月
11597305, 8.7, 238, 《敌基督者》讲稿
4884848, 8.1, 419, 发现教堂的艺术
2046136, 7.6, 753, 圣经故事
1075311, 8.5, 278, 科学史及其与哲学和宗教的关系
1228335, 9.4, 132, 米拉日巴大师集（上中下）
1011256, 9.0, 178, 汉魏两晋南北朝佛教史
1784339, 8.8, 209, 诸神之死
2286166, 8.9, 191, 大师在喜马拉雅山
1065088, 9.0, 176, 楞伽大义今释
1434346, 8.1, 404, 儒教与道教
6527144, 8.8, 207, 狱中书简
3235149, 9.0, 172, 六祖坛经讲话
2037987, 8.2, 353, 摩诃婆罗多的故事
1960038, 9.0, 171, 诸神的复活
1253713, 8.7, 219, 基督教神学思想史
1431735, 8.9, 185, 神圣与世俗
4841506, 8.5, 260, 忏悔录
1783986, 8.4, 282, 仪式过程
6725979, 8.3, 310, 思辨的禅趣
1054275, 8.7, 214, 在期待之中
10743004, 8.8, 195, 心经解读
4199629, 7.2, 1172, 棚屋
1017084, 8.6, 231, 禅海蠡测
3267933, 8.5, 249, 古代艺术与仪式
4753726, 8.9, 176, 宗教与科学
1116336, 8.5, 248, 佛教逻辑
1127363, 9.2, 139, 影尘回忆录
4826395, 8.4, 270, 巫士唐望的教诲
1072989, 9.0, 159, 薄伽梵歌论
1658437, 9.0, 158, 作门徒的代价
1982432, 9.0, 158, 新铁证待判
1155817, 8.2, 319, 基督教概论
2057229, 9.4, 117, 大方广佛华严经
6967540, 9.4, 117, 《加拉太书》注释
2048022, 8.5, 239, 图解金刚经
1058767, 9.0, 156, 活着就是爱
1979209, 8.6, 217, 上帝之城（上下）
1891759, 8.6, 216, 两头蛇
25741377, 9.6, 101, 圣洁
26700104, 8.5, 232, 穿越百年中东
4046059, 8.7, 194, 神曲3
1007492, 9.0, 152, 在约伯的天平上
1274326, 8.8, 178, 佛法概论
1169157, 9.0, 151, 大乘起信论校释
1315211, 8.9, 163, 论三位一体
3146377, 8.3, 274, 阿拉伯通史(第十版)(上下册)
1049944, 8.4, 243, 汉化佛教与佛寺
1443361, 8.7, 186, 圣经导读（上）
3066678, 8.3, 265, 花出青嶂
1245505, 8.5, 220, 自然宗教对话录
25894316, 9.2, 125, 有求
1037937, 8.3, 264, 圣经故事
4842456, 8.8, 169, 禅心三无
1799933, 8.4, 239, 所罗门的智慧
5937121, 8.3, 262, 为什么我不是基督教徒
1410351, 8.2, 288, 三生石上旧精魂
5404240, 8.9, 153, 无我的智慧
1467127, 8.3, 256, 走向十字架上的真
1451267, 8.7, 179, 韦伯作品集(Ⅷ):宗教社会学
1047120, 8.3, 253, 神学政治论
2044433, 9.6, 91, 清净道论
3236653, 8.7, 175, 金刚经讲话
1261542, 8.3, 249, 基督教会史
20440204, 9.4, 102, 宗教情感
3571559, 7.5, 589, 驱魔人
1468201, 9.6, 89, 瑜伽师地论
3823078, 8.1, 296, 中国历史中的佛教
10786466, 7.3, 757, 不负如来不负卿・蓝莲花
4880993, 7.9, 361, 佛像的历史
1085245, 8.1, 290, 天路历程
1434309, 8.3, 238, 佛教征服中国
1961637, 7.6, 501, 佛教十五题
1996620, 8.6, 179, 论宗教大法官的传说
5373892, 8.2, 257, 宗教的本质
3361052, 8.2, 255, 终极之问
19987171, 7.1, 953, 最后一个道士1
1351217, 9.2, 111, X醒的勇狻栋⒌{之修心七要》
1080067, 8.3, 230, 中国佛教发展史略
4843449, 8.7, 161, 无量寿经
25827006, 8.7, 161, 大地清凉
1084622, 9.1, 118, 圣经故事多雷版画插图集
1053709, 8.3, 227, 禅宗与精神分析
1902632, 8.1, 275, 禅里禅外悟人生
3928558, 8.7, 159, 宁静的森林水池
6397251, 8.7, 159, 回到正统
3722951, 8.8, 146, 教会史
11498624, 9.1, 116, 心湖上的倒影
26699810, 7.8, 370, 易中天中华史：禅宗兴起
26266755, 8.1, 267, 塔利班
10573947, 9.4, 93, 无死的金刚心
3628681, 8.5, 183, 禅的体验
1255977, 8.8, 142, 童蒙止观校释
6429701, 9.4, 92, 我们合理的信仰
1536540, 8.1, 262, 论宗教宽容
1007998, 8.2, 237, 唐卡的故事(全彩插图珍藏本)
2362932, 9.5, 85, 楞严经
1310187, 8.8, 136, 超越东西方
3079907, 8.7, 145, 智慧
3082201, 9.6, 77, 大智度论
2134786, 9.1, 107, 觉悟之道
20273641, 9.1, 107, 狂热的爱
1439855, 8.5, 170, 基督教的兴起
1420745, 8.9, 123, 西方宗教文化
1512933, 8.2, 222, 基督教的本质
1019400, 9.2, 99, 成唯识论校释
1911288, 9.1, 106, 爱心中爆发的智慧
1019076, 9.0, 113, 旷野呼告 无根据颂
25876615, 8.4, 182, 信徒的国度
1959107, 7.8, 325, 走进一座大教堂
17112374, 8.9, 119, Life of Pi 少年派的奇幻漂流
6784027, 8.4, 177, 金花的秘密
1096776, 9.1, 102, 印光法师文钞 上中下
2063619, 8.8, 126, 历史的轨迹-二千年教会史
2374344, 9.6, 73, 掌中解
3733883, 9.5, 77, 大佛顶首楞严经浅释
4850804, 8.3, 187, 禅与生活
1940983, 8.4, 171, 禅学入门
1085567, 8.0, 248, 罗摩衍那
22166524, 9.5, 76, 圣徒永恒的安息
26315455, 7.9, 273, 心之道
3994012, 9.3, 86, 入中论讲记
26262128, 8.9, 113, 圣巴托罗缪大屠杀
2984358, 9.2, 90, 新唯识论
1765583, 8.9, 111, 俄耳甫斯教祷歌
6018571, 9.3, 84, 轮回是战场，菩萨是勇敢的战士
4231733, 8.5, 151, 论自由意志
1866401, 8.0, 238, 西藏与西藏人
6894125, 8.4, 164, 回家之旅
1022725, 8.9, 110, 马丁・路德文选
1084222, 8.0, 236, 圣灵降临的叙事
4836523, 8.3, 177, 印度神话
1692109, 7.9, 257, 禅外说禅
6528785, 9.1, 93, 终止你内心的暴力
3140671, 8.4, 159, 伏藏
1931794, 9.4, 76, 安士全书
1073843, 8.9, 106, 雅典与耶路撒冷
7014878, 9.1, 92, 基督徒的生活
1315257, 8.7, 123, 中国佛教史籍概论
1277286, 8.4, 156, 中东
4126251, 9.1, 91, 八正道
1134133, 9.2, 85, 米拉日巴传
24748675, 8.0, 223, 错引耶稣
1963483, 8.1, 202, 季羡林谈佛
2240291, 8.3, 168, 秘苑玫瑰
1059717, 9.1, 90, 论德国宗教和哲学的历史
1820965, 8.8, 111, 藏传佛教绘画史
4843441, 8.9, 103, 楞伽经
1151548, 9.2, 83, 笈七`（全五裕
2274770, 8.1, 195, 100名画《旧约》
6853465, 7.9, 237, 换心
6025826, 8.5, 137, 异教徒
1546323, 9.1, 87, 大慈恩寺三藏法师传 释迦方志
1491082, 7.2, 527, 一个瑜伽行者的自传
1949816, 8.6, 125, 印度佛教史
3464891, 8.3, 160, 西藏的睡梦瑜伽
1443359, 8.7, 115, 圣经导读（下）
26676586, 8.3, 159, 山丘上的修道院
25825210, 8.7, 114, 世界之灰
26281317, 8.2, 172, 群魔
3552733, 9.6, 62, 神W大全
1031145, 8.1, 185, 国王、贤臣和弄臣
2054122, 9.5, 65, The Gospel of the Flying Spaghetti Monster
1409944, 8.6, 120, 顾随说禅
2051819, 8.6, 120, 神义论
1775813, 8.4, 141, 存在的勇气
1261543, 8.3, 153, 旧约概论
1809674, 9.3, 73, 徐梵澄文集
20390893, 9.3, 73, 次第花开
1316620, 8.2, 167, 花香满径
1489489, 8.6, 119, 诗与宗教
2116814, 8.6, 119, 在上帝与牛顿之间
2003229, 8.1, 182, 禅与日本文化
4256701, 8.4, 139, 悲欣交集
3032911, 8.1, 181, 圣经的历史
1911293, 8.6, 116, 佛说四十二章经浅释
1011158, 8.7, 107, 小乘佛学
3174519, 8.8, 99, 神圣的存在
3881415, 9.4, 66, 一梦漫言
3258541, 9.3, 70, 经集
10605693, 9.0, 85, 入世的清教徒
1396726, 8.4, 133, 新约概论
4272325, 8.4, 133, 宗教学导论
3060497, 8.5, 121, 秘密
3732363, 8.8, 96, 论信望爱
3005084, 8.9, 89, 信心铭
1489578, 7.8, 225, 佛教史
25746662, 8.5, 119, 基督教与西方文化
4733982, 8.3, 139, 轴心时代
1021758, 9.2, 71, 杂阿含经
3446366, 8.1, 164, 尘世的惶恐与安慰
1054744, 8.4, 126, 亲吻神学
1055796, 7.4, 337, 女巫
2327357, 9.1, 75, 博伽梵歌原意
4987161, 8.8, 92, 中国佛教石窟寺遗迹
6052092, 9.5, 58, 清教徒的脚踪
2219582, 9.0, 79, 佛家名相通释
24897425, 8.4, 123, 佛学概论
1011746, 7.9, 192, 基督徒的激情
1811550, 9.3, 65, 金刚经讲义/中国近现代佛学大师著述系列
4832192, 7.9, 190, 上帝的迷思
4202361, 8.6, 104, 耶稣传
1048147, 8.3, 132, 反基督
1039339, 8.0, 172, 摩西与一神教--现代西方学术文库
1912589, 9.0, 77, 古希伯来语教程（1、2）
3643702, 8.3, 130, 作樯的妻子：我和邱巴的人生
3552534, 8.8, 88, 宗教改革运动思潮
1144730, 9.0, 76, 摩诃婆罗多--毗湿摩篇
1004015, 8.3, 128, 百喻经译注
23313881, 7.7, 224, 走近藏传佛教
1188720, 7.8, 201, 基督教对文明的影响
23788417, 8.3, 127, 铃木大拙说禅
1853029, 9.2, 66, 道藏（1-36册）
1461344, 9.3, 62, 故道白云
2362929, 9.3, 62, 华严经
4193469, 8.3, 126, 以色列人
26388004, 8.7, 92, 思辨的禅趣
3101200, 8.0, 163, 玉历宝钞
6440652, 8.8, 85, 六祖讲金刚经
1971644, 9.0, 74, 与神同在
5214625, 9.2, 65, 中观今论
21716159, 8.7, 91, 心灵秩序与世界历史
4879642, 8.9, 79, 大师读心经
3043943, 9.3, 61, 上帝之城：驳异教徒（中）
1245515, 9.1, 69, 神圣人生论（全两册）
3144817, 8.5, 105, 基督教思想史
1017328, 8.7, 90, 大乘佛学
3114492, 9.0, 73, 灵知派经典
1493168, 8.2, 133, 韦伯作品集X：印度的宗教――印度教与佛教
5423786, 8.5, 104, 殉道史
12011617, 8.6, 96, 观音
1315251, 8.3, 121, 藏族宗教史之实地研究
1007471, 7.8, 189, 宗教学是什么
2969365, 8.4, 110, 七重山
10944735, 9.3, 59, 团契生活
20470264, 8.9, 76, 佛教常识答问
1734349, 8.4, 109, 宗教的七种理论
4730228, 8.3, 118, 大地雅歌
4713759, 8.1, 139, 基督教史纲
1010119, 8.4, 108, 这是我的立场
1017779, 8.7, 86, 华严金师子章校释
2018399, 8.7, 86, 生与死
2116813, 9.0, 70, 在天国与尘世之间
1233381, 9.1, 65, 基督教导论
1012057, 8.9, 74, 喜马拉雅大成就者的故事
1899868, 9.2, 61, What the Buddha Taught
1833592, 8.5, 98, 宗教哲学
24226730, 7.9, 163, 人生在世便是相逢
1122557, 8.2, 124, 利玛窦中国札记
1063754, 8.0, 147, 屈服史及其他
2378182, 8.0, 147, 图解瑜伽经
1986943, 9.2, 60, 印度佛教史
5348108, 8.7, 83, 因是子佛学入门
1063896, 7.3, 301, 十字军东征DD以耶路撒冷之名
4772522, 8.2, 122, 隐士
1084508, 8.3, 112, 信仰的法则
4221368, 9.6, 47, 研读版圣经新译本
1742984, 8.5, 95, 反基督：彼得和阿列克塞
24745219, 7.4, 264, 心经随喜
10355142, 8.7, 82, 东正教圣像史
2062906, 9.4, 52, 道藏源流考
2341347, 8.6, 87, 神圣的帷幕
3391913, 8.6, 84, 增订本中国禅思想史
1536833, 9.6, 45, 龙树六论
1979226, 8.0, 136, 巫术的一般理论 献祭的性质与功能
1062018, 8.7, 78, 中国禅宗史
1898973, 9.3, 53, 藏密度亡：中教大解
1063761, 8.6, 83, 福音谷
25816059, 8.6, 83, 神文时代
1418821, 8.8, 72, 基督教会史
3931781, 9.9, 38, 王骧陆居士全集（上下）
10601568, 9.1, 59, 基督教神学导论
4265054, 8.6, 82, 西藏的寺与僧
2267363, 8.4, 95, 逻辑与罪
1358674, 8.5, 88, UWSP
3149553, 8.7, 76, 密宗百问
1624701, 9.0, 62, 明清四大高僧文集
3697475, 9.0, 62, 论道成肉身
1045834, 8.3, 102, 圣殿下的私语
3391977, 8.4, 94, 禅悦
1978591, 7.6, 189, 神之简史
5214629, 9.0, 61, 佛法概论
4848383, 7.3, 261, 谁为伊斯兰讲话
1439026, 7.2, 293, 埃及亡灵书
2042046, 8.7, 74, 麦芒上的圣言
20442309, 9.5, 45, 朋w源流
5297423, 8.4, 91, 佛学常识
3017592, 7.7, 167, 伊斯兰教
25892534, 8.3, 98, 女巫
1248417, 8.2, 106, 宗教的自然史
25748667, 8.4, 90, 圣战与文明
1593005, 7.6, 182, 道教史
3277725, 8.5, 83, 中世纪哲学精神
1000132, 9.2, 52, 古尊宿语录(上下册)
2064918, 8.2, 103, 西蒙娜・薇依早期作品选
1659785, 9.4, 46, 吕佛学论著选集 （全五裕
2988630, 8.9, 62, 古希腊罗马及教父时期名著名言辞典
1838801, 9.6, 41, 转识成智――贾题韬与佛学
1666270, 9.1, 54, 指月录（上下）
4864981, 8.4, 86, 西夏咒
4941751, 9.4, 45, 效法基督
1034689, 8.6, 74, 扎根
3269870, 8.3, 92, 奥义书
2136478, 8.5, 79, 佛陀和原始佛教思想
4830180, 8.4, 85, 特蕾莎修女传
1561304, 9.2, 50, 成唯识论直解
5214622, 9.2, 50, 般若经讲记
5945459, 9.1, 53, 大佛顶首楞严经浅释（全九册）
3208891, 8.6, 73, 李叔同集
3351025, 8.4, 84, 芒市边民的摆
5347807, 8.4, 84, 剩余的时间
6869786, 9.4, 44, 佛教眼中的神秘
26830154, 8.6, 72, 迷信与暴力
10426423, 7.9, 124, 佛陀的厨房
1585313, 9.5, 41, 藏传佛教寺院考古
1020905, 8.5, 76, 西藏的神灵和鬼怪
2310672, 7.7, 147, 诸神的起源
26700446, 9.1, 51, 古典的回声（二集）
1585298, 9.2, 48, 中国石窟寺研究
3059567, 9.0, 54, 肇校
3530925, 9.0, 54, 上帝之城：驳异教徒（下）
24871240, 9.0, 54, 安息日的真谛
1957092, 8.3, 87, 藏传佛教中观哲学
1888009, 8.0, 110, 中国大众宗教
1444035, 8.2, 93, 印度哲学概论
1058910, 9.2, 47, 明季滇黔佛教考（全二册）
2269232, 9.4, 42, 基督徒的自由
4733858, 8.7, 64, 宗教能否解除我们的困惑
1395564, 8.3, 85, 热什哈尔
10563589, 7.6, 156, 信与忘
3179399, 7.7, 140, 神国日本
1204507, 7.9, 116, 论宗教
5979211, 7.9, 116, 四大门
1088144, 8.6, 67, 诸神流窜
4171549, 9.5, 39, 虚云和尚全集（全9册）
4282065, 8.1, 97, 夭折的上帝
4154982, 7.4, 185, 隐僧
1042797, 7.9, 114, 荣格心理学与西藏佛教
1959853, 8.6, 66, 基督教神学原理
6861482, 8.6, 66, 哲学片段
2029303, 9.0, 51, 论马克安：陌生上帝的福音
4843450, 9.0, 51, 解深密经
1033413, 7.7, 136, 神的历史(修订版)
10539356, 8.1, 95, 我体验真理的故事
3027807, 8.5, 70, 禅门第一课
4824305, 8.2, 87, 日本的佛教与神o信仰
1721591, 8.5, 69, 宗教与资本主义的兴起
2301629, 8.8, 56, 弘一法师书信
3336908, 9.8, 32, 解深密经
2057245, 7.8, 118, 钱袋与永生
1251782, 8.7, 59, 原始宗教理论
1040646, 8.3, 78, 现代人与宗教
1886378, 8.2, 83, 印度哲学史略
25843053, 8.2, 83, 生命的真相
1009642, 8.6, 62, 宋高僧传(上下)
3373598, 8.6, 62, 明清江南农村社会与民间信仰
3675799, 9.0, 48, 古代教会史
2158216, 8.5, 66, 玄奘西游记
3574396, 8.2, 82, 犹太文化之旅
1313139, 7.3, 187, 剑桥插图伊斯兰世界史
1420304, 8.0, 96, 灵知主义与现代性
3037407, 8.6, 61, 希伯来文《圣经》语法教程
5945436, 8.1, 88, 美国宪法的基督教背景
6967324, 9.8, 31, 佛法修证心要（套装上下册）
3714661, 7.8, 113, 重回耶路撒冷
4922508, 8.2, 81, 简论上帝、人及其心灵健康
1450094, 9.2, 42, 路德文集
1077043, 8.1, 87, 基督教哲学1500年
2004341, 8.2, 80, 基列家书
6831136, 9.1, 44, 碧岩录
1268999, 9.5, 35, 法苑珠林校注（全六册）
3151937, 9.0, 46, 佛教心理学
4766325, 8.3, 73, 唐代佛教
1045329, 8.2, 78, 十字军东征图集
20429823, 8.2, 78, 从科学到神
3924299, 8.1, 84, 问道
4817398, 8.1, 84, 《旧约》中的民俗
5283656, 8.1, 84, 路德三檄文和宗教改革
5355296, 8.4, 67, 摩西的生平
1058376, 7.7, 117, 复乐园
2975884, 8.1, 83, 中古的佛教与社会
3179498, 9.0, 45, X悟勇士：香巴拉的智慧鞒
4141814, 8.7, 54, 论四福音的和谐
24888041, 9.4, 36, 敬虔与圣洁生活的严肃呼召
1561392, 9.2, 40, 协同书－路德教会信仰与教义之总集
3999497, 9.2, 40, 碧岩录
1165193, 8.1, 82, 大众塔木德
10451993, 8.1, 82, 说巫史传统
2029447, 8.9, 47, 戒律学纲要
1469819, 7.5, 138, 伊斯兰教史
3078206, 9.6, 32, 永明延寿禅师全书（全三册）
2095400, 9.2, 39, 宇宙cv史
20391339, 9.2, 39, 道德经注释
10797495, 8.4, 64, 六祖坛经解读
3082202, 9.4, 35, 大般涅经
1661167, 8.0, 86, 民间信仰与社会空间
1547449, 8.7, 52, 中国伊斯兰教派与门宦制度史略
1391312, 9.5, 33, 宗镜录
2135493, 8.5, 59, 韦伯作品集XI：古犹太教
1084629, 8.8, 48, 古希腊宗教的社会起源
3925873, 8.8, 48, 大乘百法明门论讲记
5269156, 8.7, 51, 道德・上帝与人
4842449, 7.6, 119, 灵验・磕头・传说
1265821, 7.7, 108, 变迁之神
1254437, 8.1, 77, 佛教基本知识
10607781, 8.5, 57, 耶稣也说禅
26722581, 9.1, 39, 基督教史
1134094, 8.1, 75, 阿拉伯─伊斯兰文化史（第一册）
1938846, 8.5, 56, 世界中的日本宗教
1029094, 8.3, 64, 梁漱溟先生论儒佛道
11442601, 8.8, 46, 中国大乘佛学
3095354, 7.5, 124, 圣血与圣杯
4272352, 8.0, 80, 宗教的起源与发展
3093316, 7.5, 123, 帝国的隐喻
2059038, 8.4, 59, 基督教思想文化的演进
2327851, 7.8, 93, 道与庶道
1261739, 9.2, 36, 基督教信念的知识地位
25793963, 9.1, 38, 印度生死书(四部奥义书义疏)
1882252, 8.8, 45, 人的本性与命运
1168959, 7.5, 121, 中国佛教史
10618512, 8.2, 67, 佛书料简
2302669, 7.8, 92, 与魔鬼的谈话
1129755, 8.4, 58, 中国与基督教
2078389, 8.4, 58, 隋唐佛教史稿
3105408, 8.6, 50, s格c密宗的29「X」
25663104, 7.8, 90, 一步一如来2：京都朝圣旅人书
1112144, 9.1, 37, 蒂里希选集（上下）
26791792, 9.5, 30, 敌基督者-对基督教的诅咒
1080372, 8.3, 60, 道德的人与不道德的社会
1082777, 8.3, 60, 当科学遇到宗教
2068750, 8.3, 60, 伦理学
5918324, 8.3, 60, 中国古代宗教与神话考
2048529, 7.7, 96, 追寻一己之福
6100918, 7.2, 156, 基督教神学
1321896, 7.3, 140, 魔鬼的历史
6387169, 7.0, 194, 犹太人与犹太教
4903505, 8.8, 43, 印度佛教思想史
7060546, 8.8, 43, 良心的自由
20282379, 8.8, 43, 沙漠教父言行录
1734211, 8.0, 74, 犍陀罗美术寻踪
1007744, 8.7, 45, 佛学研究十八篇
1393028, 8.7, 45, 人类的宗教
3446114, 8.1, 67, 特蕾莎修女
1102574, 8.2, 62, 中国佛教哲学要义（上下）
1816172, 9.8, 25, 敦煌变文选注（全二册）
1980859, 8.6, 47, 希腊宗教研究导论
3240679, 8.5, 50, 基督教思想史（共3册）
1790231, 8.1, 66, 巫术科学宗教与神话
4734079, 8.1, 66, 神仙传校释
1823132, 8.3, 57, 古代中国的历史、思想与宗教
4214978, 8.9, 39, 梵天佛地（全八册）
3162050, 7.6, 99, 自由的崛起
4040450, 9.2, 33, 圣灵论
2972146, 7.9, 76, 墓葬与生死
1165000, 8.0, 70, 简明犹太民族史
4941684, 9.3, 31, 古兰经注
1821146, 8.5, 49, 五灯会元
1270677, 8.4, 52, 宗教社会学
19899457, 7.8, 81, 对话稻盛和夫
22994123, 8.1, 64, 禅与生活
1545911, 8.0, 69, 中国佛教史(第一卷)
3115074, 8.4, 51, 密宗名相
1784886, 8.7, 42, 道藏提要
1064740, 7.8, 79, 信仰的力量
1056097, 8.3, 54, 一个乡村教士的日记
1133376, 8.9, 37, 迷途指津
1178209, 8.9, 37, 蒙古与教廷
4165859, 8.6, 44, 欧美佛教学术史
4814375, 8.8, 39, 中世纪教会史
10485840, 9.1, 33, 敬虔生活原理
1896545, 7.5, 101, 印度宗教哲学概论
3894821, 7.5, 101, 五千年犹太文明史
2076832, 7.7, 84, 国家与祭祀
1423223, 8.3, 53, 伊朗琐罗亚斯德教村落
5254286, 8.3, 53, 奇异恩典
4719016, 7.9, 71, 《梨俱吠陀》神曲选
4042701, 9.2, 31, H近迦牟尼佛：陌屠藏看佛陀的一生
10789691, 8.4, 49, 宋代的宗教、身分与司法
4830828, 7.6, 90, 上帝的语言
4291228, 8.9, 36, 自在之行
3411404, 8.1, 60, 《出埃及记》释义
1495244, 8.7, 40, 犹太教神秘主义主流
1275576, 7.9, 69, 幽灵的节日
3090933, 8.5, 45, 宗教与哲学的相遇
3663818, 9.5, 26, 印顺法师佛学著作全集
19995305, 9.5, 26, 释迦牟尼佛广传・白莲花论
26388575, 9.5, 26, 《马太福音》释经默想（莱尔四福音释经默想）（内部发行）
6857564, 9.2, 30, 佛教造像手印
3196874, 7.7, 80, 伊拉斯谟传
3993911, 8.8, 37, 改教家的神学思想
4866995, 9.4, 27, 佛性与般若（上、下）
3697489, 8.1, 58, 郊庙之外
1151098, 8.7, 39, 埃克哈特大师文集
1023624, 6.7, 222, 中国神仙排行榜
7564799, 8.6, 41, 马太福音
4036664, 8.1, 57, 犍陀罗
6711932, 8.8, 36, 罗马书注释
6998541, 9.7, 23, 金刚般若波罗蜜经集注
6827410, 8.9, 34, 路加福音
4814118, 9.2, 29, 印度佛教史
1314757, 7.5, 91, 西藏的文明
2139001, 8.7, 38, 俄罗斯精神巨匠长老西拉
1005003, 7.6, 80, 古希腊的神话与宗教
2006823, 8.6, 39, 因明纲要 因明学
6023531, 9.0, 31, The Religious Question in Modern China
2040610, 8.2, 50, 佛本生故事选
2080781, 8.2, 50, 希伯来与希腊思想比较
2112113, 8.0, 57, 玛斯纳维启示录
20375539, 9.1, 29, 又行扌
1590889, 8.8, 34, 中华道藏
3504892, 9.4, 25, 《中论》
1000628, 7.9, 61, 中国祆教艺术史研究
1015596, 8.4, 43, 基督教理论与现代
3344631, 7.6, 77, 论埃及神学与哲学
1135843, 9.0, 30, 圣学复苏精义（全二册）
1480608, 9.0, 30, 新编剑桥世界近代史（2）
20385695, 8.4, 42, 精神分析与佛学
1071690, 8.7, 35, 悟真篇浅解
1078685, 8.0, 55, 塔木德四讲
1547807, 8.6, 37, 古印度六派哲学经典
1116318, 7.8, 63, 英吉利教会史
3807973, 9.6, 22, 神操
1815806, 7.9, 58, 神道人心
26785472, 8.4, 41, 汉帝国的遗产
6811600, 9.0, 29, 五灯会元
26319029, 7.6, 73, 宗教美国，世俗欧洲？
1138432, 7.5, 79, 死海古卷
2369653, 8.8, 32, 禅与西方思想
1658249, 8.5, 38, 中国道教史(修订本全4卷)
3036938, 8.3, 43, 李提摩太在中国
20385103, 8.9, 30, 清教徒之约
2339783, 8.4, 40, 中国近世宗教伦理与商人精神
1228300, 8.0, 52, 印度神话
1253891, 8.0, 52, 教会法研究
26592275, 8.1, 48, 佛教对中国物质文化的影响
3214577, 8.7, 33, 我从西藏来
26221000, 8.7, 33, 山雨
4863652, 9.3, 24, 宗教改革（上下）
26280127, 9.3, 24, 哲学与宗教的永恒同盟
2270476, 9.1, 26, A Secular Age
3131878, 9.1, 26, 现代语境中的上帝观念
3229725, 8.4, 38, 圣经正典
1008759, 7.7, 62, 宗教裁判所：异端之锤
1255010, 8.8, 30, 觅人的上帝
4168704, 9.0, 27, 景德传灯录译注（全五册）
3026220, 7.1, 105, 印度教
1079831, 8.0, 49, 从利玛窦到汤若望
25788990, 8.5, 35, 来世之旅
6998536, 9.5, 21, 注维摩诘所说经
19975553, 8.2, 42, 疑之颂
1200956, 8.4, 37, 五山十刹图与南宋江南禅寺
5945435, 8.4, 37, 信仰与秩序
1596511, 9.2, 24, 波斯经典文库（全18册）
6891463, 8.7, 31, 贾题韬讲坛经
1058355, 8.3, 39, 爱的秩序
3769260, 9.1, 25, 系统神学
24851422, 9.1, 25, 金刚经讲义（上下卷）
1429215, 8.8, 29, 大唐西域求法高僧餍Ｗ
4191631, 8.2, 41, 中国的道教
1256587, 8.9, 27, 汤用彤全集(全7卷)
1272231, 7.4, 74, 禅宗与中国文化
3060686, 8.7, 30, 简明中国佛教史
1199678, 8.2, 40, 科学与宗教
1032343, 7.9, 49, 神秘神学
19897857, 8.4, 35, 神话研究（上）
1078174, 9.1, 24, 日本学者研究中国史论著选译 第七卷 思想宗教
6020999, 8.6, 31, 神格与地域
1391500, 8.1, 42, 宗教的意义与终结
1056851, 7.9, 48, 基督教神圣谱
1042996, 8.8, 27, 中国礼仪之争
1411340, 8.8, 27, 临济录
3803859, 8.8, 27, 官府、宗族与天主教
1035387, 8.6, 30, 宗教精神
3828275, 8.6, 30, 大公教的形成
6893324, 8.6, 30, 论宗教
25843244, 8.2, 38, 人生就是放下
4119499, 8.7, 28, 驱逐捣蛋者
25881603, 7.7, 53, 三千佛塔烟云下
1222947, 8.9, 25, 中世纪的心灵之旅
5950912, 8.9, 25, 哥林多书信
26307654, 8.2, 37, 人之废
1723562, 7.7, 52, 摩奴法典
10796984, 8.6, 29, 中古时代的礼仪、宗教与制度
1193667, 8.8, 26, 康德论上帝与宗教
4239048, 8.8, 26, 佛教与中国文学论稿
1332124, 8.1, 39, 今日的伊斯m：穆斯林世界д
11638368, 8.7, 27, 汉译巴利三藏.经藏-长部
20391389, 8.7, 27, t旗下的十字架
26844217, 8.2, 36, 仙与道:神仙信仰与道家修身
5341017, 8.5, 30, 创世六日
5988610, 9.1, 22, 但丁的圣约书
4160247, 9.2, 21, 藏传佛教造像
25851119, 9.0, 23, 今日如何读旧约：希伯来圣经导论
1017222, 6.6, 144, 宗教学基础十五讲
3207166, 7.9, 43, 从巫术到数术
1761889, 8.4, 31, 禅与中国
4882127, 8.0, 39, 阿维斯塔
19965201, 7.7, 48, 宗教简史
1981152, 9.1, 21, 马丁・路德的神学 The Theology of Martin Luther
25905723, 9.2, 20, 天主实义今注
1049996, 8.1, 36, 中国5-10世纪的寺院经济
2046190, 8.9, 23, Be Here Now
1255207, 8.4, 30, 道教史探源
6959769, 8.8, 24, 今日如何读新约
20275733, 6.7, 117, 天使学
24699232, 8.2, 33, 论存在者与本质
3001432, 8.4, 29, 道教（第一卷）
4047676, 8.4, 29, 礼仪的交织
19955666, 8.4, 29, 圣彼得大教堂
2253724, 8.5, 27, 宗教的形成 符号的意义及效果
23693913, 9.1, 20, 敦煌石窟
1443185, 8.1, 34, 信仰寻求理解
1751575, 7.7, 44, 基督教世界科学与神学论战史（上下）
1313580, 7.5, 51, 中国道教史
26627818, 8.6, 25, 神圣艺术
4729539, 7.2, 65, 新世界秩序
3758490, 8.1, 33, 《梨俱吠陀》精读
25923219, 6.9, 84, 十字军东征简史（插图本）
5950888, 8.8, 22, 以赛亚书
4897500, 8.7, 23, 《圣经》文学阐释教程
1863794, 6.6, 114, 魔法的历史
4747420, 9.2, 18, 西藏历史和佛教的语文学研究
3207425, 8.3, 28, 中国早期思想与符号研究
1070236, 8.5, 25, 宗教与神话
4124620, 8.5, 25, 中国禅学研究入门
22005578, 7.8, 38, 颜色与祭祀
6531111, 9.3, 17, 中论颂
20560826, 9.3, 17, 神的演化
3080920, 7.9, 35, 灭罪与度亡
5410258, 7.9, 35, 宗教与美国宪政经验
10554314, 8.7, 22, 旧约圣经背景注释
1196242, 7.8, 37, 种姓与印度教社会
3608670, 9.1, 18, 肇论
3885062, 9.1, 18, 逃向世界
1079571, 7.7, 39, 道德与宗教的两个来源
2330806, 7.9, 34, 神秘主义、巫术与文化风尚
10554301, 8.4, 25, 新约圣经背景注释
6894906, 7.7, 38, 日本的神道
26369111, 8.7, 21, 朋霍费尔
1028431, 7.4, 47, 布哈里圣训实录精华
3041529, 7.8, 35, 中国民间宗教教派研究
1157284, 8.5, 23, 佛经
26298997, 8.2, 27, 佛教的概念与方法（修订版）
5290521, 7.9, 32, 中国宗教、学术与思想散论
1957346, 8.0, 30, 听狄更斯讲耶稣的故事
1036199, 7.8, 34, 中国宗教与基督教
26839306, 7.5, 42, 天国王朝
1659466, 8.2, 26, 长春真人西游记
2254229, 8.5, 22, 六朝道教史研究
5296397, 8.5, 22, 中国善书研究
26393094, 8.0, 29, 薄伽梵歌（注释本）
4059731, 8.9, 18, 涅和弥勒的图像学
6856533, 7.9, 30, 圣经的来源
25749416, 8.2, 25, 希波的奥古斯丁
26755084, 8.2, 25, 日本佛教史
26539803, 7.4, 42, 没有上帝的宗教
10607571, 7.1, 53, 动物与中古政治宗教秩序
20398056, 8.8, 18, The Missionary&#39;s Curse and Other Tales from a Chinese Catholic Village
1807542, 8.3, 23, 名山游访记
6390767, 8.3, 23, 世界宗教艺术图典
1012274, 7.6, 35, 中国民间宗教史(上下)
4317992, 7.6, 35, 中国人的宗教信仰
3431668, 8.2, 24, 布哈里圣训实录全集(全四卷)
25762237, 7.9, 28, 伊斯兰苏菲概论
2910218, 8.4, 21, Muslim Chinese
24733077, 8.4, 21, 佛教史研究的方法与前景
26890706, 8.4, 21, 科学与宗教的领地
1909457, 7.4, 39, 道教符咒选讲
1538894, 8.3, 22, 一个历史学家的宗教观
1559320, 8.3, 22, 中国道教史
26544996, 8.7, 18, 教堂建筑的秘密语言
1317419, 8.0, 26, 唐代宗教信仰与社会
20473985, 8.0, 26, 精神的婚恋
26654401, 8.0, 26, 有什么舍不得
19977895, 8.2, 23, 北魏佛教造像史研究
19987734, 8.2, 23, 修真图
5392112, 8.3, 21, 忧与游
1904036, 7.9, 26, 五、六世纪北方民众佛教信仰
4232467, 8.7, 17, 天人诞生图研究
19943939, 8.1, 23, 古罗马宗教读本
1625177, 7.8, 27, 火坛与祭司鸟神
1548180, 8.5, 18, 佛教大辞典
2077437, 8.1, 22, 基督教与近代中国社会
4836948, 8.6, 17, 基督宗教伦理学（上下卷）
3097683, 7.8, 26, 比较宗教学史
2913349, 8.0, 23, Miraculous Response
6722263, 7.6, 29, 华北的暴力和恐慌
26672596, 7.9, 24, 七宝庄严
19955793, 7.4, 33, 灵知派与神秘主义
26640174, 8.3, 19, 方济各传 阿奎那传
10797817, 8.2, 20, 欧洲的宗教与虔诚
4269725, 8.8, 15, 性命圭旨
2061072, 8.9, 14, 灵魂自然死亡：宗教与科学的接点
24722619, 7.8, 24, 太平天国与启示录
25809412, 8.2, 19, 中国佛教文化简明辞典
26782720, 8.1, 20, 古埃及《亡灵书》
5392113, 7.7, 24, 仙境与游历
1495864, 8.1, 19, 中国民间诸神（上下）
26682737, 7.3, 31, 一条开往中国的船
2081523, 7.9, 21, Peking
1034553, 7.3, 30, 论隐秘的上帝
26710502, 8.3, 16, 幕后：一位觉者的实修日记
25977981, 7.4, 25, 中国社会中的宗教与仪式
25769491, 8.3, 15, 古代经注1・创世记1-11章
1245492, 7.7, 20, 印藏佛教史
1903834, 6.2, 67, 西藏欲经
11540033, 7.5, 22, 中国中古时期的宗教与医疗
25714332, 7.7, 19, 柱头上的《圣经》
26308289, 7.9, 17, 古希腊人的宗教生活
2330001, 8.1, 15, 1901-1920年中国基督教调查资料（上下卷）
7058339, 7.8, 17, 中国古代宗教与神话考
24697399, 7.5, 20, 神学与哲学
20432687, 8.1, 14, 阿含经校注
26761875, 8.1, 14, 印度诸神的世界
26920731, 8.1, 14, 触摸，庙宇
10486409, 7.8, 16, 米拉日巴尊者传记
6519542, 7.9, 15, 密释纳
6154956, 8.0, 14, 1867年以前来华基督教传教士列传及著作目录
1530038, 7.6, 17, 修道入门
24302606, 7.3, 20, 中国乡村的基督教
3316070, 8.1, 13, 明清之际西学文本（全四册）
25938193, 7.8, 15, 苯教与西藏神话的起源
26912245, 7.9, 14, 与佛陀一起吃早餐
21365819, 8.2, 12, 形上之路
26700517, 8.2, 12, 通往天堂的入口
2053939, 7.7, 15, 琉璃宫史（全三卷）
10774679, 7.9, 13, 近代传教士论中国宗教
25986045, 8.1, 11, Waking Up
26311324, 7.5, 14, 神圣空间
26896703, 7.8, 12, 觅宗记
3864563, 7.1, 17, 中古佛教僧官制度和社会生活
2378259, 7.4, 14, 奶焱鹘y到佛王鹘y
5384761, 8.1, 10, 大念：南鞣鸾涕L部典
26845776, 7.8, 11, 陌生的荣耀
26595957, 7.3, 14, 道教研究论集
6511735, 8.0, 10, 恒河沐浴: 印度教概览
26715299, 8.0, 10, 《马可福音》释经默想
26644354, 7.4, 13, 日本的众神
1182814, 7.7, 11, 元代白莲教研究
4312646, 7.1, 15, 平常道II
26108125, 7.1, 14, 中国乡村与墟镇神圣空间的建构
1271957, 7.5, 11, 邪教的秘密
1462536, 7.4, 11, The End of Faith
26392141, 7.4, 11, 古译佛经寓言选
25910995, 7.6, 10, 重建范型
5936277, 6.8, 15, 佛教、暴力c民族主x
25920886, 7.5, 10, 康德的理性神学
20426050, 7.4, 10, 至上瑜伽
6100648, 7.2, 10, 禅宗思想的形成与发展
