2017-01-23 16:17:59
Tag: 家居
The number of books: 428 

ID, rating, votes, title
1770782, 8.8, 248949, 追风筝的人
1346815, 8.4, 33790, 一人住第5年
1941558, 8.6, 20926, 设计中的设计
1692648, 8.9, 6553, 一个人的村庄
1758767, 8.2, 14666, 人气绘本天后高木直子作品典藏（全6册）
1292405, 8.6, 4687, 自私的基因
3246904, 8.1, 8434, 蒂凡尼的早餐
3181927, 7.6, 10287, 大便书
1799984, 8.6, 1654, 家庭收纳1000例
1024701, 7.8, 3583, 回家真好
1945465, 8.6, 1084, 日安，四季
4746128, 7.7, 3341, 家
26775466, 8.5, 1064, 小家，越住越大
1011882, 7.6, 3586, 两个人住
4746130, 7.8, 2457, 家
1449661, 7.8, 2396, 梦・想家
3068550, 7.7, 2182, 希腊
25858712, 8.5, 537, 这样装修不后悔（插图修订版）
20271923, 8.5, 523, 彼得・科恩木工基础
5917342, 8.9, 307, 青木和子的十字绣
3153347, 7.6, 1286, 巴黎・家的私设计
3215829, 8.3, 522, 住宅读本
25732461, 7.9, 732, 住宅设计解剖书
2008961, 8.6, 325, 家事一点通1000例
5323631, 8.5, 337, Cotton Time精选集：78款居家实用布杂货
25975191, 8.7, 278, 家庭日记 森友治家的故事2
3422622, 7.4, 980, 巴黎・私囊志
2978980, 8.0, 416, 巴黎．色彩魔法空g
1082917, 8.0, 406, 让每天的生活更有品位100ideas
10441244, 6.8, 2096, 整理的艺术
4245043, 7.5, 707, 苏三的花花草草、瓶瓶罐罐
3410841, 7.7, 542, 德意志制造
2230224, 7.5, 696, 北欧瑞典的幸福设计
5363512, 7.8, 466, 英伦风格小屋
6900326, 7.1, 1168, 好的生活没那么贵
1485694, 7.7, 489, 雅致生活
24863442, 7.4, 710, 无印良品生活研究所
1625179, 8.8, 165, 明清室内陈设
3039590, 7.1, 1031, 食物恋
25743907, 7.0, 1123, 断舍离
25827271, 7.4, 626, 吃早餐，彻底改变了我
1082345, 8.7, 162, 实用生活图鉴
6013399, 8.9, 137, Cotton Time精选集：75款简单可爱的手作包包
1563556, 8.2, 242, 日本蛋糕名店的私藏秘方
2981384, 7.3, 629, 玩手工
3709561, 8.3, 205, 瓦楞纸的创意生活
19974381, 7.3, 591, 味道台北
5363500, 7.7, 332, 柏林风格小屋
26548374, 7.0, 818, 好物100
11636270, 8.4, 165, 最简单的小户型收纳整理术
2134546, 8.6, 137, COTTON TIME 2007年 07月号
19894643, 7.9, 257, 汉品02
5441090, 8.8, 116, 风靡北欧的针织小物
4731560, 7.4, 450, 巴黎个性工作空间
3133876, 7.0, 754, 爱情全占星
26578184, 7.6, 333, 家的模样
21331220, 7.1, 623, 简单就好生活可以很德国
6975775, 8.0, 212, 巴黎风格小屋
11522757, 8.6, 125, 生命之花的`性法t
4034939, 9.1, 85, The Selby Is in Your Place
25724107, 8.8, 103, 家事的嵛浚ㄉ裕
1345855, 8.0, 198, 簦想家：回家真好之二
3244717, 8.9, 93, 用不织布做甜点小饰物
25870117, 8.7, 103, 木工全书
24743351, 7.6, 274, 阮义忠的微博生活：一日一世界
25732459, 7.2, 437, 装修设计解剖书
4842339, 7.5, 299, 巴黎独立生活空间
6969147, 9.2, 70, Cotton time精选集:布艺达人的居家创意DIY
10739339, 7.9, 194, 北欧风格小屋
6722886, 7.1, 482, 设计准则
4919888, 7.4, 330, 巴黎女生的房间
3195465, 7.0, 540, vy房g大作
1957256, 8.6, 100, 设计快速表现技法
3156415, 8.6, 97, Cotton friend-精x超可凼肿鞣
5341161, 7.4, 296, 东京・里风景
5917341, 8.6, 95, 世界花样剪纸
5391225, 8.4, 103, 玩转手工100招
25751861, 7.3, 278, 德国式家居收纳术
26127475, 7.6, 196, 住宅格局解剖图鉴
3423561, 8.5, 88, 布艺样的家
20507211, 7.4, 232, 创新者的基因
6963795, 8.4, 92, 家
3036827, 7.6, 183, 巴黎女生. 包包私O
1937120, 7.3, 251, 酒店，家的感觉
3101909, 7.2, 273, Ciao，客厅工场
3198437, 7.0, 343, 小杂货・日本
4709276, 8.4, 84, 改造老房子
6307972, 8.4, 84, 半天就能做好的布艺小物
5906033, 7.6, 166, 我们生活的风景
5031358, 7.7, 150, 一个人生活的第一年
1814344, 8.5, 75, 室内设计师专用配色色谱
24371667, 7.6, 158, 小时光
2251673, 7.9, 114, 台好好玩
2015118, 7.6, 146, 最简单的家庭木工
26826899, 9.1, 47, 走进世界最美的家
6308008, 8.4, 74, 恋上刺绣
5361331, 8.4, 73, 家居产品环保设计创意1000例
6802741, 7.8, 118, 蔡明7姿16式
2251671, 7.6, 142, 让你爱不释手的手作布包
2136107, 8.4, 72, come home
1774895, 8.5, 66, 世界居住艺术图鉴
2049835, 7.9, 105, 橡皮章意生活: 碛行腋ＤЯΦ纳活s
26890247, 8.6, 61, BEAMS AT HOME 2
1937559, 7.8, 113, _始造我的旅行L本
1430475, 7.8, 112, 基础趣味家务
1866784, 7.5, 146, 友_的手做布包
6975777, 7.5, 145, 色彩斑斓的风格小屋
6080803, 7.4, 160, 盖房记
26277411, 7.2, 197, 永续生活
25815588, 8.9, 48, 家事的嵛浚ㄏ裕
5504242, 9.2, 40, 心意满满的节日鲜花包装
1824735, 7.4, 154, 我窝故我在
5956650, 7.3, 170, 伦敦女生的房间
1797291, 7.5, 134, 就是爱生活
25851843, 7.9, 93, 收{全
20285580, 7.1, 202, 尉秃茫生活可以很德
1880609, 7.9, 92, 美好家居（套装4本）
21381630, 6.6, 381, 断舍离
3453038, 8.2, 71, 洗涤衣物ABC
6975776, 7.5, 126, 俄罗斯风格小屋
4087705, 7.3, 154, 懒人实用家庭收纳
2057694, 7.7, 104, 在旅行中遇手工g
5955894, 7.3, 150, 北欧・家的私设计
26582810, 7.2, 166, 家的日常，家的自在
3664057, 7.7, 99, 迷你雅居
6109470, 8.4, 57, 好妈妈的第一本漫画育儿书
6901684, 7.5, 117, 这样装修最省钱
1485614, 7.6, 106, 这样装修最省钱
6785627, 8.0, 75, 住进好房子
3920495, 8.7, 46, 做自己的建B: wG色的房子
2363666, 7.8, 87, 小空间幸福部屋的装饰秘笈
1002297, 9.1, 36, 生活美劳DIY 7
2072398, 7.4, 116, 星期六的裁p
20493662, 7.7, 88, 设计师谈家居色彩搭配
1785388, 7.4, 115, 手工自品牌
2239172, 8.2, 59, 金屋.银屋.茅草屋
4224272, 7.5, 104, 一周12小时的手作生活
1963425, 8.6, 45, 住宅巡Y
6393974, 8.2, 57, 阳台种菜
25748532, 7.8, 77, 找到家的好感觉
25719315, 7.9, 69, 梦想花园
2272940, 7.4, 106, 挚爱甜品
20556231, 7.7, 80, “日本收纳教主”近藤典子助你打造一个井井有条的家
24869729, 8.1, 58, 装修不上当，省心更省钱（新）
3520312, 7.3, 112, 减法生活
2250081, 7.4, 100, 布家巧手做
25751865, 7.0, 150, 德国式厨房规则
10749639, 7.6, 83, IKEABOOK宜家创意生活1
6390863, 9.4, 26, 用松饼粉制作的简单甜点163款
10468349, 7.9, 64, 和风自然家
1430472, 7.5, 88, 基础家居布置
3433568, 7.9, 63, 和L典O100x
2992779, 8.6, 39, 美国大学室内装饰设计教程
20375675, 8.3, 47, 就是喜g！草g生。
26580252, 7.6, 79, 小而美的家
1963931, 7.4, 94, 家装红宝书
11611146, 8.6, 38, IKEABOOK宜家创意生活2
2277182, 8.0, 56, 一花一~的紊活
1336117, 7.5, 83, O，不安於室
10777292, 8.3, 45, 怎样装修最省钱
26414593, 7.9, 58, 家有两个孩子的收纳术
10435895, 8.1, 49, 浪漫满屋
3774756, 7.7, 65, 魔法家居新主张
6784426, 9.5, 22, 风华绝袋
1333136, 7.7, 64, 超文竟
3523018, 7.5, 75, 扫除收纳ABC
6974761, 7.6, 68, 荷兰・家的私设计
2155225, 7.7, 62, 世界s散步
1917714, 7.5, 72, 巴黎右岸特色小店
6133476, 7.5, 71, 装修不上当，省心更省钱
25863878, 6.8, 142, 宜家真相
5991551, 7.6, 65, 巴黎．家的私O 2
1975948, 7.9, 51, 百年家具经典
1764296, 7.5, 69, 我们如何居住
1430474, 7.3, 81, 基础家居配色
1430473, 7.4, 74, 基础家居装饰
24385065, 7.4, 74, 超实用小空间整理术
6754861, 7.4, 73, 欧风创意家居教室
22992416, 8.6, 31, 小空间创意装饰
6104664, 7.7, 56, 室内设计制图讲座
3139661, 8.1, 42, 花草空间巧布置
6127070, 8.6, 30, 就是圩∧驹O的家 550木手感生活空gO提案
1733079, 7.5, 63, 爱因斯坦的厨房
10508651, 7.9, 46, 室内设计师专用灯光设计手册
1343090, 7.3, 74, 米力的生活sL味屋
26263934, 7.7, 53, 《KINFOLK四季》2014年冬季刊
1379213, 7.8, 49, stalk
4259649, 8.2, 37, 一天学会做布艺
1895543, 7.7, 52, 种子变盆栽-户外植物篇
5390794, 8.6, 29, 山野式头部SPA
2251685, 7.9, 44, 花草生活家
26645276, 7.5, 59, 如果房子会说话
20366375, 7.6, 54, 巴黎浪漫小屋
1271698, 8.6, 28, 半岛上的风情
1964420, 8.3, 33, s@|京
1386878, 8.2, 35, 拈花惹草玩阎
1920284, 7.9, 42, 私房
2985662, 7.8, 45, 中式家具选购与陈设
2170974, 8.0, 39, 混搭我的梦想小窝
20398515, 8.6, 27, 日s手感，家
24765642, 8.3, 32, 最全面的蛋糕教科书
3240179, 9.0, 22, 中国花梨家具图考
3156401, 8.4, 30, L本_人玩手作: 旅[o念品改造教室
5363756, 6.6, 133, 东京可爱杂货
2192105, 7.5, 55, 自然Ll村拼布
11601575, 7.3, 64, 会呼吸的房子
4062547, 7.8, 43, 亲手缝制的温暖家居服&amp;布艺小物
2251668, 6.9, 89, 手自由L: 包包x裙子
4103734, 8.1, 34, Come home! vol.17 (私のカントリ`e)
1963172, 7.6, 48, 最爱小花草
10793380, 7.6, 48, 英伦家居风
6885068, 7.2, 66, 精巧之家
3164993, 7.7, 44, 室内设计师专用色彩与材质搭配手册
26415841, 7.2, 65, 我想给你做顿饭
20396718, 6.8, 95, Casa妈咪幸福收纳
3121347, 7.4, 54, 凵仙活手作
2018360, 7.3, 58, 眷然归与情-法国人家
2283053, 8.4, 27, 小K打+醋的o毒清法
26844050, 8.2, 30, 器物帖
6539593, 8.3, 28, 住M光c影的家
1907808, 7.7, 41, 旅行 奈业姆块g_始
5417394, 6.7, 98, 小巫婆，懂生活
4817167, 7.3, 55, 阳台DIY好好玩
1177525, 8.1, 31, 现代日本庭园
1271705, 8.4, 26, 兼收并蓄
3904403, 7.9, 35, 巴黎．女孩L格O
25957359, 7.9, 35, 自己动手，装出巴黎风格的家
3364367, 7.2, 59, 家的梦境
5325443, 8.2, 28, 韩国顶尖设计申敬玉室内设计
19961336, 8.2, 28, 轻奢时代的室内装饰
3358307, 8.4, 25, Gary Chang
2971121, 7.5, 44, 胖星儿@最生活
20366372, 7.7, 38, 巴黎风格儿童房
2683692, 7.3, 51, 甜心爱收纳
3523019, 8.1, 29, 家庭厨事ABC
23132225, 6.0, 211, 更简约的生活
1889213, 7.1, 58, 风流名纸
1687983, 6.7, 85, 现代住宅风水
25784734, 7.4, 45, 家的味道
4770400, 8.7, 20, 15分钟居家清洁有妙招
25748536, 7.4, 43, 住进光与影的家
5405063, 7.3, 46, 中国坐椅习俗
4818840, 7.8, 32, 打造~sL居家小C
3115489, 7.5, 39, DIY创意装饰
5338212, 7.3, 45, 我最想要的妙招书
2277180, 7.8, 31, 打造自然L坊钔@
26298255, 7.7, 32, 家居设计之本――户型优化
5363600, 7.6, 34, 巴黎．紊砉寓
25743090, 7.3, 42, 乐在原木生活
3428942, 7.7, 31, 家居彩绘－美好家园丛书・灵感装饰
2075152, 7.6, 33, 创意布置收纳365招-最实用的收纳窍门
2998046, 8.0, 25, 小苏打、醋、精油居家妙用
19965492, 8.0, 25, 日本小住宅空gO致\用g
1526775, 8.4, 20, 木趣
6986058, 7.5, 34, 老空间 心设计
3430715, 8.2, 22, 家居布置ABC
1084157, 7.9, 26, 高明送礼100styles
3265259, 7.9, 26, 手做幸福花艺
2154236, 7.2, 42, 旅行-榱穗s
20491208, 6.9, 54, 阳台种的不是菜.而是生活!
2249240, 7.8, 27, 居住的艺术
10600666, 7.8, 27, 巴黎 家的私设计2
3335499, 6.5, 78, 收纳与整理开运术
2302031, 7.9, 25, 就是想回家
2075154, 7.6, 30, 小空间收纳改造300招-最实用的理家智慧
1858490, 7.2, 40, 生活设计生活
4165219, 7.5, 32, 小空间精致装修
6519019, 7.4, 34, 最简单的家庭木工
2326642, 7.8, 26, 新乡村风格
26264961, 8.0, 23, 少物好生活
26649651, 8.0, 23, 麻理惠的整理魔法
1442892, 7.9, 24, 好样的家
2984209, 7.7, 27, 无毒生活小苏打
26670494, 8.2, 20, 打造日式爱的小窝
25976825, 7.3, 35, 德国式简约厨房模式18例
1003394, 8.1, 21, 陆羽《茶经》解读与点校
21365390, 8.1, 21, 清新Style
1386276, 7.6, 28, Living With Books
3622174, 7.1, 39, 雅趣布艺心情
3140852, 7.8, 24, w自己的房子
2997067, 7.4, 31, 荷m. 家居: Mix x Match
1666836, 6.6, 60, 宜家家居攻略
2363623, 7.1, 38, 小空间大视野的布置魔法
25746678, 7.1, 38, 如果家具会说话
2242493, 7.4, 30, 手工s No.3
2271492, 6.9, 44, 理想家居
3668787, 7.6, 26, 家庭收纳小百科700例-归整.布置.美化
2984500, 7.2, 34, 衣物收纳500招
2205344, 7.4, 29, 我的布置风
1271707, 8.1, 19, 提炼造就精华
26652398, 8.0, 20, 家事的抚慰（下册）
4458294, 7.6, 25, 布艺样的家・阳光家园布艺
1227007, 7.8, 22, 原木坊
2251656, 7.8, 22, 418 台花草生活家
11612133, 7.8, 22, 家庭装修建材轻图典
6721212, 7.1, 35, 创意空间
3073834, 7.4, 28, 手工puh保包: 善待地球的35Bag!
24851530, 7.7, 23, 尚品宅配凭什么？
1083019, 7.8, 21, 水饺
1316895, 7.8, 21, 回味无穷
2075203, 7.5, 25, 箱盒柜即效收纳365招
2155831, 7.5, 24, 日本s散步
3562097, 7.5, 24, 主妇收纳1500招
25870200, 6.9, 37, 这不是饭店，是我家
1930743, 6.3, 65, 简衣术
1986461, 7.3, 27, Kaunista kotiin pikkurahalla
1099912, 8.2, 16, 享受阳光
1676620, 7.3, 26, 优雅太太教我的事
5026735, 7.8, 19, 女孩私房手工
26738974, 7.7, 20, 享用一杯手冲咖啡
2251679, 6.8, 36, 小住宅收{O事件
1964604, 7.4, 23, 风水学与现代家居
3463255, 6.5, 46, 英国人家
2347778, 6.8, 35, 扮美租屋
10483092, 6.9, 32, 打造我的温馨小窝
5354411, 8.0, 16, 室内设计纲要
25709161, 8.0, 16, 格局救援王
19987915, 6.7, 37, 小户型大空间
1045651, 8.2, 14, 创意篇-生活美劳DIY(9)
2349667, 7.7, 18, 厨房小窍门
4145437, 7.7, 18, 魅力之家
3414055, 7.1, 26, 冰箱收纳365
1233465, 7.5, 20, 居家收纳事件书
26445317, 6.9, 30, Casa妈咪创意收纳
4731697, 7.1, 25, 骞言万语魅力家居
2101245, 7.8, 16, 室内设计模型制作
3121336, 7.8, 16, Xs生活手作
3211199, 7.4, 20, 用裁p的32堂n：最短rg、最省布料u作服和s
11637153, 7.0, 26, 成家
11596165, 7.2, 22, 巴黎・单身公寓
1921367, 7.6, 17, 快乐生活一点通
1949876, 7.4, 19, 当家装遭遇奸商
1082459, 7.3, 20, 把家搬到郊外去
10828882, 8.1, 13, 业之峰明星设计师帮你设计家
1824736, 6.7, 30, 家・梦想
3525131, 6.9, 25, 小空间家具装饰收纳
1688761, 7.4, 18, 我爱办公室
2059952, 6.7, 29, 懒人快速清洁300招
1913931, 7.3, 19, 3万元装修我的家
4013055, 7.3, 19, 最爱家居！
19966705, 7.7, 15, 旧物改造
2302030, 7.1, 21, 我的自宅
3714253, 7.8, 14, 梦想花园
10828880, 8.1, 12, 业之峰明星设计师帮你设计家
1925415, 7.4, 17, 穿鞋与健康
1718594, 7.2, 19, 小空间大创造1
3873251, 6.9, 23, 风水学习百科
6394945, 6.9, 23, 室内色彩设计法则
2695071, 7.7, 14, The Way We Live
4250779, 7.3, 17, ZAKKA BOOK No.43 (私のカントリ`e)
1134980, 7.8, 13, 新版简明住宅设计资料集成
1317633, 7.1, 19, 纸盒精致家饰
3006584, 7.1, 19, 皮革小物DIY
26589714, 7.6, 14, H鄣模我把坪底大了
10828878, 8.3, 10, 业之峰明星设计师帮你设计家
2049800, 7.0, 19, 走M瑞典人的家居生活
3283915, 6.6, 25, 耍浪漫过生活
1870245, 7.5, 14, The Meaning of Things
6859757, 7.5, 14, 老屋G改造
14278391, 8.0, 11, 最亲切的手工家居布艺
1322966, 7.8, 12, 宛若天成
1776833, 7.6, 13, Elle Decor
10574274, 7.6, 13, 小家很有
25808040, 7.6, 13, 新手养花不败指南
4200937, 7.2, 16, 我们的第一个家
3595865, 7.3, 15, 懒人巧理家
4863892, 7.3, 15, 路克丛书・上海外国人家
3570062, 7.7, 12, Designerguys
7564971, 6.6, 23, 装修前不看会哭的50堂课
2148895, 7.5, 13, 简单实用妙招收纳经典
3545931, 7.5, 13, 绿色环保家居清扫术
26394052, 7.2, 15, 住宅设计解剖书
4132249, 7.8, 11, Loveカメラ
5242726, 7.8, 11, 天蝎玫瑰的装修兵法
25987859, 6.6, 22, 阳台微花园设计秘事
23781924, 7.3, 14, 你的家居有多幸福?
10828881, 8.0, 10, 业之峰明星设计师帮你设计家
6858058, 7.4, 13, 书房设计500
21427029, 7.4, 13, 居家Organize.简约
1205851, 6.5, 23, 居室家具与布置
1013768, 7.7, 11, 家庭清洁妙方200招
1512493, 7.1, 15, 小户型装修一点通
3043634, 7.5, 12, 你应该知道的200件紫檀家具
3115490, 7.2, 14, 家有装饰妙招
4217076, 7.2, 14, 麦玲玲家居旺运天书
1087244, 7.6, 11, 自己规划家庭空间
10745693, 7.0, 15, 旅居中国
11608720, 6.8, 17, 小房子装修改造圣经
1214706, 7.4, 12, 家居新色彩
3127005, 7.1, 14, 厝崾肿鳎室刃
6965467, 7.1, 14, 小巧别致
5922068, 6.6, 19, 私宅
1322967, 7.5, 11, 少就是多
1873338, 7.5, 11, 享瘦 男拈_始《p肥是家庭大事》
3675991, 7.7, 10, 居住的艺术3
26394056, 7.7, 10, 住宅设计解剖书
20382749, 7.3, 12, 找到自己找到家
5246398, 6.7, 17, 室内设计风格图文速查
20492796, 6.5, 19, 小家
26317717, 6.5, 19, 这不是饭店
4856052, 7.4, 11, 台湾设计师不传的私房秘技・楼梯设计500
5366191, 7.4, 11, 家居储藏与收纳
25883057, 6.9, 14, 自己做创意家：北欧风小宅设计
10560277, 6.2, 23, 收纳空间装修改造圣经
26639789, 7.5, 10, 想要如何装潢，自己告诉设计师
1082460, 7.3, 11, 有故事的家
4233915, 7.3, 11, Simple Home
4279141, 7.3, 11, 灯光设计500
25793330, 7.3, 11, 垂直花园
25980625, 7.3, 11, 巧手设计阳台私花园
26473477, 6.4, 19, 我家就是咖啡馆
2183346, 7.1, 12, 巧手饰家
7045652, 7.4, 10, 三美女私家装修日记
6960349, 7.2, 11, 现代简约
3544603, 7.0, 12, 中国家具
4842686, 7.0, 12, 薇薇小厨--最好吃的西餐
25713511, 7.1, 11, IKEABOOK宜家创意生活4
26317435, 7.1, 11, 住进英伦风的家
4920444, 7.2, 10, 台湾设计师不传的私房秘技・客厅设计500
26393655, 7.2, 10, 住宅机关王
3988505, 7.1, 10, 家居装饰配色宝典
24319001, 4.6, 137, 更简约的生活・收纳篇
24827880, 6.6, 12, 用IKEA打造梦想家
4743941, 6.9, 10, 最强收纳空间设计100
10489210, 6.9, 10, 私家花园景观设计
6886630, 5.5, 24, 老房子装修改造宝典
25798748, 4.9, 51, 更简约的生活・风尚篇
25741239, 4.8, 52, 居家超级整理术
