2017-01-23 16:17:59
Tag: 庄子
The number of books: 197 

ID, rating, votes, title
1200840, 9.0, 93908, 平凡的世界（全三部）
6388661, 8.8, 41035, 这些人，那些事
2046236, 9.3, 4711, 庄子
1292409, 9.2, 2620, 人生的智慧
2149717, 8.9, 2177, 庄子Q（上）
1051919, 9.3, 1329, 庄子今注今译（全三册）
1020407, 8.8, 1821, 庄子说
2221115, 9.0, 1055, 庄子Q（下）
1931318, 7.0, 9733, 于丹《论语》心得
1478831, 8.8, 592, 当鞋合脚时
2003451, 7.2, 4264, 于丹《庄子》心得
2029641, 8.1, 1049, 南怀瑾与彼得・圣吉
1455373, 8.4, 700, 神州奇侠
1254354, 9.3, 239, 庄子集解・庄子集解内篇补正
2062160, 8.8, 363, 庄子心解
26256621, 8.2, 473, 《庄子》与道教文化及武文化的比较研究:民间演绎 身体转向 天人互证
1043579, 6.6, 3803, 美容大王
6725978, 8.3, 286, 逍遥游
1226672, 7.5, 655, TOEFL词汇词根+联想记忆法
1216821, 8.2, 292, 庄子哲学
1270517, 8.2, 277, 庄老通辨
3672176, 8.5, 197, 庄子四讲
1482661, 9.2, 104, 王弼集校释（上下）
1058007, 9.4, 89, 老子庄子
2154581, 9.1, 101, 庄子校诠（全二册）
1699782, 9.0, 106, 庄子精读
2074898, 8.4, 163, 骆玉明老庄随谈
1030991, 8.5, 147, 庄子现代版（增订本）
3916129, 8.8, 113, 庄子纂笺
1536623, 8.4, 153, 庄子浅注
1440054, 9.0, 95, 心`作－造你的想世界
1473879, 9.0, 86, 虚舟
1762128, 9.0, 82, 庄子发微
2148707, 7.7, 231, 左手孔子右手老子
5390086, 8.0, 167, 庄子闲吹
3907940, 9.1, 68, 历代文史要籍注释选刊・庄子内篇注
2113439, 8.7, 83, 无奈与逍遥
3522721, 8.3, 112, 老庄中的名言智慧
2373414, 8.4, 103, 庄子奥义
1449363, 8.9, 71, 老子・庄子・列子
3819957, 9.6, 45, 老子衍 庄子通 庄子解
5984231, 8.4, 91, 庄子传
20387639, 8.2, 106, 《庄子》内七篇析义
3684911, 8.7, 72, 漫画道家思想（上册）
1198370, 8.9, 62, 庄子补正
1709261, 7.9, 132, 庄子浅说
6085413, 7.1, 261, 法国文人相轻史
1659478, 8.8, 55, 庄子评传
1084312, 8.5, 64, 庄子选译
2989616, 9.3, 37, 插图本-庄子
1445012, 8.2, 73, 艺术论
1063207, 8.8, 45, 老子・庄子
1982105, 7.5, 117, 傅佩荣《庄子》心得
2279272, 8.5, 52, 庄学管窥
3664562, 7.8, 87, 向庄子借智慧
4197739, 7.1, 171, 庄子的享受
1876040, 7.9, 77, 傅佩荣解读庄子
1868555, 8.8, 38, 阻力最小之路
3005138, 8.8, 36, 禅说庄子（一）
2116990, 8.3, 49, 庄子新释
20516244, 8.9, 34, 庄子传
1274939, 8.5, 43, 樗下读庄
4238857, 9.8, 22, 南华真经副墨
1277738, 8.6, 40, 庄子注译
1852200, 8.3, 48, 庄子通释
1253750, 8.9, 33, 庄子
3733963, 8.7, 36, 庄子天下篇注疏四种
2183263, 8.4, 43, 解读庄子
25976257, 8.6, 38, 庄子Q
1547930, 9.2, 26, 庄子e斋口义校注
1260431, 8.0, 52, 庄子正宗
1830693, 7.9, 55, 南怀瑾讲述
3099821, 9.4, 23, 庄子注解
4934647, 7.6, 69, 庄子的快活
2222370, 7.9, 52, 幻像与生命
2138090, 7.7, 60, 庄子现代版
3522379, 8.6, 32, 游心太玄
2131983, 7.1, 98, 听南怀瑾讲庄子
1036948, 8.0, 45, 还吾庄子
2030934, 8.1, 42, 庄子
1072851, 8.0, 44, 庄子全译
2357060, 8.0, 44, 庄子
2279269, 8.6, 29, 先秦道法思想讲稿
5320864, 8.3, 34, 庄子复原本注译
20382045, 8.3, 34, 庄子陪你走红尘
2305715, 9.0, 23, 庄子
1041415, 7.2, 73, 向往心灵转化的庄子
4712533, 8.1, 36, 庄子哲学及其演变
2025888, 7.7, 47, 庄子译注
5037318, 8.6, 26, 药地炮庄
4165860, 8.9, 22, 郭象与魏晋玄学
3005085, 8.8, 23, 禅说庄子
1253701, 8.1, 34, 《齐物论》及其影响
1917817, 8.6, 25, 庄子现代版
2073449, 7.5, 49, 庄子一百句
1493894, 7.5, 48, 虚已以游世
2257628, 8.7, 22, 庄子解
3199175, 9.1, 18, 禅说庄子
2351120, 8.2, 28, 修真
1488556, 7.8, 36, 庄学研究
1421340, 8.7, 21, 庄子集解
1439235, 8.2, 27, 国文珍品文库
2182109, 7.1, 58, 听南怀瑾讲《庄子》
6506934, 7.1, 53, 庄子的奔腾
1984109, 8.7, 19, Power vs. Force
4734388, 8.1, 26, 郭象《庄子注》研究
1013303, 8.2, 23, 庄子译诂-中华古籍译注丛书
3174579, 7.5, 35, 人生困惑问庄子
1891397, 8.1, 21, 白话老子庄子列子
1081959, 8.2, 19, 庄子
1252387, 7.7, 24, 庄子闲读
1955045, 7.6, 25, 庄子的思想世界
3277487, 8.0, 19, 庄子学史
2161659, 8.1, 18, 庄子诠评（上下）
2057862, 7.9, 20, 庄子看人生
1935145, 7.7, 21, 《庄子》入门
2115908, 7.3, 27, 庄子译注（上下）
1484479, 7.4, 25, 逍遥的庄子
1447313, 6.8, 37, 庄子讲读
1844957, 8.1, 16, 庄子选译（高中部分）
25817462, 7.2, 27, 与庄共舞：人生的自救之道
6004640, 8.2, 15, 新唯识论
2053029, 7.9, 17, 听大师讲庄子
2338018, 7.9, 17, 陈献章集――理学丛书
20261615, 7.9, 17, 鲍鹏山说庄子
1176748, 7.2, 25, 贫嘴庄子的幸福生活
6393395, 8.0, 15, 庄子译注与解析（全二册）
3040966, 7.8, 16, 庄子新探
3368867, 8.2, 13, 庄子义集校
1123208, 8.0, 14, 庄子（共3册）
2041267, 6.6, 34, 人间庄子
1252956, 7.7, 16, 庄子通释
3907470, 7.9, 14, 庄子的思想世界
1447267, 7.5, 17, 庄子哲学新探
1047179, 8.0, 13, 庄子注译
26596719, 8.0, 13, 正是r候xf子
6430742, 7.8, 14, 庄子雪
1048772, 6.9, 24, 十家论庄
2183633, 8.1, 12, 仿佛淘庄子
6070297, 7.5, 16, 庄子还原
1449282, 7.9, 13, 中华古典珍品・庄子
1512526, 7.9, 13, 庄子选集
6862152, 7.9, 13, 海德格尔思想与中国天道
3346027, 7.6, 15, 庄子说
1319769, 7.7, 14, 庄子说Ⅰ
2990520, 7.7, 14, 庄子
10532266, 7.7, 14, 庄子独见
3199173, 8.2, 11, 禅说庄子
1129543, 7.8, 13, 白话庄子
6860065, 7.8, 13, f子四v
20473421, 8.1, 11, 南华雪心编
26581316, 7.9, 12, 老庄之道
3061459, 7.7, 13, 名家品庄子
2305714, 7.8, 12, 庄子选择
4238201, 7.6, 13, 漫画庄子 逍遥的宗师
2188308, 7.0, 18, 庄子的智慧
1148546, 7.7, 12, 庄子
2174187, 7.7, 12, 庄子齐物论义理演析
3198595, 7.7, 12, 南华经解
6893855, 7.7, 12, 庄子因
2077801, 7.8, 11, 庄子疑义考辨
1914274, 7.6, 12, 自然的箫声
4116720, 7.3, 14, 《庄子》的智慧
26793142, 8.0, 10, 庄子哲学讲记
10453712, 7.7, 11, 化蝶
2074138, 7.9, 10, 庄子直解
2321852, 7.5, 12, 话说庄子
6432761, 7.2, 14, 庄子这个人
1448869, 7.3, 13, 从逍遥游到林中路
1449801, 7.3, 13, 《庄子：逍遥人生》
2111154, 7.3, 13, f子v故事
20379640, 7.3, 13, 庄子的现代命运
1822989, 7.6, 11, 庄子选评
2208033, 7.6, 11, 新gf子x本
3599608, 7.6, 11, 庄子二十讲
24339635, 7.6, 11, 庄子现代版
1967494, 7.8, 10, 西游记
1253591, 7.0, 15, 逍遥游
1492236, 7.4, 12, 庄子洗心
25751805, 7.4, 12, 禅说庄子：逍遥游、德充符
21964881, 7.1, 14, 哲学的天籁
2331200, 7.5, 11, 庄子故言
3888098, 7.5, 11, 《庄子》九章
5435949, 7.3, 12, 我读《庄子》Ⅰ
1418080, 6.8, 16, 庄子显灵记
1638619, 7.6, 10, 玄参南华经
3540421, 6.8, 15, 庄子为什么这样J
3007598, 6.9, 14, 庄子说道
1653021, 7.3, 11, 庄子选译
1967297, 7.3, 11, 教你看懂庄子及其寓言故事
3806337, 7.1, 11, 道家思想的新研究（上下卷）
1835376, 6.0, 23, 庄子一日一讲
1228128, 7.2, 10, 中国哲学发展史
2073672, 6.8, 12, 庄子很生气
2029323, 7.1, 10, 《庄子》注评
2026092, 6.9, 10, 庄子学院
2117499, 6.8, 10, 庄子与中国美学
