2017-01-23 16:17:59
Tag: 张小娴
The number of books: 313 

ID, rating, votes, title
1008145, 8.9, 179739, 围城
1082154, 9.1, 120209, 活着
1040211, 9.2, 46902, 福尔摩斯探案全集（上中下）
6710437, 9.3, 26898, 撒哈拉的故事
1141406, 8.5, 101727, 简爱
1090043, 8.5, 83112, 倾城之恋
1949338, 8.9, 39233, 明朝那些事儿（贰）
4123116, 9.2, 20066, 月亮和六便士
1066462, 8.4, 69215, 向左走・向右走
2035162, 9.0, 22452, 刀锋
1212893, 8.8, 26603, 鹿鼎记（全五册）
1767945, 8.8, 24799, 一只特立独行的猪
4207781, 8.8, 24703, 孩子你慢慢来
1775691, 8.3, 51937, 少有人走的路
1985223, 8.7, 24758, 倾城之恋
1529893, 8.0, 76602, 莲花
1056733, 8.3, 38736, 地下铁
3017857, 8.5, 26909, 金锁记
2340100, 8.1, 52264, 遇见未知的自己
1789837, 9.0, 11572, 射雕英雄传
1853785, 8.7, 17064, 天是红河岸
2022979, 8.1, 41237, 喜宝
2567919, 8.3, 26251, 匆匆那年（上下）
3151596, 9.2, 6149, 活着
2326571, 8.6, 14149, 琅琊榜
1962929, 8.0, 35192, 佳期如梦
2256438, 7.8, 50750, 素年锦时
1065970, 7.8, 47965, 彼岸花
1063190, 8.0, 27055, 蔷薇岛屿
1039752, 7.8, 39411, 且听风吟
4882133, 8.6, 8668, 兄弟
3162513, 8.5, 9942, 魍魉之匣（上）
1980436, 8.7, 7352, 流言
1051797, 8.4, 11554, 喜宝
1049688, 8.5, 9430, 妞妞
1018153, 7.8, 30420, 水仙已乘鲤鱼去
2328458, 9.1, 3945, 社会性动物
5337254, 9.0, 4367, 孽子
3616310, 7.6, 38848, 小团圆
1467776, 8.3, 10257, 朗读者
1016523, 7.5, 36702, 告别薇安
25747921, 7.2, 68353, 从你的全世界路过
1458164, 8.3, 7886, 她是女子，我也是女子
1045247, 7.7, 21448, 面包树上的女人
2016749, 8.1, 10064, 金陵十三钗
5366278, 8.0, 11581, 走吧，张小砚
2115040, 8.0, 10338, 玫瑰的故事
2083981, 8.7, 3157, 了凡四训
1470159, 8.4, 4549, 流金岁月
1769773, 9.2, 1606, 我在伊朗长大4
1313124, 8.2, 5758, 赢
3053868, 7.9, 8396, 永不永不说再见
1073333, 8.7, 2479, 我的妈妈是精灵
1437973, 8.7, 2341, 亲密关系
3903387, 7.7, 10290, 香蜜沉沉烬如霜
1096118, 7.9, 6796, 流浪的面包树
3176771, 7.8, 7943, 面包树上的女人
1028780, 7.6, 11049, 三个A Cup的女人
3099359, 8.0, 5022, 拥抱
1082173, 7.8, 6586, 面包树出走了
6511745, 8.0, 4677, 万象
1857022, 8.8, 1529, 大剑 1
1032945, 7.7, 6893, 荷包里的单人床
1084918, 8.0, 4128, 再见野鼬鼠
1566311, 7.7, 6065, 第一次亲密接触
1264534, 7.9, 4259, 雪地里的蜗牛奄列
3045175, 8.0, 3654, 爱上了你
3176766, 7.6, 6820, 三个 A Cup 的女人
1084919, 7.7, 5687, 三月里的幸福饼
1052378, 7.8, 4796, 荷包里的单人床
3168461, 8.1, 2817, 再袭面包店
1057211, 7.9, 3246, 永不永不说再见
1082172, 7.6, 4977, 蝴蝶过期居留
1281275, 7.7, 4004, 流波上的舞
1078133, 7.7, 3954, 我们都是丑小鸭
3081757, 8.0, 2405, 相逢
1062235, 7.5, 5082, 卖海豚的女孩
4294353, 9.2, 569, 净空法师讲《了凡四训》
1420488, 8.0, 2268, 相逢
19967506, 8.8, 849, 小王子
1429944, 7.9, 2572, 拥抱
4230591, 7.3, 6776, 我终究是爱你的
1028916, 6.9, 14326, 雨衣
1130366, 7.9, 2321, 生活秀
1168952, 7.9, 2299, 面包树上的女人
1064282, 7.8, 2576, 思念里的流浪狗
1055486, 7.4, 4738, 魔法蛋糕店
3205249, 7.7, 2868, 荷包里的单人床
1440043, 7.4, 4607, 我在云上爱你
1321820, 8.4, 1090, 烟花三月
4830263, 9.1, 504, 追忆似水年华（第一卷）
1067701, 7.7, 2559, 情人无泪
1171873, 7.8, 2201, 三个A Cup的女人
1817132, 7.3, 4290, 收到你的信已经太迟
1429253, 8.0, 1477, 面包树出走了
3264136, 7.7, 2215, 情人无泪
1082171, 7.7, 2106, 那年的梦想
1019515, 7.5, 2791, 离别曲
1010967, 7.9, 1488, 我微笑，是为了你微笑
1039629, 7.7, 1970, 刻骨的爱人
1024690, 7.8, 1689, 悬浮在空中的吻
6392678, 7.5, 2638, 想念
2060432, 7.1, 5076, 红颜露水
3521168, 7.0, 6098, 谢谢你离开我
1082126, 7.4, 2939, 吸血盟1：蓝蝴蝶之吻
1071623, 7.9, 1354, 再见野鼬鼠
1705579, 7.9, 1320, 爱上了你
1001059, 7.7, 1710, 三月里的幸福饼
1036958, 7.8, 1409, 把天空还给你
1054551, 7.7, 1499, 不如，你送我一场春雨
6392676, 7.3, 2735, 我的爱如此麻辣
1429252, 7.9, 1130, 流浪的面包树
2374818, 7.5, 1919, 葡萄成熟的时候
1596563, 8.8, 396, 曾国藩
3222685, 7.4, 2007, 蝴蝶过期居留
1264537, 7.6, 1437, 蝴蝶过期居留
1028550, 7.7, 1195, 欲望的鸵鸟
2969111, 7.7, 1185, 情未了
1168973, 7.5, 1564, 卖海豚的女孩
3239540, 7.6, 1348, 我们都是丑小鸭
1750317, 7.8, 1014, 面包树上的女孩
1019967, 7.6, 1313, 贴身感觉
19989621, 7.5, 1491, 面包树上的女人
1042035, 7.7, 1089, 幸福鱼面颊
1057010, 7.7, 1067, 一个人的月亮
4224756, 7.7, 1038, 危险关系
1421893, 8.9, 281, The Road Less Traveled
1077536, 7.9, 793, 在天涯寻觅你
3864464, 8.3, 479, 我圻^，所以我活^
1063441, 7.6, 1088, 禁果之味
2148180, 8.1, 535, 最后14堂星期二的课
1281274, 7.6, 974, 魔法蛋糕店
19989623, 7.6, 841, 流浪的面包树
1389973, 7.9, 576, 那年的粝搿Channel (A) I】
3074795, 7.1, 1739, 长夜里拥抱
1264536, 7.7, 704, 那年的梦想
19989622, 7.5, 888, 面包树出走了
1051289, 7.8, 604, 不如，你送我一场春雨
1463570, 8.6, 257, 你的身体是个仙境
1291542, 7.9, 517, I包涑鲎吡
1014710, 7.7, 636, 思念里的流浪狗
1076074, 7.8, 563, 悬浮在空中的吻
4260927, 8.0, 439, 鬼魅丹青
1898279, 8.2, 329, 张小娴散文集1
3776536, 8.4, 260, 永不永不f再
1058098, 8.0, 386, 张小娴作品集
2150811, 7.8, 468, 你有畚业囊惶
1070681, 7.8, 450, 我微笑是为了你微笑(新版)
1822819, 7.7, 504, 你以为你是谁
6429287, 7.0, 1205, 独立书店，你好！
4922596, 7.5, 584, 我的廴绱寺槔
1018259, 7.9, 360, 月亮下的爱情药
1070317, 7.7, 442, 禁果之味
1401864, 8.0, 315, 雪地Y的牛奄列
1772421, 8.3, 233, 肀
1040616, 7.8, 385, 永无止境的怀抱
1901751, 8.9, 138, 星星还没有出来的夜晚
1401860, 7.7, 427, 荷包e的稳舜
25831335, 7.1, 938, 我这辈子有过你
6784039, 5.9, 9539, 你若安好便是晴天
1394170, 7.9, 314, 流浪的I包
2119502, 7.4, 476, 我终究是爱你的
1401945, 7.5, 418, xe曲
1371312, 8.0, 240, I包渖系呐人
1389974, 7.8, 292, 永不永不f再
1397357, 7.9, 261, 我都是h小【Channel (A) IV】
1898276, 8.3, 176, 张小娴小说集1
1007942, 7.8, 286, 亲密心事
26411427, 8.9, 107, 小王子
4140370, 7.6, 345, 海是倒过来的天
1389972, 7.5, 383, 蝴蝶^期居留
1394654, 7.6, 337, 我在上勰
1263960, 8.4, 152, 张小娴小说集2：雪地里的蜗牛奄列、流波上的舞
1394340, 7.9, 234, 刻骨的廴恕Channel (A) V】
1389970, 7.6, 311, 魔法蛋糕店
10789640, 7.5, 338, 相逢
1401861, 7.7, 269, 三月e的幸福
1401932, 7.6, 298, 流波上的舞
4273408, 7.8, 229, 一段矍椋人成L
1863624, 7.4, 356, 测量世界
25663085, 7.1, 518, 你终将爱我
1401856, 8.1, 167, I包渖系呐人
1056700, 7.2, 444, 林徽因传
10739739, 7.4, 336, xx你x_我
24089617, 6.6, 1045, 世界这么大，还是遇见你
26590273, 7.8, 215, 你会想念你自己吗
1394329, 7.7, 236, 再野鼬鼠
3864469, 7.2, 380, 吸血盟2 ─ 花_魔幻地
1401857, 7.5, 244, u海豚的女孩
1401927, 7.8, 178, 三 A Cup 的女人
1401928, 7.2, 340, 是l拿走了那一p雪靴
2150817, 8.0, 141, 收不起的思念
1360908, 7.4, 257, 三A CUP的女人
1277187, 8.0, 140, 张小娴散文集2
1159203, 7.1, 349, 爱情杂志
25985769, 7.1, 328, 我终究是爱你的
1727752, 7.4, 224, 收到你的信已太t
1508235, 8.3, 94, Chasing Daylight
11535136, 6.3, 918, 末世的思念
1361934, 8.0, 107, 蝴蝶^期居留
20424665, 7.5, 170, 流浪的I包洌小棺髌22
10789651, 7.3, 207, 拥抱
25997403, 6.5, 599, 红颜露水
11530891, 7.3, 203, 永不永不说再见
11530892, 7.5, 156, 爱上了你
1151886, 8.2, 81, 马蒂斯论艺术
6606364, 7.9, 103, I包树出走了
4176600, 8.0, 92, 不消失的恋人
1003731, 7.8, 108, 张小娴作品集?小说卷
1394336, 7.8, 108, 情人oI
1797071, 7.7, 118, 吸血盟1-{蝴蝶之吻
3228902, 8.3, 70, 矍橥
5411655, 8.3, 68, 合掌人生
1939651, 7.6, 121, 我在上勰
25879266, 6.9, 259, 我在云上爱你
24700894, 6.5, 370, 没有在一起
1401933, 7.4, 116, 思念e的流浪狗
1772420, 7.8, 81, 相逢
3151269, 7.2, 140, 交Q星夜的女孩
26274629, 7.5, 103, 收到你的信已经太迟
1401863, 7.5, 99, 幸福~面a
1357475, 8.4, 48, 繁花⒈M All the Flowers Are Dying 
26586120, 7.6, 86, 情人无泪
1394338, 7.5, 89, u海豚的女孩
1840312, 7.4, 94, t露水
1389969, 7.6, 72, 把天空o你
26417675, 6.2, 362, 致遗忘了我的你
1291541, 7.9, 55, 雪地e的天使蛋
1401930, 7.3, 90, 不如，你送我一龃河
1401862, 7.3, 87, 腋≡诳罩械奈
3178185, 8.5, 35, 张小娴小说集-A、B卷
1346852, 7.7, 59, 刻骨的廴耍CHANNEL A 第五集
1401929, 7.8, 54, 我微笑，是榱四阄⑿
4714382, 7.2, 89, 倾城十年・芙蓉锦
26325544, 7.6, 62, 长夜里拥抱
25860363, 6.5, 189, 那些为你无眠的夜晚
1345114, 7.5, 66, 吸血盟1{蝴蝶之吻
1759761, 7.7, 56, 爱到无法无天的时候
26253298, 7.1, 94, 最遥远的距离
26264071, 7.4, 70, 三月里的幸福饼
20277513, 8.0, 44, 谢谢你离开我
5269193, 7.3, 75, 我的矍槿绱寺槔
4714372, 6.7, 133, 倾城十年
1342849, 7.8, 48, 情人oI
1401926, 7.2, 72, 禁果之味
4920079, 7.8, 44, 矍榻我的事
3015755, 7.6, 49, 你微笑，我fe。
1401938, 7.4, 56, 欲望的rB
6325097, 7.7, 44, I包树上的女人
4297341, 8.1, 32, 张小娴十年经典文集(小说卷)
5439576, 7.2, 59, 不如你送我一场春雨
26358733, 7.2, 58, 离别曲
25785761, 7.6, 42, u海豚的女孩
2143644, 7.9, 34, L夜e肀
1316597, 7.2, 56, 石魔牌 1：月夜石
4177938, 7.7, 38, 是谁拿走了那一双雪靴（彩图珍藏版）
1440638, 7.1, 60, 地球上的100个男友
4323769, 6.5, 110, 20岁学会恋爱，30岁收获幸福
25733074, 6.9, 69, 那年的梦想
26434140, 6.9, 67, 雪地里的单车
6524356, 6.0, 189, 人脉
3536922, 8.0, 28, 女人的矍樾欣
1401943, 7.5, 37, 在天涯ひ你
1939642, 7.3, 43, 收到你的信已太t
1360542, 8.0, 24, 神I之：魔法占卜
1361935, 7.8, 27, 交Q想念
1401925, 7.2, 41, N身感X
1960963, 7.1, 43, L夜e肀
25747951, 6.9, 51, 蝴蝶过期居留
1401935, 7.4, 34, 永不永不f再
20424668, 7.5, 31, 那年的粝耄小棺髌21
4929235, 6.9, 48, 张小娴散文精选集（4册）
4139250, 6.5, 70, 九型人格与领导力
25747975, 6.7, 55, 刻骨的爱人
3179235, 7.7, 25, 三A Cup的女人(特e珍藏版)
1401934, 7.0, 41, 月亮下的矍樗
2980186, 7.5, 28, 我都是公主
3824251, 7.7, 24, 你有畚业囊惶
3004831, 7.9, 21, 你微笑，我fe
1362033, 7.1, 35, I包渌饺沼
19934572, 7.3, 30, 我在云上想你
25747960, 6.5, 54, 魔法蛋糕店
3442552, 7.3, 27, 男人要的三份Y物
1389968, 7.4, 25, 悠L的背影
1418156, 8.3, 15, 仔夫D
5347838, 7.7, 20, 肋x勰秸
10564875, 7.6, 21, 张小娴经典文集
1291044, 6.9, 33, 地球上的100个男友
6753357, 5.9, 92, 凯特王妃：争来的幸福
1939635, 7.1, 28, t露水
6325335, 7.8, 18, 流浪的I包树
1059949, 7.3, 23, 西北大发现
25747966, 6.9, 30, 我们都是丑小鸭
20424666, 7.3, 22, 魔法蛋糕店－小棺髌25
1419036, 7.5, 17, 失匐sI
6730664, 7.1, 21, 凵夏悖然後凵献约
25854706, 6.7, 28, 我的爱如此麻辣
1401858, 7.3, 17, H密心事
3777728, 7.7, 13, 荷包Y的稳
21339672, 7.1, 17, 最幸福的一种
2199549, 7.7, 12, 男人要的三份Y物
24852530, 7.3, 14, 一霾环质值
3151436, 7.4, 13, I eventually love you
26613943, 6.4, 24, 卖海豚的女孩
4177673, 7.6, 11, 月夜宝石（彩图珍藏版）新版
1372002, 7.5, 11, 再野鼬鼠
1925297, 7.5, 11, 我是@娱L大的
4152772, 7.5, 11, 吸血盟 2: 花_魔幻地
6325154, 7.6, 10, I包涑鲎吡
26667533, 7.6, 10, 想念
1055811, 6.7, 15, 郭沫若和他的三位夫人
1929160, 7.4, 10, 366天朱古力占卜
4145732, 7.4, 10, 不如，你送我一场春雨
