2017-01-23 16:17:59
Tag: 当代
The number of books: 978 

ID, rating, votes, title
1008145, 8.9, 179739, 围城
1082154, 9.1, 120209, 活着
3066477, 9.2, 74665, 三体Ⅱ
1200840, 9.0, 93909, 平凡的世界（全三部）
2567698, 8.8, 125485, 三体
20427187, 8.8, 108688, 看见
1361264, 9.0, 53523, 撒哈拉的故事
3995526, 8.7, 73741, 目送
4238362, 8.6, 82818, 送你一颗子弹
1089243, 8.8, 52474, 黄金时代
1054685, 9.0, 36671, 沉默的大多数
1023045, 8.6, 68635, 我们仨
1029791, 8.7, 56384, 许三观卖血记
1057244, 8.6, 63973, 边城
3369793, 8.7, 50238, 亲爱的安德烈
5414391, 9.0, 28882, 寻路中国
1022060, 8.3, 72999, 狼图腾
1003000, 8.4, 54097, 悟空传
1082334, 8.3, 64804, 穆斯林的葬礼
1085799, 8.6, 35288, 白鹿原
2070844, 8.8, 25081, 梦里花落知多少
1254588, 8.9, 21348, 城南旧事
1767945, 8.8, 24799, 一只特立独行的猪
4207781, 8.8, 24703, 孩子你慢慢来
1963684, 8.6, 32849, 半生缘
1401425, 8.3, 56200, 兄弟（上）
1014578, 9.0, 17247, 我的精神家园
5275059, 7.9, 116924, 1988：我想和这个世界谈谈
1209899, 9.0, 15743, 我与地坛
1192090, 8.7, 24168, 球状闪电
1011754, 8.9, 17166, 海子的诗
3239549, 9.1, 11384, 夹边沟记事
1020459, 8.4, 34387, 此间的少年
1018577, 8.9, 13766, 霸王别姬 青蛇
6880158, 8.7, 17276, 陆犯焉识
1080309, 8.4, 28154, 尘埃落定
1088022, 8.9, 11779, 亮剑
1060852, 8.8, 13407, 呼兰河传
1391191, 8.5, 21461, 京华烟云
20424526, 8.9, 10313, 邓小平时代
2136140, 8.7, 13756, 雨季不再来
3598313, 8.0, 45543, 西决
1033825, 8.7, 13512, 顾城的诗
4884218, 8.8, 11307, 我的阿勒泰
3344676, 8.1, 34150, 常识
5337248, 8.9, 9245, 台北人
1050339, 7.8, 60666, 文化苦旅
1020961, 8.7, 12120, 棋王
1085883, 8.6, 14034, 青铜时代
3633461, 8.6, 13863, 一句顶一万句
1061977, 8.7, 11659, 血色浪漫
1418686, 8.6, 13591, 红拂夜奔
1082349, 8.2, 25854, 长恨歌
3012517, 8.5, 15065, 小姨多鹤
4872671, 8.2, 24871, 佛祖在一号线
10522856, 9.0, 7147, 冬牧场
2243213, 7.9, 40287, 山楂树之恋
3311253, 9.0, 5981, 额尔古纳河右岸
3518332, 8.9, 6838, 绿毛水怪
3803820, 8.4, 14375, 人生
1052990, 8.9, 6791, 草房子
4881850, 9.0, 5897, 阿勒泰的角落
20463108, 8.3, 16421, 观念的水位
1692648, 8.9, 6553, 一个人的村庄
5269439, 8.4, 13766, 城门开
1026425, 7.4, 93042, 三重门
1082150, 8.3, 15677, 白银时代
1025753, 8.2, 18119, 妻妾成群
3010133, 8.4, 12577, 琥珀・恋爱的犀牛
6518605, 9.3, 3595, 三体全集
1883991, 9.3, 3476, 王小波全集
1143694, 8.2, 16664, 动物凶猛
1082138, 8.3, 13185, 在细雨中呼喊
1005358, 9.2, 3661, 寻找家园
22714154, 8.7, 7064, 繁花
1054917, 8.5, 9378, 沧浪之水
1003284, 8.1, 17913, 退步集
1752755, 8.6, 7985, 第九个寡妇
1049219, 7.4, 71721, 长安乱
1076654, 8.7, 6791, 孽子
1003986, 8.8, 5848, 病隙碎笔
26278687, 7.8, 29063, 皮囊
1760432, 9.2, 3378, 受戒
1096790, 8.6, 7451, 黑铁时代
3544376, 9.1, 3676, 顾城的诗顾城的画
2026211, 8.9, 4740, 士兵突击
1082522, 8.2, 13353, 家
3394338, 7.5, 49233, 他的国
3616310, 7.6, 38848, 小团圆
1000517, 8.8, 5189, 故事新编
1029159, 7.5, 47372, 八月未央
1061242, 8.8, 4978, 写在人生边上
1764991, 8.9, 4268, 我的阴阳两界・革命时期的爱情
1078250, 8.2, 11721, 洗澡
3297466, 9.2, 2828, 我的团长我的团（上部）
1453210, 7.4, 50338, 一座城池
3511129, 9.4, 2174, 我的团长我的团（下部）
5337243, 8.6, 5921, 纽约客
1777932, 8.6, 5904, 寻找无双・东宫西宫
2988943, 8.3, 9023, 青灯
1082578, 9.0, 3337, 理想国与哲人王
3194071, 8.6, 5661, 少年巴比伦
1026036, 8.6, 5479, 北岛诗歌集
1703544, 7.5, 35506, 兄弟（下）
1830445, 9.0, 3144, 阿城精选集
1062991, 8.4, 7072, 北京法源寺
1043485, 8.1, 11299, 檀香刑
4238144, 9.1, 2663, 岁朝清供
1822857, 9.0, 2985, 王小波全集（第二卷 杂文）
1082577, 8.7, 4338, 黑铁时代
1015584, 8.0, 12184, 看上去很美
5333599, 8.2, 8605, 春天责备
1460313, 8.4, 6325, 哥伦比亚的倒影
2016749, 8.1, 10064, 金陵十三钗
3389984, 8.6, 4663, 俗世奇人
3010130, 7.7, 19746, 悲观主义的花朵
1436716, 9.1, 2417, 黄金时代白银时代
3264642, 8.7, 3986, 似水流年
3333989, 8.1, 9180, 荒废集
4113090, 7.4, 33347, 我们台湾这些年
1829614, 8.6, 4236, 琼美卡随想录
3662230, 8.5, 4789, 七十年代
1032581, 8.4, 5527, 胭脂扣 生死桥
1465007, 8.2, 7454, 生死疲劳
3406518, 8.5, 4683, 追随她的旅程
1063245, 7.6, 20613, 通稿2003
1763806, 8.5, 4593, 万寿寺
4169424, 7.9, 11678, 蛙
1477437, 8.9, 2697, 唐人故事
1001204, 7.9, 11579, 山居笔记
1049477, 8.0, 9441, 一半是海水一半是火焰
1020241, 7.6, 19114, 千年一叹
2015357, 9.1, 2025, 王小波全集（第六卷）
3013624, 9.0, 2275, 棋王.渫.孩子王
2034893, 7.6, 18722, 那些男孩教我的事
1009160, 7.3, 34613, 像少年啦飞驰
3018339, 7.7, 15335, 万物生长
10607710, 8.0, 9061, 世间的盐
1382840, 8.7, 3158, 背影
1767310, 9.0, 2123, 黄金时代 黑铁时代
3448867, 9.0, 2123, 采桑子
2309689, 8.0, 8518, 圈子圈套1
3880832, 8.2, 6158, 认得几个字
1062455, 8.4, 4581, 康熙大帝（共四册）
1792984, 8.2, 5977, 一个女人的史诗
3662594, 8.1, 6973, 荒人手记
1456183, 8.2, 5954, 我的帝王生涯
6085181, 8.1, 6950, 二号首长
1777823, 8.1, 6928, 八十年代访谈录
3075281, 8.6, 3327, 世界上所有的夜晚
1165173, 8.8, 2553, 务虚笔记
3264665, 8.6, 3264, 三十而立
1819978, 8.5, 3641, 温莎墓园日记
1034108, 7.2, 35145, 零下一度
1151873, 8.2, 5450, 我是你爸爸
1207819, 8.1, 6302, 过把瘾就死
3274851, 8.0, 7362, 原谅我红尘颠倒
5288327, 8.3, 4630, 鸟，看见我了
3621542, 8.4, 4011, 蓝房子
25639223, 8.3, 4623, 身边的江湖
2982257, 8.9, 2086, 面朝大海 春暖花开
1863163, 8.4, 3906, 异兽志
1733250, 8.4, 3805, 韩寒五年文集（上下）
10561209, 8.9, 1969, 全职高手1・放逐斗神
1136988, 8.9, 1954, 命若琴弦
20278799, 7.6, 13151, 三十六大
1444077, 9.2, 1365, 汪曾祺小说经典
1705507, 8.0, 6488, 胭脂扣
6742586, 7.8, 8981, 我不是潘金莲
1050566, 8.0, 6408, 一地鸡毛
3024497, 8.4, 3501, 天浴
1055301, 8.5, 3045, 世界上最疼我的那个人去了
4832553, 8.2, 4569, 侯卫东官场笔记
1853323, 7.9, 7202, 圈子圈套2
2042907, 7.8, 8444, 品三国（下）
11602267, 8.9, 1770, 羊道・春牧场
4912688, 8.5, 2902, 干校六记
1010349, 8.0, 5865, 丰乳肥臀
1949925, 8.1, 4875, 沉落的黄昏
10601137, 7.6, 10977, 你永远都无法叫醒一个装睡的人
1290398, 8.4, 3073, 白蛇
2345727, 7.5, 12823, 蜗居
1023000, 8.6, 2309, 常识与通识
1007313, 8.4, 3001, 留德十年
3033668, 7.8, 7332, 闪开，让我歌唱八十年代
1151876, 8.1, 4551, 顽主
3604331, 8.4, 2940, 午夜之门
6864307, 7.4, 14986, 像我这样笨拙地生活
1124305, 8.1, 4449, 扶桑
11602263, 9.1, 1234, 羊道・深山夏牧场
1073253, 8.8, 1719, 闲话闲说
2237621, 8.4, 2823, 十八岁出门远行
1963395, 8.5, 2468, 鱼丽之宴
4169342, 8.6, 2164, 女儿红
1812895, 8.2, 3703, 东宫・西宫
1440490, 8.6, 2064, 王朔文集（纯情卷）
1972266, 7.7, 7651, 余欢
26309691, 8.3, 3017, 月光落在左手上
6718314, 8.0, 4557, 晚来寂静
20366370, 8.6, 1989, 变革中国
2297786, 7.6, 8773, 北京，北京
1071921, 8.1, 3874, 现实一种
1200843, 8.1, 3843, 芙蓉镇
3197635, 8.9, 1354, 结局或开始
3018322, 7.6, 8324, 活着活着就老了
4894980, 7.8, 5910, 心术
1883990, 8.8, 1477, 白银时代/2010/黑铁时代
1041414, 8.6, 1872, 威尼斯日记
2375977, 8.4, 2416, 香椿树街故事
1029370, 9.1, 1053, 记忆与印象
1072189, 8.8, 1438, 百年思索
1006341, 8.0, 4139, 红粉
1734830, 9.2, 926, 汪曾祺精选集
3239913, 8.0, 4035, 推拿
1768332, 8.3, 2608, 喜福会
1000696, 8.2, 2989, 饥饿的女儿
2257188, 7.6, 7532, 致女儿书
1281653, 7.8, 5354, 秦腔
1047851, 7.7, 6270, 晃晃悠悠
6937888, 8.5, 1934, 树犹如此
1050349, 8.1, 3313, 上海的金枝玉叶
21458706, 8.4, 2165, 出梁庄记
1397889, 8.5, 1896, 穗子物语
1438536, 8.9, 1182, 王小波经典作品
26261240, 7.7, 5966, 古董局中局 3
3464389, 9.1, 938, 大淖记事
1083509, 8.1, 3178, 人面桃花
3652211, 8.6, 1579, 爱默生家的恶客
4919996, 8.7, 1399, 张枣的诗
25716611, 8.5, 1765, 花街往事
25748787, 7.7, 5558, 平生欢
4059800, 8.0, 3456, 私语书
3518334, 8.8, 1222, 我的阴阳两界
1949674, 8.1, 2966, 我纷纷的情欲
1260251, 8.7, 1357, 茶人三部曲（全三册）
3623831, 8.1, 2935, 温故一九四二
4229282, 8.5, 1711, 革命年代
1055054, 8.3, 2207, 刺青时代
6527141, 8.2, 2526, 停车暂借问
4833920, 7.4, 8995, 十八岁给我一个姑娘
2018527, 8.9, 1054, 王小波全集(第八卷)
24882288, 7.5, 7353, 古董局中局 2
1030470, 7.9, 3783, 香草山
2031604, 8.8, 1158, 离婚
20433554, 9.2, 758, 关山夺路
2279868, 7.7, 5105, 风声
1006737, 7.8, 4325, 米
6759059, 8.0, 3179, 二号首长2
1397659, 8.0, 3175, 国画
1008660, 8.4, 1837, 马桥词典
1086468, 8.5, 1619, 黑骏马
1276297, 9.0, 909, 顾城诗全编
1312995, 8.5, 1596, 周国平作品精选
1079475, 8.3, 2056, 那多三国事件簿之桃园三结义
1053331, 8.5, 1584, 王朔自选集
1083882, 8.5, 1584, 白先勇经典作品
1056055, 8.2, 2325, 罂粟之家
1046385, 7.1, 14619, 毒
1002871, 8.0, 3020, 武则天
3395241, 9.1, 789, 豆汁记
4799445, 7.9, 3431, 太阳黑子
1143696, 7.9, 3401, 永失我爱
1428106, 7.7, 4629, 双面胶
1139941, 8.1, 2518, 秋
4901590, 7.7, 4521, 初夏荷花时期的爱情
1468916, 8.6, 1294, 王朔文集 谐谑卷
1001895, 7.8, 3809, 靠自己去成功
24827456, 8.6, 1286, 万箭穿心
6100947, 7.6, 5137, 刘氏女
3026876, 7.8, 3706, 少女小渔
24540864, 6.8, 24673, 第七天
20433556, 8.7, 1111, 昨天的云
25696089, 7.4, 7106, 1980年代的爱情
1053914, 8.5, 1395, 游园惊梦
4903361, 8.3, 1784, 侯卫东官场笔记2
1202550, 8.8, 984, 地久天长
5350804, 8.0, 2659, 中国在梁庄
1009931, 7.7, 4183, 潘金莲之前世今生 诱僧
3225748, 7.9, 3002, 路上有惊慌
1058360, 8.2, 1961, 红高粱家族
5949045, 7.5, 5644, 李可乐抗拆记
1024854, 7.3, 8060, 成都，今夜请将我遗忘
25852518, 7.6, 4724, 南方有令秧
1417905, 7.1, 11841, 废都
10556006, 8.8, 931, 状元媒
6048071, 8.6, 1135, 七声
1793990, 8.9, 815, 早晨从中午开始
1393473, 8.8, 904, 遍地风流
1086466, 8.4, 1413, 北方的河
4621342, 7.8, 3171, 世纪末的华丽
1493523, 8.3, 1578, 读库0601
1083692, 8.9, 790, 中国人本
1078566, 7.6, 4308, 桃之夭夭
5337250, 8.3, 1553, 寂寞的十七岁
2377002, 7.9, 2676, 和我们的女儿谈话
2016626, 8.9, 773, 王小波全集(第七卷):中篇小说
3264655, 8.5, 1203, 未来世界
1876936, 7.8, 3039, 新结婚时代
1025562, 8.1, 1970, 城北地带
1048931, 7.6, 4125, 天堂向左，深圳往右
4929998, 8.3, 1501, 侯卫东官场笔记3
3518333, 8.8, 837, 寻找无双
1962885, 8.1, 1918, 山河入梦
1060779, 7.4, 5632, 圈里圈外
1983487, 8.6, 1029, 王小波全集(第九卷)
2248892, 8.5, 1155, 一本杂志和一个时代的体温
2027824, 8.7, 883, 风景
3662581, 7.6, 3734, 巫言
20433553, 8.8, 777, 怒目少年
1038861, 7.8, 2723, 手机
1127699, 8.1, 1774, 慢船去中国
5975571, 8.0, 2032, 天香
2995941, 8.3, 1368, 没有指针的钟
1084078, 7.9, 2332, 钟鼓楼
2339264, 8.6, 956, 人为什么活着
3160327, 8.0, 2017, 无出路咖啡馆
1130366, 7.9, 2321, 生活秀
1069754, 8.2, 1526, 红处方
1482322, 8.0, 1973, 绿化树
3225756, 8.2, 1495, 灰故事
4137182, 8.3, 1317, 荣辱二十年
4061754, 8.1, 1702, 黑花黄
1002073, 7.7, 2999, 维以不永伤
2326423, 8.3, 1310, 真水无香
26650970, 7.4, 4893, 古董局中局 4
26303224, 8.1, 1691, 说部之乱
5349040, 8.3, 1303, 侯卫东官场笔记4
1734828, 8.5, 1018, 苏童精选集
26669243, 8.2, 1464, 慈悲
1921699, 9.5, 378, 汪曾祺小说
1081604, 7.8, 2495, 秦俑 满洲国妖艳――川岛芳子
21370840, 7.6, 3359, 打工女孩
1839882, 9.2, 483, 史铁生自选集
26425892, 8.5, 990, 我的凉山兄弟
1081971, 8.0, 1842, 拯救乳房
1881118, 7.6, 3319, 解密
10946178, 8.0, 1833, 无尾狗
1090109, 7.7, 2819, 红岩
1415311, 8.1, 1598, 美食家
2071207, 8.4, 1091, 到黑夜想你没办法
1468917, 8.4, 1082, 王朔文集 矫情卷
1085777, 8.4, 1080, 贫嘴张大民的幸福生活
1468918, 8.4, 1080, 王朔文集 挚情卷
5387711, 8.3, 1216, 侯卫东官场笔记5
1041912, 7.9, 2040, 黄昏里的男孩
5910655, 8.3, 1203, 古炉
1025533, 7.7, 2694, 玉观音
1016832, 8.4, 1055, 我负丹青
1077474, 7.9, 2008, 舒婷的诗
25934176, 8.4, 1049, 雪隐鹭鸶
4154985, 8.2, 1332, 天工开物・栩栩如真
3662115, 7.6, 3092, 河岸
6808941, 8.0, 1722, 七日谈
1146304, 8.6, 827, 日光流年
2079345, 8.1, 1493, 侠隐
1285961, 8.3, 1157, 根鸟
1151872, 7.8, 2239, 玩的就是心跳
1000993, 8.1, 1469, 女生日记-中华儿童文学金奖书库
26309861, 8.4, 986, 摇摇晃晃的人间
1009381, 8.5, 872, 少年血
1014310, 7.4, 3983, 痛并快乐着
1069227, 7.9, 1846, 世事如烟
3723236, 8.0, 1607, 我与父辈
25784438, 8.2, 1235, 不留心，看不见
2284204, 7.4, 3873, 道士下山
1037951, 8.3, 1074, 食指的诗
1051163, 7.1, 6531, 同学少年都不贱
2250331, 7.8, 2046, 高兴
26148896, 8.5, 837, 北平无战事
4887519, 8.6, 748, 给姑娘陛下
1073535, 9.1, 452, 人与自我
1080350, 9.1, 452, 春秋来信
10453121, 7.3, 4451, 下面，我该干些什么
1126440, 8.1, 1333, 妇女生活
24872210, 9.2, 407, 无愁河的浪荡汉子・朱雀城
1071402, 8.5, 817, 南方有嘉木
26672441, 8.5, 814, 收山
2300636, 7.4, 3633, 我叫刘跃进
1046276, 8.1, 1302, 温暖和百感交集的旅程
26272073, 8.1, 1286, 一生里的某一刻
1039060, 7.9, 1638, 玉米
26341546, 8.9, 515, 大灭绝时代
1056806, 7.8, 1880, 动什么，别动感情
3769019, 8.5, 777, 闪亮的日子
1062346, 8.0, 1415, 王贵与安娜
2568438, 8.6, 693, 权力与荣耀
2365114, 7.8, 1844, 中国纪事
5996623, 8.2, 1083, 侯卫东官场笔记6
1822817, 8.3, 952, 你是一条河
5414639, 8.5, 757, 旧情复燃
1770956, 8.6, 672, 活着的事
1045578, 8.7, 602, 长河
1026871, 8.0, 1354, 林清玄散文
1151877, 7.8, 1775, 千万别把我当人
1205283, 9.4, 313, 汪曾祺全集(1)
1029739, 8.0, 1344, 生命的留言
1986050, 8.8, 536, 哲学 科学 常识
6026256, 8.7, 592, 红婴仔
1851303, 8.3, 911, 达马的语气
1028406, 8.8, 527, 与鲁迅相遇
6840152, 8.0, 1311, 甘南纪事
3662614, 7.9, 1492, 淡江记
1006970, 7.9, 1490, 上海的风花雪月
7916072, 7.6, 2272, 杨氏女
3878514, 7.9, 1478, 苍黄
25897333, 7.5, 2633, 我讲个故事，你可别当真啊
1394402, 8.4, 791, 死水微澜
1052477, 7.6, 2251, 中国式离婚
1009368, 7.9, 1455, 李敖回忆录
23186549, 7.8, 1667, 我们家
1024733, 7.7, 1920, 鲜血梅花
6780861, 7.7, 1916, 春尽江南
3880354, 8.7, 563, 金山
6783708, 8.1, 1104, 怒河春醒
1062148, 7.6, 2177, 我胆小如鼠
1734833, 8.2, 964, 余华精选集
1018664, 8.5, 677, 等待野蛮人
1023478, 7.9, 1396, 怀念声名狼藉的日子
1289044, 8.1, 1074, 画眉记
2222030, 8.0, 1215, 生活中的经济学
2030442, 8.3, 841, 年轮
3415661, 8.1, 1065, 水在时间之下
1858594, 7.3, 3396, 暗算
1899764, 8.4, 745, 长征
4917570, 9.0, 404, 旧人旧事
1051324, 7.8, 1572, 铁屋中的呐喊
11632290, 8.7, 535, 未名湖畔的爱与罚
1059716, 8.6, 590, 水乳大地
1005411, 7.8, 1543, 透明的红萝卜
6047925, 8.2, 919, 梦游书
1067960, 8.1, 1028, 青衣
1070598, 7.9, 1323, 上海的红颜遗事
24862876, 7.4, 2737, 黄雀记
1081485, 8.3, 800, 记忆碎片
5423772, 7.8, 1501, 西夏旅馆
5275073, 7.9, 1294, 白雪乌鸦
4732153, 7.7, 1692, 过得去
1007396, 8.1, 992, 男生日记
20394952, 8.1, 992, 九篇雪
1072847, 7.7, 1683, 鱼和它的自行车
5408346, 8.6, 562, 九栋
10522858, 8.5, 623, 马雁诗集
4215678, 7.9, 1273, 我城
1063418, 7.7, 1674, 没有一条道路是重复的
2188233, 8.2, 867, 中国当代文学史
1080223, 9.2, 314, 人与国家
1214006, 7.9, 1248, 王朔文集
1080753, 8.2, 850, 受活
1443976, 8.2, 848, 三寸金莲
1018416, 8.1, 955, 花忆前身
26712353, 8.7, 491, 血疫
6529831, 8.1, 950, 侯卫东官场笔记7
1071187, 9.0, 366, 老舍幽默诗文集
2052760, 8.1, 940, 我能否相信自己
6810540, 7.9, 1207, 红高粱
1038744, 7.2, 3457, 来来往往
5423777, 8.1, 932, 睡觉大师
1017172, 7.8, 1372, 大浴女
1444225, 7.3, 2898, 那么，爱呢？
1084079, 7.9, 1190, 少年天子
25789686, 8.3, 729, 相遇
4882008, 8.4, 649, 亚特兰蒂斯之心
24754720, 6.9, 5891, 我的朋友陈白露小姐
2258056, 8.7, 471, 逍遥津
1042633, 8.7, 469, 梦也何曾到谢桥
1838307, 8.8, 425, 史铁生精选集
5288540, 7.6, 1733, 朱雀
26284529, 7.6, 1733, 群山之巅
1072368, 7.5, 2003, 我爱比尔
1490736, 7.7, 1488, 古典爱情
4191638, 8.4, 625, 10 1/2章世界史
11527556, 8.8, 415, 五味
1075045, 7.7, 1482, 上海王
2372670, 7.9, 1130, 兔子，跑吧
10618099, 8.5, 557, 奇迹集
1018178, 7.9, 1120, 浮躁
4210280, 7.6, 1691, 除非灵魂拍手作歌
6901550, 8.1, 869, 侯卫东官场笔记8
19987957, 7.3, 2666, 寡人有疾
25713688, 8.3, 683, 蒋公的面子
2999641, 8.3, 677, 现实一种:余华中短篇小说集
1014374, 8.4, 605, 东藏记
2002992, 8.4, 603, 爱，是不能忘记的
1641034, 8.7, 442, 路遥全集
5946558, 8.3, 671, 莲生与阿玉
20375477, 8.6, 487, 这世间所有的白
1086449, 7.6, 1632, 男人的一半是女人
6889351, 8.7, 438, 建筑的诗学
1023598, 7.4, 2196, 支离破碎
1477232, 7.9, 1075, 乔家大院
1457149, 7.8, 1225, 英儿
5416922, 8.8, 395, 萨勒姆的女巫
3449304, 8.5, 529, 哈佛大学建筑系的八堂课
1082236, 8.4, 587, 我没有自己的名字
3075270, 8.6, 473, 起舞
6729209, 7.7, 1364, 遣悲怀
1801964, 8.4, 578, 刘震云精选集
1975960, 7.1, 3463, 所以
1033922, 8.0, 907, 英格力士
1962249, 8.3, 630, 换位
10536368, 8.2, 705, 纸上卧游记
5912249, 7.4, 2045, 生于一九九叉
1011180, 8.7, 410, 顾准日记
1042814, 9.2, 261, 人与世界
1289045, 8.0, 876, 采薇歌
1978928, 8.1, 775, 永远有多远
1444504, 8.3, 615, 四面墙
1029698, 7.6, 1483, 英国情人
1048411, 7.6, 1480, 战栗
1262965, 8.2, 684, 中国当代文学史教程
26791998, 8.3, 610, 山中的糖果
1960287, 8.4, 547, 蒙着眼睛的旅行者
10567171, 8.0, 864, 生命册
1428004, 8.2, 681, 羊的门
1292354, 7.6, 1465, 空山
5421005, 8.9, 333, 烟之外
4026740, 7.7, 1271, 荒野猎人
2216376, 8.3, 606, 零号特工
25900956, 8.0, 856, 刻小说的人
1505559, 8.1, 758, 上种红菱下种藕
1434480, 7.6, 1449, 你别无选择
1122859, 8.6, 433, 越过云层的晴朗
26757657, 8.3, 588, 望春风
1001057, 8.3, 587, 龙旗飘扬的舰队
1015952, 8.6, 425, 邓小平时代
5914551, 8.1, 727, 我在故宫看大门
10785589, 7.8, 1044, 我想陪你去麦加
20452802, 7.8, 1036, 带灯
6127284, 8.5, 453, 酒徒
3183086, 8.2, 624, 巴珑
1011637, 7.7, 1158, 梅次故事
5980472, 7.4, 1776, 霜降
5978079, 7.8, 1009, 百家姓
1005993, 7.6, 1321, 压伤的芦苇
1042863, 8.0, 782, 向日葵
4309094, 8.3, 553, 体育时期
1547677, 8.0, 780, 等待
1327414, 8.5, 447, 唐山大地震
1072541, 8.4, 492, 中国现当代文学名篇十五讲
1025960, 8.1, 684, 愤怒
1029326, 8.5, 439, 神木
23780549, 7.8, 978, 愿你的道路漫长
1461195, 8.1, 653, 我的丁一之旅
3894842, 7.5, 1412, 格萨尔王
1424665, 7.6, 1205, 我们的钱瑗
1963629, 7.9, 805, 密语者
4117261, 7.1, 2574, 赴宴者
7063852, 8.2, 561, 石泉城
1078516, 7.9, 795, 心灵史
2068070, 7.6, 1177, 启蒙时代
4747442, 8.2, 557, 知青变形记
2030664, 6.7, 5320, 我的千岁寒
1005939, 8.1, 615, 故乡天下黄花
1043416, 8.2, 549, 人有病  天知否
1028977, 8.7, 329, 玻璃屋顶
1064566, 7.6, 1148, 私人生活
1045653, 7.2, 2089, 心碎你好
26384375, 7.8, 868, 平乐镇伤心故事集
1437160, 7.7, 985, 平原
2979012, 8.0, 668, 十八相送
3058259, 8.0, 664, 你不是一个俗人
1074879, 8.3, 472, 轻功是怎样炼成的
24869869, 8.4, 424, 慢骑中国
10566848, 7.8, 841, 黑夜飞行
1963368, 8.0, 658, 青木川
2568082, 8.2, 523, 闯关东
1420339, 8.0, 655, 博士的爱情算式
1772173, 7.4, 1448, 诱僧
1988741, 7.0, 2762, 驻京办主任
7154690, 8.3, 467, 王小波全集 第一卷
1040361, 8.1, 576, 曾在天涯
3160326, 7.8, 825, 雌性的草地
1143899, 7.7, 938, 一点正经没有
1491734, 8.2, 513, 私人生活的变革
23134220, 8.2, 513, 上课记2
1068866, 7.6, 1067, 小鲍庄
10742745, 8.1, 570, 模范青年
1434426, 8.5, 373, 一个大学校长的自白
1119332, 7.4, 1396, 怀念狼
1770953, 8.5, 365, 写作的事
1475258, 7.3, 1593, 青瓷
26274801, 7.5, 1180, 沉默也会歌唱
2073471, 8.2, 490, 慢船去中国
1162565, 8.3, 435, 羽蛇
20433557, 8.2, 483, 文学江湖
10517247, 8.5, 353, 在新疆
1060204, 7.6, 991, 历史的天空
25958626, 7.9, 675, 橄榄成渣
25761068, 8.5, 350, 天桥上的魔术师
1291021, 7.9, 671, 狗日的粮食
19977690, 8.3, 428, 天堂蒜薹之歌
1888581, 8.4, 386, 我爱美元
1427726, 8.1, 523, 耻辱者手记
26313575, 8.2, 468, 各自爱
3075276, 8.6, 311, 逆行精灵
1005242, 7.8, 734, 古船
1980793, 8.5, 339, 王晋康科幻小说精选（全4册）
1051928, 9.1, 198, 跨越边界的社区
14449069, 8.0, 567, 春在绿芜中
1200827, 8.1, 506, 白门柳（全三册）
25800697, 7.1, 1932, 妈阁是座城
6875218, 8.5, 330, 富春山居图卷
1779578, 9.2, 176, Vitamin D
25913504, 7.2, 1588, 邹氏女
25804642, 7.5, 1000, 谈话的泥沼
26359462, 7.6, 868, 床畔
3703510, 7.1, 1797, 谜踪之国 I
1962248, 8.3, 377, 好工作
10512240, 7.9, 583, 燕巢与花事
1101677, 8.8, 234, 问题与方法
1043212, 7.4, 1093, 在一起
25910582, 8.0, 508, 成长，请带上这封信
1822820, 7.6, 824, 不谈爱情
2159124, 8.4, 331, 高山下的花环
14278377, 8.5, 300, 不堪抄
1857446, 6.6, 4199, 碧奴
1077926, 7.6, 814, 菩萨蛮
1455679, 7.4, 1070, 无知者无畏
24849840, 8.0, 497, 静默有时，倾诉有时
3081123, 9.2, 162, China
2008235, 7.5, 913, 丑闻笔记
2159149, 8.6, 267, 书海泛舟记
5281331, 7.7, 698, 再不相爱就老了
1047218, 7.9, 543, 西州月
10521376, 7.1, 1610, 北京小兽
1077917, 7.5, 890, 四十一炮
1320797, 8.3, 347, 毕淑敏作品精选
1824720, 8.7, 237, 最美的夏天-阳光姐姐嘉年华
6097359, 8.0, 470, 花与舌头
3194284, 8.1, 421, 我们时代的叙事
5336223, 7.0, 1833, 地铁
25874670, 8.3, 340, 大地上的事情
10440961, 8.1, 418, 告别的年代
10508059, 7.5, 860, 屋顶长的一棵树
1750013, 7.8, 586, 曼哈顿的中国女人
23774736, 7.4, 977, 春天在哪里
3627948, 8.4, 304, 持灯的使者
1398460, 7.9, 515, 余秋雨散文
3735996, 8.4, 303, 西征记
10563468, 7.5, 844, 隐身衣
6391201, 7.8, 571, 二十二岁之前
1201867, 8.5, 272, 十面埋伏
3359745, 8.7, 227, 隐匿者
1006691, 8.8, 208, 年月日
3110731, 7.3, 1101, 风雅颂
6952009, 8.1, 403, 灰舞鞋
1448674, 7.8, 563, 无处告别
1291345, 8.3, 326, 我的世界下雪了
1027989, 7.6, 719, 爸爸爸
1316684, 8.1, 398, 血色黄昏
25725064, 7.2, 1250, 炸裂志
1025559, 7.4, 910, 一个人的战争
1201830, 7.2, 1215, 小姐你早
10775763, 7.2, 1214, 补玉山居
26803179, 8.4, 285, 平原上的摩西
10946179, 7.3, 1030, 通俗爱情
1054384, 7.9, 476, 西方美术史十五讲
1088525, 8.4, 281, 1957年的夏季
10426427, 8.4, 281, 白银时代
3075279, 8.2, 341, 秧歌
1082652, 8.4, 272, 爸爸在天上看我
1393894, 7.8, 513, 白狗秋千架
1034262, 7.9, 457, 西川的诗
1084407, 8.4, 269, 乌泥湖年谱
3288165, 7.3, 968, 阿
2327728, 8.4, 268, 踏着月光的行板
1059113, 7.8, 502, 与往事干杯
1469266, 7.7, 561, 冈底斯的诱惑
5321791, 7.3, 945, 中文系
6105339, 7.6, 627, 煤老板自述三十年
20499688, 8.1, 350, 黄鸡白酒
1398449, 8.1, 349, 贾平凹散文
24704186, 7.6, 619, 荒芜城
1011647, 8.3, 283, 扎根
2059360, 8.1, 341, 人啊，人！
1104719, 8.5, 229, 严歌苓文集（共7册）
4229407, 7.4, 772, 宝岛眷村
6856711, 7.8, 465, 不许流光入梦来
1080828, 7.3, 881, 小城之恋
24760962, 8.6, 205, 王道士的孤独之心俱乐部
3183810, 7.2, 996, 酒国
26236436, 7.2, 995, 我们夜里在美术馆谈恋爱
1019391, 7.6, 579, 爱与痛的边缘
25981277, 8.2, 296, 抚顺故事集
1043085, 8.1, 326, 孝庄秘史
1010173, 7.5, 652, 绿袖子
1011911, 8.3, 266, 花腔
1013396, 8.0, 359, 无字（第一部）
1061596, 8.3, 264, 69届初中生
1022229, 7.9, 396, 玫瑰门
24870163, 7.6, 556, 万物皆有伤心处
2237535, 7.7, 491, 烦恼人生
1220840, 7.5, 626, 1949年：中国知识分子的私人记录
1047178, 8.5, 213, 昌耀的诗
3430536, 7.0, 1262, 上流社会知识竞赛
26598482, 7.3, 807, 密林中
3623828, 8.2, 279, 故乡相处流传
1907928, 7.9, 381, 禁锢在德黑兰的洛丽塔
3225885, 7.7, 475, 跑步穿过中关村
26171466, 9.2, 119, 筚路维艰:中国社会主义路径的五次选择
2177833, 8.6, 190, 再解读
1045231, 7.3, 783, 花儿与少年
25784952, 8.1, 302, 读库1306
4213460, 7.9, 371, 一个人的诗歌史
3779927, 7.9, 370, 与希罗多德一起旅行
20502629, 8.6, 187, 黄连.厚朴
1278751, 7.7, 460, 白夜
24845389, 7.7, 458, 潜意识
1961473, 8.2, 267, 官人
6946737, 8.6, 183, 当代中国的启蒙与反启蒙
1981397, 7.8, 401, 三个六月
25788888, 7.9, 351, 我亲爱的精神病患者
2995375, 8.1, 283, 天狗
1001911, 7.3, 725, 灵魂饭
1946854, 8.5, 193, 高女人和她的矮丈夫
3072313, 7.4, 623, 不失者
1067070, 7.3, 708, 米尼
10480987, 7.3, 707, 郁闷的中国人
1146285, 8.5, 189, 瓦城上空的麦田
2138402, 7.8, 376, 塔铺
6971752, 7.2, 794, 对照记@1963
3741483, 7.9, 332, 大动乱的年代
1260663, 8.5, 184, 日本故事
1375398, 8.5, 183, 毕司沃斯先生的房子
3002467, 8.6, 168, 厚土
2973325, 8.2, 239, 纠正
3550069, 8.0, 291, 哺乳期的女人
24742929, 8.6, 166, 碎琉璃
1039758, 7.8, 359, 石榴树上结樱桃
24699651, 7.7, 401, 吃饭
24533414, 7.4, 578, 涂自强的个人悲伤
1929042, 8.9, 130, 一九四零年以来的艺术
2137818, 7.9, 319, 伏羲伏羲
25755752, 8.4, 195, 监狱琐记
4917225, 7.0, 1003, 余震
1052127, 7.7, 395, 活动变人形
10563199, 8.9, 128, 国家记忆（2）
1421014, 7.2, 737, 我和你
1200845, 7.3, 634, 沉重的翅膀
1081206, 7.1, 835, 作女
3070554, 7.8, 343, 人到中年
6959636, 8.6, 158, 写碑之心
1425007, 8.1, 248, 玛卓的爱情
1078244, 7.0, 945, 青春之歌
1132974, 7.1, 813, 组织部来了个年轻人
1003664, 7.5, 473, 深喉
6953465, 8.7, 143, 花瓣饭
5989228, 7.8, 331, 十四首素歌
20257127, 8.2, 220, 从小李到老李
1425023, 9.2, 98, 矮纸集
26932735, 9.8, 67, 从尊敬一事无成的自己开始
2213491, 8.1, 239, 心灵独白：余杰自选集
10442344, 7.7, 364, 九歌.绿衣
1317879, 7.9, 292, 九月寓言
11601093, 7.5, 458, 成为和平饭店
2237615, 8.1, 236, 无主题变奏
1434521, 7.7, 355, 知识分子都到哪里去了
1847633, 8.2, 210, 香港的情与爱
3193403, 8.8, 126, 病有所医当问谁
2060498, 7.2, 642, 我要成为世界的一部分
5502410, 6.7, 1383, 北京的腔调
1019984, 8.2, 206, 雾月牛栏
1786899, 8.1, 226, 又见棕榈 又见棕榈
1133947, 8.3, 187, 中国现当代文学专题研究
3115481, 8.9, 114, 刘以鬯小说自选集
1262065, 7.5, 428, 世间女子
11538355, 6.9, 974, 我曾爱过你，想起就心酸
1425031, 8.7, 131, 逝川
24739078, 8.0, 243, 彼年此时
26774892, 8.1, 220, 我们爱过又忘记
1425034, 7.9, 266, 虚构
6785420, 7.9, 265, 辛亥年
1082653, 8.3, 179, 往事
1939040, 8.2, 196, 我与上一代人的战斗
24226729, 7.1, 692, 晚安玫瑰
1260580, 7.7, 325, 欲望的旗帜
2252403, 7.5, 408, 盂兰变
4953489, 8.3, 178, 九月里的三十年
1280291, 8.2, 194, 云破处
20472036, 7.2, 592, 众声喧哗
1200841, 7.2, 588, 许茂和他的女儿们
1162866, 7.8, 280, 武汉故事
1679588, 8.8, 114, 那儿
1930501, 8.4, 157, 毕飞宇小说
2974027, 8.6, 133, 韩少功散文
2184297, 8.2, 186, 佛的孤独
2992485, 8.9, 105, 此时此地
1069857, 8.6, 132, 天下第一楼
2136481, 8.1, 204, 艺术不是惟一的方式
2307682, 7.4, 434, 北京人在纽约
1002471, 8.1, 203, 他们不得不从河堤上走回去
2150585, 8.2, 184, 黑白
25764376, 8.1, 200, 父亲到死，一步三回头
10756546, 8.2, 182, 遗弃
4189138, 7.5, 375, 重返1976
10794790, 7.6, 333, 六人晚餐
26586126, 8.4, 151, 黑糖匣
1044912, 8.2, 179, 晚学盲言（上下）
1830011, 8.3, 163, 徐冰：烟草计划
20381893, 7.3, 469, 小镇奇人异事
3779926, 8.0, 213, 芒克的诗
4891534, 8.5, 136, 傅雷书信选
1040689, 7.7, 289, 交锋
10825209, 7.6, 318, 在电影院遇见弗洛伊德
21361336, 8.8, 106, 我妹
21716347, 7.4, 397, 日夜书
20381889, 7.8, 251, 外星人防御计划
1029375, 8.0, 205, 纪实和虚构
1692012, 8.0, 202, 烟波江南Ⅰ・梨花落・碧玉钗
6124301, 7.0, 649, 赫本啊赫本
1048570, 7.8, 240, 1937年的爱情
25931861, 6.5, 1407, 洗澡之后
1146287, 8.0, 192, 淡绿色的月亮
1044786, 7.6, 288, 蹉跎岁月
2237618, 8.0, 189, 迷舟
2339902, 8.2, 157, 一个人的呐喊
5500743, 7.8, 228, 更与何人说
1398447, 7.9, 204, 冯骥才散文
1165463, 8.3, 141, 人间鲁迅
10770916, 7.5, 311, 逃跑家
1143017, 8.8, 95, 浮生琐忆
10763466, 7.1, 509, 中间代・代表作
1127683, 8.5, 118, 从两个蛋开始
19976869, 8.0, 182, 一池疏影落寒花
23860457, 7.7, 243, 躺下去会舒服点
5944469, 7.4, 340, 幸福来敲门
10571973, 7.4, 340, 你所不知道的夜晚
3037409, 8.3, 136, 重庆性格之白沙码头
3002454, 8.0, 177, 旧址
3321606, 7.9, 191, 底牌1
5924683, 8.1, 158, 阮郎归
3796226, 7.3, 357, 一个啤酒主义者的独白
26767595, 8.1, 153, 云物如故乡
5949306, 8.2, 140, 骆一禾的诗
2760702, 8.6, 101, The Absolutely True Diary of a Part-Time Indian
26374862, 8.1, 152, 奔跑的月光
1021141, 7.8, 199, 流水三十章
6811699, 7.5, 272, 火车环岛台湾自由行
3753878, 7.2, 389, 恋人版中英词典
1082108, 7.3, 341, 德龄公主
1034603, 6.9, 578, 红X
1921338, 7.5, 265, 灵与肉
26259092, 7.5, 264, 山上有神
26074846, 8.2, 133, 我们的天真填满整个宇宙
25756940, 7.3, 326, 瞻对：终于融化的铁疙瘩
4730228, 8.3, 118, 大地雅歌
1170538, 8.0, 151, 肖开愚的诗
1972077, 7.3, 312, 王安忆读书笔记
10542980, 7.6, 219, 北京，最后的纪念
25937456, 7.3, 302, 我的九十九次死亡
1014978, 7.5, 238, 天鹅绒
1545933, 8.7, 81, 大海停止之处
26307908, 7.7, 187, 野蛮生长
26183356, 7.4, 254, 以奋斗者为本
1440035, 8.3, 106, 须兰小说选
1062409, 7.8, 164, 西省暗杀考
25931615, 7.8, 163, 胎心、异物及其他
3797441, 9.2, 56, 大漠祭
1763355, 9.9, 38, 牟宗三先生全集(全33册)
26897973, 7.6, 193, 中国特色的译文读者
4826132, 7.5, 214, 穿心莲
19941417, 7.9, 141, 戏年
25723256, 8.3, 98, 爱是与水和星同行的旅程
19964266, 7.6, 183, 重新做人
1988700, 7.9, 137, 马原自选集
3713398, 7.8, 150, 左边
1751281, 7.8, 145, 作品与展场
2053682, 9.5, 43, 老舍幽默文集
4104387, 8.9, 61, 人类传播理论
25876241, 7.2, 269, 飘窗
10746178, 7.8, 142, 修补匠
3202440, 7.5, 187, 暴风骤雨
3201500, 8.0, 116, 走下坡路的男人
25831578, 8.4, 84, 永远的菲利普
2224611, 8.0, 115, 没有纽扣的红衬衫
1223750, 7.2, 255, 创业史（全二册）
25871715, 8.2, 96, 性学入门
1314959, 8.2, 95, 中国当代新诗史
3124541, 7.3, 217, 她们
11503110, 7.9, 119, 纸上蹁跹
24876757, 8.3, 85, 俞心樵诗选
20563218, 7.1, 269, 十三亿种活法
2245227, 8.3, 84, 差异
20413517, 8.0, 106, 春梦
25918783, 7.3, 204, 苦菜花，甘蔗芽
2250803, 8.5, 70, 郭店楚简校读记
26342533, 8.2, 87, 新的一天
24940983, 8.1, 94, 严歌苓作品集：谁家有女初长成
2184558, 7.7, 133, 当代艺术
2012816, 7.8, 121, 20世纪中国艺术史
7062628, 8.3, 80, 许子东讲稿-张爱玲.郁达夫.香港文学-卷二
1103137, 7.6, 144, 世界当代艺术史
1908392, 8.2, 85, 金庸小f的女子
4062447, 9.5, 37, 光学原理
4267151, 7.7, 129, 一生中最高兴的一天
1439342, 8.5, 67, 法治秩序的建构
1042830, 7.9, 104, 故乡面和花朵（全四册）
25785647, 9.0, 47, 王小波思想小品
26662022, 7.4, 161, 情史失踪者
21359062, 7.6, 129, 北去来辞
1262214, 7.2, 193, 妇女闲聊录
1974711, 7.7, 116, 当代文学理论导读
25938049, 7.5, 139, 天体悬浮
23037924, 7.9, 94, 影响
2010598, 8.9, 46, 走向混沌
25923591, 5.7, 2114, 老师好美
25893458, 7.6, 120, 空巢
2043286, 7.9, 91, 儿子的大玩偶
3156693, 7.8, 99, 共产主义下的广州
25809574, 7.4, 144, 少年游
26683050, 9.4, 34, 你是前所未有的
24878424, 8.3, 66, 每一次相遇都是一粒种子
6037875, 7.5, 129, 学习蒲松龄
1274958, 8.7, 50, 狱里狱外
3376687, 7.5, 127, 苍河白日梦
25882262, 7.2, 173, 蟠虺
1027092, 9.1, 38, 市场的昨天与今天
19957710, 8.7, 48, 自由诗篇
24852538, 8.4, 58, 大馆奴
26331084, 8.5, 54, 哀眠
26380073, 8.2, 66, 三人成宴
3008800, 8.6, 50, 先秦文化史讲义
26711232, 8.6, 50, 世间始终你好
25790082, 7.6, 106, 读懂中国改革
1020520, 8.0, 75, 林白文集（全四册）
26393373, 7.7, 96, 世间所有的寂静 此刻都在这里
1040279, 9.6, 28, 史铁生
2325934, 8.1, 67, 资产阶级自由化言论辑录
20563018, 8.0, 72, 1966－1970：暗淡岁月
1352699, 8.5, 48, F{
25839997, 8.1, 63, 文学史微观察
5254355, 8.2, 58, 这里不平静
3121288, 8.2, 57, 清水里的刀子
3598595, 8.1, 61, 中国戏剧史研究入门
1987651, 8.0, 63, 思凡
25912904, 8.2, 54, 行动中的绘画
25961341, 7.6, 84, 三个三重奏
24861020, 8.4, 45, 要么庸俗 要么孤独
4937488, 8.1, 55, 解读延安
26285981, 8.0, 58, 韩东的诗
26264004, 8.3, 47, 
25839984, 8.6, 38, 夜雨赏荷
3337102, 7.4, 91, 下落不明的生活
11907998, 8.1, 50, My Beloved World
1061624, 6.0, 519, 遗情书
26428578, 8.6, 36, 接下来，我问，你答
26840483, 8.2, 44, Hillbilly Elegy
1425011, 8.1, 47, 秋风醉了
2137809, 8.1, 47, 老井
1088443, 9.4, 22, 伤寒论临证指要
26414452, 7.2, 92, 陪都重庆
25871620, 7.2, 91, 道济群生录
11595929, 6.8, 131, 王澍建筑地图
5348123, 6.2, 288, 班主任
1753875, 6.9, 115, 天怒
26692133, 6.6, 161, 匿名
26772461, 6.4, 195, 我们为什么总是看错人
6813419, 8.4, 32, You Are Not So Smart
24695948, 7.4, 61, 希特勒与20世纪德国
3294275, 8.2, 34, 一千个春天-婚姻的自述
1135242, 7.9, 41, 当代西方史学理论
1168740, 8.5, 28, 露沙的路
1588110, 7.6, 50, 溥杰自传
1143960, 7.9, 39, 解放的速度
25900966, 8.3, 29, 想念梦幻的桂旗
1223753, 7.4, 53, 上海的早晨（全四册）
24860612, 7.7, 41, 绝响
26742950, 8.1, 31, 仿佛若有光：女主播抑郁症日记
11510636, 8.3, 27, 无鸟的夏天
1047635, 7.7, 39, 生死恋歌
1881721, 8.8, 18, 当代俄罗斯中短篇小说选
10573949, 7.5, 37, 发光体1号
26665637, 5.8, 237, 愿你成为最好的女子
24714746, 8.8, 17, 民主课
25822503, 7.1, 44, 成长比成功更重要：刘墉谈读书与做人
25763562, 7.1, 35, 策展的挑战
26802289, 7.6, 21, 天吾手记
26411941, 7.3, 17, 星球大战：传承1
