2017-01-23 16:17:59
Tag: 德国
The number of books: 938 

ID, rating, votes, title
1043008, 8.9, 27886, 格林童话全集
1002898, 9.1, 15615, 父与子全集
1292416, 8.5, 26410, 香水
3406401, 9.0, 11010, 悉达多
3261600, 9.3, 5589, 人生的智慧
3578470, 9.0, 5791, 德米安
3537590, 8.3, 15166, 朗读者
2180619, 8.0, 23363, 偷书贼
1012032, 8.6, 7384, 查拉图斯特拉如是说
1004699, 8.9, 4452, 作为意志和表象的世界
1907739, 8.6, 5841, 当世界年纪还小的时候
3131626, 8.9, 3429, 荒原狼
2165063, 9.2, 2252, 纳尔齐斯与歌尔德蒙
1063852, 8.8, 3586, 悲剧的诞生
1007952, 9.4, 1721, 蓝熊船长的13条半命
1047138, 7.7, 18995, 少年维特的烦恼
1049957, 8.6, 4237, 浮士德
1438816, 9.1, 2227, 给青年诗人的信
1216737, 8.9, 2785, 纯粹理性批判
1035326, 8.7, 3448, 一次?图片和故事
1783111, 8.7, 3120, 存在与时间
1880823, 8.8, 2585, 格林童话
1292412, 9.1, 1763, 叔本华思想随笔
1460340, 8.9, 2207, 人性的，太人性的
1277275, 9.2, 1485, 学术与政治
1849791, 8.5, 3395, 铁皮鼓
2165076, 9.0, 1749, 玻璃球游戏
1417878, 8.5, 3167, 里尔克诗选
2120339, 8.6, 2493, 是谁嗯嗯在我的头上
1007313, 8.4, 3001, 留德十年
1192706, 9.1, 1232, 大盗贼
1163327, 8.8, 1705, 列那狐的故事
2254615, 8.9, 1472, 西线无战事
1125731, 8.8, 1650, 第三帝国的兴亡（上中下）
1042434, 8.0, 4794, 安妮日记
3578471, 8.8, 1632, 盖特露德
1008459, 9.0, 1195, 毛毛
1116338, 9.1, 1062, 叔本华论说文集
1034259, 8.5, 2060, 小逻辑
1462523, 9.2, 907, 生命的肖像
3463292, 9.2, 830, 叔本华美学随笔
1486658, 9.2, 829, 奥菲利娅的影子剧院
4621099, 8.3, 2173, 死于威尼斯
1220559, 8.7, 1318, 胡桃夹子
1000213, 8.5, 1666, 迎向灵光消逝的年代
3418938, 9.0, 919, 被遗忘的士兵
1137244, 9.1, 808, 判断力批判
2165057, 8.7, 1229, 堤契诺之歌
2165084, 8.3, 1869, 在轮下
1027085, 8.3, 1838, 叔本华人生哲学
1251839, 8.6, 1246, 权力意志
1729284, 8.0, 2612, 单行道
2282946, 7.8, 3389, 直面内心的恐惧
1276479, 8.8, 928, 发达资本主义时代的抒情诗人
2050779, 8.3, 1646, 魔山
1021702, 8.6, 1054, 偶像的黄昏
2257333, 9.2, 560, 松鼠先生和月亮
1030294, 8.8, 834, 林中路
2979694, 9.2, 557, 赫尔佐格谈赫尔佐格
1016806, 8.2, 1567, 与安东尼奥尼一起的时光
1223897, 9.1, 564, 实践理性批判
4836951, 8.6, 936, 保罗・策兰诗选
6967983, 8.2, 1509, 罪行
1022582, 8.4, 1131, 瞬间收藏家
1192700, 9.0, 587, 永远讲不完的故事
3241907, 8.3, 1248, 维特根斯坦笔记
3578472, 8.5, 973, 罗斯哈尔德
1814853, 8.5, 955, 夏先生的故事
1104698, 8.6, 844, 保罗・策兰诗文选
5376976, 8.7, 749, 德意志的另一行泪
1060489, 8.7, 743, 驼背小人
1073063, 8.6, 779, 人论
1915375, 8.8, 623, 西方的没落（全二卷）
5299919, 8.6, 762, 国王鞠躬，国王杀人
2372087, 8.3, 1056, 剥洋葱
2971734, 7.3, 4376, 一把雨伞给这天用
2042511, 8.5, 816, 第五个
1041104, 8.7, 656, 吹牛大王历险记
2004426, 8.8, 581, 叔本华文集：悲观论集卷
1081197, 8.7, 643, 歌德谈话录
1048672, 8.0, 1426, 尼采生存哲学
4729502, 9.2, 388, 现代诗歌的结构
1949782, 8.7, 613, 快乐的科学
1245533, 8.6, 680, 论优美感和崇高感
2382544, 8.7, 610, 园圃之乐
25831096, 8.9, 495, 梦书之城
3055691, 8.2, 1055, 威尼斯之死
5355666, 8.5, 740, 小国王
1012380, 8.8, 517, 精神现象学（上卷）
1455362, 9.3, 324, 历史理性批判文集
1315172, 9.1, 385, 道德形而上学原理
1075540, 8.8, 511, 拉奥孔
3765393, 8.8, 501, 悲剧的诞生
1315167, 9.0, 407, 历史的用途与滥用
3105174, 7.7, 1820, 信封
1205388, 8.5, 661, 茵梦湖
5299807, 8.6, 589, 当世界还不存在的时候
10875996, 8.9, 436, 朝圣者之歌
1209581, 8.8, 480, 标准德语语法
1051659, 8.9, 434, 我与你
1810944, 8.7, 525, 启蒙辩证法
10491608, 8.6, 579, 神o、陵墓与学者
1288870, 8.4, 689, 看哪这人
1731081, 9.1, 337, 叔本华论道德与自由
1074329, 8.9, 403, 尼采（上下）
3867627, 9.2, 308, 松鼠先生和第一场雪
10537645, 8.4, 661, 岛屿书
2159604, 8.1, 932, 寻访行家
1958791, 9.1, 326, 朝霞
1784921, 8.9, 390, 论道德的谱系
2382542, 9.2, 295, 毕希纳全集
3529625, 9.2, 290, 爷爷的天使
2161686, 8.7, 452, 豪夫童话
1852677, 8.5, 550, 爱与生的苦恼
1936434, 8.3, 682, 德国
5033915, 8.4, 608, 希特勒传（上下册）
1074364, 8.9, 362, 哲学史讲演录(第一卷)
2157589, 8.5, 530, 我不知道我是谁
1442789, 9.0, 327, 小女巫
2050776, 8.7, 431, 凯旋门
1031293, 8.9, 351, 荷尔德林文集
26320883, 7.6, 1529, 丈量世界
1439792, 8.5, 509, 形而上学导论
1310760, 8.2, 706, 塔楼之诗
1444141, 9.1, 276, 演讲与论文集
1035562, 8.6, 429, 在通向语言的途中
10546119, 8.4, 526, 弯曲的脊梁
1002562, 8.7, 388, 论道德的谱系 善恶之彼岸
4139701, 8.2, 654, 杜伊诺哀歌
3092871, 8.3, 581, 欧洲：一堂丰富的人文课
1052276, 8.9, 319, 路标
1309243, 8.7, 384, 《杜伊诺哀歌》中的天使
23788376, 9.0, 291, 门将之死
1811507, 8.6, 416, 历史哲学
1165637, 8.5, 456, 特拉克尔诗集
4067659, 8.0, 791, 德语课
1828383, 8.5, 448, 死于威尼斯
1949061, 8.6, 400, 不合时宜的沉思
1864891, 8.7, 361, 德国
1228316, 8.7, 357, 荷尔德林诗的阐释
1039750, 9.0, 270, 政治的概念
1769847, 8.1, 658, 鸽子
2135567, 9.1, 246, 搬过来.搬过去
3035631, 8.5, 425, 康德传
10473352, 8.9, 290, 浮士德博士
4232373, 8.1, 641, 幸福
1024677, 8.2, 571, 上帝死了
1916614, 7.8, 901, 我，十三岁，妓女，吸毒者……
2978933, 8.7, 332, 彼得・卡门青
1760082, 9.1, 231, 丹东之死
6127332, 9.1, 229, 肚子里有个火车站
1005360, 8.7, 319, 面向思的事情
5350834, 8.8, 291, 尼伯龙根的指环
3169416, 8.8, 284, 黑塞画传
1209289, 8.5, 371, 德语词汇联想与速记
2131751, 8.9, 254, 鳄鱼爱上长颈鹿
1096240, 8.2, 500, 机械复制时代的艺术作品
1442791, 8.8, 276, 我和小姐姐克拉拉
1275842, 9.0, 230, 充足理由律的四重根
1048524, 8.1, 550, 尼采传
1312942, 8.6, 327, 隆美尔战时文件
1450049, 8.4, 391, 解读希特勒
6518053, 9.0, 225, 脆弱的崛起
1771002, 8.6, 320, 托马斯.曼文集-中短篇小说选
6127333, 9.1, 204, 牙齿大街的新鲜事
1049180, 8.0, 589, 法斯宾德论电影
1019945, 8.2, 465, 拉贝日记
5264480, 8.2, 465, 呼吸秋千
10809021, 8.5, 342, 学生托乐思的迷惘
1083437, 8.2, 462, 少年维特的烦恼 赫尔曼和多罗泰
1451698, 8.9, 235, 什么是教育
2134572, 7.8, 728, 夏屋，以后
1092558, 8.0, 572, 少年维特的烦恼 亲合力
1762848, 7.9, 642, 低音提琴
1035997, 8.9, 223, 与魔鬼作斗争
2050878, 8.7, 262, 爸爸、妈妈、我和她
1077260, 8.6, 287, 制度经济学
2074254, 7.9, 596, 挖鼻孔真好玩
2283665, 9.2, 172, 来自德国的大师
19967328, 8.5, 312, 漂泊的灵魂
3583331, 8.6, 283, 布登勃洛克一家
4729341, 8.7, 257, 梦中的塞巴斯蒂安
1034534, 8.0, 519, 人，诗意地安居
1317892, 8.1, 461, 文德斯论电影
4860790, 8.1, 460, 我的小村如此多情
2068955, 8.9, 210, 大学之理念
5394500, 7.8, 636, 幸福，在幸福远去的时代
1031248, 8.4, 329, 里尔克诗选
1521371, 8.6, 272, 德国景观设计（全两册）
10485841, 8.8, 224, 作为教育家的叔本华
1031345, 9.2, 157, 哲学史讲演录（第二卷）
4105424, 7.8, 592, 恋爱中的男人
1483421, 8.9, 197, 人生智慧录
3172128, 8.7, 233, 从卡里加利到希特勒
4744792, 9.3, 143, 推土机年年作响，乡村变了
3165369, 8.4, 304, 叔本华散文
1812687, 8.4, 303, 电影的本性
10875994, 8.2, 367, 温泉疗养客
4197707, 9.4, 131, 康德三大批判合集（上下）
25763658, 8.5, 272, 德国式英雄
6527144, 8.8, 207, 狱中书简
1116356, 8.5, 270, 阿古利可拉传 日耳曼尼亚志
2115287, 8.3, 326, 黑塞诗选
2252683, 8.3, 325, 治疗
1315260, 8.7, 222, 时代的精神状况
2266733, 8.9, 187, 鬼磨坊
2165045, 8.4, 289, 婚约
3422678, 7.8, 546, 生存空虚说
1441803, 8.2, 348, 爱尔兰日记
4841504, 8.7, 217, 与孤独为伍
1242749, 9.0, 169, 新标准德语强化教程(1)学生用书
1034274, 9.2, 144, 5月35日
1479703, 9.2, 144, 赫尔曼・黑塞小说散文选
1480812, 8.5, 255, 思考与回忆
1027384, 9.2, 141, 海德格尔选集（上下）
1315175, 8.7, 210, 实用人类学
1007886, 8.7, 205, 游戏中的科学
3244055, 7.9, 447, 群
1888070, 8.3, 293, 尼采诗集
1057202, 8.4, 266, 南极，遥远的知音
25870783, 9.1, 147, 荣耀与丑闻
5264477, 8.0, 398, 心兽
1658437, 9.0, 158, 作门徒的代价
4859498, 8.8, 184, 暗夜
1214171, 8.1, 353, 阴谋与爱情
2997197, 8.6, 217, 权利与意志
1001283, 8.3, 285, 悲喜人生
3410841, 7.7, 542, 德意志制造
1027608, 7.9, 427, 我妹妹与我
1277083, 8.6, 212, 审美教育书简
2135569, 8.7, 194, 天生一对
1000093, 9.0, 152, 民族国家与经济政策
3175263, 7.2, 1038, 失物招领处
1976072, 8.5, 229, 曼施泰因元帅战争回忆录
20260181, 7.8, 469, 罪责
4859499, 8.7, 190, 月之花
3929911, 8.2, 297, 我的视觉日记
1075836, 7.0, 1343, 一口气读完世界历史
2346582, 8.7, 186, 夜颂中的革命和宗教
1042292, 9.1, 134, 哲学史讲演录(第四卷)
26647781, 8.8, 168, 从俾斯麦到希特勒
1444022, 9.1, 133, 欧洲科学危机和超验现象学
4730209, 9.0, 143, 经济与社会（第二卷 上下）
3725681, 8.9, 154, 吃书的狐狸
1018272, 8.2, 281, 通向哲学的后楼梯
1315237, 8.5, 210, 永久和平论
3287536, 7.7, 478, 回归
1075174, 8.9, 150, 逻辑学（下卷）
1956018, 8.8, 162, 世界哲学史
23780616, 8.7, 174, 一个悲观主义者的积极思考
2253778, 7.8, 417, 皮娜・鲍什
1768046, 8.5, 205, 从黑格尔到尼采
1050866, 8.3, 246, 法老的诅咒
1053532, 8.3, 246, 来自矮人国的小兄妹
5333443, 8.4, 222, 抽象与移情
1061780, 8.1, 293, 六人
1264138, 9.0, 133, 德国民法总论
3369608, 7.6, 508, 女人，房子，一部小说
26825933, 9.3, 107, 不含传说的普鲁士
2000789, 8.1, 291, 里芬施塔尔回忆录
2131382, 8.7, 168, 尼采
26861418, 9.2, 114, 奥斯维辛
24886923, 9.0, 131, 当鸭子遇见死神
10608317, 8.4, 215, 夏日谎言
1438185, 8.1, 286, 穿墙故事
1145074, 8.3, 235, 隆美尔
1245516, 8.8, 152, 纯粹现象学通论
5373892, 8.2, 257, 宗教的本质
1901751, 8.9, 138, 星星还没有出来的夜晚
1031901, 8.6, 175, 出卖笑的孩子
4836690, 7.4, 617, 十三封自杀告别信
1086317, 7.8, 377, 会飞的教室
24733022, 8.7, 159, 莱布尼茨不是黄油饼干
1444079, 9.3, 101, 席勒文集（全六卷）
22994566, 9.7, 77, 巴洛克艺术
2069650, 8.3, 219, 德国反犹史
1398181, 8.9, 132, 法哲学
3272868, 8.5, 182, 尼采散文
7056695, 9.1, 112, 论我们教育机构的未来
3807481, 7.5, 505, 墨水心
3827061, 8.4, 195, 二战风云2
1552060, 9.2, 103, 摹仿论
26264205, 9.5, 84, 道德的谱系
4173412, 8.3, 210, 德国历史中的文化诱惑
3464479, 9.3, 95, 席勒素描
2979789, 8.4, 189, 犟龟
1443350, 9.1, 108, 康德著作全集.第４卷
4202381, 9.0, 116, 逻辑学讲义
1042765, 8.7, 145, 金钱、性别、现代生活风格
5264486, 7.9, 300, 一颗热土豆是一张温馨的床
3576412, 8.4, 185, 海，另一个未知的宇宙
5348905, 8.4, 185, 一粒种子的旅行
1512933, 8.2, 222, 基督教的本质
6784956, 8.0, 270, 四川好人
4734056, 8.1, 244, 词语破碎之处
5269129, 8.5, 169, 镜中恶魔
19974112, 8.7, 143, 魂嗤尼斯
1073230, 8.8, 132, 哲学史讲演录(第三卷)
1049695, 9.3, 92, 噢，美丽的巴拿马
4732185, 7.8, 330, 周末
4928407, 8.8, 131, 好朋友
1123098, 8.5, 165, 布莱希特论戏剧
1055629, 8.3, 196, 德国悲剧的起源
1258500, 8.2, 215, 黑猫尼诺
2131594, 9.2, 96, 布莱希特戏剧集（全三册）
1067336, 8.6, 149, 政治的浪漫派
1426482, 8.5, 161, 纳粹德国（上下册）
2677507, 8.9, 117, 善与恶的彼岸
4716717, 8.4, 174, 论世间苦难
5264481, 7.7, 339, 低地
1779818, 8.6, 143, 现代戏剧理论
2346568, 8.9, 112, 大革命与诗化小说
24840517, 8.4, 167, 心的岁月
10594777, 7.8, 298, 蚂蚁的眼泪
5363500, 7.7, 332, 柏林风格小屋
20414863, 8.7, 129, 荒原狼
1001779, 8.6, 139, 经验与贫乏
1136453, 8.6, 138, 论学者的使命 人的使命
1490598, 7.8, 288, 尼伯龙根之歌
5326144, 8.8, 117, 后戏剧剧场
4274281, 9.2, 88, 永远讲不完的童话
25736477, 9.1, 94, 德意志文学简史
11540911, 8.5, 147, 那些拯救我们的人
1534948, 8.9, 107, 隐面人
1050784, 8.3, 173, 海涅诗选
1323953, 9.0, 99, 德国民法通论
3275016, 7.5, 390, 忧郁星期天
1975904, 9.4, 75, 奥拉夫与圣诞老人
7056688, 8.2, 186, 苹果籽的味道
1289025, 8.6, 132, 大哲学家
3876635, 8.8, 113, 大师经典哲学绘本（全四册）
1085314, 7.8, 275, 爱这个世界
3057481, 7.5, 385, 猫与鼠
1106986, 8.4, 155, 比目鱼
1059717, 9.1, 90, 论德国宗教和哲学的历史
2994232, 8.6, 130, 德国新媒体插画教程1
3025632, 7.9, 243, 德国，一个冬天的童话
19967325, 8.5, 140, 读书随感
1958794, 8.3, 165, 尼采思想传记
1644956, 8.5, 139, 尼贝龙根之歌
21331220, 7.1, 624, 简单就好生活可以很德国
2056790, 8.8, 109, 布莱希特戏剧选（共两册）
3885379, 7.9, 238, 干杯！柏林大街
1784639, 8.2, 178, 荷尔德林诗选
5264483, 7.8, 263, 狐狸那时已是猎人
1423193, 8.7, 117, 外公的13号古宅
10518812, 9.1, 87, 松鼠先生找幸福
5395147, 8.9, 100, 没有耳朵的兔子
10748231, 9.3, 76, 哲学论稿
1393242, 8.8, 107, 视觉大师汉斯?希尔曼
6784955, 8.3, 160, 伽利略传
5936256, 7.9, 233, 希特勒的民族帝国
1014434, 8.5, 135, 汉堡剧评
1963579, 8.1, 191, 柏林日记
1088350, 9.4, 71, 歌德文集（全十卷）
2213558, 7.8, 257, 瓦格纳事件/尼采反瓦格纳
4736101, 7.3, 457, 阅读的女人危险
1792954, 8.7, 114, 欧洲漫画史
5917681, 7.9, 229, 声音的旅行
25697240, 8.2, 172, 生命的思索：史怀哲自传
6012778, 8.0, 207, 纳粹与理发师
19894080, 8.0, 207, 名声
26591755, 9.1, 85, 聪明的渔夫
2156890, 8.7, 112, 第三帝国内幕
1645153, 8.3, 155, 少年维特的烦恼 亲和力
1824389, 8.3, 155, 宫廷文化
25723401, 8.5, 130, 第三帝国的语言
2051819, 8.6, 120, 神义论
1489489, 8.6, 119, 诗与宗教
3063113, 8.2, 165, 蟹行
1313140, 7.7, 268, 剑桥插图德国史
1042820, 8.7, 107, 火鞋与风鞋
1393130, 8.4, 135, 法理学
6968276, 8.4, 134, 欧洲顶尖建筑学基础实践教程（上・下）
1021624, 8.9, 91, 埃米尔擒贼记
3101028, 7.5, 321, 海德堡语丝
1082930, 8.2, 158, 德军总参谋部
1279284, 8.7, 105, 浪漫派
1074192, 9.2, 74, 米切尔. 恩德作品集
4237561, 8.6, 113, 晚安，小熊
1770311, 8.7, 104, 莱尼和他们
1853974, 9.5, 61, 飞天小魔女
1959024, 8.8, 96, 歌德诗集（上）
2037303, 8.8, 96, 摆脱孤独
2244595, 8.5, 120, 克莱斯特作品精选
4745595, 7.2, 451, 写作的女人危险
4912683, 8.0, 185, 极权制造
1059588, 7.6, 278, 德国通史
3767767, 9.4, 64, Uniforms of the Third Reich
6784101, 7.9, 203, 十个人的德意志
1074458, 8.5, 119, 论人类语言结构的差异及其对人类精神发展的影响
3305057, 8.5, 119, Ost trifft West 东西相遇
1769355, 9.1, 77, Letters To A Young Poet
1794128, 9.1, 77, Das Parfum
6783954, 8.6, 109, 山的那一边
1813839, 8.5, 117, 世界历史与救赎历史
1276339, 9.0, 81, 海德格尔选集（上下）
4814377, 9.0, 81, 同一与差异
3807118, 8.6, 108, 荷尔德林后期诗歌（上中下）
4742975, 8.8, 93, 法兰克福学派
26577706, 7.8, 218, 档案
1049207, 8.3, 136, 德国，一群老鼠的童话
25710178, 8.5, 114, 情感堵塞
26577705, 8.5, 114, 罪孽的报应
4882022, 9.1, 74, 马克斯・韦伯社会学文集
10774937, 8.6, 105, 拉斯克-许勒诗选
5606376, 7.4, 327, 物理属于相爱的人
1771000, 8.4, 122, 大骗子克鲁尔的自白
1048147, 8.3, 132, 反基督
1920777, 8.3, 132, 德国与中华民国
26644896, 8.3, 132, 我是谁？
3111826, 7.4, 323, 藏书的乐趣
1043495, 8.1, 155, 狗年月
1420931, 8.3, 130, 纳粹德国的兴亡
20481425, 8.4, 118, 东进（套装共2册）
1983155, 7.8, 202, 德国人
1425910, 7.9, 183, 希特勒（上下）
20397030, 8.4, 117, 第三帝国图文史
1185730, 8.3, 127, 海德格尔存在哲学
1060125, 8.6, 100, 诗・语言・思
4241792, 8.4, 116, 历史上的各个时代
3136257, 8.2, 137, 柏林，亚历山大广场
1394428, 8.8, 85, 黑塞童话选
1829698, 9.2, 65, 奥利弗・卡恩一号
1291089, 8.0, 161, 德国印象
4262651, 9.1, 69, 物的追问
24301821, 8.5, 105, 要么孤独要么庸俗
6802217, 8.5, 104, 没有边界的教室
6429635, 7.7, 210, 克利与他的教学笔记
1455909, 8.2, 131, 世界电影史（1960年以来）（上、下）
10789137, 8.3, 120, 雪白血红
1002253, 8.7, 88, 政治经济学的国民体系
1987339, 7.6, 230, 爱的怯懦
10944735, 9.3, 59, 团契生活
1455956, 8.1, 141, 吃太阳的家伙
6847782, 8.1, 141, 德国的浩劫
1008336, 8.5, 101, 本雅明：作品与画像
25800793, 8.7, 87, 现代主义之后的艺术史
3062276, 8.6, 93, 是蜗牛开始的!
19967333, 8.6, 93, 美丽的青春
25804656, 7.5, 252, 1913
1055161, 8.6, 92, 先锋派理论
5921812, 7.4, 276, 记忆碎片
2059723, 7.8, 180, 延森先生遁世记
25948965, 8.6, 91, 特拉克尔全集
1033392, 8.2, 124, 瓦格纳戏剧全集（上、下册）
19967338, 8.0, 147, 孤独者之歌
2157277, 8.3, 113, 莱辛剧作七种
4105450, 8.7, 83, 过时的人（第一、二卷）
11542549, 7.2, 339, 谋杀手段
26381168, 9.3, 56, 拉姆自传：差之毫厘
2051532, 8.3, 112, 伯尔中短篇小说选
3131632, 8.0, 144, 歌德对话录
25805715, 8.3, 111, 柏林1961
4904610, 7.8, 173, 新编大学德语
4864801, 7.4, 263, 最美的音乐史
3063118, 8.1, 131, 我的世纪
4852614, 8.8, 76, 风中的树叶
4276351, 8.0, 142, O侯爵夫人
2990575, 9.3, 55, 门采尔
1074789, 8.7, 81, 先验唯心论体系
6784967, 8.2, 119, 高加索灰阑记
4214237, 7.6, 208, 独自在13亿人中
4175480, 6.4, 1073, 男人都是智障
1442790, 8.5, 93, 小水精
5275275, 8.2, 117, 生命的余味
1945505, 7.9, 152, 美狄亚 声音
5264479, 7.5, 227, 人是世上的大野鸡
1061195, 8.8, 74, 启蒙哲学
10589329, 8.3, 107, 多难而伟大的十九世纪
1387460, 8.7, 79, Wolfgang Tillmans
10581454, 8.0, 136, 死于威尼斯
25751861, 7.3, 278, 德国式家居收纳术
1061594, 9.5, 47, 我会把你治好的
25794332, 8.1, 121, 反社会的人
25725197, 9.0, 62, 合法性与正当性
3196793, 8.5, 87, 隆美尔
1242263, 8.7, 75, 看不见的收藏(德汉对照分级读物)
2970187, 7.8, 155, 德意志问候
4752750, 8.3, 100, 探寻人生痛苦之源
2568280, 7.2, 291, 希特勒万岁，猪死了！
3336968, 8.8, 68, 时间现象学的基本概念
19967341, 7.8, 150, 东方之旅
25751980, 7.5, 200, 他们以为他们是自由的
3313440, 7.5, 199, 海德格尔
1315240, 8.5, 82, 论教育学
19971138, 8.8, 66, 泥泞中的老虎
1270863, 7.9, 132, 哥特形式论
1915690, 8.7, 70, 雄猫穆尔的生活观
26671891, 9.1, 54, 里尔克诗全集（第一卷）
5391705, 7.7, 158, 轮舞
1054974, 7.9, 130, 莫斯科日记 柏林纪事
1051754, 8.4, 86, 德国纪行
1878114, 9.0, 57, 论断与概念
1678886, 8.7, 69, 愿望潘趣酒
4915825, 8.7, 69, 柏林
3685850, 7.2, 266, 我的德国笔记
3131600, 7.8, 141, 三毛钱小说
1943940, 7.3, 236, 在希特勒身边12年
5503463, 8.5, 79, 世界历史有一套之德意志是铁打的
6784954, 7.8, 140, 大胆妈妈和她的孩子们
3397116, 8.3, 91, 纳粹上台前后我的生活回忆
2213790, 7.5, 187, 红桃J
4085179, 9.2, 49, 希尔伯特几何基础
1062653, 7.6, 165, 党卫军档案
26326484, 7.6, 165, 跑步圣经
3877625, 7.8, 136, 该不该把桥上的男人推下去
6784966, 7.7, 149, 三毛钱歌剧
5263540, 8.0, 113, 德国媳妇中国家
2026930, 8.9, 58, 悲剧的超越
2076327, 7.4, 200, 海德堡岁月
3553660, 7.8, 134, 除了幽灵
3522393, 8.4, 81, 丢勒和他的时代
1048890, 8.3, 87, 海涅抒情诗选
5341004, 9.3, 45, 擦亮路牌的人
4606356, 7.8, 132, 墨水血
1014179, 8.9, 57, 黑塞散文选
4074708, 8.2, 93, 巴黎的学习岁月
1052451, 9.0, 53, 德意志史（第一卷 上下）
1420861, 7.8, 130, 帝国的陷落
2224894, 9.2, 47, 霍夫曼志异小说选
24699319, 9.4, 42, 哲学史讲演录（新校重排本）
1459234, 8.9, 56, Momo
3782359, 8.9, 56, 法学的概念天国
1100033, 8.5, 73, 当代法哲学和法律理论导论
5353277, 8.6, 68, 世界上最最温馨的家
2027732, 8.2, 91, 席勒诗选
3697736, 9.1, 49, 肚子里有个火车站/牙齿大街的新鲜事
1125905, 7.9, 115, 德国文化：普鲁士精神和文化
1259305, 8.9, 54, 当代哲学主流（上卷）
1779669, 8.3, 81, 德国的历史观
3063116, 8.3, 81, 母鼠
10774935, 8.3, 81, 诺瓦利斯作品选集
1946621, 9.4, 40, Gerhard Richter
3213448, 7.9, 111, 德国文化遗产之旅
24859086, 8.9, 53, 有朝一日 你我互诉衷肠
3413773, 7.5, 160, 士兵如何修理留声机
26611925, 7.8, 120, 咖喱香肠的诞生
2125362, 8.6, 64, 魂断威尼斯
23038645, 8.6, 64, 帝国骑士（第1卷）
2248815, 7.4, 177, 荒岛音乐
1851383, 9.2, 44, 哲学与真理
1313423, 8.1, 92, 邓尼茨元帅战争回忆录
1076404, 7.9, 108, 德国哲学十论
20270434, 8.6, 63, 在潮流之后
26804200, 8.6, 63, 希姆莱兄弟
4843926, 7.2, 216, 沙漠之城
5916927, 8.2, 83, 不要随便亲我
6000089, 7.3, 190, 尼采
1035697, 8.6, 62, 疾病的希望
26209335, 9.1, 45, 月亮熊
1214170, 8.3, 76, 威廉・迈斯特的学习时代
1769992, 7.5, 151, 希特勒时代的孩子们
3090818, 8.6, 61, 奥斯特利茨
1017228, 8.7, 57, 飞翔的教室
1805523, 9.2, 42, 近代私法史（上下册）
4224723, 8.3, 75, 一个德国人的故事
1029928, 8.1, 87, 穿越夜空的疯狂旅行
1659070, 8.6, 60, 小丑之见
3131619, 7.6, 131, 绿蒂在魏玛
3035655, 8.2, 78, 马基雅维里主义
4821930, 8.1, 84, 德国足球队队医的完全健康手册
5283656, 8.1, 84, 路德三檄文和宗教改革
1135048, 8.5, 62, 人类理智新论
26387515, 8.5, 62, 我承认，我撒了谎
4729342, 8.0, 90, 追忆
2117468, 8.3, 71, 狱中书简
3526278, 9.5, 34, 豪夫童话选
25728850, 7.0, 240, 非正常人类百科全书
10774936, 8.2, 75, 贝恩诗选
3651090, 7.9, 95, 最后一百天
1021086, 8.0, 86, 本爱安娜
25803880, 7.7, 111, 黑塞诗选
1009832, 7.9, 92, 格言集
3287271, 8.2, 72, 怎样做理论
1737326, 7.9, 91, 哈尔次山游记
24863573, 9.1, 40, 一条街道的100年
1900230, 8.8, 47, 黑色方尖碑
3016981, 8.4, 61, 二十世纪德国哲学
2367967, 8.1, 76, 生而有罪――纳粹子女访谈录
3449435, 7.4, 141, 我的愤青岁月
1059407, 7.8, 97, 神圣罗马帝国
1945498, 7.5, 127, 卡珊德拉
3300769, 9.2, 37, 十年与二十天
1924948, 9.1, 39, 德语美学文选（全2册）
4907526, 8.0, 81, 黑色雪绒花
3832004, 8.5, 56, 德国古典哲学
3344647, 8.7, 49, 智者纳坦（研究版）
6800495, 8.6, 52, 哲学语法
1049635, 7.8, 94, 希腊人的艺术
3507033, 8.4, 59, 系于孤独之途
25717418, 7.9, 86, 中国冲击
1960230, 8.1, 73, 德国诗选
2343046, 7.7, 101, 攻克柏林
1050953, 9.0, 40, 德国浪漫主义作品选
25790419, 8.4, 58, 步兵攻击
2297153, 8.9, 42, 冷酷的心
4105451, 7.7, 99, 水妖
7060183, 7.4, 131, 幸福
1154562, 8.3, 61, 惊马奔逃
25965654, 9.2, 35, 政治的神学
1781440, 7.1, 177, 童话是童话是童话
4276377, 7.9, 82, 施特恩巴尔德的游历
1420962, 7.7, 97, 魏玛文化
2036485, 8.9, 41, 康德著作全集（第6卷）
1428484, 8.5, 52, 天使沉默 不中用的狗
26582376, 7.8, 87, 一本最危险的书
1659060, 8.4, 55, 一声不吭
3129409, 8.7, 45, 美丽的梦想
3876627, 8.5, 51, 假如狐狸和兔子互道晚安
25793616, 8.3, 58, 哲学家与儿童对话
20470099, 7.9, 78, 德国青年运动
4262648, 8.0, 72, 丝蔻黛莉小姐
26397584, 7.7, 92, 单向街
3136345, 8.6, 47, 对人类自由的本质及其相关对象的哲学研究
25752974, 8.5, 50, 从相残到相爱
6885349, 6.7, 265, 疯狂的游戏
10473369, 8.2, 61, 爱这个世界
1259309, 9.2, 33, 当代哲学主流（下卷）
1151117, 8.4, 53, 国家的神话
5264475, 7.0, 178, 托着摩卡杯的苍白男人
1012024, 8.4, 52, 艺术狂人――波依斯
1324676, 8.4, 52, 法律思维导论
3629814, 8.0, 69, 德意志帝国
20387892, 7.1, 157, 德国简史
26800356, 7.9, 74, 来自静默时刻的讯息
1498961, 8.6, 45, 魔鬼的迷魂汤
25881177, 8.6, 45, 技术世界中的民间文化
6535816, 7.9, 73, 永远活在希特勒阴影下吗？
1007761, 7.7, 86, 尘封160年的格林童话
1907689, 8.1, 62, 里斯本之夜
6794355, 8.5, 47, 希望的原理（第1卷）
11636793, 8.6, 44, 歌德与托尔斯泰
1420746, 8.3, 53, 德意志道路
26289557, 8.3, 53, 阿伦特手册
10519380, 7.5, 100, 德国人会死绝？
3057735, 7.8, 77, 另一个国度
1469106, 7.7, 83, 德国表现主义戏剧
3837878, 7.5, 99, 叔本华与尼采
4854402, 8.4, 49, 德国现代史专题十三讲
26657350, 7.9, 70, 第三帝国的最后十四天
3499288, 8.9, 36, 海涅精选集
1030869, 8.1, 60, 一个热爱艺术的修士的内心倾诉
3528911, 8.7, 40, 策m
24851822, 7.7, 80, 在不懂爱情的年代，遇见爱情
6893816, 7.8, 73, 克利的日记
3329793, 9.0, 33, 第二次世界大战中的德国海军战略
5951355, 7.2, 124, 黑塞之中国
1160157, 8.1, 57, 轮舞 一位作家的遗书
1012544, 8.0, 61, 雅典娜神殿断片集
21267589, 8.4, 46, 文学的绝对
26602614, 7.7, 77, 解剖
25751865, 7.0, 150, 德国式厨房规则
10576528, 7.9, 65, 冰雪o行
7163020, 7.6, 83, 德国史
26761467, 8.6, 40, 在绿荫天使的羽翼下
3063120, 7.6, 82, 与乌托邦赛跑
4013360, 7.3, 108, 三十年战争史
26862170, 7.9, 64, 冰雪纪行
1062043, 7.8, 69, 批评家之死
1665386, 8.5, 42, 德语高级写作
1017900, 8.7, 37, 席勒戏剧诗歌选
5350232, 8.0, 58, Parvenüs und Profiteure. Korruption in der NS-Zeit
2324879, 8.0, 57, 世界主义与民族国家
3865980, 8.3, 46, 决定时刻
21371526, 8.9, 32, 法学导论
10787101, 7.7, 71, 纸与铁
1916492, 8.5, 40, 维廉・麦斯特的漫游时代
1245512, 8.1, 52, 莱布尼茨与克拉克论战书信集
1001355, 7.8, 65, 论有学识的无知
4208024, 7.2, 110, 第三帝国的艺术博物馆
1057417, 8.3, 45, 新系统及其说明
25788846, 8.3, 45, 资本的内部
1066372, 8.2, 48, 托马斯?曼中短篇小说全编
1905729, 8.2, 48, 音乐美学观念史引论
1048443, 7.2, 109, 好女孩上天堂
1945509, 8.8, 33, 哲学的主要问题
3058477, 8.5, 39, 威廉・退尔
5963145, 8.5, 39, 亲和力
1482446, 7.5, 81, 生存哲学
3400303, 8.4, 41, 在德国学习平面设计
1321317, 9.3, 25, 德国刑法学总论（第1卷）
1069190, 9.0, 29, 萨乐美的一生
3916156, 8.6, 36, 历史主义的兴起
3114349, 8.5, 38, 宪法的守护者
1550703, 8.2, 46, 恐怖的法官
26295520, 7.8, 61, 公鸡已死
3221600, 8.4, 40, 隐匿的神学
4729582, 8.4, 40, 近代德国及其历史学家
20365862, 7.9, 56, 士兵系列004:士兵
5974576, 8.0, 52, 党卫军第3骷髅装甲师
3048907, 8.2, 45, 谍海搏杀-舒伦堡回忆录
26356166, 8.2, 45, 飞鼠传奇
1469090, 8.5, 37, 我需要的一点现实
1258659, 7.5, 76, 皇帝和他的宫廷
4913793, 8.8, 31, 浪漫派的将来之神
26285840, 8.2, 44, 漫画世界系列3：漫画德国
1999421, 8.9, 29, Schachnovelle
1774844, 7.3, 89, 德国老啤酒主义
25853014, 8.3, 41, 恶的美学历程
26266559, 8.3, 41, 德国式简单烘焙
2345233, 7.8, 58, 布莱希特诗选
3872337, 7.8, 58, 意大利和德国的形式感
26418235, 7.5, 74, 德意志之魂
2004387, 8.5, 36, 第二次世界大战
4113960, 7.1, 106, 德国史
26610965, 8.0, 49, 黑暗时刻
25883308, 9.4, 22, 两个世界的回忆
6194577, 9.2, 24, 乌尔姆设计
1326834, 7.7, 60, 说谎者雅各布
1880661, 7.6, 65, 艾菲.布里斯特
1146979, 8.1, 44, 爱心企鹅
4045794, 8.0, 47, 理解中国
2100205, 8.5, 34, 十三海盗
10810782, 8.5, 34, 大逆转1919
4765721, 8.6, 32, 中国的建筑与景观
3063117, 8.2, 40, 辽阔的原野
20366855, 7.5, 67, 时空之恋1
5985163, 8.4, 35, 中国现代性与德意志文化
19897857, 8.4, 35, 神话研究（上）
25865026, 7.5, 66, 希特勒回砹
24883769, 8.0, 45, 万物有灵
1292307, 7.2, 86, 生活的意义与价值
1026568, 7.9, 48, 痴儿西木传
4821065, 8.2, 39, 德语时刻
4713755, 8.4, 34, 反纯粹理性
20516492, 8.1, 41, 希特勒的十字架
1659067, 8.6, 30, 无主之家
1241746, 8.7, 28, 一个无用人的生涯
26702903, 8.7, 28, 德国史稿：1555―1618
26851889, 8.7, 28, 德语七人诗选
4196783, 7.5, 62, 巨人的聚散
26438586, 8.3, 35, 致俄耳甫斯的十四行诗
1087462, 7.6, 57, 俾斯麦传
25845606, 8.5, 31, 何为道德
10537157, 8.0, 42, 冰冷的启动
25914638, 8.6, 29, 德国浪漫派的艺术批评概念
1809981, 7.7, 51, 重构美学
10521374, 8.2, 36, 历史科学基本概念辞典
26387908, 7.8, 47, 德式无器械健身
2340633, 9.1, 22, The Mass Ornament
1999006, 7.3, 69, 阿里与妮诺
1976011, 7.4, 63, 德国贵族文化史
1489562, 7.2, 75, 纳粹德国文学史
26642046, 8.3, 33, 轮舞
3617076, 8.8, 25, 作为生活结构的世界
1051249, 8.4, 31, 浪漫派风格
26574812, 8.5, 29, 布鲁门贝格
1042809, 8.7, 26, 德意志史（第二卷）（全二册）
24695948, 7.4, 61, 希特勒与20世纪德国
1558249, 9.2, 20, 康德美学文集
10512859, 8.4, 30, 请求权基础
25853747, 8.4, 30, 希特勒与德国人
3232529, 9.3, 19, On the Genealogy of Morals
26865732, 8.8, 24, 纳粹医生
6807879, 8.0, 38, 杜登德语语法
24153071, 8.0, 38, 刽子手的女儿
26662118, 8.5, 28, 比空气轻
3174678, 8.6, 26, 德国古典中短篇小说选
2158245, 9.0, 21, 舒曼论音乐与音乐家
1920456, 9.1, 20, The Emigrants
5918452, 7.1, 73, 月亮与姑娘
1435615, 9.2, 19, 海涅全集
10809025, 8.0, 36, 人类的曙光
1054073, 7.7, 44, 中国心灵
1229516, 8.4, 28, 德语400学时完全测试
2067334, 8.4, 28, 出卖影子的人
19975558, 8.4, 28, 宪政爱国主义
25930038, 9.3, 18, 席勒经典美学文论（注释本）
1941215, 7.9, 38, 强I
25887964, 7.6, 47, 光芒渐逝的年代
25813121, 8.1, 33, 心兽
1987623, 7.8, 40, 德国文学史（第1卷）
26602615, 7.4, 54, 梦游者
6021950, 7.3, 58, 焚书之书
1545842, 7.1, 69, 基督城
1032756, 7.2, 63, 表现主义艺术家
2004359, 9.0, 20, 唐・卡洛斯
1983165, 7.5, 49, 碛刑多矍榈哪腥
4132677, 8.7, 23, 第二次世界大战的决定性战役
3440862, 9.5, 16, Grid Index
1704365, 8.5, 25, 瓦格纳
4887592, 8.5, 25, 德国南部中心地原理
26333065, 8.5, 25, 28天
4753787, 7.7, 41, 对德意志民族的演讲
26274674, 7.2, 60, 记忆迷宫
10775761, 7.3, 55, 避孕
26339094, 8.4, 26, 死亡特雷布林卡
2020133, 7.9, 35, 被偷去记忆的博物馆
6785573, 7.9, 35, 黑天鹅之死-武装党卫军的最后一战
2368582, 8.2, 29, 歌德的格言和感想集
1802018, 8.9, 20, 审美经验与文学解释学
25963513, 8.9, 20, 合法性与正当性
2032550, 8.7, 22, 克莱斯特小说戏剧选
4201828, 7.3, 54, 建筑四要素
3836584, 7.4, 49, 希特勒的女明星
25876946, 7.6, 42, 第十三章
1023159, 8.1, 30, 谢林论人类自由的本质
1116682, 7.9, 34, 唯一者及其所有物
3244102, 7.9, 34, 德意志史
5341281, 7.9, 34, 德意志之在（上下册）
25925957, 5.9, 267, 工业4.0
2337483, 7.8, 36, 戈培尔日记
3686824, 7.8, 36, 外教社德语分级注释有声读物系列A1-金发艾克贝尔特
4152270, 7.4, 48, 腓特烈大帝
2008832, 8.0, 31, Goodbye to Berlin
4908342, 8.8, 20, 德国民法典
1160155, 8.1, 29, 遁入黑暗
26706778, 8.9, 19, 布洛赫手绘鱼类图谱
26800348, 7.2, 55, 十二月
2161591, 7.4, 46, 德国哲学通史（全三卷）
3322264, 8.7, 20, The Berlin Stories
6393570, 8.5, 22, 攻击高度4000米
25918031, 7.8, 33, 聆听巴赫
3591511, 9.3, 15, 第二次世界大战史
6712412, 7.8, 32, 光・影・移动
26593737, 8.1, 26, 回形针行动
4733860, 7.8, 31, 历史对于人生的利弊
25817774, 8.3, 23, 危机时刻：德国保守主义革命
3264885, 7.9, 29, 德国近现代史（两册）
1834941, 8.9, 17, 德国刑法教科书
24738734, 8.9, 17, 叙事和图画
4328608, 8.2, 24, 席勒传
26054686, 6.5, 92, 默克尔传
2994556, 8.5, 20, 工程师史
1489713, 8.4, 21, 德国早期浪漫主义美学导论
1360303, 8.6, 19, 砌体结构手册
26276885, 8.3, 22, 书籍的世界
24851837, 7.0, 52, 白雪公主必须死
25845545, 7.7, 30, 德国的欧洲
1931637, 8.3, 21, 德国简史
3848876, 8.3, 21, 纳粹将领的自述
25943580, 7.2, 42, 全球热恋
2061503, 8.1, 23, 德意志社会主义
3140385, 8.1, 23, 中国文人的自然观
6523880, 8.1, 23, 雷克里斯与幻镜石魔
5399439, 7.8, 27, 权宜之计
26022681, 7.8, 27, 艺术想怎样？
10546524, 6.7, 64, 盒式相机
6804085, 8.4, 19, 在逆光中
1799392, 8.1, 22, 莱辛寓言
25748492, 8.1, 22, 德国特征
20388325, 7.1, 43, 克虏伯的军火
26381088, 7.1, 43, 尼采解忧书
26608442, 7.5, 31, 丧失了名誉的卡塔琳娜・勃罗姆
10466012, 7.9, 24, 德国公使夫人日记
26422053, 7.4, 33, 德国制造
26302251, 7.0, 45, 俾斯麦与德意志帝国
1657263, 8.2, 20, 刑法原理入门
25976825, 7.3, 35, 德国式简约厨房模式18例
26831362, 8.1, 21, 我要是别人就好了
1000118, 7.4, 32, 第七个十字架
1003501, 7.7, 26, 德国思想家论中国
26365958, 7.5, 29, 怪物
20627186, 8.1, 20, 生活在德国
1661487, 8.3, 18, 在模范殖民地胶州湾的统治与抵抗
25839749, 7.7, 25, 全球断电
2371612, 7.9, 22, 奥地利史
5910661, 7.9, 22, 卡尔腾堡
4887598, 8.1, 19, 工业区位论
25729103, 7.5, 27, 植物变形记
24286328, 7.9, 21, lo罪
1034553, 7.3, 30, 论隐秘的上帝
2568386, 7.9, 20, 1525年革命
26383139, 7.2, 31, 屋顶上的一架飞机
26668824, 7.6, 23, 隐形冠军
26330005, 6.7, 45, 不中用的狗
24716116, 7.8, 20, 在不确定中游走：本雅明传
25720722, 7.8, 20, 威利的疑问
26865550, 7.8, 20, 德国天才1
4306155, 8.2, 16, 论德国
26419441, 8.2, 16, 第三帝国的兴亡（上下册精装）
22593625, 7.9, 18, 赫塔米勒作品集
26374658, 6.6, 45, 生活中的道德怪圈
2033552, 7.7, 20, 第四帝国的崛起
19985018, 7.6, 21, 老夫老妻
1182615, 6.5, 48, 鞋子，女人简简单单的恋
26591578, 6.9, 33, 荷尔德林诗集
26694273, 8.0, 16, 近代哲学史
24851814, 7.5, 21, 不受欢迎的女人
26253910, 7.2, 25, 地图上的德国史
25850144, 7.8, 17, 百年世事
4036524, 7.1, 24, 潮竦
1326913, 7.2, 22, 迸涌的流泉
3706032, 6.7, 31, 愚人船
3768590, 8.3, 12, 德国大学与大学学习
26772661, 6.4, 40, 无须断舍离的德式简单生活
26308672, 8.1, 13, 戏剧小工具篇
10786231, 7.9, 14, 托马斯・曼散文
25880426, 7.9, 14, 同情感与他者
6709767, 7.5, 17, 坦克-前进！
26847221, 7.5, 17, 德意志之鹰
20497366, 8.1, 12, 耶拿体系1804-1805
26836487, 7.4, 17, 李希霍芬中国旅行日记
2337485, 7.6, 15, 大独裁者希特勒
25963164, 7.6, 15, 叔本华评传
4850504, 7.7, 14, Alone in Berlin
26257591, 7.7, 14, Germany
26438557, 6.7, 26, 诗话人生
26334688, 8.2, 11, 地方法院
26578130, 7.3, 17, 购买时间
15164210, 7.0, 20, 作家们的威尼斯
11595346, 8.1, 11, 植物
26803000, 8.3, 10, 希特勒传
25928745, 7.1, 18, 海因里希殿下
6025829, 7.5, 14, 希特勒，永不消散的阴云
24531575, 7.8, 12, 法律行为论
26668413, 7.8, 12, 天使沉默
26658414, 7.6, 13, 绝望者日记
26577097, 7.4, 14, 此前发生的事
26692323, 7.4, 14, 死亡有百f
26413771, 7.5, 13, 武神与将军
24680771, 7.1, 16, 迷m
10605457, 7.2, 15, 蓬蓬头彼得
11519567, 6.9, 18, 假如外星人冒充上帝
26854421, 6.9, 18, 第一个纳粹
26370029, 7.8, 11, 海因里希・希姆莱与妻书信集
26272567, 7.6, 12, 非自由主义的失败
26353677, 7.6, 12, 德国式简单料理
1338087, 8.0, 10, 博物^W（理）（眨┒院鲜
26836300, 8.0, 10, 女药剂师
25901849, 7.7, 11, 浮士德
26437820, 7.9, 10, 德意志文化（1945～2000年）
25811431, 7.5, 12, 思想者的语言
26574819, 7.5, 12, 审美政治化
25840887, 7.8, 10, 世界是O
26309950, 6.9, 16, 海德格尔的危机
1053989, 7.5, 11, 狼群的覆灭：德国军队败战录
25964587, 6.3, 23, 自私
26120149, 7.4, 11, 德国与中国
26308649, 7.4, 11, 论史诗剧
4112662, 7.6, 10, 另眼相看：晚清德语文献中的上海
26706614, 7.6, 10, 德意志的乡愁
2201656, 6.9, 14, 两个世界的媒介
26788027, 7.4, 10, 看不见的手
26826909, 7.4, 10, 海德格尔与妻书
26433320, 7.2, 10, 叔本华论生存与痛苦
5990782, 6.8, 10, 盖世太保
