2017-01-23 16:17:59
Tag: 心理学
The number of books: 988 

ID, rating, votes, title
4242172, 8.3, 84674, 天才在左 疯子在右
1775691, 8.3, 51948, 少有人走的路
1786387, 8.6, 22135, 影响力
2340100, 8.1, 52269, 遇见未知的自己
3026879, 8.8, 13336, 爱的艺术
1012611, 8.3, 29663, 乌合之众
1476651, 9.0, 9397, 社会心理学
1032501, 8.7, 11280, 心理学与生活
1056295, 8.3, 18841, 人性的弱点全集
3057556, 9.0, 5474, 狂热分子
4953695, 8.0, 24721, 拆掉思维里的墙
10786473, 8.2, 16667, 自控力
2328458, 9.1, 3947, 社会性动物
6709809, 8.4, 9953, 暗时间
3158482, 8.9, 4378, 新世界
4180711, 8.2, 11385, 拖延心理学
3223711, 8.1, 12499, 怪诞行为学
1005193, 8.6, 4672, 重新认识你自己
1761759, 8.9, 3128, 超越死亡
4071842, 8.6, 4447, 路西法效应
26371317, 8.2, 7997, 24个比利
1038292, 8.6, 4416, 精神分析引论
1504957, 8.6, 4388, 学会提问
3413836, 8.4, 5691, 当下的力量
6952036, 9.2, 2013, 对伪心理学说不
1201821, 8.0, 10518, 梦的解析
1534951, 8.9, 2728, 逃避自由
3533221, 8.5, 4425, 非暴力沟通
3834938, 8.3, 5646, 与神对话（第一卷）
2033081, 8.2, 6424, 身份的焦虑
1147347, 8.8, 2457, 改变心理学的40项研究
5940553, 8.8, 2382, 当尼采哭泣
10785583, 8.2, 5379, 思考，快与慢
2143904, 8.8, 2341, 进化心理学
3266968, 7.3, 26358, 秘密
3143537, 9.3, 1277, 津巴多普通心理学
3688489, 7.8, 9635, 异类
1437973, 8.7, 2343, 亲密关系
26695174, 9.0, 1550, 灯塔
3033690, 8.0, 5710, 24重人格
1874488, 8.1, 4801, 别做正常的傻瓜
3800022, 8.2, 4106, 活出全新的自己
1223845, 7.6, 10902, 男人来自火星 女人来自金星
2080764, 8.3, 3364, 为何家会伤人
26275861, 8.6, 2119, 沟通的艺术（插图修订第14版）
1193621, 8.5, 2382, 决策与判断
3908032, 7.3, 16142, 怪诞心理学
1135734, 8.6, 1984, 追寻生命的意义
2376506, 8.8, 1487, 生命的轨迹
1288844, 8.2, 3186, 设计心理学
1444900, 8.6, 1872, 爱的五种语言
20507212, 8.0, 4025, 习惯的力量
1274469, 8.4, 2258, 自杀论
26761696, 7.8, 5333, 精进
1927902, 7.6, 7200, 九型人格
25782902, 8.2, 2823, 反脆弱
20492550, 7.8, 5126, 清醒思考的艺术
2372450, 8.6, 1634, 改变，从心开始
1178089, 9.0, 1036, 给心理治疗师的礼物
3035600, 8.5, 1847, 心灵的七种兵器
10563555, 8.9, 1086, 恐惧
1105890, 8.2, 2555, 生命的重建
3900987, 7.7, 5378, 引爆点
5253757, 7.9, 3899, 怪诞行为学2
3671442, 8.5, 1644, 修炼当下的力量
2116916, 8.8, 1145, 动机与人格
2250289, 7.9, 3674, 一个人不要怕
2307720, 8.2, 2345, 幸福的方法
1135754, 8.1, 2685, 你的灯亮着吗?
1944205, 8.9, 971, 追寻记忆的痕迹
20270670, 8.2, 2244, 为何爱会伤人
2259198, 9.0, 861, 合作的进化
3318174, 8.2, 2222, 这书能让你戒烟
10539126, 8.5, 1495, 社会动物
1006614, 8.7, 1159, 我们内心的冲突
3786755, 7.2, 10773, 每天懂一点色彩心理学
1313174, 8.5, 1403, 荣格自传
1051097, 8.7, 1099, 我们时代的神经症人格
3035606, 8.5, 1378, 七个心理寓言
2125973, 9.3, 586, 心理学导论
1788302, 8.5, 1361, 重塑心灵
10773358, 8.1, 2255, 意志力
1183730, 8.4, 1512, 谈话的力量
2980795, 7.7, 4051, 内向者优势
3891855, 8.6, 1173, 第56号教室的奇迹
5914475, 8.0, 2532, 无价
3224456, 7.7, 3979, 少有人走的路Ⅱ
2282946, 7.8, 3392, 直面内心的恐惧
10828002, 8.1, 2188, 游戏改变世界
1429566, 8.4, 1468, 变态心理学（第9版）
3684193, 8.9, 820, 叔本华的治疗
26369699, 8.6, 1117, 被讨厌的勇气
2823823, 9.2, 591, Marva Collins&#39; Way
3062632, 8.6, 1101, 日常生活中的自我呈现
2070807, 8.5, 1229, 懂得爱
6832303, 6.9, 16229, 别相信任何人
3327830, 7.7, 3541, 前世今生：16堂生死启蒙课
2241168, 8.4, 1329, 内在的探索
1132110, 8.4, 1306, 谁在我家
5913475, 8.2, 1628, 高难度谈话
25858916, 8.3, 1410, 感谢自己的不完美
6052834, 8.2, 1600, 亲密关系
4312829, 8.3, 1405, 亲密行为
4836697, 8.3, 1376, 看见真相的男孩
1965977, 7.4, 5094, 我的抑郁症
1024279, 8.0, 1987, 普通心理学
1018360, 8.6, 936, 性心理学
3116096, 8.4, 1177, 象与骑象人
4934733, 8.3, 1326, 真实的幸福
1936756, 8.6, 924, 诊疗椅上的谎言
19949881, 8.8, 740, 绝非偶然
20473412, 8.0, 1929, 品牌洗脑
4149893, 7.0, 10194, 每天懂一点好玩心理学
3874168, 8.1, 1652, 零极限
20475794, 8.1, 1642, 身体知道答案
3389960, 8.0, 1870, 自卑与超越
2341848, 7.9, 2137, 身体语言密码
3298988, 8.5, 976, 直视骄阳
1218321, 9.1, 522, 个人形成论
1168575, 8.6, 871, 爱和自由
6913343, 8.3, 1217, 理性乐观派
26304087, 9.2, 465, 孩子：挑战
20413742, 7.5, 3748, 不说，就真来不及了
22994632, 9.0, 560, 成功，动机与目标
10586741, 8.3, 1197, 关键对话
1038977, 8.6, 816, 谈判是什么
3869711, 8.2, 1301, 消费者行为学 （第8版・中国版）
1857295, 9.0, 532, 荣格心理学入门
3005066, 8.1, 1446, 在爱中修行
3277343, 8.1, 1436, 生命四元素
3690451, 8.3, 1110, 我遗失了时间
3712855, 8.3, 1088, 为何越爱越孤独
1220789, 8.1, 1385, 爱上双人舞
5248376, 8.6, 764, 一味
2122637, 8.1, 1372, 20世纪最伟大的心理学实验
10773362, 8.2, 1208, 随机漫步的傻瓜
24722609, 7.6, 2751, 催眠师手记
1507437, 8.4, 934, 人格裂变的姑娘
2328178, 9.0, 490, 态度改变与社会影响
11589950, 7.7, 2290, 沃顿商学院最受欢迎的谈判课
1047205, 8.2, 1148, 性学三论?爱情心理学
3642050, 8.3, 1015, 宽恕就是爱
3432953, 8.9, 529, 爱情刽子手
3171735, 9.3, 363, 行为科学统计
11601993, 8.1, 1275, 安静
4742971, 7.9, 1630, 错把妻子当帽子
4892883, 8.5, 772, 爱是一切的答案
1310112, 8.3, 961, 诫律
4053315, 8.3, 959, 一念之转
2054246, 8.0, 1313, 你的误区
4929897, 7.8, 1706, 情商：为什么情商比智商更重要
4934590, 8.5, 712, 活出最乐观的自己
1931769, 9.1, 391, 心理学
1930235, 9.0, 421, 社会心理学
1509898, 9.5, 272, 神经科学
1918220, 8.4, 769, 性与性格
5980113, 8.8, 502, 伯恩斯新情绪疗法
1101447, 7.7, 1845, 不要用爱控制我
2241169, 8.7, 539, 解脱之道
6157548, 7.6, 2065, 房间里的大象
1072606, 8.9, 436, 艺术与错觉
22993829, 7.7, 1770, 我们这儿是精神病院
1051659, 8.9, 435, 我与你
2241170, 8.6, 585, 自我的真相
4710580, 8.7, 522, 智慧的觉醒
1187550, 8.1, 1018, 人格心理学
3006742, 8.5, 638, 改变
21214091, 9.0, 383, 人生的十二个面向
3321968, 7.7, 1694, 说谎
1007667, 8.2, 871, 心理学的故事
24839553, 7.3, 3096, 拖拉一点也无妨
2344105, 8.1, 980, 把妹_人之i男方法
2285530, 9.1, 343, 弗洛伊德及其后继者
1327007, 8.6, 552, 悲剧心理学
4165838, 8.0, 1096, 接纳不完美的自己
1065003, 8.5, 610, 中毒的父母
3896758, 8.4, 678, 参谋助手论
3265827, 8.9, 405, 人的自我寻求
2340059, 7.6, 1807, 心理控制术
1764940, 8.3, 726, 爱是一种选择
24721654, 8.8, 430, 红书
2173025, 7.5, 2055, 放下。爱
3016336, 8.5, 572, 我们为什么不说话
26895993, 8.2, 790, 刻意练习
1033273, 7.8, 1291, 海蒂性学报告
1002815, 7.7, 1471, 登天的感觉
26150549, 8.7, 451, 人性中的善良天使
24878420, 7.8, 1270, 明智行动的艺术
3654465, 7.7, 1451, 少有人走的路III
6859959, 9.1, 308, 健全的社会
6125682, 7.5, 1927, 力量
26807400, 8.9, 367, 成功心理学
4216680, 9.0, 334, 心理类型
10736800, 6.7, 7791, 重口味心理学
4263247, 8.4, 589, 为什么大猩猩比专家高明
26178426, 7.6, 1596, 稀缺
1979199, 8.5, 525, 批判性思维
4045849, 8.8, 388, 无可摧毁的纯真
1053204, 7.7, 1364, 弗洛伊德心理哲学
5336008, 8.3, 646, 瞬变
2893591, 8.5, 520, King
2141865, 8.5, 510, 家庭会伤人
6797700, 8.4, 565, 自我与本我
1450606, 8.3, 630, 爱的序位
1829139, 7.2, 2828, “色”眼识人
6773583, 9.0, 313, 意识光谱
3023149, 8.5, 500, 狂喜之后
26390426, 8.3, 619, 比利战争
1214804, 8.6, 449, 未发现的自我
1292428, 8.6, 441, 神经症与人的成长
4864832, 9.4, 217, 为什么学生不喜欢上学?
1879497, 8.5, 486, 新家庭如何塑造人
3696966, 8.9, 330, 踏上心灵幽径
3004272, 8.3, 601, 天资差异
26434548, 8.0, 852, 别和她说话
3236762, 9.0, 300, 事事本无碍
6807767, 8.6, 436, 拥抱你的内在小孩
5939058, 7.5, 1617, 别拿男人不当动物
1477442, 9.0, 292, 为自己的人
20434430, 8.0, 819, 你要如何衡量你的人生
2183559, 8.6, 420, 发展心理学
6890201, 7.1, 2928, 我知道你不知道的自己在想什么
1929918, 8.9, 310, 心理学的邀请
1193622, 8.2, 627, 自我
1006005, 8.5, 453, 过犹不及
1141543, 7.8, 1014, 金融心理学
26850526, 8.3, 558, 追时间的人
3823020, 8.8, 337, 性、生态、灵性
7174792, 8.5, 448, 千面英雄
5356341, 8.0, 779, 男人来自火星，女人来自金星2
26183848, 7.3, 2051, 完美关系的秘密
2158889, 8.3, 546, 权力的48条法则
1913947, 8.3, 541, 万物简史
4258808, 8.3, 537, 还我本来面目
2382924, 8.1, 664, 色彩的性格
1950407, 9.0, 270, 客体关系心理治疗
6858459, 8.2, 587, 当下的力量Ⅱ
6061658, 8.7, 349, 幸福超越完美
26861583, 7.7, 1076, 不正常人类症候群
6084402, 8.7, 347, 游戏力
1065750, 8.2, 579, 我是谁
4275052, 8.1, 646, 九型人格
11509401, 6.9, 3772, 正能量
2970296, 8.1, 643, 情绪的解析
4151190, 8.2, 567, 完美的爱，不完美的关系
5906066, 8.2, 567, 请理解我
4843911, 7.1, 2572, 魔鬼搭讪学
26319527, 8.1, 632, 性学三论
4821765, 8.0, 707, 火星上的人类学家
4062809, 8.6, 370, 改善情绪的正念疗法
1173442, 8.9, 280, 精神分析案例解析
3622446, 6.9, 3548, FBI教你破解身体语言
5361804, 8.5, 401, 焦虑的意义
26665498, 7.5, 1322, 生命中最简单又最困难的事
2082044, 8.1, 612, 金赛性学报告
26605978, 8.4, 439, 超越智商
4151204, 9.1, 229, 心理学导论
6957796, 8.4, 433, 爱得太多的女人
6065757, 7.2, 2013, FBI心理分析术
1008949, 9.1, 225, 分裂的自我
25848493, 8.4, 420, 猿猴的把戏
6515939, 6.8, 3962, 世界如此险恶，你要内心强大
26821903, 7.9, 720, 精神科的故事：空中秋千
1829801, 8.2, 508, 忧郁
1775895, 8.5, 366, 心的出路
23708491, 7.7, 906, 设计师要懂心理学
4010184, 7.4, 1358, 本能
1257434, 7.9, 695, 马斯洛人本哲学
1039222, 7.8, 786, 荣格性格哲学
2984241, 8.6, 327, 思维改变生活
6712304, 7.3, 1564, 怪诞心理学2
2072469, 8.0, 610, 死亡回忆
4159343, 7.7, 881, 潜意识的力量
1064298, 7.6, 1000, 海蒂性学报告：男人篇
5937126, 9.2, 191, 认知神经科学
26808809, 8.6, 320, 当我遇见一个人
4246667, 7.6, 990, 粘住
2244869, 7.4, 1300, 瞬gA得信任的冷xg
4032570, 8.5, 348, 进化的大脑
5999507, 8.4, 381, 妈妈及生命的意义
1315234, 8.1, 523, 图腾与禁忌
10416503, 7.2, 1727, 花冠病毒
4187225, 7.6, 962, 59秒
1315575, 8.3, 418, 找寻逝去的自我
25817021, 8.1, 516, 20岁，光阴不再来
6139564, 8.9, 236, 雅克?拉康
1291535, 7.6, 934, Blink
3248660, 8.3, 409, 语言的魔力
1964884, 7.4, 1224, 为什么幸运的人总幸运倒霉的人老倒霉
1475128, 8.8, 251, 人的潜能和价值
26663916, 8.2, 449, 沟通圣经
3077186, 8.1, 499, 群氓之族
1067830, 8.9, 229, 人对抗自己
1778062, 8.9, 229, 荣格文集
2848329, 9.1, 194, Making up the Mind
25697495, 8.7, 272, 情感依附
6750510, 7.9, 624, 设计心理学2
5910460, 7.5, 1029, 看不见的大猩猩
3682751, 7.7, 786, 谈判力
26712787, 8.2, 437, 可爱的诅咒
1023775, 8.6, 293, 不正常的人
1443662, 9.2, 176, 拒斥死亡
4265573, 8.1, 484, 赌客信条
2074773, 7.8, 686, 把妹_人
4062735, 8.4, 353, 对生命说是
2115948, 8.1, 482, 解读“疯狂”――热点话题人物的心理分析
1879344, 8.8, 242, 精神分析与宗教
3822285, 8.7, 264, 自我导向行为
4137809, 7.8, 680, 让大脑自由
3771081, 7.6, 872, 为什么男人爱说谎 女人爱哭
5976544, 8.1, 474, 交易心理分析
1428482, 8.6, 286, 心理神探
4309584, 8.6, 286, 孩子的宇宙
3755086, 8.8, 238, 发展心理学-儿童与青少年-第八版
2303128, 8.5, 312, 简析荣格
2327264, 8.5, 312, 日益亲近
1734002, 8.0, 521, 你不知道的自己
22229485, 7.8, 656, 需求
25978468, 7.8, 655, 遇见孩子，遇见更好的自己
26910673, 7.1, 1737, 巨婴国
26275063, 8.6, 277, 活得明白
1974521, 8.7, 250, 变态心理学与心理治疗
1162945, 8.6, 272, 弗洛伊德文集（全8册）
10758030, 8.8, 227, 让孩子的大脑自由
1280205, 8.8, 226, 宗教经验种种
26412113, 8.5, 296, 机器人叛乱
25867785, 8.7, 245, 正义之心
5916004, 8.5, 294, 欲望的演化
4330526, 8.4, 323, 幻想即现实
25913619, 7.9, 547, 理性动物
21764541, 8.7, 240, 爱的五种能力
10571219, 8.2, 387, 必要的丧失
1324893, 8.1, 430, 犯罪心理画像
2145946, 8.4, 315, 萨提亚家庭治疗模式
1331882, 9.3, 147, 存在心理治（上）
5301484, 8.2, 384, 不一样的恋爱心理学
1476458, 8.5, 285, 自我实现的人
3405756, 7.9, 525, 生活的暗面
3712854, 7.8, 589, 梦知道答案
6507262, 7.5, 853, 如何让你爱的人爱上你
1007073, 8.0, 461, 语言本能
5246820, 7.5, 842, 津巴多时间心理学
1053711, 8.4, 301, 自我分析
6999545, 8.1, 407, 男人的伎俩 女人的道行
3772058, 7.5, 829, 吸引力法则
3613841, 8.1, 402, 自信的秘密
1316723, 8.4, 296, 日常生活的精神病理学
3422625, 8.5, 268, 幸福的真意
2252637, 8.0, 445, 诱惑的艺术
1020427, 8.6, 244, 爱与意志
4087655, 7.9, 494, 注意力曲线
26805083, 9.4, 128, 心理治疗之路
4159753, 9.3, 137, Your Brain at Work
5417235, 7.9, 489, 失败的逻辑
1112447, 8.1, 390, 群氓的时代
10484712, 7.7, 616, 驱动力
24325270, 8.2, 350, 道德动物
2125536, 8.5, 260, 懂得生命
6714584, 8.2, 346, 轮回
1931681, 8.9, 182, 罗杰斯著作精粹
26293066, 7.7, 596, 你是一切的答案
2338638, 8.2, 340, 预知社会
20477116, 9.0, 165, 对权威的服从
3123690, 7.9, 465, 旷野无人
3324610, 7.4, 870, 摇摆
25839107, 7.4, 869, 魔鬼约会学
1443869, 8.5, 251, 人类的性存在
6510688, 8.0, 407, 看见成长的自己
4230636, 8.2, 328, 不平等的童年
21346249, 7.7, 556, 选择的悖论
26235729, 7.6, 629, 单身社会
1064649, 8.8, 184, 分析心理学的理论与实践
1799255, 8.5, 238, 精神分析入门
1970825, 8.3, 286, 自杀与美好生活
4087584, 7.4, 808, 害羞心理学
25827340, 7.7, 548, 战胜拖延症
1420502, 8.1, 348, 爱欲与文明
3662227, 8.4, 258, 私密的神话
4210847, 8.3, 282, 潜意识与心灵成长
7054138, 7.3, 911, 洗脑术
6851587, 8.3, 281, 神话的力量
25763679, 9.0, 152, 不确定世界的理性选择
26603828, 8.2, 304, 我们与生俱来的七情
11442509, 8.4, 250, 读懂恋人心
3094686, 7.6, 590, y座桑fg
26288194, 9.1, 138, 权力与领导（第5版）
26590889, 8.3, 272, 情绪急救:应对各种日常心理伤害的策略和方法
1132712, 7.6, 585, NLP简快心理疗法
1393623, 8.3, 270, 实验心理学
26606002, 7.8, 455, 恰如其分的自尊
4199618, 8.2, 296, 做梦的艺术
1004506, 8.1, 326, 就业宝典
1141154, 8.4, 242, 程序开发心理学
1266211, 9.1, 134, 论意识操纵（上下）
1836957, 8.4, 238, 痊愈的本能
20471507, 7.9, 395, 九种忧伤
3681639, 8.2, 286, 正念
26819479, 8.4, 236, 小说药丸
25920297, 7.7, 492, 丘吉尔的黑狗
1784676, 8.9, 153, 占有还是生存
2229649, 8.3, 257, 童年的秘密
4934611, 7.2, 940, 九型人格心灵密码学
1440342, 8.6, 194, 发生认识论原理
2209663, 7.2, 920, 孤独的性
3601801, 8.7, 176, 变态心理学
1053405, 8.9, 149, 人类的破坏性剖析
20472028, 7.9, 373, 我们为何如此不安
3030535, 7.8, 414, 自我训练
3540367, 8.4, 224, 印象洗脑术
5377234, 7.6, 522, 情商2
7154320, 7.5, 588, 与爱因斯坦月球漫步
3695857, 8.0, 329, 我与躁郁症共处的30年
24845389, 7.7, 458, 潜意识
26846721, 8.8, 157, 如何在爱中修行
1331735, 8.6, 185, 佛洛依德之精神分析论
5335820, 9.0, 134, 心理动力学心理治疗简明指南
26702041, 7.7, 451, 天生变态狂
5325861, 6.5, 2820, 气场
3578482, 8.6, 183, 释梦
26782094, 7.9, 359, 解决冲突的关键技巧
6009051, 8.2, 263, 爱上双人舞
26324187, 7.7, 447, 每一种孤独都有陪伴
24872319, 8.1, 289, 理性的非理性
3222291, 8.5, 198, 意识的解释
26892222, 8.2, 261, 生活的哲学
2122937, 8.8, 153, 在幻想锁链的彼岸
1879499, 8.6, 178, 罗杰斯心理治疗
5339693, 8.4, 212, 母爱的羁绊
3430785, 8.7, 163, 催眠之声伴随你
3084973, 8.9, 139, 心理治疗师的问答艺术
6784219, 9.4, 97, 生物心理学
2015536, 8.1, 280, 消费者行为学
3427154, 7.8, 385, 犯罪心理学
23037911, 9.1, 119, 正念禅修
1444813, 8.4, 209, 灵魂的黑夜
10755668, 8.6, 175, 自我观察
1053709, 8.3, 227, 禅宗与精神分析
3171969, 8.1, 275, 认知心理学
1042832, 8.3, 226, 走出抑郁
26296233, 8.4, 206, 重塑大脑，重塑人生
26839427, 8.1, 274, 慢思考：大脑超载时代的思考学
6759677, 8.7, 159, 走出恐惧
3425151, 8.9, 135, 焦虑情绪调节手册
6861142, 8.1, 271, 心灵的面具
10799765, 7.6, 468, 盖洛普优势识别器2.0
3352074, 8.1, 269, 萨提亚冥想－内在和谐、人际和睦与世界和平
3334723, 7.7, 410, 谣言
6391211, 8.7, 155, 给未来的记忆
24859467, 8.7, 155, 谁说了算？
26257557, 8.7, 155, 热锅上的家庭
2054643, 8.5, 183, 生理心理学
25753137, 9.2, 106, 心理治疗中的依恋
6810273, 8.5, 182, 我即我脑
1171983, 8.6, 167, 洞察未来
25910698, 8.2, 239, 迷人的假象
4188027, 8.5, 181, 活在爱中的秘诀
5350203, 8.6, 166, 只需倾听
3312040, 8.1, 262, 谁会认错
26921116, 9.7, 76, 活着就很伟大
4722181, 7.5, 509, 小心，无良是一种病
1322992, 8.3, 215, 理解人性
1459390, 9.4, 91, 弗洛姆文集：我相信人有实现自己的权利
6194593, 7.6, 445, 人类性幻想
5262349, 9.1, 111, 心理治疗之路
3824134, 7.4, 564, 动物精神
3345059, 8.6, 162, 心理医生为什么没有告诉我
2281620, 8.5, 175, 艾瑞克森催眠治疗理论
1445816, 8.3, 209, 不必火星撞地球
1315269, 8.3, 208, 心灵、自我与社会
1684120, 7.6, 431, 思维的版图
3075277, 7.0, 966, 隐疾
5437075, 8.1, 247, 解读绝望
1149311, 8.6, 157, 心理学史导论
26042854, 7.5, 477, 理智向左 疯狂向右
3813981, 8.6, 156, O端自我就是王
1197815, 8.9, 123, 团体心理治疗
6800930, 9.0, 114, 人格心理学
20269004, 9.0, 114, 电影美学与心理学
3023839, 8.1, 244, 苦痛和疾病的社会根源
1478704, 9.1, 104, 心理治疗入门
2075107, 7.2, 674, 邪恶心理学
26924263, 9.7, 70, 你就要很独特
1697556, 9.8, 66, Principles of Neural Science
5291811, 7.6, 401, 认识自己，接纳自己
4030556, 8.5, 163, 哈佛经典谈判术
3192038, 7.9, 287, 广告心理
6784027, 8.4, 177, 金花的秘密
20476804, 7.7, 355, 不诚实的诚实真相
26285299, 8.3, 193, 创造力
26892353, 9.2, 95, 蜥蜴脑法则
1726684, 7.6, 395, Why Men Marry Bitches
3424068, 7.6, 395, 生命的心流
6990052, 7.6, 394, 哈佛幸福课
24868861, 7.6, 394, 倾听术
2157346, 8.3, 191, 笛卡尔的错误
25832152, 8.8, 125, 自尊的力量
6068005, 8.6, 146, 原型与集体无意识-荣格文集（第五卷）
2141624, 7.5, 435, 躁狂抑郁多才俊
4015086, 8.2, 206, “现在全明白了！”－你我他的自我认识之路
1444091, 7.8, 307, 认知心理学
4256998, 7.5, 431, 爱情心理学
25961690, 8.1, 225, 梦的解析
1331881, 9.4, 81, 存在心理治（下）
25752076, 7.9, 274, 贪婪的大脑
20616993, 6.6, 1613, 洗脑术
1843275, 8.4, 169, 超越自由与尊严
5398731, 7.4, 481, 童话的心理分析
6852021, 7.6, 374, 与内心的小孩对话
6861475, 9.3, 85, 意识探秘
20480678, 7.0, 814, 逆转
21966337, 8.9, 111, 论关系
26909546, 9.5, 74, 我们内心的冲突
5299980, 8.3, 180, 教出乐观的孩子
3063890, 7.4, 464, 天才向左 疯子向右
1879498, 8.2, 195, 萨提亚治疗实录
6076154, 6.4, 2190, 跟乐嘉学性格色彩
1057378, 7.8, 287, 非同寻常的大众幻想与群众性癫狂
1159821, 8.4, 161, 意识的宇宙
26853742, 8.6, 136, 疯子的自由
1050762, 8.0, 230, 10秒钟让自己不同凡响
1232744, 8.8, 115, 神经质的实质与治疗
4022709, 7.4, 443, 助推
25718139, 7.4, 443, 每个人都会死，但我总以为自己不会
10537771, 8.9, 106, 登天之梯
3000055, 8.0, 225, 五十分钟的一小时
1581309, 8.3, 170, 神经衰弱和强迫观念的根治法
25744065, 8.3, 169, 决断力
10517695, 6.7, 1190, 你以为你以为的就是你以为的吗
3887659, 7.5, 383, 当经济学遇上生物学和心理学
25894861, 6.5, 1686, 跟任何人都聊得来
5372542, 8.1, 200, 情感勒索
24527645, 8.1, 200, 心的处方笺
26879144, 8.6, 129, 落差
2222424, 7.5, 375, 女人的起源
1852584, 8.7, 119, 异常心理学
25833051, 8.5, 139, 幸福的婚姻
11524925, 9.2, 83, 阿斯伯格综合征完全指南
26352480, 9.0, 94, 魔法岁月
26911009, 9.6, 64, 自信向左 自卑向右
25885237, 7.9, 236, 编剧心理学
1811540, 8.8, 108, 现代心理学史
1219421, 8.2, 176, 实验心理学
25755874, 7.6, 323, 运动改造大脑
6516304, 7.8, 259, 分心不是我的错
24700106, 7.8, 259, 硅谷最受欢迎的情商课
1085007, 8.0, 211, 敏感的人:如何面对外界压力
4619523, 8.6, 124, 回家
26328457, 8.4, 146, 童话心理学
10825209, 7.6, 318, 在电影院遇见弗洛伊德
4834600, 8.3, 158, 自由与命运
5063383, 7.9, 229, 我为什么看不懂你
1065156, 8.0, 207, 我生活的种种模式
21241284, 8.8, 104, 我穿越疯狂的旅程
1423583, 8.4, 142, 爱就是彼此珍惜
26733302, 7.5, 346, 自控力：和压力做朋友
21363088, 7.9, 223, 价格游戏
1599035, 8.4, 141, 简捷启发式
1775813, 8.4, 141, 存在的勇气
5245583, 6.8, 887, 中二病中毒说明书
26285423, 8.2, 166, 亲密关系的秘密
2327273, 8.4, 139, 我好-你好
4863620, 9.5, 64, 长程心理动力学心理治疗
26304954, 9.5, 64, 存在主义心理治疗
10809149, 8.1, 180, 别忽视上帝的提醒
10600374, 7.6, 298, 拖延心理学2
26929098, 9.0, 87, 独白者
2063029, 7.5, 332, 销售中的心理学
26705662, 9.2, 76, 心理营养
25875190, 7.5, 331, 眨眼之间
4882155, 6.9, 730, 关于爱与性的一切，你全错了
25712066, 7.7, 263, 当哲学家遇上心理医生
10557754, 8.2, 161, 荣格与炼金术
6014434, 9.2, 75, 心理统计学（第3版）
1394365, 8.7, 105, 教B的迷思
26769136, 8.7, 105, 为什么长大？
22224887, 8.5, 122, 全脑教养法
5063378, 7.8, 230, 进入你的感官世界
25760338, 9.4, 65, 万千心理：心理治疗实战录
20506638, 9.0, 84, 自体心理学的理论与实践
3248694, 8.4, 131, 不确定状况下的判断
26647130, 8.1, 170, 无处不在的人格
25810164, 8.6, 111, 心理学百科
21868971, 8.8, 95, 隐藏的自我
3290954, 8.7, 102, 弗洛伊德心理学入门
7067149, 9.0, 82, 认知心理学及其启示
10598181, 7.3, 390, 随机生存的智慧
26740257, 8.0, 182, 内在革命：一本关于成长的书
2990695, 8.3, 138, 爱，上了瘾
1225971, 7.4, 338, 谁在操纵你？
24706032, 7.4, 335, 本能
2333083, 8.4, 125, 人的意识
2193673, 7.9, 195, 心理和脑
25917542, 8.1, 161, 共情时代
5257922, 8.5, 114, 梦的真相
25710178, 8.5, 114, 情感堵塞
26672431, 8.5, 114, 愿你拥有被爱照亮的生命
26689692, 8.4, 123, 不完美，才美
5408894, 7.5, 290, 你需要多少朋友
25764531, 7.4, 325, 性别是条毛毛虫
7052007, 8.6, 104, 心理学入门
10443011, 8.6, 104, 活出你的小宇宙
5398985, 7.8, 209, 积极情绪的力量
25905227, 7.5, 283, 你的生存本能正在杀死你
26742180, 8.6, 102, 心智探奇
2282133, 8.1, 154, 一种幻想的未来 文明及其不满
19894314, 8.9, 82, 自体的分析
26593192, 8.7, 94, 思想本质
25917623, 7.7, 225, 女巫一定得死
26688605, 6.9, 602, 认同感：用故事包装事实的艺术
26796536, 9.4, 59, 身体从未忘记
1338662, 8.9, 81, 艾瑞克森：天生的催眠大
1223943, 7.8, 201, 拉康选集
1184873, 8.1, 150, 阿德勒人格哲学
6100950, 7.1, 440, 微反应
25975450, 8.4, 115, 积极恋爱心理学
25885205, 7.9, 178, 记忆的风景
1819835, 8.5, 106, 弗洛伊德传(上、下)
25729298, 7.2, 385, 你是在恋爱，还是在发神经
3423225, 8.6, 98, 寻找斯宾诺莎
2080389, 8.9, 79, 人心
26593221, 9.3, 61, 精神分析诊断（万千心理）
1084711, 7.7, 216, 谣言心理学
5361568, 8.4, 114, 获得幸福婚姻的7法则
3656423, 7.7, 215, 我的那条叫做“抑郁症”的黑狗/与抑郁症相伴的日子
1057794, 8.3, 123, 东洋冥想的心理学
4715270, 6.8, 657, 读心术
26840504, 7.6, 234, 人人都有妄想症
26737908, 8.3, 121, 你好，抑郁
1843070, 8.5, 103, 儿童的人格教育
26334506, 8.9, 77, 正常的另一面
6011081, 6.9, 550, 冥想5分钟，等于熟睡一小时
3185636, 8.8, 82, 天才儿童的悲剧
25808733, 9.2, 63, 爱・恨与修复
3373894, 7.3, 324, 说服力
3829573, 7.3, 324, 像女人一样行动 像男人一样思考
19940447, 7.4, 286, 为什么不杀光？
3115378, 7.6, 229, NLP自我重塑计划-21天塑造全新自我
1310154, 8.4, 109, 论对话
26647114, 7.9, 168, 太聪明所以不幸福？
3140334, 8.6, 93, 无快乐的经济:人类获得满足的心理学
26774616, 8.6, 93, 你就是答案（情怀版）
1171256, 8.2, 127, 教育心理学
1393343, 8.6, 92, 回归内在
6902720, 8.4, 107, 意念力
10546097, 8.4, 107, 陪伴生命
3593985, 7.4, 275, 情商
1764721, 8.5, 98, 心灵的激情（上）
6538416, 7.4, 271, 微表情
1193668, 8.5, 97, 当事人中心治疗
25792009, 7.7, 196, 不分心：初学者的正念书
1429564, 8.3, 113, 心理咨询的技巧和策略
11524362, 8.0, 146, 注意!有人在盯着你
1272898, 8.7, 83, 自我的根源
4208898, 8.4, 103, 心灵种种
1444253, 8.1, 132, 赢在性格
26851515, 7.7, 192, 细节
26429188, 7.9, 158, 基因战争
26645313, 8.0, 144, 不正常人类研究所
5935767, 8.3, 110, 皮格马利翁效应
5502402, 8.0, 142, 哈佛积极心理学笔记
1421346, 8.2, 119, 森田心理疗法实践
1005930, 8.1, 129, 决策的艺术
20485924, 8.4, 100, Give and Take
1539735, 8.2, 117, 自觉和领悟之路
6019667, 7.5, 227, 选择的艺术
1869638, 8.9, 69, The Inner Game of Tennis
26873207, 8.9, 69, 爱是唯一的真相
6810303, 7.2, 319, 终结拖延症
1551550, 7.9, 151, 格式塔心理学原理（上下）
1823968, 9.0, 64, 西尔格德心理学
25774384, 8.6, 84, 冥想
1337933, 7.9, 149, 西方心理咨询经典案例集
4730153, 8.3, 105, 为家庭疗伤（上下）
2021604, 8.5, 89, 管理决策中的判断
2293880, 8.7, 77, 生涯咨询与辅导
25876499, 7.2, 304, 女人的性爱动机
4233221, 8.5, 88, 双相情感障碍
26299530, 8.0, 132, 善恶之源
10876941, 8.8, 71, 心理动力学疗法
3441145, 8.2, 111, 自尊的6大支柱
2174650, 8.3, 101, 地理学的犯罪心理画像
6717149, 8.3, 101, 分心也有好人生
26354161, 8.1, 119, 爱人、情人和怪人
25805226, 7.5, 211, 控制焦虑
26617241, 7.5, 210, 渡过
1439458, 8.6, 80, 心我论
4771145, 9.2, 54, The Tell-tale Brain
25809012, 8.1, 118, 爱的博弈
1320298, 7.9, 138, 超越恐惧和贪婪
25834607, 7.9, 138, 自由的进化
2006868, 9.3, 50, 人我之g
26697774, 8.6, 78, “错误”的行为
26828557, 8.0, 125, 从行动开始
3854718, 8.2, 105, 认知心理学
26767504, 8.2, 105, 孤独
1444100, 8.5, 83, 实验心理学教程
6309931, 8.6, 77, 自我・群体・社会
26847674, 8.6, 77, 狡猾的情感
24532754, 8.8, 67, 认知疗法基础与应用
20271917, 7.6, 180, 持续的幸福
26697242, 7.1, 313, 钓愚
26365755, 9.4, 46, 精神分析案例解析（万千心理）
3742938, 7.8, 146, y座t牌S男g
10769712, 6.3, 1044, 爆发
25985811, 7.9, 130, 非暴力沟通实践篇
26296901, 9.0, 57, 一日浮生: 十探生命意x的故事
20563266, 8.6, 74, 社会认知
6510682, 7.9, 128, 脑的阅读
1441417, 9.0, 56, 实验心理学史
25848953, 7.0, 334, 群体性孤独
25863575, 8.5, 78, 不是读心术不是心理学不是魔法
26220853, 8.8, 63, 论人的成长
25925226, 8.5, 77, 强势
24708172, 7.4, 204, 自控力2
10436476, 8.4, 82, 一人的K
2296845, 6.9, 363, 专注力
26820338, 7.9, 120, 从自我苛求中解放出来
26823208, 8.3, 86, 离经叛道
25773343, 9.0, 53, 伯克毕生发展心理学：从0岁到青少年（第4版）
26694945, 7.8, 129, 抗压力
6773363, 8.2, 91, 教养大震撼
20259499, 7.4, 190, 忧郁的解剖
25834256, 8.4, 78, 培养高情商的孩子
4851625, 8.3, 84, 甘地的真理
26855873, 9.1, 49, 自我的智慧
1908684, 7.9, 116, 精神焦虑症的自救 演讲访谈卷
4100363, 8.6, 67, 人类和动物的表情
5917265, 9.5, 39, 心理学
24697576, 7.5, 166, 第3选择
3773490, 7.4, 184, 牌桌阅人术
25765450, 7.2, 229, 如何控制自己的情绪
25806938, 7.2, 229, 怪癖心理学
20509730, 8.2, 88, 生活就像练习
20272118, 8.3, 81, 儿童大脑开窍手册
26314386, 8.4, 75, 心灵的未来
26388011, 7.5, 163, 隐性动机
20445340, 6.6, 488, 16型人格的自我修炼
20271283, 8.6, 64, 人类沟通的起源
6711978, 7.7, 131, 不懂拒绝的老好人
11626743, 8.2, 85, 看不见的影响力
26248157, 8.5, 68, 你能写出好故事
4039365, 7.9, 108, 爱的最佳距离
10520050, 8.7, 59, Tiny Beautiful Things
3574846, 8.3, 78, 辩证行为疗法
25867744, 8.3, 78, 简单冥想术：激活你的潜在创造力
1320151, 8.1, 91, 人是如何学习的
4213167, 8.1, 91, 危险的心理咨询
4836530, 8.8, 55, 剑桥学习科学手册
26759534, 8.8, 55, 我想飞进天空
1921568, 8.1, 90, 奖励的惩罚
26797268, 8.7, 58, 养育的选择
25750516, 9.0, 48, 潜意识与心灵成长
25809383, 8.3, 76, 怪诞现象学（插图第6版）
2303751, 9.3, 40, 家庭与夫妻治疗
25925049, 6.9, 296, 那些伤，为什么我还放不下：斯坦福大学最重要的一堂情绪管理课
4911319, 7.3, 184, 积极心理学
26838015, 8.4, 69, 对于自己，你还是个陌生人
3865964, 9.1, 44, 家庭与家庭治疗
26827391, 8.6, 60, 如何应对愤怒的公众
5975975, 7.6, 133, 无边的恐惧
10537773, 7.7, 120, 良知泯灭
3858060, 8.8, 52, 心理咨询师的问诊策略
1762619, 9.2, 41, 弗洛姆著作精选：人性、社会、拯救
2125914, 9.2, 41, 青春期
26806961, 8.0, 92, 社交天性
26815907, 7.2, 198, 这样和世界相处
1280223, 8.3, 72, 格式塔咨询与治疗技术
25778576, 8.6, 58, 魅力
24380575, 6.9, 278, FBI行为分析学
1331654, 8.0, 90, s格c占星W
5384744, 8.1, 83, 不要用爱控制我2
26214776, 7.6, 128, 实力、运气与成功
26377695, 7.6, 128, 自知心理学
2979734, 9.0, 45, Nonsense
26333444, 9.1, 42, 精神分析治疗：实践指导（万千心理）
25931208, 7.2, 189, 反直觉思考
25953748, 6.7, 352, FBI危险人格识别术
25976094, 8.1, 81, 普鲁斯特是个神经学家
25707650, 7.1, 210, 别想那只大象
1712350, 7.7, 113, 动机心理学
26430576, 7.9, 94, 为什么我们爱得这么累
26383818, 8.2, 74, 父性
4924898, 7.1, 206, 群体的智慧
2061421, 8.0, 85, 语言心理学
26865924, 9.2, 38, 精神病态者的科学
6394591, 8.5, 58, 心理学史
26616951, 7.7, 108, WOOP思维心理学
26266926, 7.6, 118, 写给失眠者的心理学
2362451, 8.7, 50, 感受发生的一切
3088531, 8.1, 76, 论人的天性
26718687, 8.1, 76, 双脑记
23058339, 8.3, 65, 认知设计
24714253, 7.2, 172, 世界会抛弃你吗
3016247, 7.9, 88, 抑郁症的内观认知疗法
10541306, 6.5, 421, 墨菲定律
20390477, 9.0, 41, Far From the Tree
26782080, 7.6, 113, 用安静改变世界
1880079, 8.9, 43, 弗洛伊德
1945390, 8.1, 73, 法西斯主义群众心理学
19967799, 8.1, 73, 失控的正向思考
3063877, 8.1, 72, 智能的结构
5373043, 7.6, 109, 人情与面子
1425813, 7.8, 91, 儿童心理学
26849228, 8.6, 50, 心情词典
26752847, 7.4, 130, 整理情绪的力量
25695309, 8.5, 53, 超越自我之道
26790813, 8.5, 53, 黑羊效应
26862325, 9.0, 39, 人类的荣耀
25917736, 7.5, 117, 情种起源
26775040, 7.9, 82, 完美母女关系的秘密
1868282, 8.9, 41, Phantoms in the Brain
10770914, 7.6, 105, 6个问题竟能说服各种人
5924575, 7.9, 81, The Gifts of Imperfection
26647363, 7.9, 81, 设计心理学4
3074379, 8.8, 43, 存在心理学探索
3596216, 8.0, 74, 改变思维
2678774, 8.1, 68, 模仿律
25781016, 9.2, 34, 心理学与文学
26803113, 8.7, 45, 心商
26677439, 9.3, 32, 儿童精神分析
5395411, 7.5, 110, 习得性无助
3583739, 9.0, 37, [蚺cF
26871348, 8.3, 57, 只想和你过好这一生
24295802, 8.0, 71, 由内而外的教养
26769662, 7.5, 108, 雄性衰落
1275195, 8.8, 41, 恶
24284032, 8.1, 64, 危险方法
20259504, 8.5, 48, 质性研究访谈
3123668, 9.2, 32, 人H贤ǚ治鼍法
25943358, 7.2, 138, 盲点
6857343, 9.0, 35, 内向孩子的潜在优势
23752241, 8.3, 53, 自体的重建
24720021, 8.7, 41, 权力与无知：寻求暴力的根源
25894673, 8.7, 41, Make it Stick
20283580, 7.5, 99, 乐观的偏见
21294724, 7.2, 132, 人格解码
1973569, 8.2, 56, 大X操作手册――N.L.P.概
2299775, 8.2, 56, Musicophilia
10344527, 8.3, 52, 妈妈的心灵课
1868555, 8.8, 38, 阻力最小之路
11605861, 9.6, 25, 客体关系家庭治疗
1380541, 8.1, 59, 心理学
26342463, 7.1, 143, 你就是脸皮太薄！
10560212, 7.8, 74, 边缘型人格障碍
26202327, 7.5, 95, 愉悦回路
23160215, 8.1, 58, 第七感
4001778, 8.2, 54, Emotional Intelligence 2.0
2061640, 7.2, 126, 疯狂天才
3314537, 9.0, 33, 婴儿、儿童和青少年
26782156, 7.7, 79, 安静的力量
25750617, 8.5, 44, 嫉羡和感恩
2383735, 8.8, 36, How We Know What Isn&#39;t So
25714450, 8.3, 49, 自恋主义文化
26132615, 8.3, 49, 寻找遗失的美好
1393911, 9.8, 22, h斯.柯赫c自w心理W
26636365, 8.7, 38, 偏执狂
1046135, 7.6, 82, 克服焦虑
19941064, 7.9, 64, 自私的父母
26718873, 9.1, 30, 一切都不是你的错
26889013, 8.5, 42, 看自己：现代症的心理解剖
24371637, 6.9, 163, 盲目心理学
3542657, 8.2, 51, 思维与决策（第四版）
11403211, 8.2, 51, Daring Greatly
26865498, 8.7, 37, 医治受伤的自信
26866061, 8.7, 37, 让孩子不恐惧、不焦虑、不拖延
5293924, 7.5, 88, 美国的弑母文化
26278762, 7.6, 80, 心思大开
1479072, 8.1, 54, 消费者行为学
26043897, 8.1, 53, 想象
6758642, 8.7, 36, 怎样做研究
26293605, 7.1, 125, 听了那么多大道理，为什么依旧过不好这一生
25866894, 7.0, 139, 疯狂行为学
1291194, 9.0, 30, The Society of Mind
24383564, 7.5, 83, 性格的力量
2345245, 9.2, 27, Synaptic Self
26641750, 8.0, 55, 我战胜了抑郁症
1676619, 8.6, 37, 智慧与魔咒
4917079, 7.7, 69, 人性能达到的境界
24867884, 8.3, 44, 变态心理学
26628226, 7.4, 88, 达尔文告诉你，为什么男人不坏女人不爱
26723536, 7.4, 88, 争辩力
25837839, 7.6, 73, 人的七张面孔
4736432, 7.4, 86, 羞涩与社交焦虑
4931586, 8.5, 38, 荣格文集（全九册）
6537368, 8.5, 38, 中国人的关系原理
25976876, 7.8, 61, 轻疗愈
26842369, 8.9, 30, 像我们一样疯狂
26781653, 8.4, 40, 弗洛伊德遇见佛陀
25809399, 7.7, 65, 透视谎言
26357297, 8.2, 45, 记忆之术
26743743, 8.3, 42, 穿越孤独
21676595, 8.4, 39, 狐狸与刺猬
1292413, 8.2, 43, 自我评估:爱自己才能更好地与人相处
26664265, 8.0, 49, Grit
5408896, 8.3, 40, 不焦虑的活法
5904143, 7.5, 72, 犯罪者与动机
1487698, 8.5, 35, 创造力手册
26921335, 8.9, 28, 读完本书，才有力气完成剩下的梦想
7064464, 8.4, 37, 音乐、语言与脑
3216250, 9.1, 25, 认知、脑与意识
3426781, 7.9, 50, 边缘性人格障碍治疗手册
3666720, 9.1, 24, 儿童心理学手册
1499410, 8.6, 31, The Blank Slate
26861524, 8.6, 31, The Undoing Project
10794539, 8.0, 45, 心智
26276471, 8.0, 45, 大脑的情绪生活
26705846, 7.7, 56, 剪刀石头布
26851858, 8.7, 29, 画的力量
1000697, 9.3, 21, 天才的思考
1020110, 7.9, 46, 丘比特之箭
1909385, 6.8, 122, 人间游戏
1936882, 7.6, 57, 弗洛伊德的近视眼
25799516, 8.6, 29, 认知行为治疗
20386245, 6.4, 192, 情商
25763661, 8.4, 32, 积极心理学
1912252, 8.7, 27, 理解孩子的成长
26429949, 8.5, 30, 原来，懂比爱更重要
26721477, 9.1, 22, 创伤与复原
26253775, 7.0, 93, 超级询问术
26718553, 8.8, 25, 追随直觉之路
26865732, 8.8, 25, 纳粹医生
1766573, 8.2, 35, 抑郁情绪调节手册
25818131, 8.2, 35, 论移情问题
26833809, 8.4, 31, 看不见的背叛
10581953, 8.7, 26, 边缘性人格障碍的移情焦点治疗
26261585, 5.7, 545, 反洗脑
25794568, 8.6, 27, 伯克毕生发展心理学：从青年到老年（第4版）
24522665, 8.2, 34, 社会冲突
26315808, 8.1, 36, 童话的魅力
26865040, 8.9, 23, 发展与罪恶
25963532, 7.6, 51, 理性情绪
26735206, 9.3, 19, 亲密伴侣
26852140, 7.8, 43, 冷眼观爱2：一切情感问题的答案
26900445, 9.0, 21, 像疯子一样思考 像天才一样行动
2118345, 8.5, 27, 槭颤N我不敢告V您我是l
25917098, 8.8, 23, 精神障碍诊断与统计手册(案头参考书)(第五版)
26780966, 7.6, 48, 生活中的大脑骗局
26838508, 7.7, 44, 具身认知：身体如何影响思维和行为
26220337, 6.6, 121, 元认知：改变大脑的顽固思维
26261080, 7.5, 51, 破窗效应（新知文库）
26894664, 8.0, 35, 看脸
26839404, 8.5, 26, 认得清自己，付得起代价
1686221, 9.0, 20, The Norton Reader
25864006, 7.5, 48, 亲密的陌生人
6430918, 7.3, 54, 20几岁要懂得的手段和心计大全集
26769282, 8.0, 32, 如何作出正确决策
24746183, 8.1, 30, 暴食症康复指南
26600223, 8.4, 25, 幸福的三个真相
5300082, 7.7, 38, 亲爱的，我们别吵了
26803304, 8.0, 31, 为什么受伤的总是聪明人
4816556, 8.1, 29, 焦虑症和恐惧症
26312412, 7.9, 31, 发现你的天赋
25961421, 8.4, 23, 情绪自控力：把消极变积极的力量
3667896, 7.0, 57, 消费心理学
26443173, 7.3, 44, 石头剪刀布博弈心理学
6960540, 8.1, 25, 情商魔法训练营
26891167, 8.5, 20, 红楼梦圆
2887830, 8.4, 21, Hope and Help for Your Nerves
25858893, 8.0, 26, 心理学最佳入门（原书第2版）
26822490, 8.8, 17, 我们在为什么样的广告买单
26675645, 7.4, 38, 愚昧者的愚昧
26612166, 8.1, 24, 同理心文明
1823961, 8.3, 21, 适应性思维
26894686, 8.0, 24, 棉花糖实验
26836252, 9.3, 13, 你一动，我就懂
2845839, 8.5, 18, The Psychology of Problem Solving
26683602, 7.1, 42, 情感机器
3346153, 6.9, 47, 成败就在刹那间
26836245, 8.2, 18, 当我遇见一个人
26335187, 7.1, 35, The Road to Character
26728916, 7.7, 23, 决策与理性
20148625, 7.9, 20, 伍尔福克教育心理学
1425985, 6.3, 69, 心理学的故事
26937209, 7.9, 19, 遇见弗洛伊德的眼泪
26657452, 7.6, 22, 眼神不败术
26593896, 7.9, 18, 道德的起源
26888775, 6.8, 37, 那些怪诞又实用的日常心理学
11583939, 8.0, 16, 行动科学
26853740, 6.9, 31, 你好，焦虑分子!
26667961, 7.9, 16, 温尼科特传
26790125, 8.0, 14, 注意力
26856945, 7.9, 13, 音爆
26611852, 7.6, 15, 害羞与社交焦虑症
2871453, 7.7, 12, The Origin of Consciousness in the Breakdown of the Bicameral Mind
2374426, 8.0, 10, Bounded Rationality
26790128, 7.9, 10, 小集团思维
26797123, 7.1, 14, 温暖消逝：关于临终、死亡与丧亲关怀
26869050, 7.3, 11, 影像中的生死课
