2017-01-23 16:17:59
Tag: 心灵
The number of books: 985 

ID, rating, votes, title
3608208, 8.6, 45498, 牧羊少年奇幻之旅
1775691, 8.3, 51947, 少有人走的路
3665874, 9.0, 14624, 星空
2340100, 8.1, 52269, 遇见未知的自己
3406401, 9.0, 11013, 悉达多
3026879, 8.8, 13336, 爱的艺术
1963912, 8.8, 12263, 正见
2194123, 8.4, 15432, 相约星期二
24934182, 8.1, 22971, 一个人的朝圣
26340138, 7.7, 49717, 岛上书店
5990251, 8.5, 8521, 西藏生死书
2193877, 8.1, 15710, 你在天堂里遇见的五个人
3158482, 8.9, 4378, 新世界
2139305, 7.7, 29048, 巴别塔之犬
25697520, 8.2, 10650, 他们最幸福
1045716, 8.7, 4879, 人生中不可不想的事
1005193, 8.6, 4672, 重新认识你自己
1761759, 8.9, 3128, 超越死亡
3413836, 8.4, 5691, 当下的力量
5332713, 9.0, 2453, 人间是剧场
7064313, 7.8, 13467, 突然就走到了西藏
3834938, 8.3, 5646, 与神对话（第一卷）
1033248, 8.9, 2427, 幸福之路
1812011, 9.0, 2026, 佛教的见地与修道
6811366, 8.3, 4859, 禅与摩托车维修艺术
1451270, 9.2, 1526, 纪伯伦诗集
1829799, 8.7, 2740, 爱的觉醒
6526752, 8.8, 2416, 生命之书
3740431, 8.4, 3965, 灵魂只能独行
3266968, 7.3, 26357, 秘密
25735727, 8.2, 5239, 站在两个世界的边缘
1489494, 8.5, 3121, 人与永恒
5264779, 7.4, 16203, 背包十年
3800022, 8.2, 4106, 活出全新的自己
2080764, 8.3, 3364, 为何家会伤人
5389557, 8.5, 2510, 姥姥语录
7058059, 8.0, 4731, 我们心中的怕和爱
3123393, 7.6, 9172, 遇见心想事成的自己
1077129, 8.5, 2313, 一生的学习
10546850, 8.9, 1424, 内在的天空
1859649, 8.1, 3980, 生命的不可思议
1135734, 8.6, 1984, 追寻生命的意义
2065564, 8.1, 3806, 一日重生
11614293, 7.5, 10088, 人生需要揭穿
2376506, 8.8, 1487, 生命的轨迹
2122992, 9.0, 1164, 故道白云
20507212, 8.0, 4025, 习惯的力量
26642866, 8.4, 2173, 萤火虫小巷
2372450, 8.6, 1634, 改变，从心开始
3035600, 8.5, 1847, 心灵的七种兵器
1258513, 8.5, 1843, 爱与寂寞
26356948, 7.0, 22517, 摆渡人
3622904, 7.3, 11963, 不抱怨的世界
10476698, 7.5, 7743, 因为痛，所以叫青春
1105890, 8.2, 2555, 生命的重建
24875416, 8.3, 2184, 生命最后的读书会
24736805, 7.5, 7370, 我所有的朋友都死了
3671442, 8.5, 1644, 修炼当下的力量
2250289, 7.9, 3674, 一个人不要怕
2307720, 8.2, 2345, 幸福的方法
20270670, 8.2, 2244, 为何爱会伤人
1003093, 8.7, 1204, 美学三书
6121542, 8.0, 2894, 当你途经我的盛放
20389195, 7.4, 7248, 慢慢来，一切都来得及
1034615, 8.7, 1105, 生命的意义
4150038, 8.1, 2310, 海鸥乔纳森
3035606, 8.5, 1378, 七个心理寓言
10512506, 7.8, 3572, 世界上的另一个你
1788302, 8.5, 1361, 重塑心灵
1030054, 7.3, 8131, 水知道答案
3224456, 7.7, 3979, 少有人走的路Ⅱ
3137185, 8.8, 922, 阿米I-星星的孩子
5397044, 8.3, 1633, 蓝色天堂
26369699, 8.6, 1117, 被讨厌的勇气
5450660, 8.7, 978, 次第花开
2070807, 8.5, 1229, 懂得爱
3327830, 7.7, 3541, 前世今生：16堂生死启蒙课
25978763, 8.8, 850, 僧侣与哲学家
2241168, 8.4, 1329, 内在的探索
1132110, 8.4, 1306, 谁在我家
2049781, 8.5, 1135, 世界在你心中
2973403, 8.6, 1006, 戒嗔的白粥馆
25858916, 8.3, 1410, 感谢自己的不完美
6052834, 8.2, 1600, 亲密关系
26831234, 8.7, 881, 不属于我们的世纪
4898627, 8.3, 1391, 禅者的初心
4836697, 8.3, 1376, 看见真相的男孩
6966843, 7.8, 2651, 重遇未知的自己
1256282, 8.5, 1022, 心灵自由之路
3874168, 8.1, 1652, 零极限
20475794, 8.1, 1642, 身体知道答案
2125593, 8.6, 873, 克里希那穆提传
3298988, 8.5, 976, 直视骄阳
24083865, 7.7, 2788, 女人明白要趁早之三观易碎
2347737, 8.1, 1573, 深夜加油站遇见苏格拉底
26242908, 7.6, 3214, 如果世上不再有猫
20413742, 7.5, 3748, 不说，就真来不及了
1256284, 8.4, 1064, 谋生之道
4932095, 7.6, 3120, 好好爱自己
5364104, 8.7, 731, 朝圣
23044177, 8.0, 1685, 挺住，意味着一切
2381093, 7.4, 4147, 一辈子做女孩
3875610, 8.9, 584, 内观
3005066, 8.1, 1446, 在爱中修行
25845203, 8.5, 879, 五岁熊孩子教我的事
6890672, 8.7, 693, 这一生，至少当一次傻瓜
3712855, 8.3, 1088, 为何越爱越孤独
5248376, 8.6, 764, 一味
3910220, 7.5, 3169, 十四堂人生创意课Ⅱ
3894081, 8.7, 665, 最后的日记
1478831, 8.8, 592, 当鞋合脚时
24845284, 7.7, 2262, 掷地有声
3642050, 8.3, 1015, 宽恕就是爱
4874162, 8.3, 988, 与神对话（第二卷）
1319893, 8.1, 1256, 当和尚遇到钻石
10437353, 8.1, 1252, 我想遇见你的人生
4892883, 8.5, 772, 爱是一切的答案
4053315, 8.3, 959, 一念之转
4122992, 8.6, 680, 人生的三路向
4898535, 8.4, 841, 来一点信仰
25849895, 8.9, 490, 人间草木
4243135, 7.4, 3173, 别告诉我你懂PPT
2054246, 8.0, 1313, 你的误区
1009188, 7.7, 1983, 水知道答案2
4109194, 8.5, 716, 为自己出征
2157629, 8.2, 1005, 平常禅
6517150, 7.6, 2226, 31岁又怎样
3005076, 8.7, 567, 再活一次
26827590, 8.9, 463, 八万四千问
25693190, 8.3, 869, 舍得让你爱的人受苦
4830829, 9.2, 349, 根道果
6507059, 8.1, 1101, 10堂量子创意课
6097491, 8.0, 1230, 把心安顿好
3910883, 8.8, 494, 观呼吸
5363264, 7.7, 1820, 被偷走的人
2241169, 8.7, 539, 解脱之道
21324451, 8.9, 440, 不是为了快乐
26584387, 7.7, 1791, 一个人的朝圣2
19899834, 7.2, 3921, 只愿你曾被这世界温柔相待
1722020, 8.7, 528, 最初和最终的自由
2241170, 8.6, 585, 自我的真相
2137279, 8.0, 1164, 善良丰富高贵
4710580, 8.7, 522, 智慧的觉醒
25788697, 7.6, 1942, 一切都是最好的安排
3582354, 8.0, 1107, 找回你的生命礼物
4165838, 8.0, 1096, 接纳不完美的自己
20435635, 8.5, 609, 里斯本夜车
2256361, 8.8, 448, 箭术与禅心
3757530, 8.7, 488, 空了
2240928, 8.7, 485, 当生命陷落时
2340059, 7.6, 1807, 心理控制术
25777461, 8.4, 653, 日日是好日：茶道带来的十五种幸福
1764940, 8.3, 726, 爱是一种选择
2173025, 7.5, 2055, 放下。爱
3276880, 9.1, 318, 光耀生命
7007231, 7.9, 1142, 房间
11620497, 8.2, 786, 简单的艺术
24855421, 8.7, 455, 在春天走进果园
6010792, 8.5, 551, 与神对话（第三卷）
3654465, 7.7, 1451, 少有人走的路III
3012903, 9.0, 337, 关于这颗心
6125682, 7.5, 1927, 力量
26693418, 7.5, 1924, 按自己的意愿过一生
4254672, 7.6, 1648, 不抱怨的世界2
3784639, 8.6, 489, 超越时空
4833802, 8.9, 365, 薄伽梵歌
10747361, 7.8, 1238, 遇见心想事成的自己
3369452, 7.9, 1081, 一辈子当公主
20480681, 7.4, 2199, 你当温柔，却有力量
5920237, 8.6, 481, 把爱传下去
3550398, 7.5, 1862, 时间管理幸福学
4045849, 8.8, 388, 无可摧毁的纯真
20491988, 8.9, 352, 亲亲木朵
3228781, 9.1, 289, 阿米Ⅱ-宇宙之心
4726852, 8.5, 509, 正念的奇迹
1450606, 8.3, 630, 爱的序位
6773583, 9.0, 313, 意识光谱
3687099, 7.9, 1007, 心灵密码
10801462, 7.7, 1310, 苦才是人生
26171593, 7.5, 1745, 今天也要用心过生活
25771551, 9.1, 285, 不离：上师人生开示录
3023149, 8.5, 500, 狂喜之后
23780225, 8.8, 370, 能断
26337959, 8.3, 613, Lens・目客001:花朵与我
26627876, 8.7, 400, 在艰难的世界里，勇敢前行
2062160, 8.8, 363, 庄子心解
25942442, 8.4, 541, 那年夏天我还爱你
2972658, 8.0, 855, 包容的智慧
1879497, 8.5, 486, 新家庭如何塑造人
3696966, 8.9, 330, 踏上心灵幽径
3079768, 8.1, 752, 我们与这个世界的误会
3236762, 9.0, 300, 事事本无碍
6807767, 8.6, 436, 拥抱你的内在小孩
2367799, 8.7, 394, 莲心禅韵
1485079, 8.6, 425, 心灵神医
20434430, 8.0, 819, 你要如何衡量你的人生
10545691, 7.9, 922, 好好修养爱
3358570, 8.5, 464, 你可以不怕死
25948154, 7.7, 1187, 扛得住，世界就是你的
10795220, 7.7, 1182, 喃喃
4827904, 9.2, 241, 入T：古埃及女祭司的`魂旅程
26363926, 8.6, 412, 何为良好生活
4249313, 7.7, 1165, 活在当下
1482890, 8.8, 339, 静心：狂喜的艺术
1006005, 8.5, 453, 过犹不及
10759777, 7.9, 889, 秘密副作用
3823020, 8.8, 337, 性、生态、灵性
26639786, 8.1, 696, 舍得，舍不得
4909716, 7.5, 1504, 谁说这辈子只能这样
24732964, 7.9, 865, 佛陀与想太多的猪 1
19928975, 7.8, 980, 去印度学倒立
1367126, 9.4, 198, c神υIII
4258808, 8.3, 537, 还我本来面目
25885179, 9.3, 213, 我为青春狂
2324913, 9.4, 197, 佛陀的⑹
10747362, 7.9, 845, 活出全新的自己
6858459, 8.2, 587, 当下的力量Ⅱ
2281420, 8.8, 316, 巴坦加里的瑜伽经
11509401, 6.9, 3772, 正能量
4805128, 7.5, 1397, 你好，陌生人
4232373, 8.1, 641, 幸福
19989305, 8.4, 460, 做才是得到
6427971, 7.7, 1045, 学会爱，超越爱
4151190, 8.2, 567, 完美的爱，不完美的关系
21331464, 7.8, 895, 那些荒谬的往事叫青春
26665498, 7.5, 1322, 生命中最简单又最困难的事
2090728, 8.4, 431, LSD：我那惹是生非的孩子
1366878, 9.3, 192, 与神对话
6515939, 6.8, 3962, 世界如此险恶，你要内心强大
3183283, 8.5, 377, 无常
24714245, 7.8, 809, 看得开
3795779, 7.8, 803, 宽心
1775895, 8.5, 366, 心的出路
1489218, 8.8, 275, 旷野的声音
4050808, 8.3, 446, 预约死亡
2243733, 7.7, 901, 心灵游戏
2377537, 8.3, 445, 活着，为了什么？
1413112, 8.7, 300, 波丽安娜
3842681, 8.7, 299, 面对危机中的世界
25747597, 7.5, 1164, 不能不去爱的两件事
10604916, 8.6, 325, 请不要灰心呀!
24297906, 6.7, 4440, 不畏将来 不念过去
4159343, 7.7, 881, 潜意识的力量
2148180, 8.1, 535, 最后14堂星期二的课
1826799, 8.5, 350, 心灵飞舞
4817590, 8.3, 426, 雪洞
5362056, 8.3, 423, 无量之网
26832913, 8.0, 587, 二十亿光年的孤独
3010573, 8.1, 521, 遇心想事成的自己
2117062, 7.8, 737, 麦田守望者
25985499, 7.6, 946, 这一生，静待时光检验
3254097, 8.2, 453, 让我为你温柔地歌唱
5260230, 8.8, 253, 与生命相约
26598945, 7.5, 1064, 请尊重一个姑娘的努力
1367052, 9.2, 181, c神υII
25955940, 8.6, 298, 透过佛法看世界
3317244, 8.9, 228, 阿米III-爱的文明
2363639, 8.7, 269, 点亮自性之光
5288625, 8.9, 225, 活在喜悦中
26295733, 7.2, 1592, 我知道你没那么坚强
1911166, 8.3, 392, 活出自己
7001419, 9.4, 151, 突破修道上的唯物
2241291, 8.7, 266, 转逆境为喜悦
4062735, 8.4, 353, 对生命说是
5028585, 8.5, 319, 关系之镜：两性的真爱
1482894, 9.1, 186, 隐藏的和谐
1221710, 7.6, 862, 塞莱斯廷预言
2382840, 7.6, 858, 先斟满自己的杯子
11614288, 7.2, 1492, 我们为什么旅行
10345559, 8.0, 515, 少女布莱达灵修之旅
1423465, 8.8, 232, 爱与思
1427938, 8.0, 511, 墙上的斑点
3719427, 8.8, 230, 心灵瑜伽
5994832, 8.3, 358, 天空之R
4881692, 9.0, 190, 了凡四训讲记
4177459, 7.8, 621, 舍得
3796598, 8.6, 267, 爱情与工作的每日禅
2363654, 9.0, 188, 与爱同在
25912907, 8.7, 242, 烦恼都是自找的
1789108, 9.3, 149, 发现心中的日月
6062348, 9.3, 149, 前往伊斯特兰的旅程
2145946, 8.4, 315, 萨提亚家庭治疗模式
20394988, 9.0, 185, 灵性炼金术
4857084, 8.4, 314, 守护者
5291640, 7.5, 883, 灵魂的自由
26844348, 6.7, 3206, 好吗好的
5269117, 8.8, 217, 现实即弯路
21329705, 8.5, 283, 灵性开悟不是你想的那样
1418383, 9.1, 169, `魂永生（斯）
1483421, 8.9, 197, 人生智慧录
3712854, 7.8, 589, 梦知道答案
10529773, 8.0, 459, 独白
2286166, 8.9, 191, 大师在喜马拉雅山
1350811, 9.3, 140, 阿米：宇宙之心
3772058, 7.5, 829, 吸引力法则
3613841, 8.1, 402, 自信的秘密
2241263, 8.7, 224, 与无常共处
3422625, 8.5, 268, 幸福的真意
26805083, 9.4, 128, 心理治疗之路
1466672, 8.6, 240, How to Stop Worrying and Start Living
5311766, 7.4, 907, 幸福的七种颜色
2125536, 8.5, 260, 懂得生命
6714584, 8.2, 346, 轮回
21266953, 8.6, 234, 灵魂的功课
3139786, 9.0, 167, 桃]
1899741, 9.2, 143, W修U卡
4834886, 8.4, 279, 我需要你的爱
24827120, 8.2, 339, 爽
1068879, 8.7, 211, 穷人的幸福
1791175, 9.4, 122, 证悟者的心要宝藏
4214113, 7.5, 755, 爱欲修道院
3376689, 8.3, 302, 生命与意识的省思
26914640, 9.6, 106, 你配得上更好的人生
1367116, 9.1, 150, 奇n程
2365621, 8.6, 225, 心的对话
4826395, 8.4, 270, 巫士唐望的教诲
2309208, 8.4, 269, 你就是世界
2194590, 8.0, 403, 心灵鸡汤全集
3163506, 7.8, 501, 答案在你心中
1072989, 9.0, 159, 薄伽梵歌论
2352192, 8.4, 266, 启动心的力量
6507601, 9.3, 126, 生命喜悦的祈祷
3320925, 8.3, 290, 幸福的艺术
7057593, 7.5, 718, 尼采的心灵咒语
2048022, 8.5, 239, 图解金刚经
1058767, 9.0, 156, 活着就是爱
26416276, 7.9, 434, 愿生命从容
25749911, 7.7, 535, 生命的单行道:程浩日记
26434719, 6.8, 1990, 你一年的8760小时
1423466, 9.0, 152, 单纯的品质
20258528, 7.6, 587, 安心的义工旅行
26606002, 7.8, 455, 恰如其分的自尊
4199618, 8.2, 296, 做梦的艺术
4262950, 8.4, 243, 关系的真谛
20496057, 9.3, 117, 约书亚的传导
4011299, 8.6, 202, 创造金钱
6557779, 8.4, 241, 告别娑婆
1799933, 8.4, 239, 所罗门的智慧
1836957, 8.4, 238, 痊愈的本能
3681639, 8.2, 286, 正念
2224959, 8.7, 181, 塔莎老奶奶的美好生活 2 造你的生活啡
4864406, 8.7, 180, 教育就是解放心灵
5404240, 8.9, 153, 无我的智慧
4823003, 8.2, 283, 比神更快乐
4934611, 7.2, 940, 九型人格心灵密码学
1003972, 8.5, 212, 般若之旅
20507210, 7.6, 543, 爱情觉醒地图
2044433, 9.6, 91, 清净道论
23780616, 8.7, 175, 一个悲观主义者的积极思考
23160441, 8.1, 303, 呼唤洁净的世界
21617698, 7.1, 1011, 二十五岁的世界
26702041, 7.7, 451, 天生变态狂
6009051, 8.2, 263, 爱上双人舞
26324187, 7.7, 447, 每一种孤独都有陪伴
4038012, 7.7, 446, 女人30+
3813384, 8.2, 261, 你值得^更好的生活
6101341, 8.4, 216, 回到当下的旅程
24708188, 9.1, 122, 哪怕两手空空
6732497, 8.7, 166, 活在时间之外
1428473, 8.6, 180, 告e娑婆
19995936, 7.4, 642, 往西，宁静的方向
26108383, 6.9, 1332, 人生永远没有太晚的开始
4164215, 7.7, 439, 当一切改变时，改变一切
20386246, 7.8, 390, 人生那么长，停一下又何妨
24838897, 6.9, 1307, 愿你与这世界温暖相拥
1351217, 9.2, 111, X醒的勇狻栋⒌{之修心七要》
23037911, 9.1, 119, 正念禅修
1444813, 8.4, 209, 灵魂的黑夜
10755668, 8.6, 175, 自我观察
2080980, 8.2, 251, 懂得健康
4030358, 7.9, 341, 心灵午夜密谈
3928558, 8.7, 159, 宁静的森林水池
6759677, 8.7, 159, 走出恐惧
3513006, 7.8, 373, 失落的致富经典
11498624, 9.1, 116, 心湖上的倒影
3352074, 8.1, 269, 萨提亚冥想－内在和谐、人际和睦与世界和平
10573947, 9.4, 93, 无死的金刚心
24878033, 8.2, 241, 残酷才是青春
25910698, 8.2, 239, 迷人的假象
5905901, 9.1, 112, 78度的智慧
25805198, 8.3, 214, 初学者的冥想书
1345276, 8.4, 194, 塔_葵花典
2382103, 8.6, 162, 生与死的冥想
25885424, 7.4, 563, 不焦虑的女人：《金刚经》教授女人静心课
19995928, 7.7, 390, 出发，和每个人谈一次梦想
1315269, 8.3, 208, 心灵、自我与社会
6772445, 7.2, 725, 李欣频的私房50
6757194, 6.8, 1315, 碎片，令人怀念的1980年代
4225194, 8.6, 157, 生活的难题
26253714, 7.9, 300, 在西伯利亚森林中
5030623, 8.1, 244, 小和尚的白粥馆
20270014, 7.1, 802, 三毛不在撒哈拉
5907290, 8.6, 154, 业力管理
1433002, 9.1, 105, 寂静的知识
11537699, 7.2, 689, 印度，去十次都不够
6800946, 7.1, 791, 做自己的先知
3070498, 9.3, 91, 你可以更慈悲
5253349, 8.8, 130, 解离的真实
3189696, 7.2, 681, 两个人的孤独
3662078, 8.6, 152, 生活在禅中
1388359, 8.9, 120, 瓶同\
25815819, 7.0, 904, 断舍离（心灵篇）
26741879, 8.1, 237, 诗经：越古老，越美好
26825460, 8.4, 179, 我的世界都是你
1388288, 9.4, 84, 人相的本|（斯）上、下
6784027, 8.4, 177, 金花的秘密
26934539, 9.3, 89, 长大后的世界
25902999, 7.2, 661, 永远不要找别人要安全感
3039668, 8.2, 211, 真北
4748801, 7.3, 575, 20岁跟对人，30岁做对事 Ⅱ
3424068, 7.6, 395, 生命的心流
6990052, 7.6, 394, 哈佛幸福课
1418371, 8.4, 175, 灵魂之旅
24379795, 8.4, 174, 回归身体
1474445, 8.8, 125, 静心
24745650, 7.5, 438, 我怕没有机会，选择真正喜欢的生活
4015086, 8.2, 206, “现在全明白了！”－你我他的自我认识之路
5301258, 8.6, 145, 个人觉醒的力量
4872667, 8.1, 225, 爱自己
25756626, 8.0, 247, 布雷特的生命清单
3841198, 7.8, 304, 西藏
26315455, 7.9, 273, 心之道
26363418, 7.2, 627, 我坚信
26906750, 9.8, 63, 关于我父母的一切
1077674, 8.7, 131, 一只狗和他的城市
6852021, 7.6, 374, 与内心的小孩对话
21966337, 8.9, 111, 论关系
6018571, 9.3, 84, 轮回是战场，菩萨是勇敢的战士
10563327, 7.3, 532, 人生中最美妙的事都是免费的
1084256, 9.0, 103, 爱默生集（上）
26590147, 7.7, 327, 正义的可能
4247651, 8.6, 139, 生命不再等待
25953842, 7.7, 326, 步行者日记
6894125, 8.4, 164, 回家之旅
6313401, 8.5, 150, 生命即当下
6313354, 8.8, 118, 让阳光自然播洒
25783890, 8.1, 214, 素黑：爱在136.1
25801138, 8.7, 127, 是什么带来力量
26301626, 7.6, 358, 谢谢你
3640005, 8.5, 148, 全然接受
6986029, 8.1, 211, 心灵突破60问
1267063, 8.9, 108, 让心自由
26892143, 9.5, 72, 生死・朝圣
21249031, 8.6, 135, 灵性亲密关系
6528785, 9.1, 93, 终止你内心的暴力
11442963, 8.0, 229, 照镜子的人
1351050, 9.4, 76, 修行百《在俗世修行的一○一忠告》
6557708, 8.6, 134, 真爱的旅程
4323622, 7.5, 393, 向宇宙下订单
25718139, 7.4, 443, 每个人都会死，但我总以为自己不会
26259535, 7.4, 441, 我的朋友都死了2
26284233, 6.6, 1446, 鬼水瓶录
4890641, 8.6, 133, 天・藏
26891340, 9.3, 80, 我不过别人指定的生活
4126251, 9.1, 91, 八正道
25798953, 8.4, 155, 大地母亲时代的来临
10607227, 7.5, 384, 死在路上也不错
1981207, 7.7, 305, 一个禅者眼中的男女
24531896, 7.0, 742, 不曾走过
26637849, 8.1, 202, 名字和名字刻在一起
2240291, 8.3, 168, 秘苑玫瑰
26693270, 9.1, 90, 人生迎风向前
24527645, 8.1, 200, 心的处方笺
1436700, 9.0, 96, 做个喜悦的人
1460381, 8.6, 129, 沙的智慧
6720544, 7.3, 477, 天上大风
10521979, 8.2, 180, 唤醒内在的智慧
24695340, 7.4, 417, 世界上的另一个你
26756565, 8.6, 127, 一加一
6002550, 8.0, 214, 轻而易举的富足
26437752, 6.8, 951, 灯下尘
1332029, 8.0, 212, 胞
1491082, 7.2, 527, 一个瑜伽行者的自传
11522757, 8.6, 125, 生命之花的`性法t
24700106, 7.8, 259, 硅谷最受欢迎的情商课
20492902, 8.2, 175, 走出荒野
1085007, 8.0, 211, 敏感的人:如何面对外界压力
26921021, 9.5, 67, 一辈子很长，要和有趣的人在一起
25711748, 8.5, 134, 灵性的自我开战
26263832, 7.7, 283, 素媛
26307520, 8.1, 189, 没有街道的城市
25697240, 8.2, 172, 生命的思索：史怀哲自传
21966358, 7.8, 253, 就在你所在的地方生根开花
1647074, 9.2, 79, 好运设计
7154813, 7.9, 226, 治疗密码
25709123, 6.9, 769, 回忆是一种淡淡的痛
4871289, 7.3, 437, 有些时候总是让我们怀念
26774091, 8.3, 153, 唐草物语
4831476, 8.6, 119, 美好人生的挚爱与告别
19949017, 7.2, 494, 魔力
1059198, 8.7, 110, 心灵地图
4879054, 8.7, 109, 回到你心中
26530414, 9.3, 72, 边城
10809149, 8.1, 180, 别忽视上帝的提醒
4932903, 8.5, 127, 灵魂之心
20471127, 7.7, 265, 给你爱的人以自由
25712066, 7.7, 263, 当哲学家遇上心理医生
2371271, 8.7, 107, A知生命大：由恐肿呦鄣撵`魂M化旅程
10557754, 8.2, 161, 荣格与炼金术
4194910, 7.7, 262, 开启的世界
26610688, 8.0, 192, 忘记亲一下
6424417, 8.7, 106, 一心走路
12032184, 7.0, 617, 何谓文化
26319003, 8.3, 146, 写下你的墓志铭
20503637, 7.9, 208, 遇见我的前世今生
5063378, 7.8, 230, 进入你的感官世界
3091645, 9.3, 69, 噍
26671406, 9.3, 69, 儿童健康讲记：一个中医眼中的儿童健康、心理与教育
4077967, 8.5, 121, 这个世界的真相
21966360, 7.7, 251, 你在为谁而活
25747198, 9.3, 68, }全
3290954, 8.7, 102, 弗洛伊德心理学入门
25841973, 7.5, 308, 我们・逆行
26388007, 8.3, 138, 照着想象去生活
3317555, 7.9, 198, 真爱密码
5260073, 8.1, 163, 最简单的方式
5264795, 7.7, 240, 老子传
1053687, 7.5, 298, 心灵鸡汤
20432499, 6.7, 882, 这辈子最渴望做的那些事
6110455, 7.9, 195, 唤醒心中的巨人
10570075, 7.6, 265, 找到人生的好感觉
5337240, 7.0, 557, 20岁定好位，30岁有地位
24848638, 7.3, 375, 天堂的证据
5364479, 8.6, 106, 静谧之心
26672431, 8.5, 114, 愿你拥有被爱照亮的生命
1425757, 8.3, 134, 一行禅师释佛
2215053, 8.4, 123, 现在开始讲解瑜伽
26689692, 8.4, 123, 不完美，才美
26838434, 8.9, 84, 被重置的人生
6869070, 7.6, 259, 别放弃，小豌豆
7052007, 8.6, 104, 心理学入门
26743027, 8.2, 144, 黑麋鹿如是说
6041720, 7.5, 288, 许愿树
2981084, 7.5, 287, 吸引力法则
10587474, 8.8, 89, 熊和山猫
24732489, 8.8, 89, 生命安宁
25852589, 8.0, 170, 少有人走的路2
3643702, 8.3, 130, 作樯的妻子：我和邱巴的人生
5326861, 8.8, 88, 喜悦无处不在
1808662, 8.4, 119, 学校是一段旅程
2133610, 8.3, 129, 召咎焓
26374862, 8.1, 152, 奔跑的月光
1437359, 9.1, 71, 力量的传奇
4922703, 8.6, 100, 克里希那穆提画传
25722097, 7.1, 448, 慢慢来，让灵魂跟上来
3230321, 9.1, 70, 奥修传
1584476, 8.7, 92, 红发安妮
4742960, 7.8, 198, 冥想的艺术
6963813, 8.8, 85, 灵境追踪师
1971644, 9.0, 74, 与神同在
2284458, 9.0, 74, `?奇?光行者
26005654, 9.0, 74, 我在史铁生
4879642, 8.9, 79, 大师读心经
24301821, 8.5, 105, 要么孤独要么庸俗
26920165, 7.1, 432, 拉普拉斯的魔女
5408900, 8.1, 146, 阴影的力量
20513013, 8.1, 146, 亲爱的，我不会把你交给绝望
3114492, 9.0, 73, 灵知派经典
26747676, 9.0, 73, 愿世上所有的孤单，都有温暖相伴
4932919, 8.3, 122, 黄庭禅
25712703, 8.7, 89, 父母的觉醒
25720192, 8.3, 121, 世界就是一个游戏，灵魂如何才不迷失？
6011081, 6.9, 550, 冥想5分钟，等于熟睡一小时
2969365, 8.4, 110, 七重山
1427300, 8.7, 87, 人生之体验
4312357, 8.2, 128, @一生楹味
26269094, 6.7, 724, 文艺女青年这种病，生个孩子就好了
20452425, 7.3, 316, 自爱，无须等待
25853217, 6.8, 614, 一切都是最好的安排
1393343, 8.6, 92, 回归内在
6902720, 8.4, 107, 意念力
10546097, 8.4, 107, 陪伴生命
26677431, 9.1, 65, 清醒地活
3023649, 9.2, 61, 夏倍上校
1074601, 9.1, 64, 穿越生命之界
6775832, 8.5, 97, 生而为人
2378182, 8.0, 147, 图解瑜伽经
25792009, 7.7, 196, 不分心：初学者的正念书
26738158, 9.0, 68, 人生只差好好静度时光
4767452, 7.5, 239, 爱自己，和谁结婚都一样
26831768, 9.3, 56, 人生有信
26318936, 8.0, 145, 我喜欢辽阔的地方
4208898, 8.4, 103, 心灵种种
3359251, 8.3, 111, 如何停止忧虑，开创人生
26333102, 7.7, 189, 我不愿让你一个人
25769406, 7.6, 209, 一个人不要怕：完美升级版
4861867, 7.0, 425, 每天用一点神奇催眠术
10480843, 8.9, 70, 身心灵全面疗愈
7162508, 6.5, 893, 孤独要趁好时光
3701270, 8.1, 128, 家庭系统排列入门
26260084, 8.7, 80, 想太多的猪5
3653133, 9.4, 51, 光的课程
25941678, 6.8, 543, 他爱的是玫瑰，而你是蔷薇
26318926, 8.0, 137, 教养的关系花园
11516390, 8.2, 115, ^得不e的一年
1082832, 8.8, 73, 生命的七大精神法则
25774384, 8.6, 84, 冥想
26730678, 7.9, 149, 我不过无比正确的生活
25827479, 8.7, 77, 再活一次，和人生温柔相拥
20381326, 9.3, 52, 人生转轨处
1359219, 9.2, 55, 郏自由c为
26357209, 7.9, 144, 生命的每一天都是奇遇
6963840, 9.0, 62, 草原狼导师
4196797, 7.9, 143, 爱，生活，学习
24845767, 7.0, 384, 总有一次哭泣，让人瞬间长大
4262949, 8.7, 75, 从破碎到完整
4314074, 7.7, 172, 在生命最深处与人相遇
1276292, 8.8, 70, 东山魁夷散文选
3012985, 8.4, 93, 心灵导论
1439458, 8.6, 80, 心我论
20385941, 7.8, 155, 最好的教养在路上
24855552, 8.5, 86, 漂流
24846304, 7.9, 140, 练习场
26672590, 7.6, 187, 此时此刻相爱的能力
25893196, 8.6, 79, 与自己和解：治愈你内心的内在小孩
3462387, 8.3, 99, 碎心曲-音乐.哲学.文学.自杀
26613078, 8.5, 84, 父亲南怀瑾
20458892, 7.1, 322, 跟身体谈恋爱
19987165, 8.0, 125, 破碎重生
25843173, 6.7, 557, 恰到好处的幸福
21966338, 8.4, 90, 心灵日记
25859178, 8.0, 124, 人间有戏
25794725, 6.6, 639, 生命中最美好的事都是免费的
20271917, 7.6, 180, 持续的幸福
3628063, 8.3, 96, 奈粗中解
7060372, 7.7, 161, 我的灵魂永不下跪
26818063, 8.4, 88, 你的梦想，自己会来找你
26303962, 7.0, 354, 说谎的人
26359398, 7.1, 310, 你要好好爱自己
25806269, 8.6, 75, 恋爱与牺牲
26709057, 7.9, 131, 那些被我们辜负的人
10791825, 8.9, 61, 觉醒之后
19980424, 8.9, 61, 世界是心的倒影
4864981, 8.4, 86, 西夏咒
26296901, 9.0, 57, 一日浮生: 十探生命意x的故事
4236607, 7.3, 238, 情绪的惊人力量
20440847, 7.9, 129, 前世今生2
24371384, 7.9, 129, 遇见未知的自己
26320383, 7.9, 129, 心理医生附耳细说
6721215, 8.9, 60, 人生如登山
3388249, 9.5, 42, `性成L
20371004, 7.5, 185, 生命咖啡馆
1331944, 8.9, 59, 成熟
24872436, 8.7, 67, 超越孤独
26346186, 8.7, 67, 那些叫爱情的伤，我们总会痊愈的
5326292, 8.0, 114, 第五项修炼・心灵篇
5398882, 9.0, 55, 爱灵魂自我教程
10557518, 7.7, 149, 谁设计了宇宙?
1462831, 7.1, 285, 你在为谁读书
25703751, 7.5, 180, 有些事，这些年我才懂
4932918, 7.2, 250, 找到你的灵魂伴侣
26366750, 9.1, 51, 只有当心非常安静时
12012526, 7.6, 162, 仿佛多年前
24871240, 9.0, 54, 安息日的真谛
25832879, 7.3, 221, 愿你与这世界温暖相拥2
26852313, 8.5, 75, 马口鱼的诱惑
10799782, 7.8, 132, 魅力何来
5284696, 7.0, 314, 女人的重建
26820338, 7.9, 120, 从自我苛求中解放出来
6126832, 8.1, 101, 死亡课
25783416, 7.0, 312, 去远方发现自己
20492095, 7.1, 274, 性、谋杀及生命的意义
20493285, 7.9, 119, 只想静下来
6998712, 8.8, 60, 灵魂之旅
5348036, 6.2, 1065, 淡定的人生不寂寞
10812235, 8.5, 73, 荷欧波诺波诺的幸福奇迹
25872134, 7.3, 212, 其实
21323914, 8.3, 84, 仰望星空
20442237, 7.6, 153, 这一生为何而来
5243469, 8.2, 90, 觉醒与冥想
10580991, 8.2, 90, 觉醒之旅
10452429, 7.9, 114, 念力的秘密
26246880, 8.1, 96, 半路出家
10862347, 8.4, 76, 生命的重建2
25806938, 7.2, 229, 怪癖心理学
20509730, 8.2, 88, 生活就像练习
25841288, 7.3, 203, 最好的年龄才刚刚开始
10539356, 8.1, 95, 我体验真理的故事
25796204, 6.8, 376, 想念，却不想见的人
20272118, 8.3, 81, 儿童大脑开窍手册
1431220, 7.4, 181, 记住你是谁
26307060, 8.2, 87, 选一种姿态，让自己活得无可替代
10566131, 7.7, 133, 女人是一场修炼
25895293, 7.8, 121, 我愿朝着太阳生长
4848435, 7.1, 251, 与苏格拉底吃早餐
20282603, 7.6, 146, 王石说
26902288, 9.3, 42, 人生没有白走的路，每一步都算数
25881107, 8.3, 80, 疗愈时光
4073608, 8.4, 74, 为孩子立界线
26849603, 8.4, 74, 选择你所能承受的那条路
26851707, 7.9, 110, 等一朵花开
6711978, 7.7, 131, 不懂拒绝的老好人
1083438, 9.0, 49, 大瑟尔
26881057, 8.6, 63, 视觉009：接受彼此的那种亲密
3574846, 8.3, 78, 辩证行为疗法
6999884, 6.7, 408, 情场不输人，职场不输阵
26810549, 9.6, 35, 铁意志与柔软心
7564875, 8.5, 67, 世界第一催眠大师
11516429, 7.5, 155, 只要会呼吸.就能做冥想
5246819, 7.9, 106, 伯恩斯情绪疗法
26589327, 7.9, 106, 阿米：星星的孩子（阿米系列第一部）
4285881, 8.7, 58, The 5 Love Languages
25735731, 7.6, 138, 我从未爱过这世界，我只喜欢你
3182988, 9.4, 38, 白虎关
6517611, 7.6, 137, 海边一年
25755793, 8.2, 81, 唐太宗的枕边书
26847654, 7.1, 231, 她和他
3743192, 7.2, 205, 犹太人思考术
24870857, 7.6, 135, 其实没那么糟
1367200, 8.8, 53, c奇人相遇 Meetings With Remarkable Men
10484725, 7.6, 134, 冥想
26617305, 8.2, 80, 美食近似于爱
3113156, 8.5, 64, 有求必
26579735, 7.5, 145, 街角的老北京
19955762, 8.1, 85, 灵性的觉醒
26261119, 8.1, 85, 如何思考男人和女人
6520484, 8.6, 59, 与狼共奔的女人
2245997, 8.2, 78, 把好\吸^
3049651, 8.8, 51, @
25778576, 8.6, 58, 魅力
3179498, 9.0, 45, X悟勇士：香巴拉的智慧鞒
1418382, 9.3, 38, 簟⑦M化cr值完成（斯）
2381207, 8.0, 89, 出走
26711164, 8.2, 76, 再也不怕跟人打交道
5330911, 7.4, 153, 心的栖止木
26728755, 7.9, 96, 不喧哗，自有声
26281301, 8.8, 50, 和繁重的工作一起修行
6829168, 8.7, 53, 唤醒能量
25801120, 7.9, 95, 别急，你要的岁月都会给你
5405128, 7.6, 124, 生命的重建
1973331, 8.5, 60, 心灵考古
26183866, 8.0, 87, 自私书
26706748, 8.0, 87, 无聊世界的正经事
3194672, 7.1, 208, 直觉
26036530, 7.8, 100, 深夜谈吃
11615777, 8.7, 51, 生命的注释
1426503, 9.2, 38, 人生之体验续编
4845095, 8.5, 58, 我的栖身之所，我的人生目的
6952510, 8.5, 58, 活得安详
6969134, 8.9, 45, 凯龙星
1418377, 8.6, 54, 襞c意R投射（斯）
10566148, 7.3, 159, 被偷走的人生
20368807, 9.0, 42, 参透生死
2000099, 8.6, 53, 生命底秩
25896113, 6.8, 278, 眼眶会红的人，一辈子都不会老
24714253, 7.2, 172, 世界会抛弃你吗
26312222, 7.8, 96, 永远相信美好的事情即将发生
6794015, 7.3, 154, 太傻天书
26828332, 9.3, 35, 北京遥望香巴拉
26848701, 9.6, 30, 一亿人，不如你一人
25881693, 7.7, 103, 少有人走的路3
5422846, 8.4, 59, 正念之道－每天解脱一点点（万千心理）
1791789, 8.5, 55, 青年文摘合订本
5341571, 9.2, 36, 地心文明桃乐市（第一册）
25793963, 9.1, 38, 印度生死书(四部奥义书义疏)
5297205, 7.2, 165, 一辈子做女孩2――承诺
2050537, 8.4, 58, 塔_全
3105408, 8.6, 50, s格c密宗的29「X」
26752847, 7.4, 130, 整理情绪的力量
10607680, 8.3, 61, 亲密关系的重建
25695309, 8.5, 53, 超越自我之道
5408901, 8.1, 70, 不抑郁的活法
5275934, 7.3, 142, 为什么受伤的总是我
1418387, 9.3, 33, 心`的本|（斯）
5373553, 6.7, 286, 淡定的力量
10764917, 8.4, 56, 不与自己对抗你就会更强大
19954280, 7.6, 105, 卖掉法拉利的高僧
4317969, 8.2, 64, 克里希那穆提精选集
26589039, 8.4, 55, 你只需努力，剩下的交给时光
2227642, 7.6, 103, 你是做梦大师
10560041, 7.8, 86, 社会不教，精英不讲，坎儿还得自己过
3183403, 8.7, 45, Personal Development for Smart People
25977138, 7.6, 102, 金钱的灵魂
2117867, 9.5, 29, 小`魂c太
26849278, 7.6, 101, 你的善良必须有点锋芒
26598937, 8.2, 62, 来时不惧，去时无伤
3778806, 9.0, 37, 天使之
4932573, 8.1, 66, 身心合一
1644712, 8.9, 39, 割断脐带做大人
2042225, 9.2, 33, 水晶高l治
24700921, 6.3, 470, 关于这个世界，你不快乐什么
4838579, 9.3, 31, `性法t之光
25912559, 8.5, 49, 可惜不是你
26688094, 7.3, 129, 我在等，等风等你来
15994287, 6.2, 545, 你要配得上自己所受的苦
25717087, 8.0, 69, 欲念:为什么我们管不住自己
3243939, 6.9, 198, 遇见未来的自己
26617302, 8.2, 59, 你是我最晴朗的客人
26791537, 8.2, 59, 心静的力量
3809821, 7.9, 74, 雪豹
25901055, 7.7, 87, 野蛮进化
3265814, 8.1, 63, 幸福是陷阱?
24749389, 8.3, 54, 指引生命的神话
7058701, 7.0, 170, 隐居・在旅馆
24834723, 7.9, 72, 做更自信的自己
25981525, 7.1, 151, 如果我活着回来，就接受现在的人生
1335288, 9.2, 31, 石途II-存在c自由
26743857, 8.0, 65, 给所有的失去一个温暖的结局
1331681, 8.6, 43, 超越自我之道
1761576, 8.1, 60, 影.也是一N力量
25752977, 8.1, 60, 十二族
26279521, 6.8, 204, 原谅不美好
26260107, 7.7, 81, 梦想开花前 没有人知道它是什么
1367665, 8.4, 48, 直X式塔_牌
2370820, 9.5, 26, 碜哉世界的音 Views from the Real World
26817112, 9.5, 26, 劳拉博士有问必答
7006517, 8.3, 50, 刹那冥想
21817783, 8.1, 57, 温泉洗去我们的忧伤
26711235, 8.0, 61, 月下清荷檐下猫
4727818, 8.8, 36, 爱的功课
26844382, 8.3, 49, 和这本书一样安静
24834619, 7.1, 135, 我不允许自己难过太久
5989473, 7.9, 65, 生命的重建
25807605, 7.4, 98, 搭车十年
19941064, 7.9, 64, 自私的父母
2080982, 9.3, 27, 一行禅师佛学讲演录
11403211, 8.2, 51, Daring Greatly
4722608, 7.7, 73, Alien Interview
25843172, 6.4, 304, 人生终要有一场触及灵魂的旅行
3691428, 8.5, 41, 灵性科学入门
10426428, 8.5, 41, 当下觉醒
26641733, 9.1, 29, 谢谢你用一生陪伴我
11601992, 7.5, 85, 世界之战
26293605, 7.1, 125, 听了那么多大道理，为什么依旧过不好这一生
6007305, 8.6, 38, 愤怒之舞
6773038, 8.9, 32, 生命的完整
26780220, 9.3, 26, 没有双脚，所以努力奔跑
21364465, 9.2, 27, 每一天，都是放手的
20393130, 7.1, 121, 爱情与其他发明
20493040, 8.8, 33, 来自心上的答案
1359334, 8.6, 37, 荷光者
3761801, 8.1, 51, 走出抑郁的泥潭
10529545, 9.1, 28, 再见耶稣
2285229, 9.4, 24, 克里昂`性寓言故事 The Parables of Kryon
26655590, 7.3, 96, 世界不曾亏欠每一个努力的人
4162005, 9.3, 25, 吸引好事的魔法咒语
25904410, 8.8, 32, 成为你自己
21427100, 7.2, 104, 内在小孩
25976876, 7.8, 61, 轻疗愈
11591965, 8.9, 30, 做适合人的教育
26781653, 8.4, 40, 弗洛伊德遇见佛陀
26743743, 8.3, 42, 穿越孤独
3214577, 8.7, 33, 我从西藏来
3528012, 8.7, 33, 坦呈自我
25887378, 8.5, 37, 心若向阳，无谓悲伤
25799422, 9.0, 28, 抑郁的爱
26388075, 6.5, 222, 世界那么大，我想去看看
24858991, 7.5, 75, 人生总要慢慢熬
25866991, 7.9, 54, 手印
3090784, 8.3, 41, My Stroke of Insight
26611793, 7.5, 73, 人长大了，开心都想哭
3035005, 9.0, 27, 人智W⒌舷碌和教育
1767196, 9.9, 18, Tomas Transtromer
26394470, 7.7, 61, 世界那么大，我想去看看
26921335, 8.9, 28, 读完本书，才有力气完成剩下的梦想
10453496, 8.1, 45, 艾扬格女性瑜伽
26844485, 6.8, 142, 我想和你在一起
26681709, 7.7, 60, 每一种相遇全都妙不可言
26824221, 9.8, 18, 这就是我
26289604, 6.8, 135, 恰到好处的挫折
1418385, 8.7, 30, 心`探U─斯修法
20273576, 7.5, 67, 异端的快乐
26612861, 8.6, 31, 爱有止境3
1341738, 8.3, 37, 死亡．奇．A言
26421261, 7.4, 71, 当你真正开始爱自己
26742742, 8.7, 29, 每个人都是一个宇宙
25747924, 8.9, 26, 蹲下来和孩子说话
25924233, 7.8, 51, 如果你知道自己要去哪儿，全世界都会为你让路
26281268, 8.4, 34, 会烘焙的女人，走到哪儿都有人爱
1439496, 8.6, 30, 不逃避的智慧
22601779, 9.0, 24, 与无常共处
26383604, 7.6, 57, 生命要浪费在美好的事物上
5402928, 8.0, 42, 哲学纲要
26364219, 7.1, 85, 梦控师
26276646, 8.2, 36, 灵魂的暗夜
20431439, 8.5, 30, 心灵治疗与宇宙传统
26429949, 8.5, 30, 原来，懂比爱更重要
26312778, 7.8, 47, 活出生命的喜悦
25738059, 7.4, 64, 念念不忘，必有回响
26756940, 8.1, 38, 心理大师：罪爱
26663659, 7.2, 76, 断舍离・人生清单
3617076, 8.8, 25, 作为生活结构的世界
4251258, 7.6, 53, 卡巴拉智慧
26289089, 8.1, 36, 一万年太久，爱我，现在
2046190, 8.9, 23, Be Here Now
26882979, 8.0, 38, 且以优雅过一生
6795897, 8.5, 28, 作，是心`K的旅程
2384364, 8.7, 25, Peace Is Every Step
20435605, 9.4, 18, 男挠X醒
25944143, 7.9, 40, 拥抱不完美
26579956, 8.4, 29, 听从自己内心的安排
4177973, 8.9, 22, 再BYK法
26780637, 6.7, 110, 竟然想通了
26865287, 7.4, 55, 日行一事
3927591, 8.6, 25, 萨提亚转化式系统治疗
6886395, 8.1, 33, 只管打坐
25818117, 8.1, 33, 谁数得清恒河的沙
26718084, 7.8, 40, 你原本可以过上更好的生活
25981108, 8.5, 26, 水云木石
26577403, 7.1, 69, 你心柔软，却有力量
26314445, 7.2, 63, 这世界教我的事
21641905, 9.0, 20, 心灵的泪滴
26823419, 8.4, 27, 20岁，我们创业吧
26704096, 7.4, 52, 我的情绪为何总被他人左右
6722287, 6.4, 141, 三分钟爱上催眠
26593287, 5.9, 277, 少年啊，前路漫漫
26685357, 7.2, 58, 吴川是个黄女孩
26742839, 7.8, 36, 每晚睡前原谅所有的人和事
26747435, 7.8, 36, 你那么年轻，还不懂努力奋斗的意义
26351743, 7.9, 33, 把生活过成你想象的样子
26852570, 8.8, 20, 重新发现自我：一位心灵导师的课堂笔记
25812256, 7.8, 35, 南方的诗学
26853417, 5.9, 251, 我有故事，你有酒吗？
26389181, 8.2, 27, 内向也是一种优势
26298020, 8.0, 30, 别让幸福，成为一指流沙
26256897, 7.0, 63, 你总会路过这个世界的美好
26351364, 7.1, 57, 生命从来未曾看轻任何人
25907129, 6.5, 102, 我们都要和固执的自己坦诚相待
25782692, 7.3, 46, 其实我们都受伤了
25874784, 7.8, 32, 女人到底想要什么？
25930184, 7.9, 30, 从心理问题到心理优势
26754086, 7.9, 30, 你的每一个晚安
26787061, 6.8, 71, 我心温柔，自有力量
26780002, 7.6, 36, 我和初恋结婚了
26695270, 8.6, 20, 我走了很远的路，才找到家门
6557350, 8.8, 18, 接受与实现疗法
25808899, 7.2, 48, 藏漂十年
26921701, 8.5, 20, 岛王
21334920, 8.0, 26, 当弗洛伊德遇见佛陀
26865090, 7.5, 36, 你必须有一个不可动摇的第一
25904144, 7.7, 31, 一日一善（全4册）
26826661, 7.8, 28, 初心
1358626, 8.6, 18, 空，大自在的微笑――空性禅修次第
11601156, 7.3, 39, 翻L吧！FD
25881652, 7.7, 29, 年轻，就要对自己狠一点
10517040, 8.0, 24, 英雄之旅
26581905, 8.0, 24, 一个人的西部
24704442, 8.2, 21, `魂的出生前
26264674, 8.2, 21, 心的面貌
4269725, 8.8, 15, 性命圭旨
26817140, 7.5, 30, 池莉诗集・69
26864412, 7.3, 34, 有点意思
10448566, 7.6, 27, 疗愈场
10535977, 8.0, 21, 藏在塔罗里的占卜符码
26823947, 8.5, 16, 忠实内心的勇气
26828475, 8.1, 19, 一个人，从心活
26870311, 8.3, 17, 向前走，不回头
26304238, 7.8, 22, 做个有本事任性的女人
25911671, 7.2, 32, 心灵控制术
26861545, 7.1, 34, 会幸福这件事，不是鸡汤是信仰
5264780, 6.8, 42, 让每个男人迷上你
26638975, 6.3, 68, 别在该动脑子的时候动感情
26693423, 7.9, 19, 给予者
26856372, 7.8, 20, 心是一切温柔的起点
26371109, 7.9, 18, 信心密码
26876407, 7.9, 18, 在如水的时光里  好好爱自己
26832613, 8.0, 17, 女孩
26833807, 7.7, 20, 守望灵魂
26934638, 8.5, 13, 今天以后，人生无数可能
20390624, 7.7, 19, K密a
26728772, 7.9, 17, 对生命说是
26919454, 8.0, 16, 人生很短，你要做个聪明人
26738307, 7.5, 21, 致我最爱的你
26844213, 8.1, 15, 雪漠2016年最新力作《空空之外》
26819025, 7.4, 22, 遇见心想事成的自己（全新修订版）
26781066, 7.3, 23, 孤独的人，你要吃饱
26865436, 8.2, 14, 和你一起，我不怕老去
26734769, 7.6, 18, 演讲的基本
26931841, 7.9, 15, 人生是一场无人相伴到底的旅行
26615768, 7.1, 24, 时间会给你答案
26429738, 7.3, 21, 《别让梦想只停在开始》
26858554, 8.0, 14, 生死之间
26712566, 7.5, 18, 内心虚胖的人，需要停下来思考
26856375, 7.8, 15, 愿人心温暖，万物复苏
26785700, 6.6, 33, 愿一切安好，往事不回头
26700517, 8.2, 12, 通往天堂的入口
26269184, 7.6, 15, 你的坚持 终将美好
26821979, 7.4, 15, 吾心可鉴：澎湃的福流
26775065, 7.5, 13, 何必等明天
26264658, 7.0, 17, 尊重自己
6963747, 7.8, 11, 今生
26856378, 7.6, 12, 世间美好，相信的人能得到
26394915, 7.4, 12, 临终前最后悔的五件事
26843320, 6.8, 16, 一本满足
1332172, 7.5, 10, 占星百箱-看懂星P第一步(附互庸獾
