2017-01-23 16:17:59
Tag: 心理
The number of books: 994 

ID, rating, votes, title
4242172, 8.3, 84673, 天才在左 疯子在右
1775691, 8.3, 51947, 少有人走的路
1786387, 8.6, 22135, 影响力
2340100, 8.1, 52269, 遇见未知的自己
3026879, 8.8, 13336, 爱的艺术
1012611, 8.3, 29663, 乌合之众
1476651, 9.0, 9397, 社会心理学
1032501, 8.7, 11280, 心理学与生活
1056295, 8.3, 18841, 人性的弱点全集
3057556, 9.0, 5474, 狂热分子
4953695, 8.0, 24721, 拆掉思维里的墙
10786473, 8.2, 16666, 自控力
1022632, 8.7, 7494, 罪与罚
2328458, 9.1, 3947, 社会性动物
1442869, 8.9, 4865, 献给阿尔吉侬的花束
3158482, 8.9, 4378, 新世界
4180711, 8.2, 11384, 拖延心理学
3223711, 8.1, 12499, 怪诞行为学
1761759, 8.9, 3128, 超越死亡
4071842, 8.6, 4447, 路西法效应
26371317, 8.2, 7997, 24个比利
1038292, 8.6, 4416, 精神分析引论
1504957, 8.6, 4388, 学会提问
3413836, 8.4, 5691, 当下的力量
6952036, 9.2, 2013, 对伪心理学说不
1201821, 8.0, 10518, 梦的解析
1534951, 8.9, 2728, 逃避自由
3533221, 8.5, 4425, 非暴力沟通
2033081, 8.2, 6422, 身份的焦虑
10747883, 8.0, 8158, 怦然心动的人生整理魔法
1147347, 8.8, 2457, 改变心理学的40项研究
5940553, 8.8, 2382, 当尼采哭泣
10785583, 8.2, 5379, 思考，快与慢
2143904, 8.8, 2341, 进化心理学
3266968, 7.3, 26357, 秘密
3143537, 9.3, 1277, 津巴多普通心理学
3688489, 7.8, 9635, 异类
1437973, 8.7, 2343, 亲密关系
2275635, 8.9, 1748, 如何说孩子才会听，怎么听孩子才肯说
3033690, 8.0, 5710, 24重人格
1874488, 8.1, 4801, 别做正常的傻瓜
3800022, 8.2, 4106, 活出全新的自己
1223845, 7.6, 10902, 男人来自火星 女人来自金星
2080764, 8.3, 3364, 为何家会伤人
26275861, 8.6, 2119, 沟通的艺术（插图修订第14版）
1193621, 8.5, 2382, 决策与判断
7058059, 8.0, 4731, 我们心中的怕和爱
3123393, 7.6, 9172, 遇见心想事成的自己
3908032, 7.3, 16142, 怪诞心理学
10546850, 8.9, 1424, 内在的天空
3059083, 9.0, 1266, LIAR.GAMEⅠ
1135734, 8.6, 1984, 追寻生命的意义
3032690, 9.3, 901, 被人遗忘的人：中国精神病人生存状况
2376506, 8.8, 1487, 生命的轨迹
1288844, 8.2, 3186, 设计心理学
1444900, 8.6, 1872, 爱的五种语言
20507212, 8.0, 4025, 习惯的力量
1035517, 7.6, 7697, 男人这东西
1274469, 8.4, 2258, 自杀论
26761696, 7.8, 5332, 精进
1927902, 7.6, 7200, 九型人格
25782902, 8.2, 2823, 反脆弱
5975576, 7.7, 6047, 冷浪漫
20492550, 7.8, 5126, 清醒思考的艺术
2372450, 8.6, 1634, 改变，从心开始
1178089, 9.0, 1036, 给心理治疗师的礼物
3035600, 8.5, 1847, 心灵的七种兵器
1258513, 8.5, 1843, 爱与寂寞
3622904, 7.3, 11963, 不抱怨的世界
10563555, 8.9, 1086, 恐惧
1105890, 8.2, 2555, 生命的重建
3900987, 7.7, 5378, 引爆点
5253757, 7.9, 3899, 怪诞行为学2
24875416, 8.3, 2184, 生命最后的读书会
2026939, 7.4, 8762, 女心理师（上）
4809796, 8.2, 2431, 韩国漫画血型书
3671442, 8.5, 1644, 修炼当下的力量
2116916, 8.8, 1145, 动机与人格
2250289, 7.9, 3674, 一个人不要怕
2307720, 8.2, 2345, 幸福的方法
1944205, 8.9, 971, 追寻记忆的痕迹
20270670, 8.2, 2244, 为何爱会伤人
3318174, 8.2, 2222, 这书能让你戒烟
10539126, 8.5, 1495, 社会动物
1067049, 8.8, 1037, 孩子，把你的手给我
1006614, 8.7, 1159, 我们内心的冲突
3786755, 7.2, 10773, 每天懂一点色彩心理学
6792322, 8.6, 1253, 认知与设计
1313174, 8.5, 1403, 荣格自传
1051097, 8.7, 1099, 我们时代的神经症人格
3035606, 8.5, 1378, 七个心理寓言
2125973, 9.3, 586, 心理学导论
1788302, 8.5, 1361, 重塑心灵
10773358, 8.1, 2255, 意志力
2980795, 7.7, 4051, 内向者优势
3224456, 7.7, 3979, 少有人走的路Ⅱ
2282946, 7.8, 3392, 直面内心的恐惧
1429566, 8.4, 1468, 变态心理学（第9版）
1476003, 8.8, 919, 者1
3684193, 8.9, 820, 叔本华的治疗
26369699, 8.6, 1117, 被讨厌的勇气
2070807, 8.5, 1229, 懂得爱
1911687, 7.4, 5829, 厚黑学
2241168, 8.4, 1329, 内在的探索
1437488, 9.2, 557, 群魔
1132110, 8.4, 1306, 谁在我家
25858916, 8.3, 1410, 感谢自己的不完美
6052834, 8.2, 1600, 亲密关系
1314262, 8.0, 2087, 情感化设计
4836697, 8.3, 1376, 看见真相的男孩
1083030, 9.0, 626, 双重人格 地下室手记
1965977, 7.4, 5094, 我的抑郁症
1069754, 8.2, 1526, 红处方
6966843, 7.8, 2651, 重遇未知的自己
1024279, 8.0, 1987, 普通心理学
1018360, 8.6, 936, 性心理学
3116096, 8.4, 1177, 象与骑象人
4934733, 8.3, 1326, 真实的幸福
1936756, 8.6, 924, 诊疗椅上的谎言
19949881, 8.8, 740, 绝非偶然
1256282, 8.5, 1022, 心灵自由之路
5337231, 8.2, 1462, 我爱问连岳Ⅳ
4149893, 7.0, 10194, 每天懂一点好玩心理学
3874168, 8.1, 1652, 零极限
20475794, 8.1, 1642, 身体知道答案
3389960, 8.0, 1870, 自卑与超越
2341848, 7.9, 2137, 身体语言密码
1081971, 8.0, 1842, 拯救乳房
3298988, 8.5, 976, 直视骄阳
1218321, 9.1, 522, 个人形成论
2347737, 8.1, 1573, 深夜加油站遇见苏格拉底
26304087, 9.2, 465, 孩子：挑战
22994632, 9.0, 560, 成功，动机与目标
4932095, 7.6, 3120, 好好爱自己
1038977, 8.6, 816, 谈判是什么
1857295, 9.0, 532, 荣格心理学入门
3005066, 8.1, 1446, 在爱中修行
3420606, 8.7, 713, 正面管教
3277343, 8.1, 1436, 生命四元素
3690451, 8.3, 1110, 我遗失了时间
1227966, 7.8, 2130, 你的第一本哲学书
3712855, 8.3, 1088, 为何越爱越孤独
1220789, 8.1, 1385, 爱上双人舞
5248376, 8.6, 764, 一味
2122637, 8.1, 1372, 20世纪最伟大的心理学实验
10773362, 8.2, 1208, 随机漫步的傻瓜
24722609, 7.6, 2751, 催眠师手记
1507437, 8.4, 934, 人格裂变的姑娘
2328178, 9.0, 490, 态度改变与社会影响
1047205, 8.2, 1148, 性学三论?爱情心理学
3642050, 8.3, 1015, 宽恕就是爱
3432953, 8.9, 529, 爱情刽子手
3171735, 9.3, 363, 行为科学统计
11601993, 8.1, 1275, 安静
4742971, 7.9, 1630, 错把妻子当帽子
4892883, 8.5, 772, 爱是一切的答案
6725495, 7.6, 2481, 必须犯规的游戏
1310112, 8.3, 961, 诫律
25917140, 7.2, 4784, 不要让未来的你，讨厌现在的自己
4053315, 8.3, 959, 一念之转
2054246, 8.0, 1313, 你的误区
4929897, 7.8, 1706, 情商：为什么情商比智商更重要
4934590, 8.5, 712, 活出最乐观的自己
1931769, 9.1, 391, 心理学
3005076, 8.7, 567, 再活一次
1930235, 9.0, 421, 社会心理学
1918220, 8.4, 769, 性与性格
3759379, 9.1, 380, 父母效能训练手册
5980113, 8.8, 502, 伯恩斯新情绪疗法
19963287, 9.0, 414, 诸神的面具
1101447, 7.7, 1845, 不要用爱控制我
3597938, 7.4, 2917, A型人说明书 &amp; B型人说明书
2113347, 8.6, 594, 卡耐基经典全集
6157548, 7.6, 2065, 房间里的大象
22993829, 7.7, 1770, 我们这儿是精神病院
2241170, 8.6, 585, 自我的真相
4710580, 8.7, 522, 智慧的觉醒
1187550, 8.1, 1018, 人格心理学
3006742, 8.5, 638, 改变
3321968, 7.7, 1694, 说谎
1007667, 8.2, 871, 心理学的故事
24839553, 7.3, 3096, 拖拉一点也无妨
2344105, 8.1, 980, 把妹_人之i男方法
3582354, 8.0, 1107, 找回你的生命礼物
2285530, 9.1, 343, 弗洛伊德及其后继者
1327007, 8.6, 552, 悲剧心理学
4165838, 8.0, 1096, 接纳不完美的自己
1065003, 8.5, 610, 中毒的父母
26923390, 8.9, 406, 长夜难明
3265827, 8.9, 405, 人的自我寻求
4816212, 7.4, 2475, 真希望我20几岁就知道的事
2340059, 7.6, 1807, 心理控制术
1764940, 8.3, 726, 爱是一种选择
24721654, 8.8, 430, 红书
20437599, 8.0, 1030, 自杀
2173025, 7.5, 2055, 放下。爱
3016336, 8.5, 572, 我们为什么不说话
1184872, 8.4, 633, 捕捉儿童敏感期
1002815, 7.7, 1471, 登天的感觉
24878420, 7.8, 1270, 明智行动的艺术
3654465, 7.7, 1451, 少有人走的路III
6859959, 9.1, 308, 健全的社会
6125682, 7.5, 1927, 力量
26807400, 8.9, 367, 成功心理学
4254672, 7.6, 1648, 不抱怨的世界2
3784639, 8.6, 489, 超越时空
4216680, 9.0, 334, 心理类型
25752046, 8.1, 830, 心如钢铁地追求幸福
10736800, 6.7, 7791, 重口味心理学
4263247, 8.4, 589, 为什么大猩猩比专家高明
26178426, 7.6, 1596, 稀缺
1053204, 7.7, 1364, 弗洛伊德心理哲学
5336008, 8.3, 646, 瞬变
25982794, 7.1, 3420, 世界上所有童话都是写给大人看的
2141865, 8.5, 510, 家庭会伤人
4726852, 8.5, 509, 正念的奇迹
6797700, 8.4, 565, 自我与本我
1450606, 8.3, 630, 爱的序位
1829139, 7.2, 2828, “色”眼识人
6773583, 9.0, 313, 意识光谱
3023149, 8.5, 500, 狂喜之后
26390426, 8.3, 619, 比利战争
1214804, 8.6, 449, 未发现的自我
1292428, 8.6, 441, 神经症与人的成长
4864832, 9.4, 217, 为什么学生不喜欢上学?
1879497, 8.5, 486, 新家庭如何塑造人
3004272, 8.3, 601, 天资差异
26434548, 8.0, 852, 别和她说话
3236762, 9.0, 300, 事事本无碍
6807767, 8.6, 436, 拥抱你的内在小孩
1477442, 9.0, 292, 为自己的人
20434430, 8.0, 819, 你要如何衡量你的人生
10545691, 7.9, 922, 好好修养爱
2183559, 8.6, 420, 发展心理学
6890201, 7.1, 2928, 我知道你不知道的自己在想什么
4249313, 7.7, 1165, 活在当下
1929918, 8.9, 310, 心理学的邀请
1193622, 8.2, 627, 自我
1006005, 8.5, 453, 过犹不及
1141543, 7.8, 1014, 金融心理学
3823020, 8.8, 337, 性、生态、灵性
5356341, 8.0, 779, 男人来自火星，女人来自金星2
26183848, 7.3, 2051, 完美关系的秘密
24753186, 7.3, 2043, 邪恶催眠师
1913947, 8.3, 541, 万物简史
4258808, 8.3, 537, 还我本来面目
1491590, 8.0, 750, 人性的优点
3276681, 7.7, 1096, 他其实没那么喜欢你
10747362, 7.9, 845, 活出全新的自己
2382924, 8.1, 664, 色彩的性格
1950407, 9.0, 270, 客体关系心理治疗
6858459, 8.2, 587, 当下的力量Ⅱ
6061658, 8.7, 349, 幸福超越完美
1065750, 8.2, 579, 我是谁
4275052, 8.1, 646, 九型人格
11509401, 6.9, 3772, 正能量
2970296, 8.1, 643, 情绪的解析
4151190, 8.2, 567, 完美的爱，不完美的关系
5906066, 8.2, 567, 请理解我
4843911, 7.1, 2572, 魔鬼搭讪学
26319527, 8.1, 632, 性学三论
1320297, 8.8, 308, 文艺心理学
4821765, 8.0, 707, 火星上的人类学家
4062809, 8.6, 370, 改善情绪的正念疗法
1173442, 8.9, 280, 精神分析案例解析
3622446, 6.9, 3548, FBI教你破解身体语言
5361804, 8.5, 401, 焦虑的意义
2082044, 8.1, 612, 金赛性学报告
26605978, 8.4, 439, 超越智商
6957796, 8.4, 433, 爱得太多的女人
6065757, 7.2, 2013, FBI心理分析术
1008949, 9.1, 225, 分裂的自我
25848493, 8.4, 420, 猿猴的把戏
6515939, 6.8, 3962, 世界如此险恶，你要内心强大
1829801, 8.2, 508, 忧郁
1775895, 8.5, 366, 心的出路
23708491, 7.7, 906, 设计师要懂心理学
4010184, 7.4, 1358, 本能
1257434, 7.9, 695, 马斯洛人本哲学
1039222, 7.8, 786, 荣格性格哲学
2984241, 8.6, 327, 思维改变生活
6712304, 7.3, 1564, 怪诞心理学2
2072469, 8.0, 610, 死亡回忆
4159343, 7.7, 881, 潜意识的力量
3875750, 7.8, 766, 完美伴侣
5937126, 9.2, 191, 认知神经科学
26808809, 8.6, 320, 当我遇见一个人
4246667, 7.6, 990, 粘住
2244869, 7.4, 1300, 瞬gA得信任的冷xg
4032570, 8.5, 348, 进化的大脑
5999507, 8.4, 381, 妈妈及生命的意义
1315234, 8.1, 523, 图腾与禁忌
4187225, 7.6, 962, 59秒
10809021, 8.5, 342, 学生托乐思的迷惘
1315575, 8.3, 418, 找寻逝去的自我
3248660, 8.3, 409, 语言的魔力
1964884, 7.4, 1224, 为什么幸运的人总幸运倒霉的人老倒霉
1475128, 8.8, 251, 人的潜能和价值
26663916, 8.2, 449, 沟通圣经
4920383, 7.4, 1209, 这辈子，只能这样吗？
1067830, 8.9, 229, 人对抗自己
1778062, 8.9, 229, 荣格文集
2848329, 9.1, 194, Making up the Mind
25697495, 8.7, 272, 情感依附
5910460, 7.5, 1029, 看不见的大猩猩
5288625, 8.9, 225, 活在喜悦中
26712787, 8.2, 437, 可爱的诅咒
1023775, 8.6, 293, 不正常的人
1443662, 9.2, 176, 拒斥死亡
4265573, 8.1, 484, 赌客信条
4062735, 8.4, 353, 对生命说是
20276084, 8.3, 390, 依存免疫变态
2115948, 8.1, 482, 解读“疯狂”――热点话题人物的心理分析
1879344, 8.8, 242, 精神分析与宗教
3822285, 8.7, 264, 自我导向行为
4137809, 7.8, 680, 让大脑自由
20434393, 8.0, 534, 销售无处不在
3771081, 7.6, 872, 为什么男人爱说谎 女人爱哭
5976544, 8.1, 474, 交易心理分析
1428482, 8.6, 286, 心理神探
4309584, 8.6, 286, 孩子的宇宙
3755086, 8.8, 238, 发展心理学-儿童与青少年-第八版
2303128, 8.5, 312, 简析荣格
2327264, 8.5, 312, 日益亲近
25753360, 7.2, 1525, 本色
26594509, 8.3, 379, 别和她说话2：X的现身
26260187, 7.7, 749, 零秒思考
1734002, 8.0, 521, 你不知道的自己
2144124, 7.8, 649, 日本人的传说与心灵
26910673, 7.1, 1736, 巨婴国
26275063, 8.6, 277, 活得明白
1037056, 8.3, 367, 唤起心中的巨人
1974521, 8.7, 250, 变态心理学与心理治疗
1162945, 8.6, 272, 弗洛伊德文集（全8册）
25867785, 8.7, 245, 正义之心
5916004, 8.5, 294, 欲望的演化
4330526, 8.4, 323, 幻想即现实
3796598, 8.6, 267, 爱情与工作的每日禅
6759296, 7.9, 548, 五岁时，我杀了我自己
25913619, 7.9, 546, 理性动物
21764541, 8.7, 240, 爱的五种能力
10571219, 8.2, 387, 必要的丧失
23780851, 8.4, 316, 金刚经修心课
1324893, 8.1, 430, 犯罪心理画像
2145946, 8.4, 315, 萨提亚家庭治疗模式
1331882, 9.3, 147, 存在心理治（上）
5301484, 8.2, 384, 不一样的恋爱心理学
1476458, 8.5, 285, 自我实现的人
21329705, 8.5, 283, 灵性开悟不是你想的那样
3405756, 7.9, 525, 生活的暗面
3712854, 7.8, 589, 梦知道答案
6507262, 7.5, 853, 如何让你爱的人爱上你
10761494, 7.4, 978, 女心理师
5246820, 7.5, 842, 津巴多时间心理学
7916282, 8.0, 456, 汉尼拔崛起
1053711, 8.4, 301, 自我分析
3772058, 7.5, 829, 吸引力法则
3613841, 8.1, 402, 自信的秘密
1316723, 8.4, 296, 日常生活的精神病理学
3422625, 8.5, 268, 幸福的真意
2252637, 8.0, 445, 诱惑的艺术
1020427, 8.6, 244, 爱与意志
4087655, 7.9, 494, 注意力曲线
26805083, 9.4, 128, 心理治疗之路
4159753, 9.3, 137, Your Brain at Work
10571240, 7.3, 1064, FPA性格色彩入门
5417235, 7.9, 489, 失败的逻辑
4262114, 6.8, 2368, 女人这东西
10484712, 7.7, 616, 驱动力
26852595, 9.7, 103, 解梦大师
2125536, 8.5, 260, 懂得生命
6714584, 8.2, 346, 轮回
1931681, 8.9, 182, 罗杰斯著作精粹
1969445, 8.5, 256, 卡耐基经典励志全集
1103252, 8.2, 342, 你有几个灵魂
26293066, 7.7, 596, 你是一切的答案
4834886, 8.4, 279, 我需要你的爱
20477116, 9.0, 165, 对权威的服从
3123690, 7.9, 465, 旷野无人
3324610, 7.4, 870, 摇摆
25839107, 7.4, 869, 魔鬼约会学
1443869, 8.5, 251, 人类的性存在
6510688, 8.0, 407, 看见成长的自己
1444770, 7.7, 566, 男人约会往北，女人约会往南
2239428, 7.5, 722, 职场和恋爱中的九型人格
7057593, 7.5, 718, 尼采的心灵咒语
21346249, 7.7, 556, 选择的悖论
26869695, 9.0, 157, 棕色的世界
1064649, 8.8, 184, 分析心理学的理论与实践
1799255, 8.5, 238, 精神分析入门
5990487, 7.2, 1075, 我的自闭症男友
1970825, 8.3, 286, 自杀与美好生活
4087584, 7.4, 808, 害羞心理学
3662227, 8.4, 258, 私密的神话
4210847, 8.3, 282, 潜意识与心灵成长
7054138, 7.3, 911, 洗脑术
6851587, 8.3, 281, 神话的力量
25763679, 9.0, 152, 不确定世界的理性选择
1076574, 8.4, 253, 激发无限的潜力
2158235, 8.2, 307, 唐立淇-12星座人性攻略
20414886, 9.3, 121, 让孩子心悦诚服
26603828, 8.2, 304, 我们与生俱来的七情
11442509, 8.4, 250, 读懂恋人心
1440592, 7.9, 415, 用脑拿订单
3094686, 7.6, 590, y座桑fg
26590889, 8.3, 272, 情绪急救:应对各种日常心理伤害的策略和方法
1417377, 8.4, 247, It&#39;s Not How Good You Are
1132712, 7.6, 585, NLP简快心理疗法
1393623, 8.3, 270, 实验心理学
4832469, 7.8, 456, 第五位莎莉
26606002, 7.8, 455, 恰如其分的自尊
4199618, 8.2, 296, 做梦的艺术
1004506, 8.1, 326, 就业宝典
1470118, 8.9, 158, 大众行为与公园设计
4011299, 8.6, 202, 创造金钱
6557779, 8.4, 241, 告别娑婆
1266211, 9.1, 134, 论意识操纵（上下）
1836957, 8.4, 238, 痊愈的本能
3681639, 8.2, 286, 正念
25920297, 7.7, 492, 丘吉尔的黑狗
4864406, 8.7, 180, 教育就是解放心灵
1784676, 8.9, 153, 占有还是生存
4934611, 7.2, 940, 九型人格心灵密码学
6087544, 7.9, 380, 登天的感觉
4194978, 8.6, 192, 完整的成长
3601801, 8.7, 176, 变态心理学
1053405, 8.9, 149, 人类的破坏性剖析
20472028, 7.9, 373, 我们为何如此不安
3030535, 7.8, 414, 自我训练
3540367, 8.4, 224, 印象洗脑术
5377234, 7.6, 522, 情商2
3695857, 8.0, 329, 我与躁郁症共处的30年
24845389, 7.7, 458, 潜意识
26846721, 8.8, 157, 如何在爱中修行
1331735, 8.6, 185, 佛洛依德之精神分析论
5335820, 9.0, 134, 心理动力学心理治疗简明指南
26702041, 7.7, 451, 天生变态狂
3578482, 8.6, 183, 释梦
6009051, 8.2, 263, 爱上双人舞
26324187, 7.7, 447, 每一种孤独都有陪伴
6101341, 8.4, 216, 回到当下的旅程
2122937, 8.8, 153, 在幻想锁链的彼岸
4169495, 7.5, 561, 让天赋自由
4164215, 7.7, 439, 当一切改变时，改变一切
5401757, 7.6, 493, 恋爱戒律
1879499, 8.6, 178, 罗杰斯心理治疗
5339693, 8.4, 212, 母爱的羁绊
3430785, 8.7, 163, 催眠之声伴随你
3084973, 8.9, 139, 心理治疗师的问答艺术
6784219, 9.4, 97, 生物心理学
3427154, 7.8, 385, 犯罪心理学
2486955, 8.4, 210, How to Write a Lot
1444813, 8.4, 209, 灵魂的黑夜
4030358, 7.9, 341, 心灵午夜密谈
1053709, 8.3, 227, 禅宗与精神分析
3171969, 8.1, 275, 认知心理学
1837520, 8.2, 249, 婚姻的烦恼
1042832, 8.3, 226, 走出抑郁
11524189, 8.4, 206, 在爱情中我们寻找什么
26296233, 8.4, 206, 重塑大脑，重塑人生
6759677, 8.7, 159, 走出恐惧
3425151, 8.9, 135, 焦虑情绪调节手册
3513006, 7.8, 373, 失落的致富经典
6861142, 8.1, 271, 心灵的面具
10799765, 7.6, 468, 盖洛普优势识别器2.0
3352074, 8.1, 269, 萨提亚冥想－内在和谐、人际和睦与世界和平
6391211, 8.7, 155, 给未来的记忆
24859467, 8.7, 155, 谁说了算？
26257557, 8.7, 155, 热锅上的家庭
2054643, 8.5, 183, 生理心理学
25753137, 9.2, 106, 心理治疗中的依恋
6810273, 8.5, 182, 我即我脑
1171983, 8.6, 167, 洞察未来
25910698, 8.2, 239, 迷人的假象
26411095, 7.6, 455, 当我们阅读时，我们看到了什么
1463494, 7.8, 361, Why Men Love Bitches
3130904, 7.3, 665, 影响力2
4188027, 8.5, 181, 活在爱中的秘诀
3312040, 8.1, 262, 谁会认错
4722181, 7.5, 509, 小心，无良是一种病
2226350, 7.0, 1015, 甩啦，甩啦，甩了他
1322992, 8.3, 215, 理解人性
1459390, 9.4, 91, 弗洛姆文集：我相信人有实现自己的权利
25805198, 8.3, 214, 初学者的冥想书
6194593, 7.6, 445, 人类性幻想
5262349, 9.1, 111, 心理治疗之路
3345059, 8.6, 162, 心理医生为什么没有告诉我
2281620, 8.5, 175, 艾瑞克森催眠治疗理论
1445816, 8.3, 209, 不必火星撞地球
25747577, 6.9, 1141, 7天治愈拖延症
1684120, 7.6, 431, 思维的版图
3075277, 7.0, 966, 隐疾
5437075, 8.1, 247, 解读绝望
1149311, 8.6, 157, 心理学史导论
26042854, 7.5, 477, 理智向左 疯狂向右
1197815, 8.9, 123, 团体心理治疗
25846315, 9.2, 99, The Sense of Style
6800930, 9.0, 114, 人格心理学
3023839, 8.1, 244, 苦痛和疾病的社会根源
1478704, 9.1, 104, 心理治疗入门
2075107, 7.2, 674, 邪恶心理学
26924263, 9.7, 70, 你就要很独特
5291811, 7.6, 401, 认识自己，接纳自己
4030556, 8.5, 163, 哈佛经典谈判术
3192038, 7.9, 287, 广告心理
20476804, 7.7, 355, 不诚实的诚实真相
26285299, 8.3, 193, 创造力
26892353, 9.2, 95, 蜥蜴脑法则
3424068, 7.6, 395, 生命的心流
6990052, 7.6, 394, 哈佛幸福课
2157346, 8.3, 191, 笛卡尔的错误
1000949, 8.5, 160, 顶级悬案
25832152, 8.8, 125, 自尊的力量
1146003, 8.3, 189, 重塑证券交易心理
6068005, 8.6, 146, 原型与集体无意识-荣格文集（第五卷）
2141624, 7.5, 435, 躁狂抑郁多才俊
4015086, 8.2, 206, “现在全明白了！”－你我他的自我认识之路
5301258, 8.6, 145, 个人觉醒的力量
1444091, 7.8, 307, 认知心理学
4256998, 7.5, 431, 爱情心理学
4872667, 8.1, 225, 爱自己
1331881, 9.4, 81, 存在心理治（下）
20616993, 6.6, 1613, 洗脑术
1843275, 8.4, 169, 超越自由与尊严
5398731, 7.4, 481, 童话的心理分析
5326322, 7.6, 375, 心里住着狮子的女孩
6852021, 7.6, 374, 与内心的小孩对话
6861475, 9.3, 85, 意识探秘
24528199, 7.9, 267, 恋爱从失恋开始
20480678, 7.0, 814, 逆转
21966337, 8.9, 111, 论关系
26909546, 9.5, 74, 我们内心的冲突
10563327, 7.3, 532, 人生中最美妙的事都是免费的
5299980, 8.3, 180, 教出乐观的孩子
3063890, 7.4, 464, 天才向左 疯子向右
1879498, 8.2, 195, 萨提亚治疗实录
25801138, 8.7, 127, 是什么带来力量
6076154, 6.4, 2190, 跟乐嘉学性格色彩
1159821, 8.4, 161, 意识的宇宙
26853742, 8.6, 136, 疯子的自由
2304415, 8.9, 108, 倾听孩子
21249031, 8.6, 135, 灵性亲密关系
1050762, 8.0, 230, 10秒钟让自己不同凡响
5037451, 6.8, 1046, 每天懂一点恋爱心理学
1232744, 8.8, 115, 神经质的实质与治疗
4022709, 7.4, 443, 助推
25718139, 7.4, 443, 每个人都会死，但我总以为自己不会
10537771, 8.9, 106, 登天之梯
21722944, 7.3, 499, 为什么有些人永不受伤
3000055, 8.0, 225, 五十分钟的一小时
1581309, 8.3, 170, 神经衰弱和强迫观念的根治法
25744065, 8.3, 169, 决断力
25894861, 6.5, 1686, 跟任何人都聊得来
3112468, 8.2, 183, 悦食悦己
5372542, 8.1, 200, 情感勒索
24527645, 8.1, 200, 心的处方笺
26879144, 8.6, 129, 落差
1852584, 8.7, 119, 异常心理学
25833051, 8.5, 139, 幸福的婚姻
26911009, 9.6, 64, 自信向左 自卑向右
11538005, 8.7, 117, 0-6岁A+育儿法
25885237, 7.9, 236, 编剧心理学
1219421, 8.2, 176, 实验心理学
6516304, 7.8, 259, 分心不是我的错
4079599, 7.7, 288, 为什么男人不听 女人不看地图
1085007, 8.0, 211, 敏感的人:如何面对外界压力
4619523, 8.6, 124, 回家
26328457, 8.4, 146, 童话心理学
25711748, 8.5, 134, 灵性的自我开战
10825209, 7.6, 318, 在电影院遇见弗洛伊德
4834600, 8.3, 158, 自由与命运
5036712, 8.4, 145, The Lovely Bones MTI可爱的骨头
5063383, 7.9, 229, 我为什么看不懂你
6851648, 7.4, 394, 迷恋
21241284, 8.8, 104, 我穿越疯狂的旅程
1423583, 8.4, 142, 爱就是彼此珍惜
21363088, 7.9, 223, 价格游戏
1599035, 8.4, 141, 简捷启发式
5245583, 6.8, 887, 中二病中毒说明书
1059198, 8.7, 110, 心灵地图
26285423, 8.2, 166, 亲密关系的秘密
2327273, 8.4, 139, 我好-你好
4863620, 9.5, 64, 长程心理动力学心理治疗
26304954, 9.5, 64, 存在主义心理治疗
24298931, 7.2, 489, 专注力
26417964, 7.9, 219, 不可慢待的孤独
10600374, 7.6, 298, 拖延心理学2
1040096, 7.5, 333, 天生情人16种
2063029, 7.5, 332, 销售中的心理学
25875190, 7.5, 331, 眨眼之间
4882155, 6.9, 730, 关于爱与性的一切，你全错了
25712066, 7.7, 263, 当哲学家遇上心理医生
10557754, 8.2, 161, 荣格与炼金术
6014434, 9.2, 75, 心理统计学（第3版）
1038390, 8.3, 146, 动机剖析
1394365, 8.7, 105, 教B的迷思
2339932, 8.3, 144, 男人需要尊重 女人需要爱
20503637, 7.9, 208, 遇见我的前世今生
5063378, 7.8, 230, 进入你的感官世界
25760338, 9.4, 65, 万千心理：心理治疗实战录
20506638, 9.0, 84, 自体心理学的理论与实践
26671406, 9.3, 69, 儿童健康讲记：一个中医眼中的儿童健康、心理与教育
3248694, 8.4, 131, 不确定状况下的判断
26647130, 8.1, 170, 无处不在的人格
26422177, 7.6, 281, 轻松学会独立思考
25810164, 8.6, 111, 心理学百科
4897264, 8.3, 141, 神经质人格
3290954, 8.7, 102, 弗洛伊德心理学入门
7067149, 9.0, 82, 认知心理学及其启示
3265210, 8.2, 152, 创造的勇气
26740257, 8.0, 182, 内在革命：一本关于成长的书
2066295, 8.2, 151, 寻找灵魂的现代人
2990695, 8.3, 138, 爱，上了瘾
25928292, 7.7, 242, 不懂色彩 不看电影
1225971, 7.4, 338, 谁在操纵你？
2333083, 8.4, 125, 人的意识
2193673, 7.9, 195, 心理和脑
5257922, 8.5, 114, 梦的真相
25710178, 8.5, 114, 情感堵塞
26672431, 8.5, 114, 愿你拥有被爱照亮的生命
25764531, 7.4, 325, 性别是条毛毛虫
7052007, 8.6, 104, 心理学入门
10443011, 8.6, 104, 活出你的小宇宙
5398985, 7.8, 209, 积极情绪的力量
26382598, 7.5, 285, 零售心理战
25905227, 7.5, 283, 你的生存本能正在杀死你
26742180, 8.6, 102, 心智探奇
19894314, 8.9, 82, 自体的分析
26593192, 8.7, 94, 思想本质
25917623, 7.7, 225, 女巫一定得死
4032621, 6.7, 816, 恋爱厚黑学
26796536, 9.4, 59, 身体从未忘记
1338662, 8.9, 81, 艾瑞克森：天生的催眠大
25722097, 7.1, 448, 慢慢来，让灵魂跟上来
1184873, 8.1, 150, 阿德勒人格哲学
6100950, 7.1, 440, 微反应
25975450, 8.4, 115, 积极恋爱心理学
25885205, 7.9, 178, 记忆的风景
25729298, 7.2, 385, 你是在恋爱，还是在发神经
3423225, 8.6, 98, 寻找斯宾诺莎
2080389, 8.9, 79, 人心
26593221, 9.3, 61, 精神分析诊断（万千心理）
1084711, 7.7, 216, 谣言心理学
2383088, 7.9, 177, 弗洛伊德与精神分析
3656423, 7.7, 215, 我的那条叫做“抑郁症”的黑狗/与抑郁症相伴的日子
1057794, 8.3, 123, 东洋冥想的心理学
4715270, 6.8, 657, 读心术
1843070, 8.5, 103, 儿童的人格教育
1964207, 7.5, 260, 社交商
26334506, 8.9, 77, 正常的另一面
25774694, 8.3, 120, 梦书
3185636, 8.8, 82, 天才儿童的悲剧
25808733, 9.2, 63, 爱・恨与修复
1089598, 8.5, 102, 摄影与视觉心理
3373894, 7.3, 324, 说服力
3829573, 7.3, 324, 像女人一样行动 像男人一样思考
3115378, 7.6, 229, NLP自我重塑计划-21天塑造全新自我
26647114, 7.9, 168, 太聪明所以不幸福？
26895634, 9.5, 52, 不完美，才美II：情绪决定命运
3140334, 8.6, 93, 无快乐的经济:人类获得满足的心理学
26774616, 8.6, 93, 你就是答案（情怀版）
20452425, 7.3, 316, 自爱，无须等待
6974458, 8.7, 86, 精神分析与灵魂治疗
6713131, 9.0, 70, 解放父母解放孩子
1171256, 8.2, 127, 教育心理学
10544103, 7.8, 183, 快乐竞争力
1393343, 8.6, 92, 回归内在
1217156, 7.7, 201, 沟通的艺术:卡耐基人际交往的成功智慧
6902720, 8.4, 107, 意念力
3593985, 7.4, 275, 情商
2227328, 7.8, 179, 有病的情诗
1032018, 8.1, 135, 心理咨询面谈技术
6538416, 7.4, 271, 微表情
25792009, 7.7, 196, 不分心：初学者的正念书
1429564, 8.3, 113, 心理咨询的技巧和策略
11524362, 8.0, 146, 注意!有人在盯着你
4767452, 7.5, 239, 爱自己，和谁结婚都一样
1966686, 7.3, 299, 雅致的精神病院
4208898, 8.4, 103, 心灵种种
4817904, 9.1, 63, 以人为中心心理咨询实践
1444253, 8.1, 132, 赢在性格
26645313, 8.0, 144, 不正常人类研究所
3359251, 8.3, 111, 如何停止忧虑，开创人生
1581273, 8.4, 102, 行动转变性格
5935767, 8.3, 110, 皮格马利翁效应
1421346, 8.2, 119, 森田心理疗法实践
1005930, 8.1, 129, 决策的艺术
26672408, 6.9, 483, 本书书名无法描述本书内容
3701270, 8.1, 128, 家庭系统排列入门
1539735, 8.2, 117, 自觉和领悟之路
4139970, 7.9, 152, 当大脑遇到金钱
6019667, 7.5, 227, 选择的艺术
1261320, 7.7, 184, 微精神分析学
1869638, 8.9, 69, The Inner Game of Tennis
26873207, 8.9, 69, 爱是唯一的真相
1551550, 7.9, 151, 格式塔心理学原理（上下）
25941678, 6.8, 543, 他爱的是玫瑰，而你是蔷薇
4817621, 6.8, 542, 丢掉50样东西，找回100分人生
1267621, 8.5, 91, 感觉的分析
1823968, 9.0, 64, 西尔格德心理学
25774384, 8.6, 84, 冥想
1337933, 7.9, 149, 西方心理咨询经典案例集
4730153, 8.3, 105, 为家庭疗伤（上下）
26895144, 9.5, 47, 你才是自己的过来人
2293880, 8.7, 77, 生涯咨询与辅导
4233221, 8.5, 88, 双相情感障碍
26299530, 8.0, 132, 善恶之源
10876941, 8.8, 71, 心理动力学疗法
3441145, 8.2, 111, 自尊的6大支柱
1784645, 8.9, 66, 出神入化
1491531, 8.2, 110, 心理咨询导论
2174650, 8.3, 101, 地理学的犯罪心理画像
4314074, 7.7, 172, 在生命最深处与人相遇
26354161, 8.1, 119, 爱人、情人和怪人
25805226, 7.5, 211, 控制焦虑
1051493, 8.2, 109, 不要恐惧抑郁症
26617241, 7.5, 210, 渡过
4771145, 9.2, 54, The Tell-tale Brain
25809012, 8.1, 118, 爱的博弈
4047166, 8.0, 128, 遇见懂得付出的自己
25893196, 8.6, 79, 与自己和解：治愈你内心的内在小孩
25834607, 7.9, 138, 自由的进化
2006868, 9.3, 50, 人我之g
3743816, 7.4, 226, 完全变态手册
26828557, 8.0, 125, 从行动开始
3854718, 8.2, 105, 认知心理学
26767504, 8.2, 105, 孤独
1444100, 8.5, 83, 实验心理学教程
26910593, 8.5, 83, 重生
6309931, 8.6, 77, 自我・群体・社会
24532754, 8.8, 67, 认知疗法基础与应用
1425749, 7.8, 148, 投资心理学
20271917, 7.6, 180, 持续的幸福
2131768, 7.9, 134, 人性
6065534, 7.3, 246, 囤积是种病
26365755, 9.4, 46, 精神分析案例解析（万千心理）
3742938, 7.8, 146, y座t牌S男g
26888624, 8.9, 61, 走出焦虑风暴
25985811, 7.9, 130, 非暴力沟通实践篇
26296901, 9.0, 57, 一日浮生: 十探生命意x的故事
4236607, 7.3, 238, 情绪的惊人力量
20563266, 8.6, 74, 社会认知
25848953, 7.0, 334, 群体性孤独
25863575, 8.5, 78, 不是读心术不是心理学不是魔法
26220853, 8.8, 63, 论人的成长
1442215, 8.3, 90, 心理治疗师之路
24708172, 7.4, 204, 自控力2
26874593, 7.3, 227, 技巧
1712349, 8.2, 96, 人类动机
10436476, 8.4, 82, 一人的K
2296845, 6.9, 363, 专注力
10799782, 7.8, 132, 魅力何来
1035275, 7.0, 314, 逆向思考的艺术
26820338, 7.9, 120, 从自我苛求中解放出来
3875639, 7.3, 218, 生活中的心理学
20492095, 7.1, 274, 性、谋杀及生命的意义
25773343, 9.0, 53, 伯克毕生发展心理学：从0岁到青少年（第4版）
26938714, 9.2, 47, 生育对话录
26694945, 7.8, 129, 抗压力
3450920, 8.1, 99, 愤怒，爱的另一面
1833283, 9.1, 49, 应该补上的一课
26855873, 9.1, 49, 自我的智慧
1082901, 7.8, 127, 聪明人的训练
1908684, 7.9, 116, 精神焦虑症的自救 演讲访谈卷
20442237, 7.6, 153, 这一生为何而来
1077371, 7.6, 151, 漂亮者生存
3773490, 7.4, 184, 牌桌阅人术
25765450, 7.2, 229, 如何控制自己的情绪
25806938, 7.2, 229, 怪癖心理学
2041429, 8.9, 54, 注意缺陷障碍
20509730, 8.2, 88, 生活就像练习
10454001, 9.2, 45, 儿童的利益
20272118, 8.3, 81, 儿童大脑开窍手册
25881107, 8.3, 80, 疗愈时光
20445340, 6.6, 488, 16型人格的自我修炼
11445560, 7.3, 197, 天才的基因
6711978, 7.7, 131, 不懂拒绝的老好人
1019077, 7.9, 109, 羡慕与嫉妒：深层心理分析
10520050, 8.7, 59, Tiny Beautiful Things
3574846, 8.3, 78, 辩证行为疗法
25867744, 8.3, 78, 简单冥想术：激活你的潜在创造力
1320151, 8.1, 91, 人是如何学习的
4213167, 8.1, 91, 危险的心理咨询
26882462, 6.7, 408, 你从未真正拼过
25920100, 7.9, 107, 大话设计师
6758932, 7.7, 128, 超负荷的大脑
1921568, 8.1, 90, 奖励的惩罚
25750516, 9.0, 48, 潜意识与心灵成长
4233106, 8.0, 97, 学会接受你自己
2303751, 9.3, 40, 家庭与夫妻治疗
26602466, 8.1, 88, 安全感
20284675, 7.7, 124, 非人
25925049, 6.9, 296, 那些伤，为什么我还放不下：斯坦福大学最重要的一堂情绪管理课
4911319, 7.3, 184, 积极心理学
26838015, 8.4, 69, 对于自己，你还是个陌生人
3865964, 9.1, 44, 家庭与家庭治疗
2172516, 6.5, 513, 5分钟和陌生人成为朋友
6053667, 9.9, 29, 恿θ∠蚓神tW--R床用c
10537773, 7.7, 120, 良知泯灭
3858060, 8.8, 52, 心理咨询师的问诊策略
1762619, 9.2, 41, 弗洛姆著作精选：人性、社会、拯救
26815907, 7.2, 198, 这样和世界相处
1280223, 8.3, 72, 格式塔咨询与治疗技术
21965490, 7.5, 142, 设计师式认知
2062167, 8.9, 48, 性与生活
24380575, 6.9, 278, FBI行为分析学
1331654, 8.0, 90, s格c占星W
5384744, 8.1, 83, 不要用爱控制我2
26377695, 7.6, 128, 自知心理学
2979734, 9.0, 45, Nonsense
20258609, 9.0, 45, 心理咨询师的14堂必修课
26711164, 8.2, 76, 再也不怕跟人打交道
26333444, 9.1, 42, 精神分析治疗：实践指导（万千心理）
5437074, 8.5, 61, 心理学改变生活（第9版）
25931208, 7.2, 189, 反直觉思考
25953748, 6.7, 352, FBI危险人格识别术
5405128, 7.6, 124, 生命的重建
1712350, 7.7, 113, 动机心理学
26183866, 8.0, 87, 自私书
26430576, 7.9, 94, 为什么我们爱得这么累
1016271, 8.3, 68, 生与死的对抗
2061421, 8.0, 85, 语言心理学
24697928, 7.3, 160, 人之将死
26616951, 7.7, 108, WOOP思维心理学
2362451, 8.7, 50, 感受发生的一切
1255943, 8.2, 70, 心理咨询与治疗的理论及实践 第七版
24714253, 7.2, 172, 世界会抛弃你吗
3016247, 7.9, 88, 抑郁症的内观认知疗法
10541306, 6.5, 421, 墨菲定律
1255944, 8.0, 81, 心理咨询与治疗经典案例
26782080, 7.6, 113, 用安静改变世界
19967799, 8.1, 73, 失控的正向思考
6861176, 8.7, 48, 精神分析治愈之道
3063877, 8.1, 72, 智能的结构
1425813, 7.8, 91, 儿童心理学
1364963, 8.2, 66, Girl
26752847, 7.4, 130, 整理情绪的力量
10607680, 8.3, 61, 亲密关系的重建
25695309, 8.5, 53, 超越自我之道
26790813, 8.5, 53, 黑羊效应
26775040, 7.9, 82, 完美母女关系的秘密
10770914, 7.6, 105, 6个问题竟能说服各种人
5924575, 7.9, 81, The Gifts of Imperfection
2304506, 8.2, 64, 儿童绘画心理学
3074379, 8.8, 43, 存在心理学探索
2227642, 7.6, 103, 你是做梦大师
26805866, 8.3, 58, 0～12岁，给孩子一个好性格
26849278, 7.6, 101, 你的善良必须有点锋芒
5395411, 7.5, 110, 习得性无助
26871348, 8.3, 57, 只想和你过好这一生
26769662, 7.5, 108, 雄性衰落
1871654, 8.5, 49, 学习爱
1396395, 6.8, 225, 美化你的声音
10560264, 7.3, 127, 彼得潘综合征
3123668, 9.2, 32, 人H贤ǚ治鼍法
25943358, 7.2, 138, 盲点
3347599, 7.6, 93, 心理学带你走出思维误区
6857343, 9.0, 35, 内向孩子的潜在优势
24834723, 7.9, 72, 做更自信的自己
26201895, 7.8, 78, 孩子与恶
23018929, 8.2, 57, 沟通
25894673, 8.7, 41, Make it Stick
10762436, 7.2, 133, 我们都是拖拉斯基
20283580, 7.5, 99, 乐观的偏见
21294724, 7.2, 132, 人格解码
1973569, 8.2, 56, 大X操作手册――N.L.P.概
26586159, 8.2, 56, 美丽是心底的明媚
4237985, 9.0, 34, 如何说孩子才能和平相处
10344527, 8.3, 52, 妈妈的心灵课
11605861, 9.6, 25, 客体关系家庭治疗
10560212, 7.8, 74, 边缘型人格障碍
26202327, 7.5, 95, 愉悦回路
23160215, 8.1, 58, 第七感
4001778, 8.2, 54, Emotional Intelligence 2.0
2061640, 7.2, 126, 疯狂天才
3314537, 9.0, 33, 婴儿、儿童和青少年
25750617, 8.5, 44, 嫉羡和感恩
2383735, 8.8, 36, How We Know What Isn&#39;t So
1393911, 9.8, 22, h斯.柯赫c自w心理W
1046135, 7.6, 82, 克服焦虑
19941064, 7.9, 64, 自私的父母
26889013, 8.5, 42, 看自己：现代症的心理解剖
24371637, 6.9, 163, 盲目心理学
3542657, 8.2, 51, 思维与决策（第四版）
11403211, 8.2, 51, Daring Greatly
26865498, 8.7, 37, 医治受伤的自信
26278762, 7.6, 80, 心思大开
10445541, 8.6, 39, The Age of Insight
1479072, 8.1, 54, 消费者行为学
26755104, 7.5, 87, 20几岁，你为什么害怕来不及
3265968, 7.7, 73, 和失眠说再见
2283406, 7.0, 141, 111个失败的案例
25866894, 7.0, 139, 疯狂行为学
4262003, 9.2, 27, 掌握家庭治疗
24522608, 8.3, 45, 幸福的神话
26425298, 7.6, 74, 与自我和解
24867884, 8.3, 44, 变态心理学
3608151, 8.2, 47, 环境心理学
26723536, 7.4, 88, 争辩力
25837839, 7.6, 73, 人的七张面孔
26798534, 7.6, 73, 嘿，你正常吗
26781091, 8.7, 34, 妈妈，谢谢你懂我
4736432, 7.4, 86, 羞涩与社交焦虑
6430317, 7.4, 86, 十个天才的精神病史
4931586, 8.5, 38, 荣格文集（全九册）
25976876, 7.8, 61, 轻疗愈
26842369, 8.9, 30, 像我们一样疯狂
1323106, 8.2, 45, 思想和行动的社会基础：社会认知论（上、下册）
26743743, 8.3, 42, 穿越孤独
21676595, 8.4, 39, 狐狸与刺猬
21346248, 7.2, 98, 遗失的智慧
11511943, 7.5, 74, y座桑教的，男人就是吃@套!
2153776, 6.5, 214, 海马记忆训练
1292413, 8.2, 43, 自我评估:爱自己才能更好地与人相处
26680733, 6.9, 130, 谢你不娶之恩
5408896, 8.3, 40, 不焦虑的活法
26832933, 6.0, 447, 你也是蘑菇吗
22382669, 7.2, 94, 正能量修成手册
1487698, 8.5, 35, 创造力手册
6075190, 8.5, 35, Pitch Anything
26921335, 8.9, 28, 读完本书，才有力气完成剩下的梦想
26761277, 7.9, 51, 困兽手记
26278721, 8.1, 44, 脑内乾坤
3426781, 7.9, 50, 边缘性人格障碍治疗手册
26760849, 8.4, 35, 自我
26276471, 8.0, 45, 大脑的情绪生活
26705846, 7.7, 56, 剪刀石头布
26854398, 8.5, 32, 我不想做一个“通情达理”的好姑娘
1020110, 7.9, 46, 丘比特之箭
1909385, 6.8, 122, 人间游戏
1936882, 7.6, 57, 弗洛伊德的近视眼
24974364, 7.4, 67, FBI犯罪心理画像实录
25997311, 7.4, 67, 女人的心理
25799516, 8.6, 29, 认知行为治疗
26791309, 8.8, 26, 初识传播学（插图第7版）
20386245, 6.4, 192, 情商
25763661, 8.4, 32, 积极心理学
26721477, 9.1, 22, 创伤与复原
25795553, 7.5, 59, ADD的人生整理术
26756940, 8.1, 38, 心理大师：罪爱
26425904, 7.8, 46, 我在地球的日子
26718553, 8.8, 25, 追随直觉之路
26865732, 8.8, 25, 纳粹医生
1766573, 8.2, 35, 抑郁情绪调节手册
25818131, 8.2, 35, 论移情问题
26833809, 8.4, 31, 看不见的背叛
5363711, 8.5, 29, 游戏治疗
10581953, 8.7, 26, 边缘性人格障碍的移情焦点治疗
26261585, 5.7, 545, 反洗脑
25794568, 8.6, 27, 伯克毕生发展心理学：从青年到老年（第4版）
1323270, 8.1, 36, 自我效能（上下册）
25963532, 7.6, 51, 理性情绪
26377468, 8.7, 25, 小猪猪的故事（万千心理）
25727582, 8.4, 29, 发展心理学
25899645, 8.4, 29, 自我与自性
26900445, 9.0, 21, 像疯子一样思考 像天才一样行动
25917098, 8.8, 23, 精神障碍诊断与统计手册(案头参考书)(第五版)
10445391, 8.1, 34, 认知行为疗法
26780966, 7.6, 48, 生活中的大脑骗局
26838508, 7.7, 44, 具身认知：身体如何影响思维和行为
1219420, 8.4, 28, 心理障碍临床手册
26860869, 7.5, 51, 如何实现有效社交
26704096, 7.4, 52, 我的情绪为何总被他人左右
24746183, 8.1, 30, 暴食症康复指南
5300082, 7.7, 38, 亲爱的，我们别吵了
26803304, 8.0, 31, 为什么受伤的总是聪明人
4816556, 8.1, 29, 焦虑症和恐惧症
26389181, 8.2, 27, 内向也是一种优势
1071941, 8.5, 22, 怎样适应生活
26312412, 7.9, 31, 发现你的天赋
25961421, 8.4, 23, 情绪自控力：把消极变积极的力量
26184195, 6.1, 166, 哈佛谈判心理学
26611254, 8.2, 24, 幸福创造力：七天活出丰盛自在人生
26844552, 7.6, 34, 历史的赢法：用军
2887830, 8.4, 21, Hope and Help for Your Nerves
25858893, 8.0, 26, 心理学最佳入门（原书第2版）
26612166, 8.1, 24, 同理心文明
26894686, 8.0, 24, 棉花糖实验
26836252, 9.3, 13, 你一动，我就懂
26944471, 9.3, 13, 一个女孩的镜像世界
2845839, 8.5, 18, The Psychology of Problem Solving
26935458, 8.3, 19, 19个精神病
3346153, 6.9, 47, 成败就在刹那间
26220843, 7.6, 26, 抑郁症
26929201, 8.2, 17, 聪明女人背小包
5381440, 7.3, 26, 三分钟看清一个人
26853740, 6.9, 31, 你好，焦虑分子!
26856945, 7.9, 13, 音爆
26611852, 7.6, 15, 害羞与社交焦虑症
2871453, 7.7, 12, The Origin of Consciousness in the Breakdown of the Bicameral Mind
26790128, 7.9, 10, 小集团思维
26333923, 7.4, 12, The Sellout
26797123, 7.1, 14, 温暖消逝：关于临终、死亡与丧亲关怀
26795101, 7.5, 11, 色彩的魔力
