2017-01-23 16:17:59
Tag: 心理咨询
The number of books: 407 

ID, rating, votes, title
1080309, 8.4, 28161, 尘埃落定
4180711, 8.2, 11385, 拖延心理学
1504957, 8.6, 4388, 学会提问
5940553, 8.8, 2382, 当尼采哭泣
1178089, 9.0, 1036, 给心理治疗师的礼物
1258513, 8.5, 1843, 爱与寂寞
2980795, 7.7, 4051, 内向者优势
3684193, 8.9, 820, 叔本华的治疗
6744767, 8.9, 803, 我们内心的冲突
1132110, 8.4, 1306, 谁在我家
1936756, 8.6, 924, 诊疗椅上的谎言
1256282, 8.5, 1022, 心灵自由之路
3298988, 8.5, 976, 直视骄阳
1218321, 9.1, 522, 个人形成论
1256284, 8.4, 1064, 谋生之道
3432953, 8.9, 529, 爱情刽子手
4053315, 8.3, 959, 一念之转
1187550, 8.1, 1018, 人格心理学
2285530, 9.1, 343, 弗洛伊德及其后继者
2340059, 7.6, 1807, 心理控制术
1002815, 7.7, 1471, 登天的感觉
6946710, 7.7, 1361, 前世今生
2141865, 8.5, 510, 家庭会伤人
1450606, 8.3, 630, 爱的序位
1879497, 8.5, 486, 新家庭如何塑造人
1491590, 8.0, 750, 人性的优点
1950407, 9.0, 270, 客体关系心理治疗
1065750, 8.2, 579, 我是谁
1173442, 8.9, 280, 精神分析案例解析
2984241, 8.6, 327, 思维改变生活
1826799, 8.5, 350, 心灵飞舞
1482317, 8.4, 380, 自卑与超越
2327264, 8.5, 312, 日益亲近
1734002, 8.0, 521, 你不知道的自己
26275063, 8.6, 277, 活得明白
1974521, 8.7, 250, 变态心理学与心理治疗
4330526, 8.4, 323, 幻想即现实
2145946, 8.4, 315, 萨提亚家庭治疗模式
1331882, 9.3, 147, 存在心理治（上）
10761494, 7.4, 978, 女心理师
26852595, 9.7, 103, 解梦大师
1931681, 8.9, 182, 罗杰斯著作精粹
1103252, 8.2, 342, 你有几个灵魂
3684702, 8.0, 422, 心理小组
26293066, 7.7, 596, 你是一切的答案
1799255, 8.5, 238, 精神分析入门
3808989, 8.2, 301, 问问李子勋
1132712, 7.6, 585, NLP简快心理疗法
1908685, 8.2, 298, 精神焦虑症的自救（病理分析卷）
1490423, 8.5, 218, 陪孩子长大
6087544, 7.9, 380, 登天的感觉
1083203, 7.5, 594, 少女杜拉的故事
5335820, 9.0, 134, 心理动力学心理治疗简明指南
3578482, 8.6, 183, 释梦
1214246, 7.7, 438, 心理画外音
1879499, 8.6, 178, 罗杰斯心理治疗
3430785, 8.7, 163, 催眠之声伴随你
3084973, 8.9, 139, 心理治疗师的问答艺术
3425151, 8.9, 135, 焦虑情绪调节手册
6861142, 8.1, 271, 心灵的面具
1789817, 8.3, 222, 幸福从心开始
25753137, 9.2, 106, 心理治疗中的依恋
1171983, 8.6, 167, 洞察未来
5262349, 9.1, 111, 心理治疗之路
3345059, 8.6, 162, 心理医生为什么没有告诉我
2281620, 8.5, 175, 艾瑞克森催眠治疗理论
3142152, 7.4, 557, 毕淑敏心理咨询手记
1027277, 7.4, 539, 心灵7游戏
1460852, 8.8, 133, 视觉思维
6800784, 8.4, 185, 故事知道怎么办
1197815, 8.9, 123, 团体心理治疗
1478704, 9.1, 104, 心理治疗入门
4059789, 8.1, 236, 救赎
2280221, 7.9, 280, 变态行为案例故事
4015086, 8.2, 206, “现在全明白了！”－你我他的自我认识之路
6852021, 7.6, 374, 与内心的小孩对话
1879498, 8.2, 195, 萨提亚治疗实录
1755137, 8.6, 134, 谈话疗法
10537771, 8.9, 106, 登天之梯
3000055, 8.0, 225, 五十分钟的一小时
1581309, 8.3, 170, 神经衰弱和强迫观念的根治法
1852584, 8.7, 119, 异常心理学
1309272, 7.2, 539, 心理黑洞
4619523, 8.6, 124, 回家
5294897, 7.4, 387, 大人的友情
4863620, 9.5, 64, 长程心理动力学心理治疗
26304954, 9.5, 64, 存在主义心理治疗
6397200, 8.7, 105, 家庭成就孩子
25760338, 9.4, 65, 万千心理：心理治疗实战录
20506638, 9.0, 84, 自体心理学的理论与实践
4897264, 8.3, 141, 神经质人格
1918194, 7.6, 255, 心理医生
25852589, 8.0, 170, 少有人走的路2
19894314, 8.9, 82, 自体的分析
3518694, 8.0, 164, 寻找弗洛伊德
26593221, 9.3, 61, 精神分析诊断（万千心理）
3033643, 8.4, 112, 郁闷
25808733, 9.2, 63, 爱・恨与修复
5922747, 8.9, 74, 在爱中升华
1032018, 8.1, 135, 心理咨询面谈技术
1193668, 8.5, 97, 当事人中心治疗
1429564, 8.3, 113, 心理咨询的技巧和策略
4817904, 9.1, 63, 以人为中心心理咨询实践
1734000, 8.0, 142, 滋养和安顿我们的心灵
1264923, 7.7, 188, 现代精神分析“圣经”
3045446, 8.0, 141, 心理咨询师的部落传说
1539735, 8.2, 117, 自觉和领悟之路
1257021, 7.6, 204, 心理咨询与心理治疗
1337933, 7.9, 149, 西方心理咨询经典案例集
4730153, 8.3, 105, 为家庭疗伤（上下）
10876941, 8.8, 71, 心理动力学疗法
1491531, 8.2, 110, 心理咨询导论
4314074, 7.7, 172, 在生命最深处与人相遇
2006868, 9.3, 50, 人我之g
24532754, 8.8, 67, 认知疗法基础与应用
26365755, 9.4, 46, 精神分析案例解析（万千心理）
3880764, 8.6, 76, 聚焦心理
1481974, 8.4, 88, 卡尔・罗杰斯论会心团体
26296901, 9.0, 57, 一日浮生: 十探生命意x的故事
3270990, 8.3, 92, 变态心理学案例教程
1923468, 8.2, 99, 意象对话心理治疗
3234194, 8.4, 84, 精神分析的新方向
2045254, 8.8, 63, 杨凤池焦点咨询对话录
26220853, 8.8, 63, 论人的成长
1442215, 8.3, 90, 心理治疗师之路
3206932, 8.1, 105, 做一名优秀的心理咨询师
1006573, 8.7, 63, 穿透爱情
1221141, 7.7, 133, 儿童绘画与心理治疗
4923621, 8.0, 101, 爱本来可以不这样痛苦
3574846, 8.3, 78, 辩证行为疗法
4213167, 8.1, 91, 危险的心理咨询
2303751, 9.3, 40, 家庭与夫妻治疗
22994553, 8.7, 57, 蛤蟆先生的希望
1400715, 7.7, 122, 心理咨询师手册
3865964, 9.1, 44, 家庭与家庭治疗
6053667, 9.9, 29, 恿θ∠蚓神tW--R床用c
3858060, 8.8, 52, 心理咨询师的问诊策略
1639792, 8.2, 78, 实用心理异常诊断矫治手册
1280223, 8.3, 72, 格式塔咨询与治疗技术
5384744, 8.1, 83, 不要用爱控制我2
20258609, 9.0, 45, 心理咨询师的14堂必修课
1223243, 8.4, 66, 病人与精神分析师
26333444, 9.1, 42, 精神分析治疗：实践指导（万千心理）
3235630, 7.8, 105, 刺猬的爱情
5330911, 7.4, 153, 心的栖止木
1087150, 8.2, 74, 认知疗法
1197961, 8.1, 78, 高明的心理助人者
1255943, 8.2, 70, 心理咨询与治疗的理论及实践 第七版
2104509, 7.9, 88, 箱庭疗法
3016247, 7.9, 88, 抑郁症的内观认知疗法
1255944, 8.0, 81, 心理咨询与治疗经典案例
1500327, 8.6, 52, 男人其实很忧郁
1771059, 6.6, 346, 心理咨询师
25832740, 8.3, 62, 咨询室的秘密
3000793, 8.2, 66, 思想等待思想者
1491530, 8.0, 74, 人格的发展
3567547, 8.1, 68, 谁在强迫我的人生
6385026, 8.1, 67, 洗心岛之梦
4207454, 6.7, 271, 心理画
3215708, 7.9, 78, 精神分析艺术
3052507, 8.3, 57, 客体关系理论的转向
1644712, 8.9, 39, 割断脐带做大人
1755204, 7.6, 98, 如何成为心理治疗师
3292234, 8.8, 40, 女心理师与病人的故事
1500329, 8.6, 45, 理情行为治疗
3267583, 7.7, 85, 我和你
3270415, 8.4, 50, 高明的心理助人者
19957142, 7.5, 101, 切开忧郁的洋葱
23752241, 8.3, 53, 自体的重建
1471510, 7.9, 70, 生活的科学
11605861, 9.6, 25, 客体关系家庭治疗
2059453, 8.9, 35, 家庭系y排列W之一切如是
2338906, 7.6, 86, 脑锁
1262460, 7.3, 111, 精神分析导论
2276933, 7.8, 71, 心理学与个人成长
4839872, 7.8, 71, 给年轻心理师的27封信
4727818, 8.8, 36, 爱的功课
1500328, 8.3, 49, 儿童与青少年焦点解决短期心理咨询
6938053, 8.3, 49, 叙事疗法实践地图
1393911, 9.8, 22, h斯.柯赫c自w心理W
1712354, 8.7, 38, 家庭治疗概论
26742898, 7.4, 99, 心迹
2113379, 8.6, 40, 成长中的家庭
21241281, 8.7, 37, 熙K叙语
3615697, 9.0, 31, The Art of Loving
1734001, 7.8, 67, 有一种感觉
2283406, 7.0, 141, 111个失败的案例
10555109, 8.9, 32, 存在―人本主义治疗
4262003, 9.2, 27, 掌握家庭治疗
2009944, 8.6, 37, 一位精神分析家的自我探索
1073020, 8.2, 46, 让生命超越平凡
26270026, 9.1, 27, 心理治疗中的首次访谈（万千心理）
6436662, 8.2, 45, 当我遇见一个人
26327172, 8.5, 37, 心理动力学个案概念化（万千心理）
3052508, 8.4, 39, 精神分析视野下的边缘性人格障碍
6558438, 8.1, 47, 外遇：可宽恕的罪
1771058, 6.5, 209, 心理咨询师（三级）
3464869, 7.9, 52, 情绪
3753939, 7.6, 65, 客体关系入门
3426781, 7.9, 50, 边缘性人格障碍治疗手册
2116423, 7.5, 67, 见见内心的鬼朋友
4169773, 9.0, 25, 心理咨询的要素
4737483, 8.2, 39, 成长的路
1331729, 8.9, 26, c`贤
26703422, 7.7, 55, 登天的感觉：我在哈佛大学做心理咨询
5294243, 7.9, 47, 咨询败局
1859646, 7.8, 50, 让心起舞
1674864, 7.9, 45, 心理咨询的理论与实务
6735471, 8.3, 34, 投射性认同与内摄性认同
25757009, 8.3, 34, 主体间性心理治疗（万千心理）
3248656, 8.7, 27, 儿童叙事治疗
1193279, 7.2, 77, 沙盘游戏
1864075, 8.5, 30, 美国精神障碍案例集
6011898, 7.8, 47, 踏进这扇门
3894968, 7.0, 93, 你，正在被催眠
1796836, 6.7, 127, 师从弗洛伊德
2378425, 7.5, 58, 放松1001
4737484, 8.0, 40, 受伤的人
10581953, 8.7, 26, 边缘性人格障碍的移情焦点治疗
4896404, 7.2, 73, 当心！你的记忆会犯罪
1173443, 8.0, 39, 行为矫正
6712642, 8.6, 27, 不寻常的治疗
1029036, 8.4, 30, 爱 是一种选择
1193631, 8.4, 30, 认知治疗技术
1383077, 8.8, 24, 10倍速法-短期心理治痄
2011882, 7.5, 54, 抑郁
1805488, 8.2, 33, 学校团体心理游戏教程与案例
4910354, 7.9, 40, 聚焦取向的心理治疗
2174700, 8.6, 26, 父母离婚后
3450876, 8.5, 27, d狂c文明
10445391, 8.1, 34, 认知行为疗法
4742093, 9.2, 19, 治疗型心理咨询入门
1219420, 8.4, 28, 心理障碍临床手册
11534255, 6.8, 95, 心理咨询师（基础知识）
1734003, 7.3, 59, 每天都冒一点险
4152292, 8.3, 29, 焦点解决短期心理治疗的应用
1653750, 8.7, 23, 小组辅导与心理治疗
1485521, 8.0, 34, 心理咨询师的工具箱
25920693, 8.2, 29, 心灵之镜
6962717, 8.3, 27, 与儿童交谈
1003739, 7.2, 58, 心理医生
25833875, 8.5, 24, 荣格文集
3359722, 7.7, 39, 实用罗夏墨迹测验
10519759, 8.1, 30, 存在主义世界的幸福
10583558, 8.4, 25, 叙事疗法
5300082, 7.7, 38, 亲爱的，我们别吵了
26353631, 8.6, 22, 沙游在心理治疗中的作用（万千心理）
1804952, 6.8, 79, 心理咨询师培训教程
1280225, 8.1, 28, 短程心理治疗实践
3299060, 8.3, 24, 由心咨询
3607905, 7.9, 30, 视读心理治疗
6726161, 7.7, 34, 如何成为心理咨询师
1689722, 7.5, 39, 团体心理咨询
4213131, 8.4, 22, 心理咨询与治疗伦理
6557350, 8.8, 18, 接受与实现疗法
1690711, 8.5, 20, 团体咨询的理论与实践
4110489, 8.5, 20, 人是什么
5343656, 8.5, 20, 精神分析的伴侣治疗
21334920, 8.0, 26, 当弗洛伊德遇见佛陀
2975625, 7.5, 36, 心理诊所
5419441, 7.1, 49, 心理咨询师手记
1452054, 7.7, 31, 认知发展
1155959, 7.3, 41, 少年我心
2306545, 7.2, 44, 菊花心语
2340131, 7.1, 47, 解梦九讲
1421093, 6.0, 157, 被禁止的爱
2281370, 7.4, 36, 意识与潜意识
4729297, 8.1, 23, 自体心理学的理论与实务
4201186, 7.4, 35, 叶落有声
25838706, 7.1, 44, 星期五的心理咨询室
2108858, 8.3, 20, 许又新文集
3028393, 7.5, 31, 他不知道他病了
10525282, 7.8, 25, 存在主义心理咨询
24533351, 8.1, 21, 心理治疗师该说和不该说的话
6123792, 8.0, 22, 打破心理治疗师心中的禁忌
1091075, 7.7, 25, 释梦宝典
1442219, 7.8, 23, 突破心理治疗中的“不可能”案例
2188850, 7.1, 37, 易术-传统中医.心理剧与创造性艺术之整合
1637865, 8.1, 19, 家庭治疗
3162007, 8.2, 18, 治疗师的自我应用
2285201, 7.6, 25, 心理剧与创伤
1223484, 7.4, 28, 家庭治疗基础
2280262, 7.7, 23, 自我与人格结构
7001090, 6.6, 53, 沙盘游戏疗法
3043433, 6.8, 44, 1000个心理游戏
1500330, 8.1, 18, 儿童故事治疗
2361610, 7.0, 36, 亲密
3854724, 7.4, 26, 督导与反思
6028250, 7.9, 19, 医治的心
25865311, 8.0, 18, 故事、知识、权力
3052506, 7.5, 24, 自身心理学
1124644, 7.2, 29, 心理治疗与咨询的理论及案例
1853163, 7.3, 27, 作为治疗师的艺术家
1232825, 8.0, 17, 儿童短程游戏心理治疗
20385665, 7.2, 27, 人格障碍与调适
5365171, 7.5, 22, 正念与接受
1853162, 7.8, 18, 成为有影响力的治疗师
3162010, 7.8, 18, 情绪与需要
1961697, 7.9, 17, 控制你的愤怒
3184779, 6.8, 33, 社交恐怖症的森田疗法
1208044, 7.6, 19, 咨询心理学
5253972, 7.8, 17, 我好嫉妒（中英双语）
2413483, 6.3, 52, 我的心里有个魔鬼
1442220, 7.0, 28, 心理治疗个案研究
2175695, 6.9, 30, 国家职业资格培训教程
1936884, 8.0, 15, 助人历程与技巧
5994971, 7.1, 25, 你不可不知的20个心理学名词
1673542, 7.7, 17, 叙事心理治疗导论
25762426, 7.9, 15, 一分钟心理咨询
4736523, 8.0, 14, The Interpretation of Dreams
2977546, 7.5, 18, 心理咨询与治疗理论
2281365, 7.6, 17, 干预与技术
4058668, 8.3, 12, 心理治疗的新趋势
2371563, 7.8, 15, 科学与人类行为
3805774, 7.9, 14, 操作化心理动力学诊断和治疗手册（OPD-2）（第2版）
10111018, 7.9, 14, 以人为中心心理治疗
4009541, 6.7, 29, 格式塔疗法
1289223, 7.6, 16, 咨询和治疗中的沟通分析技术
2019025, 7.6, 16, 心理咨询原理
4151939, 7.3, 19, 音乐治疗
4888921, 8.0, 13, 沙游
6879485, 8.0, 13, 短程动力治疗
24735346, 8.0, 13, 助人技术
3000720, 7.7, 15, 实用心理咨询与助人技术
4897221, 7.4, 17, 学习认知行为治疗图解指南
1228209, 7.6, 15, 一夫一妻制神话
2161398, 7.6, 15, 青少年小组游戏
10523558, 7.6, 15, 心理咨询的理论与实务
2100289, 6.8, 24, 心灵之约
6724735, 6.8, 24, 2011国家职业资格培训教程
3162019, 7.3, 17, 言语与象征
1378760, 7.8, 13, 日uH近
6889914, 7.8, 13, 用故事打开心扉
20435851, 7.8, 13, 正念的心理治疗师（万千心理）
26360437, 7.8, 13, 当代中国心理咨询与心理治疗的反思与探索
1444097, 7.4, 16, 哀伤心理咨询理论与实务
3854721, 7.4, 16, 督导与反思
2020456, 6.5, 29, 女性潜意识
5329813, 7.6, 14, 心灵捕手
4300620, 8.3, 10, 寻解访谈
3768585, 7.7, 13, 三川行思
7055267, 7.4, 15, 心理套娃
2347691, 7.0, 19, 都市病人
5974265, 8.0, 11, 婚姻治疗的九个步骤
1320129, 7.8, 12, 儿童和青少年临床心理学（上下）
25854793, 7.8, 12, 动机式访谈法：帮助人们改变
2281374, 7.6, 13, 障碍、防御与阻抗
2991626, 7.6, 13, 儿童游戏疗法心理案例集
3054408, 7.6, 13, 叙事治疗:解构并重写生命的故事
6012010, 7.6, 13, 少年我心
1948643, 7.3, 15, 当代心理咨询与治疗体系
2281368, 7.3, 15, 内化
3619925, 7.3, 15, 教你解梦100个梦的解析
1804173, 6.2, 33, 助理心理咨询师培训教程
2113421, 7.7, 12, 夫妻家庭治疗案例研究
19977083, 7.7, 12, 我的家庭治疗工作
20428582, 7.7, 12, 心理大师揭秘最古怪案例
4844991, 8.1, 10, 动力取向心理治疗：支持取向与洞见取向的心理治疗
1118749, 7.2, 15, 咨询心理学
4896823, 6.5, 24, 员工帮助计划
1758505, 7.8, 11, Love Is a Choice
3889670, 7.8, 11, 少年时期的心灵
3601889, 7.6, 12, 团体咨询
24703821, 7.6, 12, 建构解决之道
2888847, 8.0, 10, Helping Skills
1930228, 7.7, 11, 儿童行为的塑造与矫正
7160849, 7.7, 11, 积极心理治疗案例（万千心理）
2196786, 7.1, 15, 心理咨询入门
25723254, 7.9, 10, 循环提问
1071025, 7.5, 12, 心理咨询与治疗
25963019, 6.7, 19, 心理咨询师手记
2188846, 7.3, 13, 咨询心理学
1390588, 7.6, 11, 辅导与心理治疗
20376609, 7.6, 11, 高明的心理医生
26353634, 7.8, 10, 母婴互动及成人心理治疗中的主体间形式（万千心理）
3854723, 7.1, 14, 督导与反思
21628434, 7.1, 14, 电影作品心理分析案例集
2181597, 7.2, 13, 游戏治疗技巧
1087151, 7.5, 11, 精神创伤之后的生活
5299889, 7.5, 11, 灰色的心灵风暴
1178087, 7.3, 12, 家庭治疗技术
3576122, 7.3, 12, 咨询与心理治疗
4863621, 7.3, 12, 短程心理治疗的艺术与科学
3578364, 7.4, 11, 少女自卫手册
4601957, 7.4, 11, 创伤危机干预心理案例集
6963459, 7.4, 11, 读心术
1331677, 7.6, 10, s格心`地D
3840533, 7.6, 10, 找到创伤之外的生活
1104523, 7.2, 12, 个性
2171811, 6.9, 14, 认知治疗学派创始人
3805709, 7.5, 10, 如何有效地助人
7067369, 7.5, 10, 企业心理咨询・EAP案例集
4929126, 7.3, 11, 合作取向治疗
1055086, 6.4, 19, 团体咨询的理论与实践
2197060, 7.1, 12, 完形治疗
25764211, 7.4, 10, 认知疗法：进阶与挑战（万千心理）
26581721, 7.4, 10, 直面内心的临床心理学
2026176, 7.3, 10, 认识领悟疗法
3234298, 7.3, 10, 目标与结果
3270414, 7.3, 10, 心理助人技能练习
2193631, 7.2, 10, 团体心理辅导与训练
3216640, 7.0, 11, 心理咨询与心理治疗案例分析
2995538, 7.1, 10, 生活分析的心理咨询
11631830, 7.1, 10, 世界名著心理分析案例集
1047237, 6.7, 12, 心理咨询与心理治疗
4214300, 7.0, 10, 在线心理咨询
3544944, 6.8, 11, 催眠治疗实录
