2017-01-23 16:17:59
Tag: 思想史
The number of books: 871 

ID, rating, votes, title
1002690, 8.8, 3111, 陈寅恪的最后20年
1315190, 8.8, 2181, 想象的共同体
3003032, 9.2, 1281, 浪漫主义的根源
6073019, 9.1, 1186, 斐多
1465543, 8.8, 1523, 异端的权利
1016864, 8.9, 1286, 士与中国文化
1030526, 8.9, 947, 中国文化史导论
1024785, 9.1, 712, 西方现代思想史
1065335, 9.1, 687, 朱熹的历史世界(上下)
1077428, 9.1, 620, 自然权利与历史
5988185, 8.3, 1490, 宅兹中国
3117247, 9.0, 657, 中国古代思想史论
1022232, 8.6, 989, 中国思想史（全三册）
4285631, 8.7, 816, 意识形态起源和影响
10491605, 8.5, 978, 余英时访谈录
3092897, 9.1, 516, 政治学说史（上卷）
1025373, 8.6, 853, 中国思想通俗讲话
1322324, 8.8, 620, 思想史研究课堂讲录
1038979, 8.6, 761, 道德理想国的覆灭
2375990, 8.9, 498, 经济学思想史讲义
3132641, 8.8, 537, 中国现代思想史论
24316409, 8.2, 1015, 忍不住的“关怀”（增订版）
1039258, 8.8, 515, 西方政治思想史
1077499, 8.6, 630, 重寻胡适历程
1127776, 8.7, 541, 交流的无奈
2974917, 8.7, 519, 自由主义
10440415, 8.9, 414, 傅斯年：中国近代历史与政治中的个体生命
1782312, 9.1, 342, 发现社会之旅
1058669, 8.8, 447, 现代危机与思想人物
1025989, 8.9, 405, 中国佛学源流略讲
1069576, 8.5, 604, 西方哲学史
1049561, 8.9, 387, 俄国思想家
1020537, 8.8, 413, 历史的观念
3880817, 9.2, 286, 政治学说史（下卷）
1005567, 8.6, 497, 清代学术概论
1803230, 8.8, 398, 中国近三百年学术史
1033561, 8.8, 394, 文明论概略
5410275, 8.6, 476, 中国文化史通释
1262809, 8.8, 388, 近代的超克
3546574, 8.9, 344, 扭曲的人性之材
1014006, 8.8, 372, 中国近三百年学术史（全两册）
26334500, 8.3, 613, 说中国
24371383, 7.7, 1260, 中国国民性演变历程
1392568, 8.8, 361, 哲学之树
5385877, 9.0, 293, 中国近代思想与学术的系谱
3669748, 8.8, 339, 儒教中国及其现代命运
1024013, 8.4, 503, 风声・雨声・读书声
1429998, 8.8, 328, 社会学主要思潮
1039750, 9.0, 270, 政治的概念
1003828, 8.8, 320, 中国思想传统的现代诠释
3035631, 8.5, 425, 康德传
4236917, 8.6, 383, 观念史研究
2138608, 8.7, 345, 中国社会中的宗教
1447912, 8.8, 314, 五四运动
1432078, 8.0, 717, 历史的终结及最后之人
3117248, 8.5, 404, 中国近代思想史论
3283550, 9.1, 234, 西方政治思想史
3067148, 8.5, 376, 去政治化的政治
1026942, 9.1, 218, 论戴震与章学诚
3662234, 8.6, 334, 日本的思想
2777035, 8.9, 254, 前车可鉴
1052077, 8.9, 252, 文史传统与文化重建
1288974, 8.9, 250, 经学历史
26320417, 8.9, 246, 自然社会
1443964, 9.1, 208, 新编中国哲学史（全四册）
6799474, 9.0, 225, 文化与社会
1040538, 8.2, 476, 中国哲学史大纲
1488497, 9.1, 205, 中国政治思想史
1821216, 8.4, 383, 古代中国文化讲义
5914497, 8.9, 238, 作为方法的中国
1480121, 8.6, 308, 政治哲学史（全两册）
2985723, 8.5, 331, 经济思想史
1176241, 9.2, 178, 宗教思想史
1963430, 8.7, 269, 欧洲思想史
10449401, 9.3, 164, 现代性的神学起源
3665980, 9.0, 205, 从甲午到戊戌
25659944, 8.8, 241, 执拗的低音
1794583, 8.5, 316, 中国方术正考
6714961, 9.2, 173, 中国现代思想的起源
6528928, 7.9, 562, 沉疴遍地
1022915, 8.5, 296, 思想史的写法
1069634, 8.3, 359, 伯林谈话录
1391680, 8.6, 262, 西方城市规划思想史纲
2065347, 8.3, 347, 走出中世纪
10877038, 9.0, 182, 光焰不熄
1267883, 9.1, 164, 当代政治哲学（上下）
3410842, 8.6, 249, 继承与叛逆
1322413, 8.9, 192, 魏晋玄学论稿
1058031, 9.0, 177, 中国思想传统及其现代变迁
10566979, 8.6, 248, 利维坦的道德困境
10553731, 7.7, 640, 中国思想与宗教的奔流：宋朝
4042959, 8.8, 203, 政治哲学导论
1253713, 8.7, 219, 基督教神学思想史
6725979, 8.3, 310, 思辨的禅趣
10785860, 8.6, 232, 现代性
3158094, 8.8, 195, 英国个人主义的起源
3510267, 8.8, 193, 殷海光林毓生书信录
2294877, 8.7, 210, 钱穆与现代中国学术
2149199, 8.7, 208, 世界历史沉思录
1071153, 8.4, 272, 寻求富强
25813100, 8.1, 367, 想象异域
1043093, 8.6, 226, 现代儒学的回顾与展望
1085540, 8.8, 188, 关于马基雅维里的思考
6725981, 8.3, 293, 道可道
25870783, 9.1, 147, 荣耀与丑闻
1740228, 8.9, 171, 现代学人与学术
1881438, 9.4, 117, 经学抉原
1038379, 8.8, 184, 明清之际士大夫研究
6712850, 8.2, 318, 法律创世记
5401999, 9.3, 125, 君主论・李维史论
6725978, 8.3, 287, 逍遥游
1083055, 8.9, 167, 反潮流
6854982, 8.9, 167, 《春秋》与“汉道”
24699353, 8.0, 385, 现代世界的诞生
1053313, 9.0, 154, 巨人与侏儒
1658346, 8.4, 257, 思想史上的失踪者
26581737, 8.7, 196, 权力的毛细管作用
1314977, 8.7, 194, 全球化时代的文化认同
1051989, 8.5, 229, 尤利西斯的自缚
1393386, 8.7, 190, 主体解释学
4232573, 8.4, 248, 唯一的规则
1034729, 8.7, 189, 开放社会科学
10416635, 8.4, 245, 文明・国家・大学
10581521, 8.8, 172, 西方人文主义传统
6953288, 9.0, 146, 什么是政治哲学
1003829, 8.6, 202, 中国思想史论
1045827, 8.5, 220, 方以智晚节考
26214387, 8.2, 289, 安・兰德传
1220840, 7.5, 626, 1949年：中国知识分子的私人记录
3034307, 8.5, 214, 现代中国思想的兴起（全四册）
1905142, 8.6, 195, 中国意识的危机
1938715, 7.8, 429, 古今中西之争
1705302, 8.9, 151, 现代经济学的历程
1789317, 8.1, 307, 美国自由主义的历史变迁
2118766, 8.5, 209, 世纪末的维也纳
1956018, 8.8, 162, 世界哲学史
2158882, 8.5, 207, 中国启蒙运动
1215547, 7.8, 418, 中国知识分子十论
3410742, 8.3, 248, 历史讲稿
3104574, 8.2, 272, 义理与事功之间的徊徨
1768046, 8.5, 205, 从黑格尔到尼采
4898541, 8.5, 205, 近代中国的史家与史学
2152822, 8.6, 184, 哈耶克评传
1466180, 8.4, 219, 东汉生死观
6946737, 8.6, 183, 当代中国的启蒙与反启蒙
3151936, 8.8, 154, 霍布斯国家学说中的利维坦
1794589, 8.5, 198, 中国方术续考
1491505, 8.3, 236, 幽暗意识与民主传统
26591902, 9.2, 113, 中国思想史十讲（上卷）
3723664, 9.4, 98, 西方的遗产
4269887, 8.9, 140, 讲堂遗录
1132803, 8.2, 256, 最后的儒家
5942643, 7.9, 348, 人文・民主・思想
2377211, 9.3, 104, 明儒W案（上下）
1248159, 8.9, 138, 法理学
1444574, 7.9, 341, 当知识分子遇到政治
3706510, 9.1, 118, 中国文化思想史九种
1097745, 8.0, 306, 中国转向内在
6397251, 8.7, 159, 回到正统
1013987, 8.5, 186, 古代中国的思想世界
1309956, 8.3, 219, 宋明理学
1313069, 8.1, 265, 我们是谁
2132341, 9.3, 98, 宋元W案（全四裕
5919997, 9.3, 98, 古典政治理性主义的重生
1290336, 8.7, 151, 玄学与魏晋士人心态
25789370, 8.8, 139, 权势转移
4173412, 8.3, 210, 德国历史中的文化诱惑
1055823, 8.8, 137, 纵欲与虚无之上
1286969, 8.5, 174, 乱世潜流
1083895, 8.3, 206, 管理百年
2148369, 8.7, 145, 社会思想名家
3017954, 8.4, 185, 晚清的士人与世相
26004339, 9.2, 98, 伊西斯的面纱
20445391, 8.5, 167, 思想史研究课堂讲录续编
1431142, 8.3, 198, 触摸历史与进入五四
3075468, 8.9, 120, 哲学史方法论十四讲
1084254, 8.5, 162, 俄罗斯思想
1075312, 8.8, 126, 自由与权力
5924293, 8.7, 136, 中国的冲击
3806060, 9.3, 88, 爱比克泰德论说集
1040267, 9.0, 108, 两汉思想史（共3册）
26667007, 9.2, 93, 思虑20世纪
1449787, 8.7, 134, 绝对主义国家的系谱
4046723, 8.7, 132, 想象与叙述
1006093, 8.7, 131, 哲学的故事
26847586, 8.8, 121, 哈佛中国史（全六卷）
1053933, 8.6, 141, 现实感
2240520, 8.3, 182, 启蒙的自我瓦解
20501758, 8.8, 120, 声之善恶
1046107, 8.8, 119, 史学、史家与时代
1048632, 8.4, 164, 西方战略思想史
1081454, 8.1, 214, 近代中国史学十论
7047238, 8.1, 213, 王阳明
4928309, 7.7, 312, 何处是“江南”？
1018822, 8.5, 145, 理念人
25783936, 8.5, 145, 阿Q生命中的六个瞬间
10593787, 8.8, 114, 古代哲学的智慧
3210969, 8.0, 227, 阿伦特为什么重要
1012407, 8.9, 105, 先秦诸子系年
4269889, 8.5, 143, 宋明理学概述
3091115, 8.6, 131, 自然法
1226367, 8.5, 142, 现代性的哲学话语
6717822, 8.5, 142, 中国思想史
1783734, 8.0, 221, 现代性与后现代性十五讲
3077497, 8.3, 166, 走出中世纪二集
1060196, 8.9, 101, 思想家
1210416, 8.2, 176, 西方法律思想简史
4894974, 9.0, 93, 西方古典学术史
10532838, 8.9, 98, 中国近三百年学术史（新校本）
1063223, 8.5, 132, 儒家伦理与商人精神
2253590, 8.4, 140, 责任的重负
2116814, 8.6, 119, 在上帝与牛顿之间
26304280, 8.8, 102, 欲望与利益
3880797, 7.9, 220, 帝国的话语政治
26593679, 8.4, 139, 康熙盛世与帝王心术
1009100, 8.7, 109, 近代政治思想的基础（上、下卷）
2980711, 8.1, 180, 观念的发明者
1968349, 8.7, 108, 中国现代化史
1076294, 8.4, 137, 中国现代学术之建立
3174519, 8.8, 99, 神圣的存在
3598650, 8.9, 92, 管理思想史
1038290, 8.3, 146, 政治中的理性主义
19976186, 9.0, 85, 礼与十八世纪的文化转折
3182381, 8.3, 145, 中国经典十种
26235442, 9.4, 65, 在历史中寻找中国
1491255, 9.3, 69, 世界人文简史
6963612, 8.1, 170, 经济思想史的趣味
10834107, 8.4, 130, 章太炎的思想
5346359, 9.3, 68, 余英时学术思想文选
26627933, 8.7, 102, 宋明理学十五讲
1278800, 8.4, 129, 晚明清初思想十论
1266306, 8.1, 166, 西方社会思想史
1018634, 8.4, 128, 卢梭・康德・歌德
25906168, 8.0, 181, 论天人之际
24298645, 9.4, 63, 唐宋“古文运动”与士大夫文学
1813839, 8.5, 117, 世界历史与救赎历史
1063824, 9.0, 81, 先秦政治思想史
1226350, 8.6, 108, 柯林武德自传
1024765, 8.1, 164, 从结构到解构（上下）
4742975, 8.8, 93, 法兰克福学派
4744011, 8.4, 125, “新启蒙”知识档案
25702164, 9.4, 62, 北京xf
6431967, 8.5, 114, 教会法与神圣帝国的兴衰
26644896, 8.3, 134, 我是谁？
1253309, 8.1, 159, 伦理学简史
1049242, 8.9, 84, 中国知识人之史的考察
1071016, 8.5, 112, 中国传统的创造性转化
1462854, 8.9, 83, 理想的冲突
1005755, 8.0, 170, 梁启超与中国思想的过渡
1067025, 7.8, 206, 中国经学史十讲
1393220, 9.0, 77, 启蒙运动与现代性
7162206, 8.4, 119, 中国情怀
3528067, 8.3, 129, 圣杯与剑
4230644, 8.7, 94, 分道而行
3561136, 8.8, 87, 逻辑之旅
5364295, 8.4, 117, 奥地利学派
1427769, 8.3, 127, 启蒙的时代
25864840, 7.7, 222, 且借纸遁
19977784, 9.1, 70, 亚当・斯密以前的经济思想
21716159, 8.7, 91, 心灵秩序与世界历史
3731898, 8.9, 79, 现代史学的古典基础
21325488, 9.3, 61, 俄国文学史（上下卷）
3144817, 8.5, 105, 基督教思想史
1908264, 8.1, 146, 悬而未决的时刻
4238851, 8.4, 113, 从混沌到秩序
10454489, 8.0, 159, 民国乃敌国也
1436854, 9.1, 68, 陆王学述――一系精神哲学
3410715, 8.4, 112, 古代宗教与伦理
3360650, 8.2, 132, 中国思想之渊源
3041817, 8.1, 144, 晚清民国的学人与学术
2141141, 8.7, 89, 西方思想史
10569781, 8.7, 89, 传播学科的奠定
1243139, 8.9, 77, 中国的文艺复兴
1823088, 8.0, 156, 八十年代文化意识
6398616, 8.8, 82, 霍布斯与共和主义自由
10618219, 9.1, 67, 文史传统与文化重建
24878449, 9.5, 52, 胡适文集
21233495, 9.6, 49, 洛克与自由社会
1011590, 8.1, 137, 中国学术思想史随笔
1024840, 8.9, 74, 中国人性论史 先秦篇
2137237, 9.4, 54, 古史辨运动的兴起
1908337, 8.0, 149, 激变时代的文化与政治
1957169, 8.3, 115, 时间的观念
26612502, 8.0, 148, 清流文化与唐帝国
6392223, 8.7, 84, 浪漫主义时代的政治观念
3332889, 8.3, 114, 近代读书人的思想世界与治学取向
2362236, 8.6, 90, 政治观念史稿（卷一）
1063754, 8.0, 147, 屈服史及其他
5924290, 8.8, 78, 中国前近代思想的屈折与展开
1272898, 8.7, 83, 自我的根源
3852114, 8.6, 89, 裂变中的传承
3077656, 8.9, 72, 宋明理学与政治文化
3255979, 9.0, 67, 我的回c反思：在北大的最後一Tn
11629004, 8.4, 102, 中国政治思想史
1445727, 8.2, 119, 中国近代思维的挫折
3427166, 9.1, 62, 文史通义
5924297, 9.1, 62, 美国革命的激进主义
6876957, 9.2, 58, 经济思想史
1052463, 8.1, 128, 自由史论
1881105, 8.7, 80, 新儒家思想史
3663036, 7.8, 167, “五四”九十周年祭
1061195, 8.8, 74, 启蒙哲学
1065083, 8.3, 107, 国家与学术
26044319, 8.2, 116, 马基雅维里
6062279, 9.2, 57, 现象学运动
1274080, 8.1, 126, 希腊思想的起源
3391913, 8.6, 84, 增订本中国禅思想史
1266106, 8.9, 68, 现代政治与自然
2238934, 8.9, 68, 近思录详注集评
1021229, 8.6, 83, 论中国学术思想变迁之大势
1661300, 8.6, 83, 世界范围内的反现代化思潮
25816059, 8.6, 83, 神文时代
1051360, 8.5, 89, 死火重温
1074912, 7.9, 145, 胡适与中国的文艺复兴
5914496, 8.4, 95, 中国的公与私・公私
3900671, 8.5, 88, 自传性反思
2266281, 7.7, 175, 灰皮书，黄皮书
2777125, 9.4, 49, 西方大观念（全二卷）
1450373, 7.8, 158, 孔子：即凡而圣
25725197, 9.0, 62, 合法性与正当性
1546451, 8.3, 102, 斯文
24530141, 8.0, 131, 重估价值
25705618, 9.1, 58, 马基雅维里时刻
2211629, 8.3, 101, 梁启超与民国政治
25813166, 9.4, 48, 无限与视角
1022799, 8.0, 128, 经学、政治和宗族
1054001, 8.7, 74, 论公民
1660443, 9.5, 45, 梁启超全集
1265963, 8.6, 78, 从封闭世界到无限宇宙
5419240, 9.8, 38, 中华科学文明史（上下）
26545443, 7.8, 149, 自由的基因
1077174, 8.7, 72, 殷海光文集（全四册）
3277725, 8.5, 83, 中世纪哲学精神
1022665, 8.3, 96, 反思欧洲
2043881, 8.6, 76, 《论语》批注
1436855, 9.0, 58, 经济思想的成长
4219498, 9.7, 39, 李泽厚集
3104573, 8.1, 111, 现代政治的正当性基础
1274259, 8.4, 87, 钱穆与中国文化
26104025, 8.4, 87, 启蒙时代（上）
5922129, 9.1, 54, 考古学思想史
2568041, 7.9, 131, 中国的思想与制度
25720292, 8.2, 101, 个人印象
1322282, 8.2, 100, 20世纪中国知识分子史论
2082211, 7.9, 128, 没有约束的现代性
5323069, 8.7, 68, 现代儒学论
5347807, 8.4, 84, 剩余的时间
4175464, 8.0, 115, 历史上的理学
2205243, 8.9, 59, 中国近代思想史上的胡适
6850132, 8.9, 59, 民主的本性
6831289, 8.2, 97, 儒家与启蒙
1258516, 8.5, 77, 竹内好的悖论
6536384, 8.5, 77, 黑色雅典娜
10428419, 8.1, 105, 音调未定的传统
1762024, 9.7, 37, Xe四先生全集（全54裕
1737624, 7.8, 135, 危机中的中国知识分子
26583162, 7.4, 199, 晚明大变局
5985553, 9.2, 48, 现代中国思想的核心观念
1037572, 8.5, 75, 从马克思到凯恩斯
3185302, 8.5, 75, 中国现代思想散论
1832325, 7.9, 121, 近代中国的知识分子与文明
20379631, 9.3, 45, 古典经济学
24866054, 8.9, 57, 在灵泊深处
1791909, 8.3, 86, 西方政治传统
6885734, 8.6, 69, 迫害与写作艺术
1326191, 8.5, 74, 驯化君主
1275661, 8.7, 64, 书详注
1029371, 8.5, 73, 创造者
1783295, 8.6, 68, 十九世纪三部曲
26576923, 9.1, 49, 重访灰色地带
1142977, 7.8, 127, 自由主义之前的自由
6855828, 8.5, 72, 反动的修辞
2080648, 9.2, 46, 儒学五论
3000263, 8.4, 77, 经济学是如何忘记历史的
4282065, 8.1, 97, 夭折的上帝
6026162, 8.7, 62, 中世纪政治思想史
25785604, 8.3, 82, 经学的瓦解
1029701, 8.2, 88, 语际书写
6025483, 8.1, 95, 中古异相
1779669, 8.3, 81, 德国的历史观
1116390, 8.4, 75, 二十世纪的政治哲学家
1661476, 9.1, 47, 主体弥散的空间
2142453, 8.9, 53, 信仰与政治哲学
11542902, 7.7, 132, 超越左右激进主义
2327496, 8.3, 79, 马克思主义的起源
25963607, 7.9, 109, 大争论
6848172, 8.5, 68, 政治哲学史讲义
2357727, 7.8, 118, 梁启超与清季革命
1959852, 8.7, 59, 托克维尔：民主的政治科学
1937492, 8.6, 63, 制度・言论・心态
24845328, 8.8, 55, 人权论集
7058200, 7.6, 139, 从理学到朴学
1665587, 9.0, 48, 现代性基本读本
5414076, 8.4, 71, 启蒙如何起死回生
5339026, 7.8, 115, 思想的谱系
1547285, 8.1, 88, 中层理论
2025438, 7.7, 124, 洛克《政府论》导论
25754647, 7.8, 113, 重构近代中国
1067066, 8.0, 95, 殷海光与近代中国自由主义
26262132, 8.9, 50, 政教存续与文教转型
3410714, 8.2, 80, 古代思想文化的世界
25698186, 8.9, 49, 真理与真诚
1320089, 8.2, 79, 神义论语境中的社会契约论传统
25842833, 8.2, 79, 何椤钢」
10536519, 8.4, 68, 汉语思想的文体形式
24840464, 8.8, 52, 章太炎Wv演
3035655, 8.2, 78, 马基雅维里主义
1796754, 9.1, 43, 周予同W史著x集
10434738, 7.8, 108, 共和与经纶
26556039, 8.3, 72, 未竟的往昔
1545957, 8.8, 51, 求索真文明
5298561, 8.2, 76, 变动时代的文化履迹
10451993, 8.1, 82, 说巫史传统
10453139, 8.6, 57, 以赛亚・伯林书信集
3434260, 9.0, 44, 本原与事变
1459312, 8.5, 60, v史c思想
3404325, 9.3, 37, 陈独秀著作选编
1056669, 7.7, 112, 域外中国学十论
1068684, 7.7, 112, 思想自由史
10354491, 8.2, 74, 我们为什么要谈东亚
1446762, 8.7, 52, 鲁迅・革命・历史
1790996, 7.9, 93, 一个被放弃的选择
5030436, 8.2, 73, 另一种理想主义
25920898, 9.0, 43, 启蒙的三个批评者
3096363, 8.1, 78, 真理与历史
11542537, 8.3, 67, 历史的历史
25768399, 8.0, 84, 经典淡出之后
2132228, 8.5, 58, 自然法的观念史和哲学
20561925, 8.4, 62, 《一九八四》与我们的未来
2117467, 8.1, 77, 先因后创与不破不立
3865924, 8.1, 77, 唐代文士与中国思想的转型
26253703, 8.1, 77, 由巫到礼 释礼归仁
4817827, 8.8, 47, 偶在论谱系
5376890, 8.4, 61, 民主与城邦的衰落
25956733, 8.4, 61, 文化与政治的变奏
26585194, 8.9, 44, 最美的哲学史
3662220, 8.3, 65, 剑桥中世纪政治思想史（上、下）
3344647, 8.7, 49, 智者纳坦（研究版）
10600899, 8.7, 49, 现代危机
26276879, 8.8, 46, 衰世与西法
4272352, 8.0, 80, 宗教的起源与发展
2141017, 8.9, 43, 严复集
2059038, 8.4, 59, 基督教思想文化的演进
1059277, 8.7, 48, 爱默生和中国
1545000, 8.4, 58, 二十世纪中国思想史论(上卷)
1619280, 8.3, 62, 当代西方经济学主要流派
4805697, 7.9, 84, 知识分子与现代中国
19962889, 9.6, 29, 梦想与路径
3559351, 7.7, 99, 清末民初的晚明想象
4852347, 7.7, 99, 从《理想国》到《正义论》
1552211, 8.2, 66, 管理思想的演变
1266771, 8.6, 50, 自由的所以然
1737557, 8.6, 50, 先秦学术概论
3057748, 8.3, 61, 维柯
2101432, 8.8, 44, 俄罗斯的命运
25795518, 8.8, 44, 中国思想史
25965654, 9.2, 35, 政治的神学
1922025, 8.0, 76, 梁启超与中国近代思想
3096353, 8.6, 49, 皇权、礼仪与经典诠释
1032092, 8.7, 46, 张灏自选集
3055731, 7.9, 81, 摄影思想史
3239626, 8.1, 69, 中国与达尔文
1265478, 8.5, 52, 启蒙时代哲学家的天城
25725209, 8.2, 64, 施特劳斯的真相
1879535, 8.8, 43, 徐复观论经学史二种
4903505, 8.8, 43, 印度佛教思想史
7060546, 8.8, 43, 良心的自由
26707594, 8.8, 43, 中国思想史讲义
6973137, 7.8, 87, 中国古代宇宙观与政治文化
2377886, 8.9, 40, 日本政治史 第1卷
26700368, 8.7, 45, 市场与大师
20470099, 7.9, 78, 德国青年运动
3240679, 8.5, 50, 基督教思想史（共3册）
6431969, 8.5, 50, 罗马法与帝国的遗产
1888014, 8.1, 66, 中国的思维世界
1039861, 8.7, 44, 中国史学上之正统论
1823132, 8.3, 57, 古代中国的历史、思想与宗教
3073449, 8.9, 39, 自由的新生
3162050, 7.6, 99, 自由的崛起
4220081, 8.4, 53, 经学、制度与生活
5289885, 8.4, 53, 超越分析哲学
4212270, 8.8, 41, 以色列与启示
21360242, 8.1, 65, 古代世界的政治
3154440, 8.0, 70, 利维坦与空气泵
2105684, 8.1, 64, 近代中国与新世界
11640250, 7.7, 88, 历史学：政治还是文化
1215736, 9.1, 34, 论道者
4767369, 8.2, 59, 优入圣域
24704563, 8.8, 40, 思想的力量
26377477, 8.8, 40, 文章家与先知
1050763, 8.5, 48, 百年嬗蜕
1482669, 8.1, 63, 魏晋玄学史
20282961, 9.7, 25, 科学革命的编史学研究
1048680, 8.0, 67, 烈士精神与批判意识
1247750, 8.9, 37, 哈佛演讲录
4735989, 8.9, 37, 世界图景的机械化
25939472, 8.6, 44, 李泽厚对话集・八十年代
1903131, 8.4, 50, 科学精神的形成
6094260, 9.1, 33, 朱子新学案
1358136, 9.5, 27, Difference and Repetition
25766901, 8.2, 57, 十字街头的知识人
2302273, 8.0, 66, 甜蜜的暴力
2076832, 7.7, 84, 国家与祭祀
3410744, 8.3, 53, 反现代派
26289557, 8.3, 53, 阿伦特手册
4027765, 8.7, 41, 政治观念史稿（卷二）：中世纪（至阿奎那）
3057735, 7.8, 77, 另一个国度
2975904, 8.4, 49, 托克维尔与民主精神
1858082, 8.2, 56, 什么是思想史
2038784, 8.2, 56, 人文与理性的中国
1910928, 8.6, 43, 性命古训辨证
20282380, 8.9, 36, 德行、商业和历史
1005351, 8.1, 60, 知识分子立场（三卷本）
1196942, 8.1, 60, 西方自由主义的兴衰
1831647, 8.7, 40, 中国哲学文献选编
25750167, 8.2, 55, 纷争的年代
25809708, 8.4, 48, 如何改变世界
1398035, 8.5, 45, 思想与学术
1009693, 8.1, 59, 中国思想史（上下）
11532776, 7.8, 74, 《明儒学案》选讲
3196874, 7.7, 80, 伊拉斯谟传
1277033, 8.9, 35, 恶――或者自由的戏剧
1283546, 8.4, 47, 美国思想史
1155930, 8.7, 39, 文学史书写形态与文化政治
1807596, 7.7, 77, 儒家文化的困境
10554016, 8.8, 36, 世界的重新创造
20516244, 8.9, 34, 庄子传
19897923, 8.5, 43, 世界史的构造
3360639, 7.6, 83, 儒家的困境
1253298, 8.2, 52, 美国的自由主义传统
4820334, 8.2, 52, 世界观的革命
5407284, 8.2, 52, 保守主义
10511888, 8.2, 52, 现代的悖论
4230234, 8.4, 45, 古希腊的思想与历史
25795609, 8.7, 37, 梁启超
25820216, 7.9, 63, 现代社会想象
3069571, 7.8, 68, 近代中国知识分子的公共交往
2080776, 8.1, 54, 海德格尔的根
3111471, 8.4, 44, 卢梭与伏尔泰
1842125, 9.0, 31, 先秦诸子与理学
2080781, 8.2, 50, 希伯来与希腊思想比较
6869069, 8.2, 50, 鲁迅读过的书
25931252, 8.5, 41, 虽败犹荣的先知
1888222, 7.7, 72, 法国知识分子的世纪
1076060, 8.0, 57, 法兰克福学派史
2324879, 8.0, 57, 世界主义与民族国家
26115785, 9.1, 29, 人间思想
3733963, 8.7, 36, 庄子天下篇注疏四种
2325986, 9.4, 25, Love and Friendship
1938845, 7.8, 66, 西潮又东风
1950598, 7.8, 66, 史华慈论中国
26583355, 7.9, 61, 民主的历史
10539133, 9.0, 30, 政治思想史
24697015, 7.2, 110, 在西方发现陈寅恪
25905691, 8.3, 45, 道出于二
1274646, 8.0, 55, 现代精神与儒家传统
3028520, 8.8, 33, 经典世界中的人、事、物
1507247, 8.9, 31, “古今之争”背后的“诸神之争”
20434604, 8.9, 31, 独立评论文选
3686807, 8.4, 41, 战争与和平的权利
26785472, 8.4, 41, 汉帝国的遗产
3916156, 8.6, 36, 历史主义的兴起
1057925, 8.0, 53, 宪政古今
3823071, 7.9, 57, 势
2428114, 9.2, 26, The King&#39;s Two Bodies
4127599, 8.2, 46, 和而不同
6855381, 8.2, 46, 儒学地域化的近代形态
2339783, 8.4, 40, 中国近世宗教伦理与商人精神
3118726, 8.2, 45, 近代中国学术思想
26592275, 8.1, 48, 佛教对中国物质文化的影响
2373869, 8.7, 33, 梁启超・明治日本・西方
3897312, 9.0, 28, 政治观念史稿（卷五）
4913793, 8.8, 31, 浪漫派的将来之神
1425628, 8.2, 44, 晚明思潮
26726213, 8.9, 29, 说真话的勇气
1011306, 8.3, 41, 中国思想通史 第一卷
20392552, 8.6, 34, 约法传统与美国建国
1577660, 9.1, 26, 朱熹年谱
2270476, 9.1, 26, A Secular Age
3518129, 9.1, 26, 中国政治思想史
1222913, 8.5, 36, 杜亚泉文存
2304782, 7.9, 53, 地理学思想史
1430747, 8.2, 43, 圣贤与圣徒
25872374, 8.0, 49, 武士政治
1278191, 8.3, 40, 二十世纪中国思想史论(下卷)
1001424, 7.9, 52, 欧洲自由主义史
1487882, 8.9, 28, 十八世纪礼学考证的思想活力
25733149, 8.0, 48, 中国的历史脉动
4862752, 8.8, 29, 现代经济学主要流派
5378464, 8.1, 44, 六朝精神史研究
25832841, 8.3, 38, 西方思想史导论
6560423, 7.5, 68, 中世纪的奥秘
1256587, 8.9, 27, 汤用彤全集(全7卷)
6901615, 8.9, 27, 论道德与文学
1199678, 8.2, 40, 科学与宗教
3081715, 8.2, 40, 中国新文化运动概观
25748669, 7.7, 57, 皇帝、儒生与孔庙
26589347, 9.2, 23, 经济学思想史进阶讲义
1853355, 8.5, 33, 马克思，其可能性的中心
3076056, 8.4, 35, 从“西化”到现代化
5985163, 8.4, 35, 中国现代性与德意志文化
19897857, 8.4, 35, 神话研究（上）
1078174, 9.1, 24, 日本学者研究中国史论著选译 第七卷 思想宗教
3322393, 8.6, 31, 气本与神化
1477329, 8.0, 45, 霍布斯哲学思想中的理性和修辞
1435892, 9.0, 25, 中国近世儒学实质的思辨与习学
1594598, 9.0, 25, 傅斯年全集
5285310, 9.0, 25, 自由与权利
4086889, 7.9, 48, 从革命到共和
3082029, 8.9, 26, r值系y看中文化的F代意x
1085275, 7.8, 51, 中国近代思想史论
1043629, 7.7, 55, 保守主义
3908334, 8.0, 44, 宋元明哲学史教程
10577400, 8.3, 36, 卮言自纪
26796439, 7.7, 54, 惠此中国
4823758, 9.1, 23, 民主与领袖
26394958, 8.0, 43, 战争留下了什么
26692473, 8.1, 40, 儒学、数术与政治
24232359, 8.6, 29, 亚当・斯密传
4746243, 7.7, 51, 洲野
2268026, 8.7, 27, 北宋文化史述论
5365440, 7.8, 47, 苏格兰启蒙运动
5298465, 9.0, 23, 重新思考中革命
2304125, 8.9, 24, 康有为全集
25846152, 8.9, 24, 古代宪法与封建法
3610702, 8.6, 28, 历史的荒原
3118796, 7.9, 43, 近代中国学术批评
10787848, 7.8, 46, “感觉主义”的谱系
1223052, 8.8, 25, 汉语中的马克思主义术语的起源与作用
4023798, 8.2, 35, 中国文化中“报”“保”“包”之意义
2054057, 8.4, 31, 气的思想
26821267, 8.1, 37, 对民主之恨
1026896, 8.7, 26, 20世纪的中国:学术与社会-史学卷(上下)
6852933, 8.7, 26, 法国革命的思想起源
26586495, 8.7, 26, 隐公元年
2327852, 7.6, 52, 章学诚的生平及其思想
10764261, 7.7, 48, 惟适之安
2993415, 8.6, 27, 布鲁诺对话
3287900, 8.1, 36, 生产（第六辑）
24522416, 8.1, 36, 展望永恒帝国
10679264, 8.9, 23, 自由海洋及其敌人
20387640, 8.4, 30, 海德格尔与雅斯贝尔斯往复书简
5365441, 8.5, 28, 立法者的科学
26388772, 8.5, 28, 习坎庸言 鸭池十讲
6856950, 7.3, 64, 汉代的谣言
26272845, 8.1, 35, 新天下之化
3823080, 7.4, 58, 汉代的信仰、神话和理性
25788842, 7.3, 62, 法兰克福学派史
4737513, 7.7, 45, 国学与汉学
3524661, 9.0, 21, W修的治Wc恼
1247937, 8.9, 22, 牛顿研究
25757301, 8.9, 22, 柏拉图与亚里士多德
1245218, 8.5, 27, 李贽文集（共七卷）
3104565, 8.1, 34, 科学、信仰与政治
26141487, 8.1, 34, 拷问法国大革命
1875366, 7.9, 38, 阳明学士人社群
2982228, 8.6, 25, 五四新
19929035, 8.6, 25, 七纬（附论语谶）
1260477, 8.1, 33, 今古文经学新论
4736793, 8.1, 33, 技术与时间：2.迷失方向
2227123, 8.2, 31, 谶纬论略
26841150, 8.0, 35, 殊方未远
24551716, 8.5, 26, 当代学术研究思辨
4151260, 7.6, 46, 经学・科举・文化史
1624383, 8.9, 21, 史学经学与思想
3897324, 8.9, 21, 革命与新科学
10868049, 8.9, 21, 原始儒家道家哲学
19898507, 8.8, 22, 西方的四种文化
26657199, 9.1, 19, 中世纪哲学
1265477, 8.1, 32, 论《独立宣言》
1491684, 8.1, 32, 当代中国的知识感觉与观念感觉
2383102, 8.1, 32, 福泽谕吉与日本近代化
24756409, 8.1, 32, 清代学术史讲义
3408494, 8.0, 34, 德礼之间
24546715, 8.6, 24, 阳明学的乡里实践
25733151, 7.9, 36, 李卓吾・两种阳明学
4067644, 8.5, 25, 政治学说史
26612253, 8.5, 25, 剑桥二十世纪政治思想史
6025576, 7.7, 41, 先秦社会与思想
25859391, 7.7, 41, 视觉机器
1259106, 7.6, 44, 中国禅思想史――从6世纪到9世纪
26793242, 8.4, 26, 颠倒
4221977, 7.9, 35, 中国“女权”概念的变迁
26425874, 7.9, 35, 法国大革命的文化起源
26671867, 7.9, 35, 我们三代人
1055438, 7.7, 40, 清末新知识界的社团与活动
3879227, 8.9, 20, 中国社会学经典导读（套装上下册）
25963513, 8.9, 20, 合法性与正当性
24846812, 8.7, 22, 西方的敌与我
1596162, 8.3, 27, 存在巨链
26585390, 9.1, 18, 雅各布・克莱因思想史文集
24816065, 8.5, 24, 何炳棣思想制度史
1122772, 8.0, 32, 谶纬文献与汉代文化构建
1085272, 8.2, 28, 宋代思想史论
1047568, 8.4, 25, 一分为三论
25848086, 8.4, 25, 春秋左传精读
6863350, 7.7, 38, 并非一切坚固的东西都烟消云散了
1753240, 8.7, 21, 正始玄学
1443903, 8.8, 20, 明人著作与生平发微
6963615, 7.6, 40, 清代前期的政治认同与历史书写
4817808, 8.5, 23, 道学之形成
22777166, 8.2, 27, 怀真集
4772499, 8.4, 24, 文明社会史论
10515310, 8.4, 24, 钱穆先生学术年谱（全六卷）
5290521, 7.9, 32, 中国宗教、学术与思想散论
1555922, 8.0, 30, 海国图志
3757794, 8.3, 25, 中国学术思想史论丛（一）
25904617, 8.3, 25, 余英时文集 第十二卷
1280230, 8.1, 28, 经验及其模式
26590119, 8.1, 28, 哲学的起源
5412537, 8.7, 20, 反思财产
10564093, 8.6, 21, 中世纪的思维
5296397, 8.5, 22, 中国善书研究
25758407, 8.5, 22, 中国的思维世界
26706616, 8.5, 22, 启蒙时代（下）：自由的科学
1490605, 7.9, 30, 近代英国政治话语
3464887, 7.9, 30, 古代世界的现代思考
21405283, 7.9, 30, 近代中国的思潮与人物
25921649, 7.9, 30, 家书中的百年史
26359688, 8.2, 25, 语录的思想史
26755084, 8.2, 25, 日本佛教史
1222306, 7.7, 34, 现代中国思想研究
1489543, 8.0, 28, 语境中的洛克
10757668, 7.6, 36, 方法论・情志论
2173598, 8.6, 20, 意大利文艺复兴时期八个哲学家
3100639, 8.5, 21, 晚明思想史论
25774377, 7.2, 48, 道德镜鉴
6711952, 7.5, 38, 思想东亚
25817774, 8.3, 23, 危机时刻：德国保守主义革命
1281256, 7.6, 35, 东亚论
26769134, 8.2, 24, 真理
1702781, 8.4, 21, 葛兆光自选集
24733077, 8.4, 21, 佛教史研究的方法与前景
6437146, 7.5, 36, 文化史的追寻
3792487, 7.6, 33, 从周边看中国
4023786, 7.6, 33, 中国的自由传统
6429293, 7.7, 30, 波斯和中国
25839632, 7.7, 30, 从理学到伦理学
26865821, 8.4, 20, 文明的滴定
1992454, 8.3, 21, 纬书集成
6984674, 7.5, 34, 荣誉法则
3140385, 8.1, 23, 中国文人的自然观
11509560, 7.7, 29, 朱熹
6010154, 7.5, 33, 人类思想史
26803405, 8.0, 24, 战争与革命交织的近代中国
3806340, 7.8, 27, 思想的跨度与张力
26356189, 7.0, 48, 孤寂百年
1960299, 8.3, 20, 哲学俱乐部-美国观念的故事
26421237, 8.3, 20, 心灵与自我的希腊模式
25711771, 8.4, 19, 现代精神与儒家传统（杜维明作品系列）
26562299, 8.4, 19, 根本恶
3107489, 8.5, 18, 伽利略研究
24883067, 7.5, 32, 礼物
24895267, 8.1, 22, 哲学与治术：1572―1651
1390511, 8.6, 17, 俄国社会思想史（第一卷）
26129238, 8.6, 17, 钱玄同日记（整理本）
25833955, 7.4, 34, 异端人物
10571764, 8.0, 23, 十六世纪的无信仰问题
4011309, 7.5, 31, 政治思想与政治思想家
26791192, 7.4, 33, 各在天一涯
4580232, 8.3, 19, 中世纪的法律与政治
6559627, 8.3, 19, 大一统与儒家思想
1018682, 8.2, 20, 中国禅学思想史（上下）
3292270, 8.2, 20, 权威的理由
10797817, 8.2, 20, 欧洲的宗教与虔诚
2270991, 8.4, 18, 启蒙运动的内在问题
26701712, 8.0, 22, 启蒙运动
16405969, 8.5, 17, 道成肉身
1597354, 7.7, 26, 以礼代理
26109167, 7.8, 24, 欧游心影录
6711737, 8.2, 19, 新青年
24844069, 8.0, 21, 中国学术之近代命运
5365442, 7.9, 21, 自然法与道德哲学
6829320, 7.6, 25, 托马斯・阿奎那读本
1857844, 8.4, 16, European Literature and the Latin Middle Ages
25887894, 7.7, 23, 古希腊人是否相信他们的神话
10800978, 8.1, 18, 为神性加注
3540339, 8.2, 17, Z新探
6424854, 8.2, 17, 危机和人的启示
25791865, 7.7, 22, 改革时代的中国现代主义
26791197, 7.3, 28, 与天下共醒
3251035, 7.9, 19, 晚清的新式鞑ッ襟wc知R份子
26865550, 7.8, 20, 德国天才1
21936358, 8.1, 17, 两汉经学的历术背景
25916565, 7.6, 22, 拜谒诸神
21329674, 7.9, 18, 马丁.路德桌边谈话录
3930939, 7.8, 19, 中国思想史研究
25791863, 7.6, 21, 全球化与文化政治
7067411, 8.1, 16, 现代化的先驱
2267897, 7.3, 25, 朱子学与阳明学
26373993, 7.4, 23, 保教立国
24815295, 8.0, 16, 理学、士绅和宗族
26304279, 8.0, 16, 斯宾诺莎与政治
26668700, 7.5, 21, 知识分子和公共政治
26303580, 8.1, 15, 孔庙从祀与乡约
26795134, 7.3, 23, 天神与天地之道
4712878, 8.2, 14, 质的量化与运动的量化
20375182, 7.7, 18, 自律的发明
25903516, 7.7, 18, 天理教事件与清中叶的政治、学术与社会
3242698, 7.8, 17, 中近代思想史的D型r代
4928308, 7.8, 17, 西学在中国
26184745, 7.8, 17, 自然权利诸理论：起源与发展
26784519, 7.8, 17, 历史的严妆
3408281, 7.9, 16, 公c私：近代中wc群w之重建
3223620, 8.1, 14, 朱舜水集
26671047, 7.6, 18, 姜义华口述历史
1774352, 7.5, 19, 摆脱困境：新儒学与中国政治文化的演进
26580923, 7.8, 16, 埃德蒙・柏克
4766796, 7.4, 20, 明末清初的思想与佛教
26320763, 7.9, 15, 孙中山的活动与思想
1593499, 8.0, 14, 陶弘景丛考
4231219, 7.6, 17, 十八世纪中国的哲学、考证和政治
20258502, 7.4, 19, 转向自我
26766823, 7.8, 15, 明清思想与文化
5914479, 7.9, 14, 现代政治的思想与行动
2002892, 8.0, 13, Philosophy as a Way of Life
25931851, 8.0, 13, 分析书志学纲要
2132861, 7.7, 15, 纬书与中国神秘思想
24845390, 7.7, 15, 欧洲民族思想变迁
26201490, 6.8, 26, 晚清士人的西Wx史
25919461, 7.8, 14, 论财产权
26815879, 8.1, 12, 论政治・上卷
25895388, 7.4, 17, 群众与暴民
26796711, 7.3, 18, 东亚近代文明史上的梁启超
10512300, 7.6, 15, 转向帝国
11632656, 7.6, 15, 重构世界
3932987, 7.0, 21, “清流”研究
26183741, 8.0, 12, 试论古今革命
25939086, 7.9, 12, 政治r值的系V
3327441, 7.7, 13, 民族主xc近代中思想
26677842, 7.3, 16, 从柏林到耶路撒冷
11540031, 7.4, 15, 性别、身体与医疗
26870150, 7.4, 15, 中国经学史大纲
6025829, 7.5, 14, 希特勒，永不消散的阴云
26311324, 7.5, 14, 神圣空间
21661489, 8.0, 11, 中国现代思想文选
26276772, 8.0, 11, 近代东亚翻译概念的发生与传播
26290221, 7.8, 12, 创造自由
1077023, 7.9, 11, 宋儒微言
2378259, 7.4, 14, 奶焱鹘y到佛王鹘y
25947168, 7.4, 14, 欧克肖特导论
26612260, 7.4, 14, 哈佛读书札记
6889513, 7.7, 12, 治政与事君
1424739, 8.1, 10, Theology and the Scientific Imagination from the Middle Ages to the Seventeenth Century
23778167, 7.5, 13, 亚洲概念史研究
26839214, 7.1, 16, 中国文化的根本精神
1313330, 7.8, 11, 观念史论文集
3008285, 7.8, 11, 中国古代思维模式与阴阳五行说探源
3796938, 7.8, 11, 氏W
26272567, 7.6, 12, 非自由主义的失败
26602421, 8.0, 10, 中晚明士人的讲学活动与学派建构
3266370, 7.7, 11, 清儒学案（全八册）
26657201, 7.7, 11, 论古代与近代的历史学
26663542, 7.7, 11, 义旨之争
26816953, 7.7, 11, 图像的肉身
1080279, 7.9, 10, 东西均注释
26856651, 7.9, 10, 19-20世纪法国史学思潮
25961833, 7.5, 12, 何谓现代，谁之中国？
3151017, 7.3, 13, 英国自然神论
4930622, 7.6, 11, The Last Utopia
26579793, 7.6, 11, 从思想世界到历史世界
26309950, 6.9, 16, 海德格尔的危机
26593658, 7.4, 12, 自然法、自然法则、自然权利
5356229, 7.4, 11, 英国新左派思想家
10602195, 7.4, 11, 中国文化源与流
26706614, 7.6, 10, 德意志的乡愁
26392992, 7.5, 10, 从古典重新开始
26425612, 7.4, 10, 顾祠
26788027, 7.4, 10, 看不见的手
6100648, 7.2, 10, 禅宗思想的形成与发展
25870144, 7.1, 10, 清季民国时期的“思想界”
