2017-01-23 16:17:59
Tag: 思考
The number of books: 988 

ID, rating, votes, title
20427187, 8.8, 108721, 看见
1017143, 8.5, 130053, 不能承受的生命之轻
1858513, 8.9, 61723, 月亮和六便士
4238362, 8.6, 82834, 送你一颗子弹
1054685, 9.0, 36686, 沉默的大多数
3369793, 8.7, 50251, 亲爱的安德烈
5414391, 9.0, 28885, 寻路中国
1027191, 9.0, 26864, 历史深处的忧虑
3813669, 8.6, 51529, 民主的细节
1045818, 8.5, 59204, 苏菲的世界
4242172, 8.3, 84677, 天才在左 疯子在右
3608208, 8.6, 45501, 牧羊少年奇幻之旅
2035162, 9.0, 22456, 刀锋
1003000, 8.4, 54109, 悟空传
6709783, 9.1, 16728, 浪潮之巅
1863930, 8.8, 25334, 看不见的城市
1767945, 8.8, 24805, 一只特立独行的猪
1014578, 9.0, 17247, 我的精神家园
1775691, 8.3, 51948, 少有人走的路
1209899, 9.0, 15751, 我与地坛
1426971, 8.8, 18302, 野火集
1013208, 8.5, 26330, 如何阅读一本书
1786387, 8.6, 22136, 影响力
2340100, 8.1, 52269, 遇见未知的自己
3406401, 9.0, 11013, 悉达多
2035171, 9.0, 10720, 人生的枷锁
3609132, 8.5, 23210, 把时间当作朋友
1056315, 8.8, 14158, 总统是靠不住的
3026879, 8.8, 13337, 爱的艺术
6397275, 9.0, 9832, 此生未完成
1012611, 8.3, 29665, 乌合之众
6021440, 8.8, 12972, 黑客与画家
3369600, 8.1, 42012, 当我谈跑步时我谈些什么
1963912, 8.8, 12263, 正见
26382433, 8.2, 32108, 无声告白
1813841, 8.8, 11263, 枪炮、病菌与钢铁
5375620, 8.8, 11255, 失控
1062193, 8.6, 15225, 娱乐至死
3261600, 9.3, 5590, 人生的智慧
1004821, 8.7, 12817, 理想国
1001885, 8.5, 17487, 带一本书去巴黎
3344676, 8.1, 34151, 常识
4124727, 8.1, 32655, 孤独六讲
1865089, 8.4, 19149, 瓦尔登湖
1083762, 8.7, 11551, 人类的群星闪耀时
1418180, 8.9, 8539, 思维的乐趣
1032501, 8.7, 11280, 心理学与生活
26576861, 9.0, 7291, 最好的告别
4872671, 8.2, 24871, 佛祖在一号线
1077528, 8.9, 8070, 通往奴役之路
1056295, 8.3, 18841, 人性的弱点全集
2194123, 8.4, 15433, 相约星期二
1033778, 8.2, 21427, 富爸爸，穷爸爸
26425831, 8.8, 8124, 斯通纳
3578470, 9.0, 5791, 德米安
20463108, 8.3, 16424, 观念的水位
24934182, 8.1, 22973, 一个人的朝圣
1048007, 8.2, 19074, 高效能人士的七个习惯（精华版）
1322455, 8.8, 7256, 遥远的救世主
3057556, 9.0, 5474, 狂热分子
6401128, 8.9, 6231, 批评官员的尺度
3537590, 8.3, 15169, 朗读者
1056461, 8.3, 14849, 旅行的艺术
4953695, 8.0, 24721, 拆掉思维里的墙
1431870, 9.1, 4472, 源泉
5366275, 8.4, 12081, 我怎样毁了我的一生
1409704, 8.9, 5773, 金刚经说什么
10786473, 8.2, 16667, 自控力
10750155, 8.7, 7439, 数学之美
3642673, 8.0, 23116, 我执
1005358, 9.2, 3662, 寻找家园
1003284, 8.1, 17914, 退步集
5408882, 9.1, 3995, 公正
2328458, 9.1, 3947, 社会性动物
1003986, 8.8, 5848, 病隙碎笔
1321789, 8.5, 8936, 美丽新世界
2359003, 8.2, 14048, 沉思录
6781794, 8.8, 5629, 过于喧嚣的孤独
1012032, 8.6, 7384, 查拉图斯特拉如是说
1025723, 8.3, 11697, 潜规则
6709809, 8.4, 9953, 暗时间
2363651, 8.2, 13375, 十四堂人生创意课
2193877, 8.1, 15710, 你在天堂里遇见的五个人
2282097, 8.8, 5365, 像自由一样美丽
5252677, 8.1, 15695, 幸福了吗?
3158482, 8.9, 4378, 新世界
6152040, 9.1, 3116, 维特根斯坦传
1907199, 8.6, 5972, 扫起落叶好过冬
6425061, 8.6, 5861, 哲学家们都干了些什么？
3697494, 9.1, 3037, 洞穴奇案
3223711, 8.1, 12499, 怪诞行为学
1011215, 8.8, 4305, 论语别裁(上下)
1045716, 8.7, 4879, 人生中不可不想的事
1072438, 8.3, 8720, 大败局
5346110, 9.0, 3242, 穷查理宝典
1320282, 9.1, 2862, 什么是数学
2348372, 8.3, 8494, 野蛮生长
4773224, 8.3, 8445, 生活十讲
1004322, 8.6, 5230, 第二性
1822857, 9.0, 2985, 王小波全集（第二卷 杂文）
1071227, 9.0, 2907, 大问题
1006560, 8.2, 8871, 血酬定律
1063852, 8.8, 3586, 悲剧的诞生
1292405, 8.6, 4689, 自私的基因
1005193, 8.6, 4672, 重新认识你自己
1286547, 8.6, 4663, 菜根谭
1761759, 8.9, 3128, 超越死亡
5401989, 8.1, 9801, 自由在高处
4199761, 8.4, 5990, 重新发现社会
2216583, 8.8, 3399, 沉重的肉身
1504957, 8.6, 4388, 学会提问
1311280, 9.0, 2617, 灵魂的事
25920202, 8.6, 4322, 泛若不系之舟
3413836, 8.4, 5691, 当下的力量
5332713, 9.0, 2453, 人间是剧场
1288916, 8.6, 4048, 伤心咖啡店之歌
1534951, 8.9, 2728, 逃避自由
20425053, 7.7, 16902, 我所理解的生活
5320866, 8.3, 5950, 重来
1079252, 8.2, 6842, 爱情笔记
2240482, 8.0, 9296, 走到人生边上
2025235, 9.1, 2023, 顾准文集
1269900, 8.2, 6688, 活法
25986341, 8.4, 4955, 万万没想到
2033081, 8.2, 6424, 身份的焦虑
1033248, 8.9, 2427, 幸福之路
1115353, 8.3, 5409, 奇特的一生
1017180, 8.3, 5396, 定位
1433346, 8.7, 2987, 旁观者
4737325, 8.2, 6019, 维罗妮卡决定去死
10598170, 8.1, 6847, 我不要你死于一事无成
1165173, 8.8, 2553, 务虚笔记
1292412, 9.1, 1763, 叔本华思想随笔
1010204, 8.5, 3718, 宽容
1045201, 8.2, 5719, 哲学的慰藉
1467587, 9.0, 1952, UNIX编程艺术
6811366, 8.3, 4859, 禅与摩托车维修艺术
1079104, 8.6, 3154, 尼采：在世纪的转折点上
1829799, 8.7, 2740, 爱的觉醒
6526752, 8.8, 2416, 生命之书
1721111, 8.6, 3092, 周国平人生哲思录
5940553, 8.8, 2382, 当尼采哭泣
10785583, 8.2, 5379, 思考，快与慢
3740431, 8.4, 3965, 灵魂只能独行
3266968, 7.3, 26357, 秘密
25735727, 8.2, 5239, 站在两个世界的边缘
2066374, 9.1, 1629, 返璞归真
20453024, 8.6, 2938, 不要因为走得太远而忘记为什么出发
3688489, 7.8, 9635, 异类
1050929, 8.7, 2360, 隐蔽的秩序
1015748, 8.9, 1849, 开放社会及其敌人（全二卷）
1021056, 7.2, 27751, 谁动了我的奶酪？
1474736, 9.0, 1604, 鲁迅杂文全集
2345548, 8.2, 4387, 学习之道（第2版）
1005325, 8.4, 3297, 童年的消逝
1161817, 8.7, 2193, 洛克菲勒留给儿子的38封信
1045862, 8.5, 2824, 第五项修炼
4266008, 8.3, 3701, 给一个未出生孩子的信
1071023, 8.6, 2399, 谈谈方法
1874488, 8.1, 4801, 别做正常的傻瓜
4163938, 8.7, 2112, 软件随想录
10601137, 7.6, 10979, 你永远都无法叫醒一个装睡的人
3800022, 8.2, 4106, 活出全新的自己
1083403, 8.0, 5425, 世界上最伟大的推销员
1023000, 8.6, 2309, 常识与通识
1492634, 8.3, 3367, 生活的艺术
1482625, 8.8, 1719, 德兰修女传
1059769, 8.1, 4244, 从优秀到卓越
1068912, 8.6, 2140, 中国文化的深层结构
6878212, 8.0, 4873, 一个村庄里的中国
1193621, 8.5, 2382, 决策与判断
1060298, 8.6, 2094, 思考中医
3123393, 7.6, 9172, 遇见心想事成的自己
1077129, 8.5, 2313, 一生的学习
1152111, 8.6, 2010, 程序员修炼之道
6558202, 9.0, 1255, 容忍与自由
1135734, 8.6, 1984, 追寻生命的意义
1004318, 8.3, 2895, 守望的距离：周国平散文集
1868698, 8.3, 2895, 为什么读经典
1071821, 8.1, 3834, 你不可不知的人性
11614293, 7.5, 10088, 人生需要揭穿
1444900, 8.6, 1872, 爱的五种语言
1020644, 8.1, 3650, 金字塔原理
1070410, 8.9, 1306, 柏拉图对话集
1030898, 8.8, 1458, 复杂
1444177, 8.6, 1820, 地底三万尺
3682204, 7.6, 7501, 佐藤可士和的超整理术
26761696, 7.8, 5333, 精进
25782902, 8.2, 2823, 反脆弱
20492550, 7.8, 5126, 清醒思考的艺术
10565151, 7.5, 8529, 我是个年轻人 我心情不太好
3025921, 7.7, 5927, 黑天鹅
1258513, 8.5, 1843, 爱与寂寞
1400030, 8.7, 1446, 推理的迷宫
2124114, 8.8, 1284, 怎样解题
2060491, 8.9, 1140, 逻辑学导论
3463292, 9.2, 830, 叔本华美学随笔
3273876, 8.1, 3074, 被劫持的私生活
1041616, 7.4, 9566, 那些忧伤的年轻人
1731825, 7.5, 7926, 读大学，究竟读什么
1105890, 8.2, 2555, 生命的重建
1464593, 8.7, 1347, 目标
26275177, 9.0, 964, 文明之光 （第三册）
1987453, 7.9, 3893, 人生不过如此
1186209, 8.7, 1337, 张晓风经典作品
24875416, 8.3, 2184, 生命最后的读书会
2058479, 9.1, 856, 史铁生散文
1456524, 7.9, 3828, 这个世界会好吗
1961913, 8.3, 2160, 太傻十日谈
25870384, 8.4, 1857, 你的生命有什么可能
1273759, 8.2, 2415, 人在欧洲
1012272, 8.7, 1270, 反对阐释
6885715, 7.7, 4994, 蓝另一种蓝
1312995, 8.5, 1596, 周国平作品精选
2363834, 8.8, 1120, 春秋大义
2307720, 8.2, 2345, 幸福的方法
1135754, 8.1, 2685, 你的灯亮着吗?
1944205, 8.9, 971, 追寻记忆的痕迹
1053174, 8.6, 1352, 你干吗在乎别人怎么想？
2259198, 9.0, 861, 合作的进化
4243770, 8.5, 1448, 创新者的窘境
25957554, 8.0, 2782, 在不安的世界安静的活
2209227, 8.3, 1840, 一个孤独漫步者的遐想
3260902, 8.8, 1012, 智慧书
3644095, 7.9, 3189, 越读者
20389195, 7.4, 7248, 慢慢来，一切都来得及
1055088, 8.3, 1729, 像艺术家一样思考
20272112, 8.2, 1932, 欢喜
3224456, 7.7, 3979, 少有人走的路Ⅱ
10828002, 8.1, 2188, 游戏改变世界
5414385, 7.7, 3939, 不分东西
1186712, 8.2, 1897, 各自的朝圣路
3908625, 7.8, 3282, 单向街 001
26369699, 8.6, 1117, 被讨厌的勇气
26364209, 8.1, 2087, 那些古怪又让人忧心的问题what if?
1082193, 9.0, 716, 怀疑三部曲
2070807, 8.5, 1230, 懂得爱
3069690, 8.5, 1214, 人生的起点和终站
3319935, 8.2, 1758, 走出软件作坊
5372651, 8.3, 1536, 程序员的思维修炼
10582351, 7.5, 4916, 虚实之间
1097800, 8.0, 2249, 我不是教你诈(1)
4225644, 8.5, 1178, 街头生意经
1496384, 8.2, 1695, 图解思考
2248892, 8.5, 1155, 一本杂志和一个时代的体温
10779597, 8.3, 1462, 思考的乐趣
2568268, 8.9, 737, 四种爱
1438669, 8.6, 1014, 这个动荡的世界
2049781, 8.5, 1135, 世界在你心中
6965746, 8.2, 1640, 科技想要什么
5913475, 8.2, 1628, 高难度谈话
3722967, 8.3, 1423, 人生十论
25733170, 8.7, 886, 吾国教育病理
25858916, 8.3, 1410, 感谢自己的不完美
1823058, 8.3, 1407, 关于他人的痛苦
3433208, 8.5, 1093, 问中医几度秋凉
26692468, 8.6, 973, 智识分子
4124834, 8.6, 966, 冬吴相对论
2339264, 8.6, 956, 人为什么活着
10597973, 8.1, 1748, 旧山河
1036763, 8.4, 1194, 这本书
4010185, 8.0, 1997, 哪来的天才？
3138847, 7.9, 2273, 思考的技术
7916069, 8.8, 742, 被禁锢的头脑
26146992, 7.4, 4803, 我们为什么会分手？
1004719, 8.6, 899, 谈修养
1466236, 8.0, 1881, 风中的纸屑
2213965, 8.2, 1404, 他人就是地狱
25783654, 7.5, 3864, 如何高效学习
4252006, 7.6, 3271, 祖国的陌生人
24083865, 7.7, 2788, 女人明白要趁早之三观易碎
6913343, 8.3, 1217, 理性乐观派
26242908, 7.6, 3214, 如果世上不再有猫
22994632, 9.0, 560, 成功，动机与目标
1256284, 8.4, 1064, 谋生之道
1059490, 7.7, 2709, 麦肯锡方法
2969263, 8.5, 942, 跳房子
1958741, 7.8, 2322, 追逐日光
6969827, 7.7, 2676, 理想丰满
1391740, 8.4, 1015, 逻辑的引擎
3875610, 8.9, 584, 内观
4812799, 9.1, 478, 认识佛教
3055477, 8.4, 988, 西潮
1014040, 8.1, 1419, 安静
1227966, 7.8, 2130, 你的第一本哲学书
6802371, 7.9, 1847, 一个游荡者的世界
26292964, 8.8, 630, 世界小史
1815627, 8.6, 770, 书斋里的革命
26584286, 8.8, 623, 大学之路（套装）
3691437, 7.4, 3906, 思维导图
1100470, 7.5, 3264, 现在，发现你的优势
10773362, 8.2, 1208, 随机漫步的傻瓜
10745270, 7.7, 2345, 只剩一个角落的繁华
3894081, 8.7, 665, 最后的日记
1319893, 8.1, 1256, 当和尚遇到钻石
2365114, 7.8, 1844, 中国纪事
7057936, 8.4, 855, 批判性思维
25917140, 7.2, 4784, 不要让未来的你，讨厌现在的自己
4053315, 8.3, 959, 一念之转
4122992, 8.6, 680, 人生的三路向
1418567, 8.8, 549, 易经系传别讲
1211033, 9.1, 411, 古今数学思想（二）
1029739, 8.0, 1344, 生命的留言
1876333, 7.7, 1985, 没有国家的人
10426425, 8.7, 582, 寻找无双
2326230, 8.6, 645, 我的精神自传
2195980, 9.0, 433, 圆运动的古中医学
6041690, 7.6, 2263, 婚姻是女人一辈子的事
1465090, 8.8, 516, 从惊讶到思考
3006483, 7.7, 1933, 每周工作4小时
19963287, 9.0, 414, 诸神的面具
1315167, 9.0, 407, 历史的用途与滥用
1127776, 8.7, 541, 交流的无奈
1110656, 8.8, 489, 语言哲学
21966353, 7.7, 1811, 贫穷的本质
1058276, 8.5, 665, 走近中医
10563202, 8.3, 829, 可操作的民主
2029641, 8.1, 1049, 南怀瑾与彼得・圣吉
10483439, 8.4, 733, 上升的一切必将汇合
2278535, 8.5, 656, 哲学的邀请
1722020, 8.7, 528, 最初和最终的自由
2241170, 8.6, 585, 自我的真相
2137279, 8.0, 1164, 善良丰富高贵
3006742, 8.5, 638, 改变
3735295, 7.5, 2312, 未来是湿的
2063415, 8.7, 512, 难以忽视的真相
6393733, 7.4, 2679, 当我们聊起日本时
1029796, 8.1, 998, 我不是教你诈3
5379664, 7.6, 1936, 浅薄
26349445, 8.2, 872, 秦谜
1039068, 8.5, 616, 孟子旁通
2285530, 9.1, 343, 弗洛伊德及其后继者
4165838, 8.0, 1096, 接纳不完美的自己
20435635, 8.5, 609, 里斯本夜车
1790456, 7.5, 2187, 专业主义
1058669, 8.8, 447, 现代危机与思想人物
1069576, 8.5, 604, 西方哲学史
1731081, 9.1, 337, 叔本华论道德与自由
3402634, 8.6, 539, 第二本书
10540308, 8.4, 645, 走进生命的学问
3669381, 8.8, 426, 坏世界研究
2372022, 7.6, 1762, 无情/厄运
20273773, 8.2, 800, 人生的意义
1083067, 7.6, 1732, 萤窗小语.1
3340092, 7.2, 3250, 30而励
7061613, 8.5, 554, Steal Like an Artist
24878420, 7.8, 1270, 明智行动的艺术
3002863, 8.6, 483, 后望书
4263247, 8.4, 589, 为什么大猩猩比专家高明
26178426, 7.6, 1596, 稀缺
1979199, 8.5, 525, 批判性思维
2893591, 8.5, 520, King
3608751, 7.4, 2100, 醒来
2141865, 8.5, 510, 家庭会伤人
1320925, 8.6, 458, 朝话
1083309, 8.9, 341, 论可能生活
1021977, 8.0, 883, 思考致富
3666637, 8.2, 684, 世界观2009
17153313, 9.0, 306, 哲学导论
2972658, 8.0, 855, 包容的智慧
6968193, 8.7, 397, 我的抗战2
2974036, 8.4, 536, 周国平散文
2367799, 8.7, 394, 莲心禅韵
6892602, 8.7, 391, 风云人物采访记Ⅰ(上下)
3633475, 8.0, 835, 最合宜的位置
2082163, 8.2, 655, 开卷有疑
4903266, 8.4, 522, 超越感觉
1936262, 7.8, 1054, 流氓的盛宴
1255584, 8.4, 513, 时间与自由意志
25948154, 7.7, 1187, 扛得住，世界就是你的
2272936, 8.5, 460, 图解山海经
1811507, 8.6, 416, 历史哲学
1012956, 8.5, 453, 丰饶的苦难
1083333, 8.4, 502, 积极生活
10759777, 7.9, 889, 秘密副作用
5410582, 7.3, 2072, 伟大是熬出来的
26639786, 8.1, 696, 舍得，舍不得
4909716, 7.5, 1504, 谁说这辈子只能这样
20366367, 7.8, 989, 金钱不能买什么
1913947, 8.3, 541, 万物简史
26747208, 8.2, 604, 优秀的绵羊
4630664, 7.2, 2347, 你的知识需要管理
5942569, 7.7, 1110, 成为作家
1134230, 9.0, 272, 数学与猜想（第一卷）
3717183, 7.5, 1452, 餐巾纸的背面
24737118, 8.0, 746, 不要等到毕业以后
2339968, 8.3, 528, 周国平论人生（周国平卷）
1015133, 7.8, 941, 首先，打破一切常规
24745639, 7.8, 924, 麦肯锡教我的写作武器
1432078, 8.0, 717, 历史的终结及最后之人
4062809, 8.6, 370, 改善情绪的正念疗法
25697347, 8.2, 559, 无畏
26665498, 7.5, 1322, 生命中最简单又最困难的事
19912127, 7.7, 997, 文茜的百年驿站
3874395, 8.9, 273, 思想的力量
1856046, 8.0, 677, 沉默的告白
3004379, 8.7, 324, 丰子恺散文
1071993, 8.5, 387, 孙子兵法与三十六计
1050510, 7.3, 1694, 六顶思考帽
3171864, 7.6, 1068, 一头想要被吃掉的猪
4851372, 8.3, 457, 怎样卖龙虾
1829801, 8.2, 508, 忧郁
1418484, 8.8, 276, 开启中医之门
4149376, 8.0, 624, 朝闻道集
1426973, 8.5, 364, 诗人哲学家
2377537, 8.3, 445, 活着，为了什么？
3842681, 8.7, 299, 面对危机中的世界
1039222, 7.8, 786, 荣格性格哲学
2984241, 8.6, 327, 思维改变生活
25912887, 6.8, 3674, 练习一个人
2072469, 8.0, 610, 死亡回忆
20493042, 7.3, 1541, 这样读书就够了
25965995, 8.5, 355, 构建之法
2986872, 7.3, 1539, 简单的逻辑学
10576145, 8.8, 268, 无国界医生手记
2148180, 8.1, 535, 最后14堂星期二的课
11528220, 8.1, 534, 系统之美
26578141, 8.5, 348, 医生的精进
10569245, 7.1, 2062, 不愿说谢谢的人
1051175, 7.9, 659, 艺术概论
3859019, 8.5, 343, 不是第四本书
5335800, 8.3, 419, 吾意独怜才
1315575, 8.3, 418, 找寻逝去的自我
2254616, 8.4, 376, 基督的最后诱惑
1010615, 8.6, 309, 自由之路
25985499, 7.6, 946, 这一生，静待时光检验
1291535, 7.6, 934, Blink
1850407, 9.1, 197, 数学的发现
10344037, 7.1, 1957, 给理想一点时间
1964884, 7.4, 1224, 为什么幸运的人总幸运倒霉的人老倒霉
1475128, 8.8, 251, 人的潜能和价值
26663916, 8.2, 449, 沟通圣经
2848329, 9.1, 194, Making up the Mind
26388796, 8.0, 556, 人间卧底
1691802, 8.6, 297, 中医入门
19977115, 7.6, 905, 摸着石头过河
5325859, 7.4, 1194, 天下没有怀才不遇这回事
2363639, 8.7, 269, 点亮自性之光
3682751, 7.7, 786, 谈判力
1023775, 8.6, 293, 不正常的人
1232071, 8.5, 322, 如何求解问题
3822285, 8.7, 264, 自我导向行为
1867455, 7.9, 600, 像外行一样思考，像专家一样实践――科研成功之道
7007666, 7.2, 1551, 认知盈余
26656779, 7.4, 1138, 当你的才华还撑不起你的梦想时
26260187, 7.7, 749, 零秒思考
2159830, 8.4, 340, 离开微软 改变世界
1034534, 8.0, 519, 人，诗意地安居
2009489, 8.3, 375, 的孤
26581845, 7.9, 581, 拼了命，尽了兴
1799241, 7.8, 651, 全新思维
26272662, 7.6, 839, 腾讯方法
1423465, 8.8, 232, 爱与思
26275063, 8.6, 277, 活得明白
1431762, 7.9, 574, 新闻业的怀乡病
1791880, 8.1, 456, 虚土
3042524, 8.4, 334, 李天命的思考艺术
25910582, 8.0, 508, 成长，请带上这封信
1097055, 8.2, 407, 滴泪痣
1137278, 8.5, 299, 系统化思维导论（银年纪念版）
1051650, 8.0, 499, 羊皮卷
2075391, 7.2, 1429, 那些不值钱的经验
1031720, 7.8, 625, 现代西方哲学十五讲
1396617, 8.1, 441, 像青蛙一样思考
2302817, 8.8, 223, 批判哲学的批判
1903578, 8.4, 321, 人生五大问题
2363654, 9.0, 188, 与爱同在
26662051, 8.1, 434, 我说的不一定对
3651646, 7.9, 542, 精神明亮的人
3446163, 7.7, 682, 大学不知道
4857084, 8.4, 314, 守护者
20434432, 7.4, 1015, 趁年轻.折腾吧
1476458, 8.5, 285, 自我实现的人
26585057, 7.4, 1009, 罗辑思维：迷茫时代的明白人
3434087, 8.4, 311, 钱商
26348121, 8.4, 311, 由内向外看世界
1418383, 9.1, 169, `魂永生（斯）
1230437, 8.1, 421, 咨询的奥秘
1678412, 9.1, 168, 名老中医之路
6746174, 7.7, 666, 佐藤可士和的创意思考术
25901703, 8.1, 416, 只有时间不会撒谎
3700358, 8.1, 414, 南怀瑾谈性格与人生
1398460, 7.9, 516, 余秋雨散文
26480625, 7.9, 516, 午夜降临前抵达
3320425, 8.3, 332, 跨越鸿沟
4292120, 7.0, 1774, 低智商社会
20273181, 8.1, 408, 生命是长期而持续的累积
1059197, 8.4, 296, 上帝的残屑
25859542, 8.0, 445, 耶鲁大学公开课:死亡
2124368, 8.7, 221, 证明与反驳
10796954, 7.7, 624, 商业模式新生代（个人篇）
4320831, 8.8, 202, 责任与判断
5417235, 7.9, 489, 失败的逻辑
1101606, 8.3, 319, 聪明人的圣经
26779688, 8.4, 289, 做出好决定
26409799, 7.4, 917, 独立日：用一间书房抵抗全世界
10484712, 7.7, 616, 驱动力
25742296, 8.1, 387, 有限与无限的游戏
3876019, 8.4, 285, 戒嗔的白粥馆（第2部）
25911858, 8.3, 313, 我们能做什么
6011734, 7.6, 688, 说服力
25779342, 7.7, 606, 麦肯锡教我的思考武器
1866824, 8.2, 345, 理解专业程序员
1915962, 8.0, 426, 周国平人文讲演录
2279756, 8.0, 421, 阅世心语
25789689, 7.7, 594, 人生对人生观开的玩笑
3324610, 7.4, 870, 摇摆
2144413, 7.7, 586, 简单法则
6558344, 9.3, 130, LENS.视觉
6510688, 8.0, 407, 看见成长的自己
2194590, 8.0, 403, 心灵鸡汤全集
1054725, 7.6, 645, 晨雨初听
1143819, 8.2, 326, 人性的弱点
1512490, 8.3, 295, 实用主义
3163506, 7.8, 501, 答案在你心中
3557583, 8.4, 265, 通往尊严的公共生活
1982432, 9.0, 158, 新铁证待判
1163374, 8.3, 291, 罗马阳台 世间的每一个清晨
26658841, 8.6, 218, 走进建筑师的家
6725978, 8.3, 287, 逍遥游
1116325, 8.6, 217, 人类理解论（上下）
11589947, 7.7, 546, 这个时代的无知与傲慢
26422275, 7.3, 917, 向死而生
26687321, 7.9, 429, 什么是自由什么是爱
2042908, 7.9, 428, 吾讲斯美
2253697, 7.5, 690, M型社会
2059360, 8.1, 341, 人啊，人！
1423466, 9.0, 152, 单纯的品质
25763679, 9.0, 152, 不确定世界的理性选择
26652242, 7.9, 422, 文明是副产品
4910392, 8.5, 230, 一个传统中医的成长历程
5063384, 7.6, 595, 思考的艺术
4211022, 8.1, 331, 神思陌路
4262950, 8.4, 243, 关系的真谛
1800637, 8.0, 362, 我的人生感悟
1843001, 8.5, 221, 给莉莉的信
1156866, 8.0, 358, 系统思考
1280905, 7.9, 399, 赢在执行
1010199, 8.2, 290, 像艺术家一样思考之二
3352914, 7.6, 563, 知性力
1472854, 8.5, 216, 山坳上的中国
4169488, 7.7, 489, 思维导图系列丛书（全五册）
1043903, 8.7, 180, 哲学的故事
4864406, 8.7, 180, 教育就是解放心灵
3185166, 7.7, 488, 世界最简单解决问题的方法
1053405, 8.9, 149, 人类的破坏性剖析
1481148, 8.4, 225, 第五项修练
1077996, 8.1, 300, 成长
21617796, 8.0, 326, 杀戮的艰难
25758308, 7.7, 455, 巨富
2340318, 8.3, 239, 人生的艺术
1082355, 7.9, 354, 广告大师奥格威
4169495, 7.5, 561, 让天赋自由
1448684, 8.0, 313, 蓝血十杰
1083906, 8.9, 139, 青春的敌人
1013410, 8.6, 175, 论确实性
26839427, 8.1, 274, 慢思考：大脑超载时代的思考学
1171983, 8.6, 167, 洞察未来
3130904, 7.3, 665, 影响力2
1171195, 8.2, 238, 黑暗中相逢
1450985, 8.5, 181, 黑格尔辩证法讲演录
5431185, 8.5, 181, 像设计师一样思考
19975229, 8.8, 140, 时间之线
2329752, 7.9, 313, 方与圆全集
3001503, 8.1, 254, 记忆的红皮书
6772445, 7.2, 725, 李欣频的私房50
1684120, 7.6, 431, 思维的版图
1175396, 8.0, 276, 跳出盒子
4201118, 8.0, 273, 我们如何思维
4225194, 8.6, 157, 生活的难题
3300417, 8.4, 186, 人生为何不同
1446684, 8.6, 153, 通信原理
3413840, 8.7, 141, 思辨的张力
1316507, 8.1, 239, 言论自由的反讽
26430442, 7.1, 785, 秋叶：如何高效读懂一本书
25863253, 7.6, 408, 起风了・菜穗子
25879534, 7.8, 325, 学会独立思考
26377294, 8.3, 197, 坐天下
1000759, 8.3, 196, 古代人的自由与现代人的自由
1921523, 8.6, 151, 思想者
1393383, 8.7, 139, 一根稻草的革命
10554274, 8.0, 260, 关于写作
25938970, 7.5, 450, 现在的泪，都是当年脑子进的水
1434521, 7.7, 355, 知识分子都到哪里去了
25885921, 7.5, 448, 摩托车修理店的未来工作哲学
6990052, 7.6, 394, 哈佛幸福课
25708550, 8.0, 254, 知识分子与社会
1774940, 7.8, 311, 修炼
20383610, 8.0, 247, 山河之书
6761174, 7.6, 379, 身边的逻辑学
1013916, 8.0, 245, 大卫・奥格威自传
26628237, 7.5, 424, 哪有没时间这回事
4177311, 7.5, 420, 创造商业头脑的7种框架力
21966337, 8.9, 111, 论关系
1397187, 8.7, 129, 哲道行者
4246477, 7.5, 414, 问题解决力
5919984, 7.3, 532, 享乐主义手册
26590147, 7.7, 327, 正义的可能
4860462, 7.5, 412, 打开餐巾纸
1822851, 7.6, 364, 医事
26590171, 7.3, 523, 做事的常识
4241588, 7.2, 597, 像设计师那样思考
1066291, 8.0, 234, 通往明天的唯一道路
2337704, 8.2, 193, BCG视野假说驱动管理的魅力
1159821, 8.4, 161, 意识的宇宙
6534012, 8.4, 161, 最后，才知道该如何爱你
1050762, 8.0, 230, 10秒钟让自己不同凡响
20482611, 7.0, 770, 幸福要回答
25784778, 8.1, 206, 1024・人与机器共同进化
26284233, 6.6, 1446, 鬼水瓶录
1171774, 8.6, 133, 牵一只蜗牛去散步
5363843, 8.1, 205, 365种改变世界的方法
10517695, 6.7, 1190, 你以为你以为的就是你以为的吗
4863597, 8.8, 112, 世界文明史
26637849, 8.1, 202, 名字和名字刻在一起
1423464, 8.8, 111, 思考从结论开始吗
21734703, 8.0, 218, 失业之旅
22513668, 8.3, 165, 逻辑要义
3038761, 7.4, 420, 80/20法则
25662404, 8.3, 164, 旅行，人生最有价值的投资2
1186901, 8.4, 150, 代码
1228483, 8.9, 101, 培根论说文集
25948155, 7.3, 470, 每一个优秀的人，都有一段沉默的时光
3067066, 7.5, 365, 三度修炼
1219421, 8.2, 176, 实验心理学
25746680, 8.3, 160, 随意搜寻
10825209, 7.6, 318, 在电影院遇见弗洛伊德
1000624, 8.6, 123, 冷眼向洋（上下卷）
25697240, 8.2, 172, 生命的思索：史怀哲自传
1037048, 7.5, 353, 逻辑学是什么
26825826, 7.6, 314, 同栖生活
3043427, 7.9, 228, 从思考到思考之上
1599035, 8.4, 141, 简捷启发式
2255869, 8.0, 202, 小话西游
26268552, 7.6, 297, 如何变得有思想
25842420, 7.5, 332, 决战大数据
25981846, 7.4, 369, 这世上的美好，唯你而已
26379069, 7.2, 473, 麦肯锡入职培训第一课
20625420, 8.0, 191, 怀疑的时代需要怎样的信仰
5408869, 7.5, 316, 灵魂的台阶
26422177, 7.6, 281, 轻松学会独立思考
11523798, 8.8, 96, 今日阿婆金句
1173463, 8.2, 155, 比知识还多
5944705, 7.4, 347, 非同凡“想”
26627873, 7.2, 444, 格局逆袭
10598181, 7.3, 390, 随机生存的智慧
26740257, 8.0, 182, 内在革命：一本关于成长的书
6783954, 8.6, 109, 山的那一边
26145094, 7.8, 219, 结构思考力
3317555, 7.9, 198, 真爱密码
3618884, 8.1, 163, 勾魂夺心洗脑催眠
10731681, 7.2, 432, 六度人脉
3140638, 8.6, 107, 何怀宏品读《沉思录》
1823970, 7.7, 240, 思考的力量
6110455, 7.9, 195, 唤醒心中的巨人
26411141, 7.4, 332, 世界为何存在？
3031961, 7.4, 327, 六顶思考帽
1482762, 8.2, 145, Whatever You Think
3269344, 9.1, 73, 千年之梦
5395289, 7.2, 409, 找回迷失的自己
4126129, 7.6, 253, 哈佛制造
26688605, 6.9, 602, 认同感：用故事包装事实的艺术
1976258, 8.4, 118, 未知的自我
26434054, 8.3, 128, 先放一把火
10528846, 7.5, 277, 缝身
24719014, 7.6, 246, 中国有多特殊
26388004, 8.7, 92, 思辨的禅趣
1905038, 7.6, 243, 创业的艺术
5354950, 7.7, 218, 特别狠心特别爱
25699577, 8.5, 106, 这些年我们的精神裂变
26412672, 7.5, 269, 你可以拥有你想要的生活
2080389, 8.9, 79, 人心
2062316, 7.5, 268, 彼得原理
24301821, 8.5, 105, 要么孤独要么庸俗
2020794, 8.7, 90, 人及其表象
2379619, 8.4, 112, 新批判主义
1777465, 7.3, 328, 天安门诗抄
26847432, 8.9, 77, 榱嘶钕氯ィ好北女孩朴研美
3373894, 7.3, 324, 说服力
2382099, 8.3, 119, 自由是什么
6797621, 7.9, 169, 这本书叫什么
26253743, 7.8, 185, 南下打工记
10544103, 7.8, 183, 快乐竞争力
1221037, 7.7, 202, 笑傲职场
1490558, 7.4, 277, 留出你过冬的粮食
1076066, 8.2, 125, 孤岛访谈录
1156370, 8.6, 90, 黄帝内经素问白话解
7060413, 6.4, 1126, 看懂财经新闻的第一本书
1292314, 8.4, 103, 理性、真理与历史
1441951, 8.4, 103, 我的生活与工作
26832895, 9.1, 63, 生活三部曲：生活的意味
4988498, 8.1, 132, 地头力
2350087, 9.0, 67, 城市：它的发展、衰败与未来
26857572, 8.7, 82, 处处见生机
5322674, 6.9, 492, 思考的整理术
1005930, 8.1, 129, 决策的艺术
26327897, 8.1, 128, 压力测试
2567247, 6.6, 742, 性越多越安全
1267621, 8.5, 91, 感觉的分析
1468853, 8.5, 90, 信息烟尘
3713269, 8.1, 124, 另一个城市
1482413, 8.0, 135, 水平思考
26714703, 7.2, 310, 我们香港这些年
1874366, 6.3, 1191, 在自己房间里的旅行
4875706, 7.3, 272, 风马牛
26676261, 8.3, 103, 曾经，我爱过一个少年
1088113, 7.5, 216, 社会的麦当劳化
1043105, 8.4, 95, 一个或所有问题
26108431, 8.1, 121, 世界是我念过最好的大学
1955634, 8.8, 71, 朱光潜谈人生
4169626, 7.1, 342, 杠杆思考术
3944885, 8.1, 120, 全然美丽
26418338, 7.5, 213, 努力，才配有未来
25806128, 8.1, 119, 安妮宝贝文集
25805226, 7.5, 211, 控制焦虑
26333046, 7.4, 234, 替这个残酷世界给你的一记温柔耳光
6849285, 8.6, 80, 加图决策者手册
24844993, 8.1, 118, 全新销售
25811502, 6.4, 933, 柴静×刘瑜：自由从何而来（中国故事）
1357098, 7.7, 168, 天下]有巡挪挥鲞@回事
25834607, 7.9, 138, 自由的进化
6541060, 9.3, 50, 群书治要考译（全四册）
11624748, 7.8, 147, 一个人的三条河
2131768, 7.9, 134, 人性
25934254, 8.1, 112, 不要等到毕业以后（最新修订版）
7060372, 7.7, 161, 我的灵魂永不下跪
6946410, 8.6, 76, 抉择
1008179, 8.3, 95, 大国寡民
10555484, 8.0, 119, 婚前算清楚，婚后过明白
26636282, 6.8, 451, 如果你想过1%的生活
1830683, 8.1, 109, 实用主义
3267944, 7.4, 212, 《秘密》的秘密
1048835, 8.3, 92, 哲学和自然之镜
6721215, 8.9, 60, 人生如登山
26169876, 7.4, 210, 逻辑思维，只要5步
6104554, 7.5, 188, 金字塔原理2
24872436, 8.7, 67, 超越孤独
2005552, 8.1, 105, 布尔加科夫中短篇小说选
5985175, 7.1, 284, 我们聊一聊
3601546, 8.7, 66, 学校在窗外
4932918, 7.2, 250, 找到你的灵魂伴侣
1442719, 9.2, 48, 上帝的隐语
24863308, 7.5, 179, 我们在互相辨认中老去
2296845, 6.9, 363, 专注力
3420220, 8.4, 81, 六个数
26695338, 8.0, 111, 麦肯锡教我的谈判武器
1546664, 8.7, 65, 全球化的人文审思与文化战略
4162700, 8.7, 65, 什么是快乐的人生
1859573, 8.9, 57, Solving Mathematical Problems
1035275, 7.0, 314, 逆向思考的艺术
25891554, 7.8, 131, 反建筑
1808521, 7.6, 158, 美第奇效应
26596367, 8.0, 109, 完美末日
26845275, 8.4, 79, 梦想会证明一切
26278430, 7.4, 192, 别害怕你所向往的生活
19934142, 7.9, 118, 白雪少年
26413830, 7.2, 239, 这辈子活得热气腾腾
20283438, 7.5, 172, 工具
25872134, 7.3, 212, 其实
1081954, 8.0, 107, 当代中国社会阶层研究报告
26692612, 7.6, 154, 思考的要诀
20442237, 7.6, 153, 这一生为何而来
10580991, 8.2, 90, 觉醒之旅
1009107, 8.0, 106, 睡莲的方程式
1176933, 8.0, 105, 探索需求
2334611, 8.6, 66, Z理分析的思考方法
2250171, 7.4, 183, 游戏规则
5362356, 8.1, 95, 思维
26830671, 8.1, 95, 愿你出走半生，归来仍是少年
1470267, 9.4, 40, The Elements of Programming Style
1084126, 7.3, 199, 思考的利器
1019077, 7.9, 109, 羡慕与嫉妒：深层心理分析
4213167, 8.1, 91, 危险的心理咨询
1035052, 8.5, 67, 积极心态的力量
1921568, 8.1, 90, 奖励的惩罚
26589583, 7.7, 127, 准备好了吗？开始工作吧！
6432905, 7.7, 125, 误区
1910297, 7.6, 137, 批判性思维教程
1227441, 7.8, 113, 班主任工作漫谈
26663519, 7.5, 149, MacTalk 跨越边界
3743192, 7.2, 205, 犹太人思考术
4988518, 8.4, 69, 单独中的洞见
26838015, 8.4, 69, 对于自己，你还是个陌生人
26615848, 7.8, 110, 当励志不再有效
2189906, 7.6, 132, 创新者的思考
6809102, 7.4, 157, 中国人的病
26681681, 7.8, 107, 深度案例思考法
1034173, 8.0, 90, 简朴生活读本
2979734, 9.0, 45, Nonsense
25931208, 7.2, 189, 反直觉思考
20499157, 7.0, 238, 笨蛋！重要的是逻辑！
5402946, 7.0, 232, 传奇王阳明
4280962, 8.7, 52, 站e
1979261, 8.3, 68, 内战与危机
26309539, 8.2, 73, 你的脚步走在你的心上
4907409, 7.7, 110, 性、金钱、幸福与死亡
3925873, 8.8, 48, 大乘百法明门论讲记
1531114, 9.3, 36, 郑钦安医书阐释
5364020, 7.8, 99, 逻辑的力量
1037315, 7.4, 144, 口渴之前先挖井
26628012, 7.4, 144, 人生总会有办法
5315356, 7.5, 130, 活着的理由
1845612, 7.6, 118, 人文主义与民主批评
10756655, 8.5, 57, 教育是怎样变得危险起来的
24714253, 7.2, 172, 世界会抛弃你吗
10771463, 7.8, 96, 激活你大脑的“图解思考”术
26361207, 7.7, 102, 看见未来
2197044, 7.8, 93, 论语与算盘
25937939, 7.5, 122, 一个人也能有很好的时候
25882212, 7.2, 164, 思维的竞赛：里皮自述
2362464, 9.4, 32, 最迷人的数学趣题
1322091, 7.9, 83, 天才的13个思维工具
1422726, 9.5, 30, 绘图双百喻
3568779, 7.7, 97, 解Q100赖100NO
2116909, 7.3, 142, 对答如流
4221674, 7.4, 128, 记忆导图
25885764, 7.4, 128, 当我放过自己的时候
26263150, 8.0, 75, 你和那些好时光，总有一天会相遇
25810092, 8.7, 46, 如其本来
10770914, 7.6, 105, 6个问题竟能说服各种人
25744355, 7.8, 88, 关于生命的一切
3203260, 8.2, 64, 世界又嵊制接D
5408902, 7.2, 155, 三十四位顶尖设计师的思考术
3596216, 8.0, 74, 改变思维
21356490, 7.8, 87, 常识的正面与反面
24732529, 7.0, 191, 逻辑思维简易入门
1335586, 9.3, 32, 新世or耕
6430968, 8.3, 58, 把任何东西卖给任何人
26717285, 8.8, 42, 时评中国
1034962, 8.1, 67, 学历无用论
26417277, 7.0, 186, 思考力：潮爆东京大学的思维公开课
1014993, 8.4, 53, 像达?芬奇那样思考
6858635, 7.8, 82, 众神的战车
25704622, 7.4, 116, 原来大学可以这样读
4849906, 8.9, 37, 西塞罗文集（政治学卷）
25859646, 7.2, 132, 互联网思维到底是什么
26674042, 7.9, 70, 第九区・游戏
25838028, 7.7, 79, 老梁说天下
1283546, 8.4, 47, 美国思想史
1755576, 8.1, 57, I：你的唯一生存之道
25826890, 7.2, 122, 放自己一年梦想假
2383735, 8.8, 36, How We Know What Isn&#39;t So
20516244, 8.9, 34, 庄子传
26410876, 8.9, 34, 思考的魅力
2128027, 9.2, 29, 阿加莎・克里斯蒂侦探小说（全三册）
1073663, 7.5, 91, 我怎么没想到？
2990291, 7.6, 83, B2B品牌管理
1072313, 7.7, 76, 硅谷之火
1781953, 7.9, 64, 思考型管理
26803092, 8.1, 55, 我烦死跑步了，我爱死跑步了！
26889013, 8.5, 42, 看自己：现代症的心理解剖
25841382, 7.2, 118, 人生就是边玩边学
25703282, 7.4, 96, 空谈
6429652, 8.3, 47, 沃格林
26755104, 7.5, 87, 20几岁，你为什么害怕来不及
1421777, 7.6, 79, 慢活
26293605, 7.1, 125, 听了那么多大道理，为什么依旧过不好这一生
3717179, 7.4, 92, 皇帝公关学
1416339, 7.6, 77, 罗曼蒂克心理学
1010700, 8.0, 56, 思考的玩具
4849105, 7.3, 100, 温柔鼓声・壹
26148779, 7.2, 110, “戒掉”的技术
1027118, 7.7, 70, 全球化及其不满
26765979, 8.7, 35, 架构即未来：现代企业可扩展的Web架构、流程和组织(原书第2版)
26840675, 8.8, 33, 自然骨魄
3087466, 7.6, 74, 马克思的复仇
3337506, 8.2, 47, 柔韧
4931694, 7.0, 131, 为什么常识会撒谎
25806531, 8.4, 41, 情侣手记
3042530, 7.0, 128, 水平思考法
26614247, 7.2, 103, 我们的关系如此狭窄
3329332, 7.2, 102, 我对你错
3903168, 9.2, 25, 般若波罗蜜多心经讲记
19941615, 7.8, 58, 不完满才是人生
26107066, 6.6, 190, 孤独是你的必修课
2294522, 8.2, 43, o青年知R追求者的信
1261665, 9.0, 27, 中医望诊相法
26271352, 7.4, 79, 分析的力量
26836278, 8.0, 49, 和秋叶一起学职场技能
1393651, 8.3, 40, 积极思考就是力量
24881104, 6.4, 240, 像间谍一样思考
26755527, 6.8, 143, 不是每个故事都有结局
26585473, 8.5, 35, 上帝的火柴
26279660, 8.6, 33, 致年轻律师的信
20282795, 6.6, 174, 史上最简单的问题解决手册
3691386, 8.9, 27, 用计算的观点看世界
26289604, 6.8, 135, 恰到好处的挫折
26844682, 8.7, 30, 《生活大爆炸》里的科学
26319755, 7.1, 97, 极简术
26252909, 6.7, 146, 人生困境整理术
1068287, 7.9, 48, 柏拉图
1777287, 8.7, 29, The Way of the Superior Man
26766981, 7.7, 55, 帝国之弧
6851967, 7.2, 84, 六个思考框
26592112, 6.3, 230, 这世界，缺你不可
25986323, 7.0, 98, 那些曾让你哭过的事，总有一天会笑着说出来
26911425, 7.7, 51, 练习的心态
25795599, 7.2, 75, 住在我心里的猴子
26271339, 7.2, 75, 福尔摩斯思考术
1491282, 7.6, 53, 14岁开始的哲学
1217075, 8.1, 37, 必要的张力
1028131, 7.5, 57, 天才是怎样思考的
2224294, 7.2, 73, 失去灵魂的卓越
26429871, 7.2, 73, 愿所有的坚持终不被辜负
26261585, 5.7, 545, 反洗脑
24855882, 6.8, 108, 逻辑思考力
1159549, 7.4, 60, 思考与致富
1949288, 7.8, 44, 死刑论辩
1143195, 8.0, 38, 永动机与哥德巴赫猜想
3484269, 8.5, 28, GREAT WALL OF CHINA万里长城建造时
1070963, 7.0, 85, 杰出的头脑
1173461, 7.6, 50, 平行思维
25929217, 7.8, 43, 第一商会
26426810, 6.1, 253, 不那么拼，去过一种更有趣的生活
26287483, 7.1, 75, 迷失的时候，选择更艰辛的那条路
26256212, 8.5, 27, 与上帝拔河
2175471, 8.3, 30, 探索基因组学、蛋白质组学和生物信息学
25874848, 7.3, 60, 愿你已放下，常驻光阴中
26839404, 8.5, 26, 认得清自己，付得起代价
1426158, 7.2, 64, 优质思考的十个习惯
24696855, 7.1, 69, 意志力是训练出来的
1055064, 8.2, 30, 登顶
3446490, 6.8, 90, 老狐狸经
26650062, 7.2, 60, 冰岛迷梦
26362196, 6.0, 243, 聪明人是如何思考的
2125646, 8.4, 26, 你最重要的东西是什么？
2329540, 7.6, 43, 前车之鉴
1073845, 7.8, 37, 横向思维（上下）
4820559, 8.3, 27, 沙漠的智慧
26422298, 8.3, 27, 奇点系列
24324671, 6.1, 201, 云像没有犄角和尾巴瘸了腿的长颈鹿
1156371, 8.5, 24, 黄帝内经灵枢白话解
26411434, 7.5, 45, 重遇未知的自己
26742839, 7.8, 36, 每晚睡前原谅所有的人和事
26677547, 8.4, 25, 微信公众营销
25762256, 7.1, 62, 暂停：有些事只有停下来，才能想得更清楚
26528476, 6.4, 129, 80后，怎么办
3604959, 8.1, 29, 人的局限性
5976095, 7.0, 66, 牛津剑桥的59道思考题
10494256, 6.5, 111, 活在当下
26832523, 8.4, 24, 完全图解超实用思考术
11605934, 8.0, 29, 公司的逻辑
26431174, 7.5, 38, 人生，是一个决定
1320545, 7.9, 28, 潜智
26902177, 8.3, 22, 技术之瞳――阿里巴巴技术笔试心得
2973399, 8.2, 23, 液B之
1033757, 8.3, 21, 天生反叛
26807404, 7.2, 42, 一只猫的生活意见
3650924, 6.8, 58, 为什么听不懂，为什么说不清
6808009, 7.6, 30, 行走于我
2845839, 8.5, 18, The Psychology of Problem Solving
26288123, 6.8, 54, 知性力
26576613, 6.3, 89, 101件事儿：死前要试试
10565635, 7.0, 44, 好爱情就是要算计
6808010, 8.0, 22, 上路
25914819, 7.7, 26, 生活是最好的修行：办公室里的修行课
3044263, 7.9, 23, 纳粹集中营里的少女
25909254, 7.4, 27, 外星人长得像人吗
20561679, 8.0, 18, 寻回中医失落的元神1
26815804, 6.8, 39, 绝密原型档案
26873808, 8.5, 13, Homo Deus: A Brief History of Tomorrow
25896813, 7.9, 17, 逻辑学是什么（第3版）
4453914, 7.8, 17, Understanding Arguments
26616537, 7.0, 27, 这就是宜家
25786148, 5.6, 117, 被颠覆的文明
4713795, 7.5, 19, 逻辑思维训练1200题
1288977, 7.8, 16, 转变
26890196, 6.4, 43, 最怕你一生碌碌无为，还安慰自己平凡可贵
26335136, 7.8, 15, 赌城不是天堂
26900544, 7.5, 17, 正念的革命
26820888, 8.2, 12, 中国近代史
3261135, 7.4, 18, 教你的孩子如何思考
1203879, 8.0, 13, 毛泽东武略
1907487, 8.0, 13, Perfect Pitch
26270867, 5.7, 76, 怎样有逻辑地说服他人
1955992, 7.1, 20, 品牌密码
4909378, 7.7, 14, 孤独
5338820, 7.0, 21, 女人的修养与处世智慧全集
26914815, 6.9, 22, 所有坚强都是柔软生的茧
26581103, 7.2, 15, 宇宙的裂缝：一位修禅者的科学观
25985112, 6.8, 19, 跟任何人都能聊得来
2003784, 7.7, 11, Argumentation: The Study of Effective Reasoning
25774080, 5.1, 120, 谁在导演世界
26728551, 7.5, 12, 石河子札
26394915, 7.4, 12, 临终前最后悔的五件事
25964587, 6.3, 23, 自私
6404003, 7.5, 10, 学问
26656539, 7.3, 10, 科学精英
