2017-01-23 16:17:59
Tag: 情感
The number of books: 967 

ID, rating, votes, title
6388661, 8.8, 41042, 这些人，那些事
3026879, 8.8, 13337, 爱的艺术
2022979, 8.1, 41248, 喜宝
4238754, 8.0, 33199, 失恋33天
26340138, 7.7, 49732, 岛上书店
2251434, 9.0, 5560, 被爱路过
4313207, 8.5, 6576, 致D
2143304, 8.1, 11832, 我爱问连岳
25747921, 7.2, 68398, 从你的全世界路过
1046172, 8.4, 6451, 流金岁月
3765331, 8.6, 4379, 恋人絮语
5289756, 7.9, 12688, 爱的地下教育
1470158, 8.0, 10227, 圆舞
3533221, 8.5, 4426, 非暴力沟通
1079252, 8.2, 6842, 爱情笔记
3711733, 8.6, 3785, 那个姐姐教我们的事
3080607, 8.2, 5900, 我爱问连岳Ⅱ
24541883, 8.1, 6524, 消失的爱人
11501640, 8.4, 3590, 柔软
1437973, 8.7, 2343, 亲密关系
6041708, 8.4, 3441, 世上另一个我(修订版)
6890671, 8.2, 4117, 一天
1223845, 7.6, 10902, 男人来自火星 女人来自金星
6864307, 7.4, 14986, 像我这样笨拙地生活
2080764, 8.3, 3364, 为何家会伤人
1807769, 8.8, 1632, 假如你愿意你就恋爱吧
7058059, 8.0, 4731, 我们心中的怕和爱
25924242, 8.9, 1400, 爱在黎明破晓前&amp;爱在日落黄昏时
3440557, 8.5, 2247, 亲爱的沙皮
2065564, 8.1, 3806, 一日重生
2214344, 7.5, 10235, 不存在的女儿
11614293, 7.5, 10088, 人生需要揭穿
1444900, 8.6, 1872, 爱的五种语言
21360827, 9.0, 1173, 朱生豪情书全集
3886010, 8.1, 3648, 我爱问连岳Ⅲ
10739290, 7.9, 4874, 30岁前别结婚
25704797, 8.0, 4038, 思念成城
1004539, 8.5, 2008, 爱与孤独
1036395, 8.4, 2178, 爱上浪漫
26642866, 8.4, 2174, 萤火虫小巷
3065232, 8.0, 3598, 藏地白皮书
3273876, 8.1, 3074, 被劫持的私生活
25716611, 8.5, 1768, 花街往事
1324985, 8.1, 2900, 我是鸡汤
24875416, 8.3, 2184, 生命最后的读书会
2250289, 7.9, 3674, 一个人不要怕
20270670, 8.2, 2244, 为何爱会伤人
25957554, 8.0, 2782, 在不安的世界安静的活
3225748, 7.9, 3002, 路上有惊慌
6048071, 8.6, 1136, 七声
6973816, 7.7, 3772, 古董衣情缘
2070807, 8.5, 1230, 懂得爱
5391766, 7.5, 4998, 忽然七日
2568268, 8.9, 737, 四种爱
3907791, 8.5, 1108, 花与爱丽丝
6052834, 8.2, 1600, 亲密关系
1314262, 8.0, 2087, 情感化设计
4934733, 8.3, 1326, 真实的幸福
3333758, 7.3, 5771, 大爱晚成
5337231, 8.2, 1462, 我爱问连岳Ⅳ
26146992, 7.4, 4803, 我们为什么会分手？
6003394, 8.2, 1372, 爱，始于冬季
20413742, 7.5, 3748, 不说，就真来不及了
3900857, 9.5, 357, 爱的3温暖（图文书）
4932095, 7.6, 3120, 好好爱自己
3005066, 8.1, 1446, 在爱中修行
3671351, 7.0, 8556, 巴黎没有摩天轮
3223666, 9.4, 365, 郅工伽娘たち
5293030, 7.1, 6873, 那些有伤的年轻人
3712855, 8.3, 1088, 为何越爱越孤独
1220789, 8.1, 1385, 爱上双人舞
4892883, 8.5, 772, 爱是一切的答案
1310112, 8.3, 961, 诫律
5394486, 7.3, 3869, 爱情没那么美好
4222342, 7.7, 2025, 裸婚
26214729, 8.4, 798, 如果我能说了算
6041690, 7.6, 2263, 婚姻是女人一辈子的事
1052477, 7.6, 2251, 中国式离婚
2060432, 7.1, 5076, 红颜露水
3521168, 7.0, 6101, 谢谢你离开我
26416401, 7.4, 2964, 我敢在你怀里孤独
1104557, 7.9, 1407, 海水正蓝
1101447, 7.7, 1845, 不要用爱控制我
21346610, 7.6, 2086, 莫失莫忘
4255002, 7.6, 2074, 日光微澜
19899834, 7.2, 3921, 只愿你曾被这世界温柔相待
3747984, 8.0, 1150, 爱情的容量
1950019, 8.6, 570, 马利与我
2074187, 7.3, 3173, 特首小姐你早
25788697, 7.6, 1942, 一切都是最好的安排
2344105, 8.1, 980, 把妹_人之i男方法
1764940, 8.3, 726, 爱是一种选择
3239048, 7.2, 3378, 相亲以后
11587591, 7.7, 1536, 想念你的陌生人
2173025, 7.5, 2055, 放下。爱
1000034, 7.4, 2343, 生死遗言
1262580, 7.6, 1656, 像邦妮一样爱你
26303520, 9.0, 333, 婚姻的意义
4214217, 7.5, 1898, 女人明白要趁早
20480681, 7.4, 2199, 你当温柔，却有力量
5920237, 8.6, 481, 把爱传下去
25752046, 8.1, 830, 心如钢铁地追求幸福
1074660, 8.5, 523, 我这一辈子
3394930, 7.9, 1038, He&#39;s Just Not That Into You
1975960, 7.1, 3463, 所以
10555459, 7.7, 1268, 始终不聪明
2157003, 7.2, 2665, 她们谋生亦谋爱
2146336, 7.2, 2643, 分手清单
1012536, 7.8, 1082, 爱不厌诈
5939058, 7.5, 1617, 别拿男人不当动物
10545691, 7.9, 922, 好好修养爱
4159518, 8.0, 808, 情人书
2247147, 8.8, 343, 小熊维尼
1157648, 7.2, 2489, 东京塔
5356341, 8.0, 779, 男人来自火星，女人来自金星2
26183848, 7.3, 2051, 完美关系的秘密
3276681, 7.7, 1096, 他其实没那么喜欢你
26359759, 8.0, 738, 那些我们没谈过的事
1052065, 8.8, 319, 张爱玲
1794202, 7.1, 2670, 苏丝黄的世界
26654687, 8.0, 724, 你是我的命运
1072213, 8.6, 375, 一个陌生女子的来信
6427971, 7.7, 1045, 学会爱，超越爱
4151190, 8.2, 567, 完美的爱，不完美的关系
4843911, 7.1, 2571, 魔鬼搭讪学
20472534, 6.7, 5326, 迎男而上
21331464, 7.8, 895, 那些荒谬的往事叫青春
20488770, 7.6, 1168, 恋爱中毒
2082044, 8.1, 612, 金赛性学报告
25747871, 8.4, 439, 恨，友谊，追求，爱情，婚姻
1871590, 7.1, 2437, 爱你就像爱生病
6957796, 8.4, 433, 爱得太多的女人
7916066, 7.6, 1109, 欲爱书
25837146, 7.3, 1687, 倾我所有去生活
4920175, 7.4, 1419, 我喜欢你，你知道吗？
25887981, 8.2, 504, 微妙
10564563, 7.1, 2162, 闺蜜
24297906, 6.7, 4441, 不畏将来 不念过去
3875750, 7.8, 766, 完美伴侣
1084385, 9.1, 205, 川端康成小说经典（全三册）
26792696, 8.9, 242, 镜（全6册）
10779411, 6.7, 4256, 男女内参
25660015, 6.9, 2904, 以自己喜欢的方式过一生
10455864, 7.3, 1456, 知情识趣
2117303, 7.8, 719, 大校的女儿
4166697, 8.1, 505, 红旗下的果儿
25697495, 8.7, 272, 情感依附
10530039, 7.8, 703, 爱情就是一物降一物
26384985, 7.4, 1189, 我有个恋爱想和你谈下
25847224, 6.9, 2635, 世界与你无关
26295733, 7.2, 1592, 我知道你没那么坚强
2074773, 7.8, 686, 把妹_人
3015792, 7.6, 883, 后来……
6038968, 7.4, 1164, 我爱故我在
3771081, 7.6, 872, 为什么男人爱说谎 女人爱哭
4252865, 8.4, 346, 亲爱的木木
3078944, 8.1, 471, “坏”女人有人爱
26611176, 8.9, 218, 永不言弃
11637640, 8.8, 237, 一个陌生女人的来信
2382840, 7.6, 858, 先斟满自己的杯子
23197834, 7.0, 2096, 我们如何走到这一步
10466454, 7.5, 963, 爱要深，心要狠，幸福不能等
10345559, 8.0, 515, 少女布莱达灵修之旅
3210034, 8.3, 371, 和你在一起
25852441, 6.9, 2432, 当我足够好，才会遇见你
20396705, 7.4, 1090, 女心
3348703, 7.8, 638, 耶路撒冷之鸽
25978608, 7.1, 1693, 再美也美不过想象
10588842, 7.8, 633, 而我只有你
3099800, 8.5, 297, 神奇女生祝如愿
5916004, 8.5, 294, 欲望的演化
21764541, 8.7, 240, 爱的五种能力
24524404, 8.3, 350, 归离・华丽终结（套装上下册）
5301484, 8.2, 384, 不一样的恋爱心理学
19964304, 8.0, 476, 爱的多重奏
1080964, 8.1, 426, 喜欢
6519060, 7.1, 1583, 我有一个朋友
4105424, 7.8, 592, 恋爱中的男人
22233895, 7.2, 1332, 用男人的思维跟男人谈恋爱
25718134, 7.3, 1140, 女不强大天不容
25901703, 8.1, 416, 只有时间不会撒谎
26805297, 7.5, 856, 我必须恋爱的理由
6507262, 7.5, 853, 如何让你爱的人爱上你
6019809, 7.8, 576, 我的名字叫回忆
1078017, 7.9, 509, 我希望有人在什么地方等我
6999545, 8.1, 407, 男人的伎俩 女人的道行
25734211, 8.1, 404, 慢慢爱，不慌张
2252637, 8.0, 445, 诱惑的艺术
2310605, 7.4, 935, 暧昧纯友谊
2082036, 8.4, 293, 李银河自选集
1986891, 7.9, 490, Dear John
10946179, 7.3, 1030, 通俗爱情
26628022, 7.3, 1028, 我的盖世英熊
26282087, 7.8, 530, 把所有失眠的夜都给你
4717189, 7.3, 1016, 妄谈与疯话
3069229, 7.0, 1603, 爱情是个冷笑话
25660877, 8.4, 278, 场记
6047978, 8.2, 338, 星星都已经到齐了
25839107, 7.4, 869, 魔鬼约会学
25945941, 7.1, 1350, 日和手帖001：我们终究是一个人
3215331, 8.0, 412, 我的孤儿宝贝
1075398, 7.6, 650, 像少女一样
1444770, 7.7, 566, 男人约会往北，女人约会往南
23765239, 8.2, 323, 世界停在我吻你的时候
26367995, 7.7, 557, 你心柔软，却有力量
6557391, 7.7, 556, 你是人间四月天
5921783, 7.8, 486, 瓶中信
6785611, 7.4, 801, 痴男怨女问沈爷
6859776, 7.4, 790, 男人帮
6869079, 8.1, 341, 但愿婚前我知道
26313089, 7.1, 1202, 姑娘，欢迎降落在这残酷世界
4200316, 7.3, 894, 我愿意
2984507, 8.1, 338, 聂鲁达集
11442509, 8.4, 250, 读懂恋人心
4810784, 7.8, 466, 婚姻，决定女人的一生
3808989, 8.2, 301, 问问李子勋
1159935, 7.5, 667, 恋爱中的女人
20471507, 7.9, 395, 九种忧伤
1418734, 8.1, 317, ^矍
2608363, 7.2, 944, 因为女人
4075837, 6.9, 1489, 20岁跟对人  30岁做对事
20507210, 7.6, 543, 爱情觉醒地图
4903295, 7.7, 478, 黛丽拉和她的20个前男友
26609809, 6.8, 1707, 火车上的女孩
26672581, 7.3, 786, 嘿，三十岁
3815946, 7.1, 1028, 食色男女
26315075, 7.3, 769, 岛屿来信
26846721, 8.8, 157, 如何在爱中修行
25834513, 8.7, 170, 你好！特雷西・对的人
3829853, 7.4, 656, 爱的一百个提醒
6009051, 8.2, 263, 爱上双人舞
4038012, 7.7, 446, 女人30+
3222736, 7.8, 397, 一只狗的遗嘱
6794499, 9.0, 131, 我家有狼初长成
3074772, 7.9, 353, 坏女人有人娶
1441533, 8.7, 165, 相爱的秘密
24714640, 7.0, 1130, 我站在桥上看风景
4931702, 6.7, 1862, 女人不狠
5401757, 7.6, 493, 恋爱戒律
6711374, 7.7, 437, 木范情书
26108423, 7.3, 723, 你看起来很美味
24699085, 7.7, 433, 不允许哭泣的场合
6963561, 8.5, 192, 借来的时间
3026673, 7.8, 384, 女人的幸福与什么有关
1001697, 8.2, 250, 树树皆秋色
4746701, 7.7, 424, 西藏生死恋
1837520, 8.2, 249, 婚姻的烦恼
11524189, 8.4, 206, 在爱情中我们寻找什么
19990280, 7.3, 692, 如果你在就好了
26776393, 9.2, 107, 故乡，心里的风景
25913147, 7.7, 409, 因为深爱，所以放手
26257557, 8.7, 155, 热锅上的家庭
26293455, 7.0, 1027, 我依然爱你，我只是不喜欢你了
4188027, 8.5, 181, 活在爱中的秘诀
2226350, 7.0, 1015, 甩啦，甩啦，甩了他
1420334, 8.3, 214, 爱的密码
2372193, 7.1, 866, 那件疯狂的小事
4859479, 8.4, 194, 北京笑忘录
26595964, 7.2, 740, 当一切在我们周围暗下来
23010110, 7.3, 639, 如何征服英俊少男
25782643, 7.3, 625, 你若不勇敢，谁替你坚强
21335414, 8.8, 134, 马来狂人
20515419, 8.0, 273, 我的另一种人生
4843500, 7.6, 422, 烟味，至爱
10597971, 7.5, 476, 趁一切还来得及
25962890, 7.5, 469, 我愿生命从容
4832482, 7.9, 297, 真实的颜色
10617463, 8.0, 265, 有一天，妈妈老了
1194965, 8.1, 239, 为什么真爱需要等待
3189696, 7.2, 681, 两个人的孤独
25863253, 7.6, 408, 起风了・菜穗子
25697705, 6.8, 1244, 我也会爱上别人的
4219844, 7.4, 517, 死亡居家指南
4934337, 7.0, 897, 最爱的男子
10773363, 7.1, 771, 我喜欢当年喜欢你的我
5423906, 7.0, 883, 辣笔，小心！
25902999, 7.2, 661, 永远不要找别人要安全感
4748801, 7.3, 575, 20岁跟对人，30岁做对事 Ⅱ
1726684, 7.6, 395, Why Men Marry Bitches
4256998, 7.5, 431, 爱情心理学
4278367, 8.1, 224, 好好圩约
2056342, 7.7, 337, 情爱论
24528199, 7.9, 267, 恋爱从失恋开始
11615543, 7.5, 415, 完全恋爱
26791113, 7.6, 360, 男人相对论
1709524, 7.3, 518, 绝对隐私
6894203, 7.5, 402, 大胆爱
26220133, 7.2, 589, 把时间浪费在美好的事物上
21792502, 7.3, 514, 你可以爱我
25748471, 7.9, 255, 格子间女人：新版
25879449, 8.1, 209, 愿你被这世界温柔相待
26411427, 8.9, 107, 小王子
5037451, 6.8, 1046, 每天懂一点恋爱心理学
26614208, 6.6, 1460, 恋爱口语
4199673, 7.4, 444, 尘埃里开出的花
26342494, 7.2, 573, 美女都是狠角色
23765279, 7.8, 278, 爱的基本语法
21722944, 7.3, 499, 为什么有些人永不受伤
10535671, 7.3, 498, 性情男女
26449387, 7.4, 438, 玩命爱一个姑娘
1981207, 7.7, 305, 一个禅者眼中的男女
25718741, 7.5, 382, 路途遥远，我们在一起吧
5037461, 8.0, 221, 爱情心灵安全岛
5372542, 8.1, 200, 情感勒索
25982156, 7.1, 628, 轻易靠近
2303264, 6.7, 1141, 爱情，不是得到就是学到
24695340, 7.4, 417, 世界上的另一个你
4179185, 8.2, 178, 爱的智慧，决定女人的一生
25948155, 7.3, 470, 每一个优秀的人，都有一段沉默的时光
26437752, 6.8, 951, 灯下尘
6712209, 6.6, 1325, 爱与性的实验报告
1835275, 8.6, 125, 刘邦大传
4079599, 7.7, 288, 为什么男人不听 女人不看地图
5917293, 7.7, 285, 爱的五重奏
26847907, 7.8, 254, 见过爱情的人
21335029, 6.9, 788, 鸳鸯谱
3810835, 7.6, 310, 男人来自火星女人来自金星2
26038436, 8.5, 131, 回忆中的玛妮
4806691, 8.2, 169, 你值得更幸福
1423583, 8.4, 142, 爱就是彼此珍惜
3416595, 7.7, 274, 男人与男孩
26285423, 8.2, 167, 亲密关系的秘密
26417964, 7.9, 219, 不可慢待的孤独
6969203, 6.8, 869, 我终于可以不再爱你了
2136135, 7.3, 429, 充满奇想的一年
26287355, 6.8, 865, 除了爱，我们什么都不会
20506307, 7.7, 267, 每当想起你
25714279, 7.8, 239, 还能在一起多久
20471127, 7.7, 265, 给你爱的人以自由
4882155, 6.9, 730, 关于爱与性的一切，你全错了
6069110, 7.5, 330, 相夫
26676298, 8.2, 161, 我要渐渐忘记这个世界了
25981846, 7.4, 369, 这世上的美好，唯你而已
26319003, 8.3, 146, 写下你的墓志铭
3160037, 8.1, 174, 糟糠之妻
3906004, 6.7, 966, 爱情是文字最美的结局
2339932, 8.3, 144, 男人需要尊重 女人需要爱
5355517, 8.3, 144, 失火的天堂
5373128, 7.9, 208, 周渔的火车
26438798, 7.9, 207, 从此学会隐藏悲伤
1078923, 7.2, 457, 口红
2122953, 7.2, 455, 我是女王
5326148, 7.3, 400, 堕落天使
26357479, 6.0, 3702, 我与世界只差一个你
23010383, 6.8, 801, 世上所有的女人都结婚了?
26880577, 8.3, 142, 世界上到底有没有百分之百的异性恋
20259782, 7.5, 310, 好想痛痛快快哭一场
26324128, 7.4, 348, 爱的十万个为什么：爱情的测试题，女人的必修课
1770235, 8.7, 102, S昏流星群(01)
3062302, 7.3, 388, 失恋纪念日
4804148, 7.2, 438, 女人25，活出最好的自己
2990695, 8.3, 138, 爱，上了瘾
4299226, 8.3, 138, 一直在一起
3317555, 7.9, 198, 真爱密码
26576531, 7.6, 268, 爱的阳台
24089617, 6.6, 1045, 世界这么大，还是遇见你
25917542, 8.1, 161, 共情时代
5337240, 7.0, 557, 20岁定好位，30岁有地位
10785919, 8.0, 176, 余兴派对
24699051, 6.8, 743, 快食慢爱
26895627, 8.7, 97, 很感谢你能来，不遗憾你离开
6041720, 7.5, 288, 许愿树
26266562, 7.6, 257, 所念人，所感事
25800202, 7.2, 410, 不想恋爱
26184622, 8.6, 103, 菲洛梅娜
4210973, 6.8, 708, 租来的人生
3113301, 7.4, 314, 天使爱混蛋
4032621, 6.7, 816, 恋爱厚黑学
11541361, 7.4, 311, 我勒个去
3583309, 6.9, 595, 7天女学馆
26335158, 7.0, 516, 不过，一场生活
4710368, 7.6, 245, 第十九个妻子
1491854, 8.4, 116, 金丝雀
20393131, 7.4, 305, 春风十里.不如你
3254065, 7.7, 219, 女人，学会舍得
5341466, 7.6, 243, 你该知道的真爱秘密
26930726, 8.3, 125, 天空的城1
25975450, 8.4, 115, 积极恋爱心理学
6973852, 8.5, 106, 为爱朗读
25871071, 8.5, 106, 我爱问连岳5
25729298, 7.2, 385, 你是在恋爱，还是在发神经
4813079, 7.1, 436, 我是爱情科代表
5366439, 8.1, 147, 生日后的世界
5361568, 8.4, 114, 获得幸福婚姻的7法则
20513013, 8.1, 146, 亲爱的，我不会把你交给绝望
26747676, 9.0, 73, 愿世上所有的孤单，都有温暖相伴
1971968, 7.3, 331, 女人是比男人更高级的动物
4174054, 7.1, 425, 当男人说想你的时候
6533152, 6.7, 753, 男人那点心思，女人那点心计
4932913, 7.0, 478, 被单身
25943103, 7.1, 418, 温暖灵魂的味道
26579234, 9.1, 67, 蝴蝶狮
3829573, 7.3, 324, 像女人一样行动 像男人一样思考
1346283, 8.7, 87, 激情香水 I 
25975473, 7.4, 282, 幸好，没有在一起
1049337, 7.4, 281, 亲密关系的变革
20452425, 7.3, 316, 自爱，无须等待
4007854, 8.2, 127, 爱不落
26866302, 8.1, 138, 光芒纪?斑斓
26713431, 8.1, 136, 你不必讨全世界的欢心
6776718, 7.3, 308, 恋爱时不折腾，结婚后不动摇
2327797, 7.3, 306, 优雅地低于爱情
26738158, 9.0, 68, 人生只差好好静度时光
4046762, 7.1, 388, 情话绵绵
5068505, 7.6, 216, 别对我撒谎
4767452, 7.5, 240, 爱自己，和谁结婚都一样
25843186, 8.2, 122, 路易的第九条命
4207473, 7.5, 239, 当待业女遇上草食男
4024336, 9.3, 56, 傲慢与偏见
26266672, 7.3, 298, 你以为没有的，可能在来的路上
3700725, 8.4, 103, 如何找对另一半
26685366, 8.0, 144, 波西米亚楼
25724351, 7.0, 433, 满世界找爱
25697246, 8.4, 102, 想太多的猪3
26333102, 7.7, 189, 我不愿让你一个人
1734000, 8.0, 142, 滋养和安顿我们的心灵
2147460, 7.8, 171, 解读情感
24749718, 9.1, 62, 爱暴力
10760907, 9.0, 66, 一个陌生女人的来信
3054780, 7.0, 422, 20几岁就要做女王
25785796, 7.0, 421, 既然爱情留不住
26796537, 8.0, 140, 为了你，我愿意热爱整个世界
6809106, 7.2, 323, 女人想结婚 男人想私奔
7046525, 8.0, 139, 无人知晓事件
5279521, 7.0, 414, 浮世爱情
3204342, 7.4, 253, 承诺先生
26248495, 8.3, 107, 当我举杯的时候
25941678, 6.8, 543, 他爱的是玫瑰，而你是蔷薇
20398022, 7.8, 165, 圣徒与罪人
3442918, 7.6, 201, 看破红尘爱红尘
5324403, 8.1, 125, 原来，幸福就在转角处
3785315, 7.8, 164, 海边的疗伤小屋
26340704, 7.6, 198, 亲爱的另一个我
26714703, 7.2, 310, 我们香港这些年
26301836, 7.3, 274, 你的孤独，比这个世界更动人
25735954, 7.0, 397, 最美：唯有时间了解爱
25869090, 7.8, 160, 完美妻子
6110122, 7.7, 175, 小心!男人就这样骗你
26347185, 8.7, 76, 微妙的平衡
5290237, 7.8, 158, 此情无法投递
4826132, 7.5, 214, 穿心莲
26272191, 7.1, 340, 夏日终焉
6861087, 7.2, 298, 后来
26354161, 8.1, 119, 爱人、情人和怪人
6850879, 7.9, 142, 结婚吗
25920516, 7.1, 333, 倾其所有去爱你
25809012, 8.1, 118, 爱的博弈
24380598, 9.4, 48, 烟味，至爱2
26602109, 7.4, 233, 吃饱了才有力气谈恋爱
25835911, 8.0, 128, 幸福假面
26672590, 7.6, 187, 此时此刻相爱的能力
10578488, 6.8, 490, 栖
25723256, 8.3, 98, 爱是与水和星同行的旅程
10741920, 7.0, 368, 再见苏丝黄
6713920, 6.9, 420, 一纸谈欢
26847674, 8.6, 77, 狡猾的情感
25912583, 7.5, 200, 回到爱最开始的地方
26289077, 7.6, 179, 这善变的世界，难得有你
25728030, 7.9, 134, 我和你一样
3742938, 7.8, 146, y座t牌S男g
6127337, 7.9, 133, l有下次 l]有下次?
26359398, 7.1, 310, 你要好好爱自己
26709057, 7.9, 131, 那些被我们辜负的人
10555484, 8.0, 119, 婚前算清楚，婚后过明白
19956804, 7.1, 303, 当世界变成辣椒
24758531, 7.0, 344, 世上没有人比你更重要
25808939, 7.4, 211, 一个不会离开的男人
20385070, 7.2, 264, 只怕不再遇上
25831578, 8.4, 84, 永远的菲利普
26243027, 7.0, 333, 你配得上更好的世界
25733641, 6.9, 379, 我爱你，时间没什么了不起
25977760, 7.0, 331, 我们都是突然长大的
25772471, 6.8, 432, 唯美食与爱不可辜负
26346186, 8.7, 67, 那些叫爱情的伤，我们总会痊愈的
25722032, 7.5, 183, 流经我们内心的风景
26074673, 8.0, 113, 无出路咖啡馆
24863308, 7.5, 179, 我们在互相辨认中老去
4223244, 7.8, 132, 男人来自火星.女人来自金星大全集
10429638, 6.8, 409, 我知道你是怎么剩下的
1004538, 6.9, 356, 调情的艺术
1055618, 7.9, 119, 火星人金星人长相厮守
1096911, 9.2, 47, 曹禺（日出、雷雨）
20427565, 8.1, 100, 从容彼岸是生活
26413830, 7.2, 239, 这辈子活得热气腾腾
24845040, 7.3, 213, 最美好的人间十日
26385621, 7.3, 213, 恋爱课
2349607, 7.2, 238, 我是女王2
1833283, 9.1, 49, 应该补上的一课
3249335, 7.5, 167, 女性心灵成长经典
1287449, 8.4, 76, 窗外依然有蓝天
26324816, 8.0, 104, 亲爱的小孩
5959592, 7.5, 165, 凌乱的床
25841288, 7.3, 203, 最好的年龄才刚刚开始
25796204, 6.8, 376, 想念，却不想见的人
4358392, 7.0, 288, 我和幸福有个误会
7051699, 8.2, 87, 情感狱
26107455, 6.4, 677, 谢谢你曾来过我的世界
24859086, 8.9, 53, 有朝一日 你我互诉衷肠
3376462, 7.3, 199, 爱过，更要好好过
5352814, 7.0, 283, 男人来自火星，女人来自金星3
26237270, 8.1, 93, 恋人以悲伤为食
6750512, 7.7, 131, 男人来自火星女人来自金星
3803833, 7.2, 220, 先嫁书后嫁人
4259287, 7.1, 247, 女人受益一生的7堂女学课
26716119, 7.9, 109, 民国男闺蜜
4039365, 7.9, 108, 爱的最佳距离
26292727, 7.7, 129, 就当一次路过
6999884, 6.7, 408, 情场不输人，职场不输阵
26303547, 7.9, 107, 希望有个人，爱你如生命
4320845, 7.4, 172, 母亲的模特
20471088, 6.7, 403, 谈笑间
26298713, 8.5, 66, 我还爱着你，比想象中更深
26878858, 8.5, 66, 恋爱心理学：愿你被男人温柔相待
25913193, 7.2, 210, 一切有情
25794737, 7.4, 168, 彬彬有礼地离开吧，不要和地球人谈恋爱
25926869, 7.5, 151, 那些再与你无关的幸福
26602466, 8.1, 88, 安全感
3656946, 6.5, 525, 男人是野生动物，女人是筑巢动物
26732962, 8.2, 81, 姑娘，你是你自己，不同于任何
26927491, 8.5, 65, 白夜照相馆
25925049, 6.9, 296, 那些伤，为什么我还放不下：斯坦福大学最重要的一堂情绪管理课
26910001, 8.9, 50, 这世界偷偷爱着你
24870857, 7.6, 135, 其实没那么糟
25978012, 8.2, 80, 若离于爱
26672661, 9.0, 46, 爱情不设限
1043541, 7.0, 251, 比如女人
3982877, 7.6, 131, 亲爱的，我们离婚吧
26767011, 6.9, 284, 先谋生，再谋爱
6528103, 7.1, 220, 我只是遗憾不能陪你一起老
26269501, 7.4, 158, 你配得起更好
20546474, 8.6, 58, The Reason I Jump
4827124, 7.6, 128, 尘埃里开出的花
23020821, 8.3, 71, 每一天
2381207, 8.0, 89, 出走
3235630, 7.8, 105, 刺猬的爱情
26422519, 7.8, 105, 江国香织：爱无比荒凉
2112702, 7.2, 190, 半支烟的爱情
26708113, 7.4, 151, 陪你说一世晚安
25866725, 7.7, 113, i 问连岳
26183866, 8.0, 87, 自私书
25983797, 9.2, 39, 一半儿温馨一半儿冷
26430576, 7.9, 94, 为什么我们爱得这么累
25923591, 5.7, 2116, 老师好美
10558785, 7.7, 111, 星星・月亮・太阳
5417347, 7.5, 134, 遇见懂爱的自己
25844381, 8.1, 79, 若还有爱，我便与你同在
4915696, 6.5, 451, 让你的爱非诚勿扰
25835908, 8.0, 85, 未完成的肖像
26417097, 7.3, 162, 不再让你孤单
6759564, 7.9, 92, 我的男人，你究竟在想什么？
5366043, 7.4, 145, 写给没有男朋友的你
6795915, 7.3, 158, 有些事女人不懂，一辈子就“完”了
25796947, 7.9, 90, 最好的告别，是将你遗忘在路上
26339855, 7.3, 157, 有种后宫叫德妃
4849498, 6.7, 322, 遇见你是我最美丽的意外
20496324, 5.9, 1244, 滚床单心理学
1440000, 7.5, 127, 爱经全书
10732495, 6.7, 317, 真爱没那么累，幸福没那么贵
26287171, 8.4, 60, 天意眷顾，我们终有一天会各得其所
26848701, 9.6, 30, 一亿人，不如你一人
1001152, 7.4, 138, 菠萝飘香的彼岸
6981379, 7.4, 138, 走过婚姻
3185404, 6.9, 241, 我的巧克力男呢
24714828, 7.0, 213, 我知道没有人值得我羡慕
20501314, 7.7, 103, 爱情很残酷，你要学点擒拿术
21355911, 7.2, 167, 喜欢你的150个小细节
25872886, 8.2, 68, 我的忐忑人生
2079551, 6.9, 235, 不要脸要趁早
25937939, 7.5, 122, 一个人也能有很好的时候
26733645, 7.1, 184, 我一直在你触手可及的地方
4259418, 7.3, 148, 爱的背面
4915796, 7.4, 130, 爱的22种底色
10607680, 8.3, 61, 亲密关系的重建
24851710, 7.7, 98, 我有一点喜欢你
6000435, 7.1, 178, 女人挖坑男人跳
26892786, 9.1, 37, 你须寻得所爱
25917736, 7.5, 117, 情种起源
26662977, 7.8, 89, 再见之后，说再见
22677138, 7.6, 106, 狠狠爱自己
11612233, 7.4, 128, 分手笑忘书
26890720, 8.4, 56, 你所羡慕的一切，都是有备而来
26705684, 8.0, 75, 宇宙再大大不过我和你
4922087, 8.1, 69, 咖啡与哲学
5959694, 8.5, 52, Giovanni&#39;s Room
25755623, 6.9, 217, 不爱会死
25717330, 7.3, 138, 初恋41次
6000456, 7.6, 103, 那是依赖，不是爱
1731271, 7.5, 113, 生为女人
11232791, 7.3, 137, 走出抑郁症
25775008, 7.3, 137, 我爱我自己 你爱你自己
1082238, 8.2, 63, 非常选择 非常MATCH
26607541, 8.6, 48, 山河只为你喧嚣
1022507, 7.9, 79, 中世纪爱的艺术
3768450, 6.6, 315, 李银河:关于情感的对话
25905252, 7.2, 151, 接纳是最好的温柔
26637972, 9.3, 32, 小情绪 大情感
22763917, 7.0, 188, 单身恋习题
3005081, 7.8, 85, 男女亲密对话
10802061, 7.9, 78, 好婚姻，靠修行
25927346, 7.0, 184, 趁我们还年轻，趁我还爱你
10550909, 8.3, 57, 叔本华
3389933, 8.0, 71, 晚睡谈心
10593882, 6.9, 206, 其实他没那么喜欢你
26930732, 8.4, 53, 天空的城2
1929555, 7.8, 83, 大矍
24541877, 7.0, 181, 我只害怕我爱你
26295628, 6.9, 203, 青春若有张不老的脸
26775411, 8.6, 46, 祝，一切安好
4791051, 6.8, 227, 成人之美
4229353, 8.1, 64, 情感自由
24295815, 7.6, 96, 宠物情缘
5994618, 6.6, 292, 女人的危险书
26312424, 6.7, 253, 北京人在北京
4926778, 7.0, 173, 狂奔的左左
25768468, 8.7, 42, 爱有8种习惯
26463891, 7.9, 73, 心碎是爱情最美的样子
3862636, 7.6, 93, 忘了我
25937918, 7.6, 92, 和自己喜欢的一切在一起
1153485, 7.1, 150, 女性心理学
26342310, 8.2, 57, 只因单身在一起
6965478, 7.9, 71, 相爱的艺术
1073618, 7.4, 109, M计划
26849843, 8.4, 49, 你所甘于的平凡，其实是平庸
3726912, 7.1, 147, 搭讪圣经
4831413, 7.2, 132, 爱，问张博士
24845782, 6.6, 269, 不忘初心，方得始终
25924913, 6.5, 306, 你这辈子就是吃了太严肃的亏
3113234, 6.3, 412, 婚姻很远，暧昧很近
25738159, 8.0, 64, 爱情是一座荒芜的花圃
5907424, 7.9, 69, 痛苦，是因为我们误解了爱情
4243143, 7.3, 116, 坏女人会约会
21817847, 8.0, 63, 废墟或欢城
2005515, 6.9, 177, 别以为下一个男人会更好
26140526, 6.2, 466, 你值得拥有最好的一切
1271137, 7.7, 79, 为什么男人不听话女人没方向
2993065, 6.8, 197, 时光停止的夏天
22139036, 6.8, 194, 爱的静寂
26013472, 6.7, 217, 你要爱上自己，给她饭吃，给她水喝，给她情书
6541344, 7.7, 77, 亲爱的
24834619, 7.1, 135, 我不允许自己难过太久
5399573, 7.0, 150, 我们其实没那么要好
26351080, 7.6, 83, 识男手册
25956486, 7.1, 134, 色界
1438694, 7.7, 76, 说吧，寂寞
26718873, 9.1, 30, 一切都不是你的错
6396243, 7.6, 81, 一个人的好时光
26791097, 7.6, 81, 不是世界不好，是你见的太少
7004259, 7.5, 88, 盐之书
26383619, 7.8, 68, 你是我疲惫生活里的温柔梦想
5350218, 7.2, 116, 你住在爱情的哪一楼
4061914, 8.3, 47, 风流
25986171, 7.4, 94, 愿你成为自己喜欢的样子
26456492, 7.5, 85, 我不要在庸碌中老去
5917350, 6.8, 173, 婚前教育
25790810, 7.4, 92, 孤独的梦中人
1195337, 8.0, 56, 游戏情感设计
26118143, 8.0, 56, 玫瑰与紫杉
26922279, 8.4, 42, 雨中你的自由泳非常美丽
26219396, 7.5, 82, 不打扰是我的温柔
24316406, 7.3, 98, 收不到的情书
21452846, 7.2, 108, 爱情急救手册
26678727, 8.3, 44, 那些浪费的时光和生动的爱
4118176, 7.1, 118, 给爱情加点盐－好爱情是算计出来的
20388503, 7.1, 117, 闺蜜的战争
4243425, 7.6, 73, He is Just Not That into You (Audio CD)
26798534, 7.6, 73, 嘿，你正常吗
1848756, 8.8, 32, 我在
6430317, 7.4, 86, 十个天才的精神病史
6890272, 8.1, 49, 男人有风险，相爱需谨慎
26288798, 7.5, 78, 你的温度，我的幸福
26614247, 7.2, 103, 我们的关系如此狭窄
2241911, 8.0, 52, Where Rainbows End
25887378, 8.5, 37, 心若向阳，无谓悲伤
25799422, 9.0, 28, 抑郁的爱
25856219, 7.9, 55, 嘉烈c大l的最初
25868210, 7.1, 110, 你了解全世界，却不了解我
26430432, 8.4, 39, 当我们变理智，如何谈爱情
3891082, 7.8, 59, 男人不够gentlemen 女人不够feminine
26215956, 7.3, 89, 爱一人 上一课
20309593, 8.3, 41, 爱人随风而来
21372099, 8.3, 41, 漂亮人生
11511943, 7.5, 74, y座桑教的，男人就是吃@套!
6012785, 6.8, 148, 中年男人地下手记
6969933, 8.4, 38, Attached
26611793, 7.5, 73, 人长大了，开心都想哭
26667280, 7.6, 67, 虽然没有遇到什么困难，但我就是要逃避
3022364, 7.9, 53, 印度劢
25762319, 9.0, 27, 强迫的爱
26680733, 6.9, 130, 谢你不娶之恩
24838459, 7.1, 105, 遇上爱，我们都是贱骨头
25852452, 6.8, 145, 男人天生被她们吸引
5941507, 7.5, 72, 近月
26557144, 6.3, 275, 写给单身的你
26321162, 8.0, 48, 找到意想不到的自己
5993316, 7.7, 60, 男人不坏，女人不爱
24851602, 7.5, 70, 你不知道他多不爱你
26184209, 7.1, 101, 暖男
25710577, 7.4, 76, 恋爱成就寺
1806591, 7.7, 59, Speak
20283977, 7.2, 91, 待续
6425485, 8.2, 41, 给我的孩子讲爱情
26593872, 6.9, 121, 如果还能再见你
26832692, 7.2, 89, 喜欢你是我做过最好的事
6101339, 8.0, 46, 男人最怕失败女人最怕孤独
26654398, 8.0, 46, 没什么放不下
25852268, 7.3, 79, 有情才有调
25860363, 6.5, 189, 那些为你无眠的夜晚
1400716, 6.9, 116, 你肯定会哭
26421261, 7.4, 71, 当你真正开始爱自己
10778814, 6.9, 115, 一念路向北
20277513, 8.0, 44, 谢谢你离开我
26108020, 6.7, 141, 你若懂我，该有多好
25810613, 7.0, 101, 再见冬妮娅
26439450, 7.0, 101, 爱我少一点，爱我久一点
4915695, 7.7, 54, 我是你一辈子的试用品
25741241, 8.2, 38, 有多想要，就有多幸福
26665494, 8.2, 38, 如果你曾奋不顾身爱过一个人
5341097, 6.7, 139, 三十未嫁
24849597, 7.0, 100, 记忆的味道
1248524, 7.6, 58, 恋爱宝典
3508103, 6.3, 231, 半糖主义
25788668, 7.4, 68, 恋习生
1020110, 7.9, 46, 丘比特之箭
26592112, 6.3, 230, 这世界，缺你不可
25986323, 7.0, 98, 那些曾让你哭过的事，总有一天会笑着说出来
25997311, 7.4, 67, 女人的心理
26700526, 6.1, 305, 生活比我的话更刻薄
4147039, 7.9, 45, 谁是我的理想伴侣
3803595, 8.6, 29, 父亲的智慧
25825572, 7.0, 96, 你若不来，我怎敢老去
5248385, 6.8, 118, 男人是狗
25931852, 7.1, 86, 爱的重量
5356192, 6.6, 146, 男人来自火星，女人来自金星4
26747695, 6.6, 146, 所有失去的都会以另一种方式归来
25891407, 8.0, 41, 从文家书
26382575, 8.0, 41, 这个世界上什么人都有
26429949, 8.5, 30, 原来，懂比爱更重要
3047926, 7.8, 47, 搭}
25882364, 7.8, 47, 爱情公寓4全本小说
25983024, 7.8, 47, 母亲的女儿
11511934, 7.5, 59, 逆D郏∪毡臼紫秃现J教你嬴回前男友！
11614289, 6.2, 246, 30岁前
3034996, 7.9, 43, 你什麽相信算命
26677881, 7.9, 43, 有时孤独比拥抱实在
25795599, 7.2, 75, 住在我心里的猴子
26434372, 7.3, 68, 别怕，有我在
4254376, 7.0, 90, 爱与性的秘密
26374656, 8.5, 29, 因为是妈妈
26878036, 7.3, 67, 30岁后，你值得拥有这样的人生
25878366, 6.7, 122, 世界与你无关
4027636, 7.4, 61, 蔡澜品女人 2
25905982, 6.9, 97, 我想和你好好在一起
6718313, 8.6, 27, 食物c矍榈脑@{
26752649, 8.2, 34, 光阴似水 待你如初
26781734, 6.8, 107, 北京遇上西雅图之不二情书
26289089, 8.1, 36, 一万年太久，爱我，现在
1492114, 7.4, 60, 男人
5348116, 6.5, 149, 草食系男子的恋爱学
25975558, 7.0, 85, 一个人的义无反顾
6394266, 7.0, 84, 还有一只狗
26852140, 7.8, 43, 冷眼观爱2：一切情感问题的答案
26288006, 7.9, 40, 我们好像在哪见过
25900863, 8.3, 31, 那年冬天，风在吹
20270240, 6.4, 165, 他还未来你怎敢老去
4173975, 7.4, 58, 距离爱情1毫米
10449641, 7.4, 58, 学习爱
26874277, 6.9, 92, 致现任
2215673, 7.3, 63, 爱的艺术
3054954, 7.1, 75, 不相亲，怎么相爱
26657920, 8.1, 34, 法国人如何发明爱情
2143526, 7.6, 48, 情感的历史
1443118, 7.0, 80, 男人进卧室向左，女人进卧室向右
25895398, 7.8, 41, 勉强不来的幸福
26683042, 7.7, 44, 分手那天，我一夜长大
26757320, 7.1, 72, 恋爱心法
25874848, 7.3, 60, 愿你已放下，常驻光阴中
26829704, 7.6, 47, 从今天起，不活在别人的期待里
26739071, 6.4, 153, 北海道物语
26418396, 7.8, 40, 在爱中，我们已然相遇
26733304, 7.8, 40, 在我失恋后最难过的那段时间里
26356673, 6.9, 84, 我们都要好好的
6021950, 7.3, 58, 焚书之书
20492530, 7.3, 58, 男人需要尊重 女人需要爱-升级版
26307531, 5.9, 306, 男人真相
26281090, 7.6, 45, 真爱没有尽头
5990805, 8.1, 32, 爱情有“毒”
26367809, 7.9, 36, 像候鸟一样飞
25934831, 8.5, 25, 一直在你生命里
26178550, 6.5, 124, 接吻简史
25969615, 7.8, 38, 雌性的草地
25920777, 7.2, 60, 隐蔽的脸
4291226, 8.0, 33, 真爱无惧
26685357, 7.2, 58, 吴川是个黄女孩
1384345, 7.6, 42, j望巴黎
6557281, 7.6, 42, 第二颗心
26706915, 7.6, 42, 你有多美好，只有我知道
26285755, 6.6, 104, 将来的你，会感谢现在不放弃的自己
26411434, 7.5, 45, 重遇未知的自己
1014256, 8.4, 25, 关于我父母的一切
26422166, 6.2, 168, 幸福爱：从新手到高手的爱情修习课
21817762, 7.6, 41, 那些路上的恋人哪
25789290, 7.6, 41, 我的家庭回忆录
5300082, 7.7, 38, 亲爱的，我们别吵了
26351743, 7.9, 33, 把生活过成你想象的样子
24318912, 6.9, 72, 绵羊心理学
26853417, 5.9, 251, 我有故事，你有酒吗？
5405365, 6.7, 86, 把妹达人圣经
26472690, 8.1, 28, 来者不惧，去者不留
1431060, 6.9, 69, 斯德哥尔摩情人
6394621, 7.1, 56, 爱情，原来是这样的
26434140, 6.9, 67, 雪地里的单车
25782692, 7.3, 46, 其实我们都受伤了
4265275, 8.2, 25, 亲密之旅（学员手册）
26148560, 7.3, 45, 你是我今生流浪的地方
20271936, 7.1, 53, 别废话!你还可以更好
26363348, 7.1, 53, 完美告别
26390038, 7.1, 53, 遗失的时光
25828490, 8.8, 18, 极客罗曼史
5068039, 7.4, 41, 嫁个好老公
2567688, 7.9, 29, 告别寂寞（1书+2CD光盘)
6397273, 7.7, 33, 30天收获幸福
25981848, 7.3, 44, 爱的方法
26305619, 7.2, 47, 情急：痴男怨女问沈爷2
10538053, 6.5, 92, 为什么嫁人这么难
11631872, 7.1, 51, 短线爱情，长线婚姻
6313438, 7.8, 30, 把妹_人之T惑g
1770851, 8.1, 25, 情感的本质与意义
10550144, 8.1, 25, 结婚后，爱情怎么办
6773875, 7.7, 32, 《毒家蜜方》知性女人方希
26365712, 7.9, 28, 撕裂的记忆
1625440, 8.5, 20, 无辜者
5360866, 8.6, 19, 男人要有责任感 女人才有安全感
20435744, 8.6, 19, 发现爱.找回爱-亲密关系的重建
25981063, 6.8, 65, 两个人很美好，一个人也自在
26275828, 6.5, 88, 深圳，没有勇气再说爱
6430169, 7.2, 45, 移情设计
25747256, 7.7, 31, 亲爱的，我的脑袋里住了一只山雀
1434564, 7.6, 33, 情感计算
26815311, 7.9, 27, 暮色苍茫
3229810, 7.3, 40, 我想要个孩子
26378333, 6.6, 75, 婚礼之前，与你告别
25955087, 7.4, 37, 你是我的一个故事
3246943, 6.5, 81, 女人必读的男人心理学
4840835, 7.2, 42, 情感地缘政治学
1503947, 6.8, 59, 男生讨好你是有企图的
6809458, 8.0, 24, 幸福，没那么简单
25928826, 6.6, 71, 如果你爱上了藏獒，就不能指望他像鸡一样给你下蛋
4864018, 6.8, 57, 我的野蛮女上司
26361699, 7.9, 25, 每一种孤独都有陪伴
3874974, 8.5, 18, 叶文有话要说
26702561, 6.7, 62, 凹凸相对论
2316155, 7.3, 37, 情感社会学
26394068, 7.5, 32, 谈到世界充满爱
26698785, 7.5, 32, 遇见每一个有故事的你
25944665, 6.0, 141, 守得住才叫爱
26617181, 7.4, 34, 逆光也是种向阳
26683602, 7.1, 42, 情感机器
19958025, 7.5, 31, 男人碜阅切
4754747, 7.9, 24, Σ黄穑聿患芭隳汩L大
26808586, 7.9, 24, 晚安，这个残酷又温柔的世界
3219583, 6.4, 80, 男女那点事
25909143, 6.1, 115, 我还是相信爱情吧，万一遇见了呢？
26823251, 7.8, 25, 我遇见过很多爱情，却没有遇见你
26596151, 7.5, 30, 爱错了，就是青春
3051710, 7.4, 32, 女人都该知道的男人秘密
6516326, 7.3, 34, 分心也有好婚姻
26836593, 7.7, 25, 爱与不爱，不将就
25722001, 5.1, 597, 情到浓时情转薄
11443065, 7.1, 37, 意乱相逢时
26455818, 6.5, 63, 许多美好的仗，仍需从头打过
1219270, 6.9, 43, 上钩的鱼都很美
6890284, 7.7, 24, 整容师
26417689, 6.6, 56, 秒懂男人
26693855, 6.5, 60, 人生需要揭穿（珍藏版）
26663846, 7.7, 23, 家在北京
26671076, 7.7, 23, 让你的名字住进我的表白里
26169505, 7.5, 26, 我得过最重的病，是想你
26613506, 6.8, 44, 别让我们在二三十岁就死去
26318150, 6.7, 48, 精神问题有什么可笑的
2041601, 5.7, 157, 会撒娇的女人最好命
26833830, 7.9, 20, 每一个努力的姑娘，都是有翅膀的天使
1835901, 7.8, 21, 毁掉中国人婚姻的18个问题
5264780, 6.8, 42, 让每个男人迷上你
26637220, 6.5, 55, 爱・别・离
11519137, 7.6, 23, 外遇心理学
25832240, 6.5, 54, 那些你想说，但没说出来的话
10786472, 7.8, 20, 为什么我们爱得如此困惑
24873830, 7.7, 21, 矍槭W
26715878, 7.7, 21, 我们都不擅长告别
6730945, 7.3, 27, 结婚五年
26631100, 6.9, 35, 不许青梅见白头
1074394, 6.0, 86, 情海星空：我与刘德华
26832613, 8.0, 17, 女孩
26845389, 8.0, 17, 鲜衣怒马少年心
26920205, 7.7, 20, 我把我的好朋友们都拉黑了
26356465, 7.6, 21, 我不能让每个人都喜欢
2174047, 7.5, 22, 婚前婚後3分U -- 忽然已婚
26252902, 7.3, 25, 我们仍未知道，爱的样子
26706781, 7.7, 19, 一切不合适，都是因为不够爱
1369790, 7.9, 17, 男人都该知道的女人的秘密
4837160, 7.6, 20, 不要爱上混蛋
26738307, 7.5, 21, 致我最爱的你
2986313, 7.0, 29, 性体验与性爱心理
25767509, 6.5, 41, 勾搭宝典（新版）
26738303, 7.1, 25, 时光不矜持
1986882, 6.5, 40, 今天我们为什么结婚
26630615, 7.6, 18, 亲爱的，这世界上本没有对的人
25751626, 7.7, 17, 结婚前，先分手
11511447, 7.1, 24, 原来你不是我的依靠
4704623, 7.3, 21, 七公主吉拉拉
20492531, 7.5, 18, 每个女人都需要有的六个丈夫
25782632, 7.6, 17, 依依故人
26924396, 7.6, 17, 不做你的盖世英雄
25989150, 7.3, 20, 起风的时候想起你
26317479, 6.6, 33, 后来我们都哭了I・伤城
26556125, 5.5, 118, 瘦下来，世界就是你的
24714240, 7.9, 14, 爱情练习题
25836978, 7.1, 22, 日常激情
26765519, 7.5, 17, 世上最遥远的别离
11593108, 7.7, 15, 身体与情感
26883479, 7.7, 15, 《该不该在一起》
26329753, 6.2, 43, 复仇小姐
26274398, 7.3, 18, 时光不老，一切都还来得及
1879425, 7.5, 16, 按摩全书
26592978, 7.5, 16, 总有一天，你会活成自己渴望的模样
26706371, 7.5, 16, 当然也不是都那么ok
5387751, 7.9, 13, 爱到绝处便逢生
26878694, 7.9, 13, 不认命，就拼命
25747519, 6.7, 27, 当我们的青春无处安放
7057991, 5.9, 58, 印度爱经
11609802, 7.7, 14, Not Your Mother&#39;s Rules
3084725, 7.4, 16, 女人的修养与智慧全集
24714239, 7.4, 16, 分手
1038843, 7.2, 18, 父辈的荣誉
1595966, 7.0, 20, 爱我就要我
25693206, 6.9, 21, 如是爱
26462544, 6.9, 21, 被时光隐藏的秘密
26628216, 7.7, 13, 两个两个人
25797273, 7.2, 17, 爱情是门必修课，你要不学就输了
26657402, 7.2, 17, 一人相处，不曾孤独
25959235, 7.5, 14, 《与子书》
5974265, 8.0, 11, 婚姻治疗的九个步骤
26277140, 7.2, 16, 因为深爱，所以孤独
26840194, 7.2, 16, 愿每个当下都是喜欢的
10601554, 5.4, 86, 性吸引力私密教程
1794979, 7.5, 13, For Women Only
24876114, 7.8, 11, 《我亲爱的甜橙树》三部曲
1369512, 7.6, 12, 性病B：238 真n案Psychopathia Sexualis 
25872779, 6.5, 22, 谢谢你，让我变成更好的自己
26763008, 7.8, 10, 丁香岛之恋
26895267, 7.4, 12, 相爱一生的秘密
26263863, 7.5, 11, 从前没有情人节
26296846, 7.0, 14, 一个人怕孤独  两个人怕辜负
11524361, 7.1, 13, 女人抬头做自己，男人才会高看你
4050843, 6.8, 15, 像男人一样思考，像女人一样行动
26840980, 7.5, 10, 《为什么失恋的总是你》
25970926, 7.3, 11, 情绪的奥秘：曾仕强告诉你不生气的活法
13221361, 5.7, 34, 找个有缺点的人结婚
3076724, 7.0, 12, 情商决定女人的一生
26808871, 6.8, 13, 羡慕嫉妒恨
26445181, 5.6, 34, 世界那么大，总有一个人在等你
4167951, 5.8, 26, 聪明女人要读男人心理学
10528317, 6.7, 12, 催眠恋爱术
26438939, 6.6, 12, 为什么我们会痛苦:住在我们心里的15个怪物
26800972, 6.8, 10, 永远东张西望 永远热泪盈眶
26260055, 6.5, 11, 我怕来不及说我爱你
25912540, 2.6, 738, 替全世界去仰望
