2017-01-23 16:17:59
Tag: 成功学
The number of books: 483 

ID, rating, votes, title
1786387, 8.6, 22137, 影响力
3609132, 8.5, 23211, 把时间当作朋友
1056295, 8.3, 18841, 人性的弱点全集
1033778, 8.2, 21427, 富爸爸，穷爸爸
1322025, 8.8, 8109, 卓有成效的管理者
4010196, 8.1, 23310, 世界因你不同
1048007, 8.2, 19074, 高效能人士的七个习惯（精华版）
4953695, 8.0, 24722, 拆掉思维里的墙
1262986, 8.1, 9315, 我不是教你诈
4086927, 8.5, 4814, 煮酒探西游
1269900, 8.2, 6688, 活法
1313124, 8.2, 5760, 赢
3266968, 7.3, 26357, 秘密
3688489, 7.8, 9635, 异类
1021056, 7.2, 27752, 谁动了我的奶酪？
1161817, 8.7, 2193, 洛克菲勒留给儿子的38封信
1045862, 8.5, 2824, 第五项修炼
1083403, 8.0, 5425, 世界上最伟大的推销员
1059769, 8.1, 4244, 从优秀到卓越
1313181, 8.5, 2352, 富兰克林自传
1427679, 7.5, 9665, 做最好的自己
10739290, 7.9, 4874, 30岁前别结婚
26761696, 7.8, 5335, 精进
3622904, 7.3, 11963, 不抱怨的世界
1731825, 7.5, 7927, 读大学，究竟读什么
1961913, 8.3, 2160, 太傻十日谈
25870384, 8.4, 1857, 你的生命有什么可能
1162784, 8.1, 2699, 超越自己・创造自己・肯定自己
10539126, 8.5, 1495, 社会动物
1788302, 8.5, 1361, 重塑心灵
3224456, 7.7, 3980, 少有人走的路Ⅱ
1436707, 7.6, 4639, 如何掌控自己的时间和生活
1085660, 8.0, 2294, 尽管去做
4225644, 8.5, 1178, 街头生意经
4010185, 8.0, 1997, 哪来的天才？
3138847, 7.9, 2274, 思考的技术
2133074, 7.0, 10037, 20几岁，决定女人的一生
4726323, 7.5, 3844, 一万小时天才理论
22994632, 9.0, 561, 成功，动机与目标
10586741, 8.3, 1197, 关键对话
3691437, 7.4, 3906, 思维导图
1100470, 7.5, 3264, 现在，发现你的优势
5344908, 8.0, 1560, 别独自用餐
20389192, 7.2, 5452, 30岁前的每一天
1058229, 8.7, 668, 智慧书
3284230, 7.4, 3695, 我的成功可以复制
1780035, 8.6, 646, 如何改变世界
6519759, 7.5, 2678, 记事本圆梦计划
3006483, 7.7, 1933, 每周工作4小时
1908463, 7.8, 1641, 与未来同行
1082601, 7.6, 2166, 羊皮卷
1271579, 7.6, 2124, 礼物
1065931, 7.8, 1571, 图穷对话录
1490089, 8.3, 827, 富爸爸(辞职创业前的10堂课)/富爸爸系列丛书
2113347, 8.6, 594, 卡耐基经典全集
4846035, 7.6, 1944, 干法
1019917, 8.4, 680, 杰出青少年的七个习惯
4816212, 7.4, 2475, 真希望我20几岁就知道的事
4729468, 7.6, 1803, 全中国最穷的小伙子发财日记
4087554, 8.0, 998, 活法（叁）
3616968, 7.8, 1286, 活法（贰）
3654465, 7.7, 1451, 少有人走的路III
6125682, 7.5, 1927, 力量
4254672, 7.6, 1648, 不抱怨的世界2
4214217, 7.5, 1898, 女人明白要趁早
3300884, 8.1, 833, 投资大师罗杰斯给宝贝女儿的12封信
3235517, 7.8, 1205, 自慢
1002474, 7.7, 1380, 只有偏执狂才能生存
4852691, 8.4, 576, 你不可不知的人性（全二册）
25933841, 7.2, 2884, 蔡康永的说话之道2
1021977, 8.0, 883, 思考致富
1423818, 7.9, 990, 如何在大学里脱颖而出
10446295, 8.1, 758, 权力
5410582, 7.3, 2072, 伟大是熬出来的
25885179, 9.3, 213, 我为青春狂
1491590, 8.0, 750, 人性的优点
1015133, 7.8, 941, 首先，打破一切常规
11509401, 6.9, 3773, 正能量
1050510, 7.3, 1694, 六顶思考帽
6515939, 6.8, 3962, 世界如此险恶，你要内心强大
1257491, 8.0, 634, 挺立在孤独、失败与屈辱的废墟上
4159343, 7.7, 881, 潜意识的力量
20493042, 7.3, 1541, 这样读书就够了
1077701, 8.5, 334, 拿破仑・希尔成功学全书（上下）
1964884, 7.4, 1224, 为什么幸运的人总幸运倒霉的人老倒霉
1019770, 7.8, 711, 创造自己
1053836, 6.8, 3260, 细节决定成败
4920383, 7.4, 1209, 这辈子，只能这样吗？
5325859, 7.4, 1194, 天下没有怀才不遇这回事
1004325, 6.6, 4609, 致加西亚的信
1061615, 7.6, 878, 方与圆
1263921, 7.3, 1284, 你的形象价值百万
21364188, 7.2, 1495, 书都不会读，你还想成功
25852441, 6.9, 2432, 当我足够好，才会遇见你
1037056, 8.3, 367, 唤起心中的巨人
6004438, 7.5, 939, 做你自己
3815992, 6.9, 2308, 白骨精学习法
1031207, 7.6, 786, 执行
3446163, 7.7, 682, 大学不知道
20434432, 7.4, 1015, 趁年轻.折腾吧
1779404, 8.8, 213, Seven Habits of Highly Effective People
2296402, 7.7, 645, 一网情深
1466672, 8.6, 240, How to Stop Worrying and Start Living
2272174, 7.4, 893, 马云点评创业
1969445, 8.5, 256, 卡耐基经典励志全集
1146311, 8.3, 305, 人性的弱点
1143819, 8.2, 326, 人性的弱点
4827417, 7.6, 637, 求职，从大一开始
1062945, 7.6, 622, 创造双赢的沟通
1076574, 8.4, 253, 激发无限的潜力
1924212, 7.3, 868, 说话的魅力
1082392, 7.5, 650, 骑驴找马
2128452, 7.5, 639, 生命如一泓清水
1015540, 7.6, 549, 周一清晨的领导课
1253894, 7.1, 1003, 习惯的力量
5325861, 6.5, 2820, 气场
1464916, 7.4, 649, 飞得更高
6801742, 7.5, 570, 人生定位
4874210, 7.2, 853, 扫除力
6758610, 6.8, 1507, 人脉是设计出来的
4146300, 7.9, 339, 谁动了我的奶酪(青少年版)
1027511, 7.7, 417, 富爸爸富孩子，聪明孩子
1220597, 7.7, 413, 高效能人士的第八个习惯
4169625, 7.1, 895, 杠杆阅读术
1027050, 7.6, 458, 完美大学必修课
2128625, 7.3, 666, 即战力
2063630, 8.1, 258, 疯狂的功成名就
1063057, 9.1, 110, 跟随你的心
25747577, 6.9, 1141, 7天治愈拖延症
1022147, 7.6, 414, 管道的故事
4157223, 7.1, 775, 效率提升10倍的google化知性生产技巧
25938970, 7.5, 450, 现在的泪，都是当年脑子进的水
20616993, 6.6, 1613, 洗脑术
3080493, 6.8, 1119, 21岁当总裁
4246477, 7.5, 414, 问题解决力
6109327, 8.8, 111, 活法套装版
19987178, 7.9, 221, 人脉是设计出来的
1963831, 7.6, 296, 像希拉里那样工作-像赖斯那样成功
26656532, 7.4, 362, 最重要的事，只有一件
1973934, 8.7, 102, 聪明在于勤奋天才在于积累（华罗庚专辑）
1034572, 7.5, 308, 一分钟的你自己
1791976, 7.6, 272, 礼仪金说
10731681, 7.2, 432, 六度人脉
24706032, 7.4, 335, 本能
6110455, 7.9, 195, 唤醒心中的巨人
1043571, 7.9, 191, 杜子华英语成功学
2981084, 7.5, 287, 吸引力法则
4185489, 6.7, 841, 壹百度
5395289, 7.2, 409, 找回迷失的自己
1000687, 6.2, 2067, 学习的革命
1683470, 7.4, 307, 西点军校的经典法则
1859195, 7.2, 380, 新东方精神
4715270, 6.8, 657, 读心术
1964207, 7.5, 260, 社交商
1034872, 7.8, 187, 给你自己一分钟
6902720, 8.4, 107, 意念力
1002718, 8.0, 150, 做自己想做的人
1059063, 8.3, 113, 钢铁大王卡内基自传
1153026, 7.5, 239, 麦肯锡卓越工作方法
20485924, 8.4, 100, Give and Take
1007562, 5.9, 2896, 哈佛女孩刘亦婷
1022460, 7.6, 203, 抢在时间前面的7条捷径
1102490, 7.9, 143, 卡耐基成功之道全书
3347618, 7.4, 235, 高绩效人士的五项管理
3269904, 8.0, 129, 曾仕强说胡雪岩
2343041, 7.0, 363, 二十几岁决定男人的一生
5904053, 5.8, 2902, 微博：改变一切
3898974, 6.6, 606, 每天懂一点成功概率学
1265720, 7.9, 129, 羊皮卷
1225038, 7.0, 336, QBQ问题背后的问题
25186158, 8.1, 107, 心理暗示力
1083989, 7.3, 228, 吃掉那只青蛙
1410489, 7.4, 202, 自己就是一座宝藏DD陈安之成功法则
3994602, 6.6, 567, 毕业5年决定你的一生
3268564, 8.3, 88, Outliers
3422747, 7.0, 319, 别为小事抓狂
2971368, 8.7, 64, 改变
1160252, 8.4, 79, 玫琳凯自传
1201621, 6.3, 853, 你在为谁工作
1629704, 8.0, 103, 卡耐基成功之道全集
1025558, 8.4, 75, 卡耐基口才训练教程
2147625, 6.4, 676, 硅谷禁书
1067657, 7.2, 216, 没有任何借口
1059568, 6.1, 1096, 没有任何借口
1209753, 7.8, 115, 励志人生
1169194, 8.1, 88, 成功法则全书
2028086, 7.0, 261, 淘宝网
1009069, 8.3, 74, 成功没有逻辑
1083142, 8.4, 67, 卡内基如何停止忧虑开创人生
3247505, 7.7, 115, 如何在36岁以前成功
1941246, 7.5, 139, 追求卓越
1037315, 7.4, 144, 口渴之前先挖井
1156891, 7.7, 106, 改变千万人生的一堂课
26764871, 7.6, 116, 将心注入
1260387, 7.4, 140, 80/20定律
2890924, 8.5, 56, The 7 Habits of Highly Effective People
3882021, 7.4, 138, 无条件信任的力量
4729483, 7.9, 83, 黄金法则
1799938, 7.3, 143, 态度决定一切
3185951, 7.7, 97, 吸引力法则
2117273, 8.4, 55, 未来财富
1037847, 7.7, 93, 厚黑大全
6430968, 8.3, 58, 把任何东西卖给任何人
1280020, 8.3, 57, 海伦・凯勒自传
26381898, 7.6, 99, 中层领导力
3583516, 7.6, 98, 羊皮卷
4728824, 9.0, 36, 戴尔・卡耐基全集
26791537, 8.2, 59, 心静的力量
26782156, 7.7, 79, 安静的力量
2008066, 8.5, 44, 通向大学之路
1488958, 8.1, 57, 卡耐基成功学全书
1177106, 7.1, 136, 绝对成功的千回法则
1486830, 8.7, 38, 塔木德智慧全集
2238712, 8.2, 52, 成功长青
1312914, 8.0, 60, 目标
10732497, 7.2, 117, 气场修成手册
1107040, 7.6, 80, 大学生如何写毕业论文
1223898, 7.9, 61, 创业者圣经：有创意、无资金如何起家
1012151, 7.7, 71, 一生的资本
3318443, 8.0, 56, Outlier
1966028, 7.5, 83, 别说不可能
3056118, 7.2, 103, 硅谷禁书III
1225448, 6.5, 229, 方法总比问题多
1204378, 7.6, 70, 挑战人性的弱点
1043427, 7.4, 83, 领导力21法则
6540838, 8.4, 39, 富翁只有一个秘密
3464555, 7.4, 82, 吸引力法则使用手册
1033342, 8.3, 41, 幸福家庭的7个习惯
1024145, 8.5, 36, 思考与成功
2113340, 6.7, 165, 细节决定成败
5248336, 7.9, 53, 亚洲华人企业家传奇
3818480, 6.6, 184, 销售女神徐鹤宁
1277867, 7.2, 90, 把自己激励成超人(陈安之人才法则)
5031917, 8.3, 38, 奇迹30
1040484, 8.2, 40, 创建你的未来
1263882, 7.1, 96, 绝不裸奔：陈安之目标法则
2974398, 8.5, 33, 钢铁大王卡内基自传
1019110, 8.4, 35, 力量原则
25712472, 7.0, 103, 对自己狠一点，离成功近一点
1161648, 7.7, 55, 巨人的脚步
1139600, 7.5, 64, 罗斯福
6710893, 7.7, 54, 没有借口
5936858, 6.9, 109, 21岁当总裁2
3244938, 8.4, 33, 习惯致胜
4584423, 8.4, 32, 卡耐基人性的弱点人性的优点全集
2146750, 7.9, 44, 怎样成交每一单
3024418, 8.5, 30, 人人都能成功
3027446, 7.7, 50, 二十几岁决定男人的一生2
1159549, 7.4, 60, 思考与致富
24722622, 7.0, 86, 为什么是毛泽东
1173461, 7.6, 50, 平行思维
1666757, 7.2, 69, 我一定要
3069998, 7.0, 82, 博恩・崔西完美飞行
26288910, 7.3, 62, 怕，有什么可怕的
1049828, 7.7, 45, 超级成功学
1958243, 6.7, 111, 盛大传奇
3879703, 7.0, 81, 窥见上帝秘密的人：洛克菲勒自传
6434475, 7.9, 38, 富爸爸商学院
1021840, 7.7, 43, 伟大的励志书
1426158, 7.2, 64, 优质思考的十个习惯
1878879, 7.4, 54, 光荣与梦想
26296636, 7.6, 46, 心理控制方法
5913086, 6.4, 149, 给你一个公司看你怎么管？
5076820, 8.8, 22, Outliers
2281123, 7.5, 49, 思路决定出路
1277868, 7.6, 45, 卖产品不如卖自己
1157740, 8.6, 24, 从失败到成功的销售经验
5983636, 7.1, 67, 我奋斗在最残酷的战场上
1105891, 8.3, 28, 想大才能做大
25777475, 8.3, 28, 负暄闲语
2980591, 8.1, 31, 戴尔・卡内基成功学全集
3282725, 6.9, 79, 你需要一个系统
2005573, 7.9, 35, 口才决定人生
2005585, 7.4, 50, 卡耐基自传
1000392, 7.8, 37, 卡耐基成功学教程
10434394, 8.3, 27, AD商W院最受g迎的判n
1793559, 8.5, 24, The Seven Spiritual Laws of Success
2348840, 6.8, 83, 硅谷禁书Ⅱ
1163316, 7.4, 48, 原因与结果法则
1144906, 7.5, 44, 拿破仑.希尔成功学全书
1014349, 7.4, 45, 21世纪超级成功学
1737097, 7.1, 57, 狼道
3038964, 6.9, 66, 细节决定成败
1034444, 6.6, 89, 本领恐慌
3686251, 7.9, 30, The Element
19989364, 7.0, 59, 团队正能量
6524356, 6.0, 189, 人脉
1038929, 7.4, 42, 戴尔.卡耐基成功之道全书
1277226, 7.2, 49, 成功一定有方法
1922725, 7.6, 36, The Richest Man in Babylon
1737101, 6.7, 77, 思路决定出路
1157302, 8.4, 22, 处世的艺术全集
3028403, 7.9, 29, 靠自己成功
24845513, 7.7, 33, 这样工作最高效
3070074, 8.2, 24, 卡耐基口才全书
2062777, 7.8, 30, The Dip
21966362, 8.1, 25, 正向力
1028112, 7.7, 32, 自己拯救自己
1028784, 6.3, 111, 35岁以前成功的12条黄金法则
2262793, 7.8, 29, 思利及人的力量
1490697, 7.1, 47, 商道
3642437, 7.3, 40, 谁是下一个奇迹
26656458, 8.5, 19, 非学历派精英
3234087, 5.9, 177, 20-30岁你拿这十年做什么
1443015, 8.1, 23, 成功原理
1047209, 6.9, 54, 马太效应
1083274, 6.9, 54, 情商与影响力
3177963, 6.7, 65, 硅谷禁书4
2011114, 7.6, 31, 西点精神
1129597, 7.4, 35, 生命金字塔
1431336, 7.9, 25, 想法改变命运
2062308, 7.6, 30, 卡耐基沟通的艺术
1754313, 7.0, 46, 自己拯救自己
1177019, 6.3, 92, 如果找对职业
26774039, 7.9, 24, 助你好运
1682517, 7.4, 33, 7秒钟展现你自己
3266068, 7.0, 45, 硅谷禁书5
1017055, 7.0, 44, 没有借口
1180385, 7.5, 30, 心灵软件
1003238, 8.0, 22, 成功智力
1443479, 7.9, 23, 下一个百万富翁就是你
3928877, 6.3, 85, 立志要趁早
3660732, 6.3, 80, 人生规划书：30岁前一定要做的21件事
4924851, 6.7, 52, 职场人脉经营术
6104873, 7.0, 38, 我相信你们
24876470, 7.3, 30, 放下身段，把事做成
1082166, 7.7, 23, 突破惯性思维
5264777, 7.7, 23, 成功的9个步骤
1070792, 6.6, 53, 像天才一样思考
1083394, 6.7, 48, 没有任何借口IIDD提升执行力
3824133, 6.7, 47, 犀牛成功学
4771911, 7.3, 29, 1821成功密码
1595364, 7.2, 31, 跟你的产品谈恋爱/陈安之著
2024648, 7.8, 21, 曾仕强管理系列丛书（全8册）
3009050, 7.0, 36, 向周星驰学习
2128471, 7.5, 25, 忙要忙到点子上
1053737, 7.6, 23, 做个五星级人物
4233238, 7.9, 19, 找到自己的北极星
1416184, 8.0, 18, 世界上最伟大的励志书
3636558, 7.4, 25, 这是你的舞台
1627701, 6.8, 39, 蒋介石成败录
3101265, 7.5, 23, 成功者的游戏
1436472, 7.4, 24, 卡耐基处世的艺术
2120833, 7.1, 29, 生气不如争气全集
26205969, 7.5, 22, 人生是一连串的偶然
1034062, 7.3, 25, 口才
25663252, 6.6, 43, 金钱逻辑
1118986, 6.9, 33, 钻石就在你家后院
1833759, 7.7, 19, 当Google向欧洲挑战的时候-为奋起辩护
1104862, 7.6, 20, 21天让你脱胎换骨
1791916, 7.3, 24, 工作就是生意
4050838, 6.9, 32, 跟总统学领导
1058842, 6.8, 34, 你就是品牌
1127502, 7.4, 22, 女性成功心理学
1833848, 7.7, 18, 中国式商道
25693239, 7.7, 18, 定律
7058257, 7.3, 22, 销售大师之乔・吉拉德推销思想精读全集
4077954, 5.5, 137, 人脉圈
3657979, 6.4, 44, 西点军校22条军规
3065847, 7.7, 17, 卡耐基经典
3513008, 7.8, 16, 卡耐基励志经典
1213642, 6.6, 36, 把信送给加西亚续篇
5366067, 6.6, 36, 毕业前的最后一堂必修课
26334978, 6.6, 36, 人生如此艰难，你要自己强大
3051791, 7.4, 20, 从一无所有到百万富翁
5325857, 7.0, 26, 二十而励
4264131, 6.1, 57, 简单学
1704863, 6.9, 27, 通向成功的习惯
1085645, 5.9, 71, 成功人士战胜疲劳的秘密
1709776, 7.6, 17, 安东尼.罗宾潜能成功学（上下）
1267132, 7.4, 19, 成功的策略
1052043, 7.7, 16, 曾国藩成大事的九九个方略
26840398, 8.3, 12, 人性的弱点（珍藏插图版）
1028264, 7.2, 21, 像赢家那样思考
20504750, 7.0, 24, 隐忍力
3284046, 6.8, 27, 销售女神教你创造销售奇迹
26331328, 7.4, 18, 稻盛和夫语录100条
1621667, 7.6, 16, 丰盛人生
1054054, 8.0, 13, 心灵密码
26857732, 7.7, 15, 新鲜感
1900334, 5.9, 59, 搜商
26877279, 7.5, 16, 请停止无效的努力
1662940, 6.7, 27, 要你成功:世界华人成功学第一人陈安之(VCD)
3339733, 7.2, 19, 让事情更简单
1538180, 7.6, 15, 拿破仑.希尔成功致富全书
1181787, 7.7, 14, 成功大学
1932030, 7.7, 14, 卡耐基成功学全集
1158864, 6.8, 24, 这是我的错
6820514, 6.8, 24, 气场修炼术
1942381, 5.9, 55, 改变你一生的学习计划
25952669, 6.0, 49, 北大凌晨四点半
3246053, 7.2, 18, 方法总比问题多 二
1913915, 7.1, 19, 改变就在一瞬间
5360691, 7.5, 15, 拿破仑・希尔成功法则
3891595, 5.9, 53, 没有任何借口
3298589, 8.3, 10, The New Master Key System
1792061, 7.7, 13, 我是天才你也是
23774509, 7.7, 13, 当世界无法改变时改变自己2
2307967, 7.2, 17, 资本推手
3818271, 7.2, 17, 超越积极思考
25830494, 7.2, 17, 行动的力量
1161143, 7.3, 16, 最伟大的激励
2678356, 7.3, 16, 告诉自己
1884520, 7.1, 18, 方与圆全集
1018767, 7.0, 19, 帝王学
1180483, 7.5, 14, 不要任何借口
26869236, 8.0, 11, 一万个万一：理工男的创新创业上手工具
1896056, 6.5, 27, 谈判艺术
1186141, 7.3, 15, 世界最杰出的十大推销大师
6526887, 7.3, 15, 青少年跆拳道全典
4860458, 6.4, 28, 问对问题，做对事
20406926, 6.6, 23, 正能量
5254104, 6.1, 35, 大学路线图
1340486, 7.1, 16, 一分钟道歉
1490923, 7.0, 17, 千万别成熟
25980189, 7.0, 17, 高效能是训练出来的
4919322, 7.2, 15, 拿破仑・希尔成功学全书
1396466, 7.8, 11, 你就是强者
1319392, 6.1, 34, 成功是逼出来的
3831372, 7.3, 14, 戴尔・卡耐基人际关系学
4102780, 6.7, 20, 秘密的秘密
5502889, 7.4, 13, 最伟大的二十四堂课
2352457, 5.5, 65, 30上下
1837007, 7.7, 11, 快乐的人生
26594314, 7.7, 11, 一生的资本
1061139, 7.2, 14, 命好不如习惯好
1009644, 5.6, 54, 为什么猫不汪汪叫
1009745, 7.3, 13, 最伟大的推销员
1072197, 7.3, 13, 与你在巅峰相会
1223883, 7.3, 13, 高效人生的12个关键点
1188104, 7.8, 10, 人性的弱点全集续集
3351710, 7.0, 15, 成熟亮丽的人生
1930402, 6.5, 21, 好口才是练出来的
3831370, 7.4, 12, 戴尔・卡耐基人性的弱点
1034152, 6.7, 18, 不要听别人的话
24502209, 5.2, 89, 工匠精神-向价值型员工进化
1290143, 7.7, 10, 假如今天是我生命中的最后一天
4118797, 7.3, 12, 世界上最神奇的36堂课
1024194, 7.1, 13, 谈判与沟通
1805024, 7.1, 13, 发现并发挥你的优势
1879849, 7.4, 11, 工科生职场成功讲座
1694348, 6.3, 22, 细节决定成败
2057828, 7.0, 13, 魅力口才
1163299, 7.5, 10, 步入社会的第一本书
4831605, 7.5, 10, 你可以不一
1964208, 7.1, 12, 自己就是一座宝藏
5343676, 7.1, 12, 改变一生的365个好习惯
6981378, 7.1, 12, 成功人士不说，却默默在做的30件事
2130212, 6.6, 16, 天才的教科书
1035733, 6.8, 14, 成功的14堂必修课
1314017, 6.8, 14, 本领恐慌
1957620, 6.9, 13, 赚钱机器
5030594, 6.9, 13, 励志作家教错你的58件事
6731598, 6.9, 13, 朝着太阳走-曙光缔造者李进巅的风雨人生
5341980, 6.3, 19, 哈佛口才课
1491689, 7.0, 12, 陈安之
26891408, 7.0, 12, 你的时间，80%都用错了
3717181, 7.1, 11, 拿破仑・希尔积极思考的钥匙
4902751, 6.9, 12, 硅谷禁书大全集
5938926, 6.9, 12, 实现梦想的口头禅法则
1287547, 5.7, 30, 人生低谷期的头脑转换法
4180377, 7.2, 10, 把积极带入你的生活
6827370, 7.2, 10, 没想到我也能
4758380, 7.0, 11, 思考致富行动手册
3024245, 6.8, 12, 情商启蒙
2182124, 6.9, 11, 北大杰出女孩给青少年的15个忠告
6780897, 5.7, 27, 穷人羊性，富人狼性
10468148, 5.5, 32, 黑色洗脑术
1603671, 7.0, 10, 穷也要站在富人堆里
5359601, 7.0, 10, 不要相信成功者
1125263, 6.8, 11, 拿破仑・希尔成功学教程
1970085, 6.6, 12, 帝王学的智慧
3852930, 6.9, 10, 天天遇见马云
10517898, 6.7, 11, 你的人生可以改变
10509367, 6.3, 14, 把情商当回事
5921161, 5.8, 19, 吸引力法则
6512840, 6.4, 12, 没有任何借口2
10747360, 6.7, 10, 30岁时你必须赢
4272666, 6.1, 14, 人人都能成功
4922180, 5.5, 23, 照亮年轻的路
1954426, 5.3, 26, 生活中的处世禁忌
1953049, 4.8, 46, 爷爷激励我成长
26281286, 4.3, 63, 你的努力，终将成就无可替代的自己
