2017-01-23 16:17:59
Tag: 成长
The number of books: 997 

ID, rating, votes, title
1084336, 9.0, 211652, 小王子
1770782, 8.8, 249112, 追风筝的人
1068920, 9.3, 73327, 飘（上下）
1200840, 9.0, 93932, 平凡的世界（全三部）
20427187, 8.8, 108730, 看见
1007914, 8.7, 54495, 窗边的小豆豆
3369793, 8.7, 50253, 亲爱的安德烈
3608208, 8.6, 45503, 牧羊少年奇幻之旅
1254588, 8.9, 21360, 城南旧事
4207781, 8.8, 24718, 孩子你慢慢来
11622283, 9.2, 13025, 滚蛋吧!肿瘤君
1775691, 8.3, 51948, 少有人走的路
3665874, 9.0, 14625, 星空
1020459, 8.4, 34392, 此间的少年
1059419, 8.1, 58699, 海边的卡夫卡
4231381, 8.5, 25919, 那些回不去的年少时光
2209098, 7.9, 78847, 致我们终将逝去的青春
2340100, 8.1, 52271, 遇见未知的自己
2256039, 7.8, 88463, 杜拉拉升职记
2035171, 9.0, 10720, 人生的枷锁
3609132, 8.5, 23211, 把时间当作朋友
1765512, 9.1, 9074, 海的女儿
24754316, 8.7, 15788, 最好的我们
3026879, 8.8, 13337, 爱的艺术
6397275, 9.0, 9832, 此生未完成
2022979, 8.1, 41248, 喜宝
6781808, 9.2, 7072, 杀死一只知更鸟
4732378, 8.7, 14183, 那些回不去的年少时光・终场
26382433, 8.2, 32112, 无声告白
2136140, 8.7, 13759, 雨季不再来
2567919, 8.3, 26255, 匆匆那年（上下）
3598313, 8.0, 45551, 西决
6789605, 9.0, 8739, 树上的男爵
2008284, 8.7, 13142, 佐贺的超级阿嬷
3261600, 9.3, 5591, 人生的智慧
1082518, 7.9, 48067, 麦田里的守望者
4872671, 8.2, 24871, 佛祖在一号线
3699108, 8.7, 10852, 我的错都是大人的错
1001136, 8.8, 9348, 彼得・潘
1056295, 8.3, 18841, 人性的弱点全集
2194123, 8.4, 15434, 相约星期二
10763902, 7.9, 36891, 偷影子的人
2250587, 7.6, 67388, 一个人的好天气
25733470, 8.3, 17608, 村上春树：没有色彩的多崎作和他的巡礼之年
1794620, 7.8, 43148, 芒果街上的小屋
4071859, 9.3, 4070, 我在伊朗长大
3803820, 8.4, 14381, 人生
3465080, 9.0, 5935, 好妈妈胜过好老师
1052990, 8.9, 6794, 草房子
3578470, 9.0, 5792, 德米安
4010196, 8.1, 23310, 世界因你不同
24934182, 8.1, 22977, 一个人的朝圣
1048007, 8.2, 19074, 高效能人士的七个习惯（精华版）
3608235, 8.5, 10842, 失物之书
1041128, 8.5, 10742, 天蓝色的彼岸
4953695, 8.0, 24722, 拆掉思维里的墙
1431870, 9.1, 4472, 源泉
5366275, 8.4, 12081, 我怎样毁了我的一生
1143694, 8.2, 16672, 动物凶猛
10786473, 8.2, 16670, 自控力
5363752, 8.5, 10054, 哥斯拉不说话
2339950, 7.8, 32380, 被窝是青春的坟墓
1054917, 8.5, 9379, 沧浪之水
1427288, 8.4, 10829, 小妇人
2331434, 7.7, 36554, 原来你还在这里
26278687, 7.8, 29101, 皮囊
6709809, 8.4, 9953, 暗时间
2026211, 8.9, 4741, 士兵突击
2363651, 8.2, 13375, 十四堂人生创意课
2193877, 8.1, 15710, 你在天堂里遇见的五个人
5252677, 8.1, 15695, 幸福了吗?
2082194, 8.2, 12957, 小时候
3158482, 8.9, 4378, 新世界
20326626, 8.6, 6424, 少年Pi的奇幻漂流（插图珍藏版）
2230208, 8.1, 14021, 我的前半生
1072319, 8.5, 7349, 长腿叔叔
4180711, 8.2, 11385, 拖延心理学
25697520, 8.2, 10650, 他们最幸福
25753361, 8.7, 4996, 最好金龟换酒
1064841, 9.0, 3364, 绿山墙的安妮
3194071, 8.6, 5664, 少年巴比伦
1045716, 8.7, 4879, 人生中不可不想的事
5958726, 8.0, 14320, 质数的孤独
5346110, 9.0, 3242, 穷查理宝典
4826530, 9.1, 2805, 我亲爱的甜橙树
1769765, 9.2, 2485, 我在伊朗长大1
25984204, 7.6, 28803, 乖，摸摸头
3826899, 8.6, 5220, 布鲁克林有棵树
1047719, 8.5, 5619, 傅雷家书
3594151, 8.1, 10135, 柑橘与柠檬啊
7059662, 8.1, 9963, 考拉小巫的英语学习日记
1005193, 8.6, 4672, 重新认识你自己
1761759, 8.9, 3128, 超越死亡
1040397, 8.1, 9719, 假如给我三天光明
2295324, 8.6, 4488, 地下乡愁蓝调
6773643, 8.2, 8073, 橘生淮南・暗恋
3899039, 8.1, 9325, 刺猬的优雅
1262986, 8.1, 9315, 我不是教你诈
1504957, 8.6, 4388, 学会提问
10512236, 8.4, 5751, 时间的针脚
3413836, 8.4, 5692, 当下的力量
3698217, 8.6, 4263, 花田半亩
5332713, 9.0, 2453, 人间是剧场
3406518, 8.5, 4683, 追随她的旅程
20425053, 7.7, 16903, 我所理解的生活
24753751, 8.1, 8431, 向前一步
6016234, 8.8, 3073, 奇风岁月
5317075, 7.2, 46325, 蔡康永的说话之道
7064313, 7.8, 13467, 突然就走到了西藏
3533221, 8.5, 4426, 非暴力沟通
2980812, 7.8, 13337, 踮脚张望的时光
3711733, 8.6, 3785, 那个姐姐教我们的事
1748232, 8.0, 9225, 忽而今夏
1269900, 8.2, 6688, 活法
3558629, 8.4, 4946, 小强升职记
3018339, 7.7, 15340, 万物生长
2669319, 9.0, 2220, Flipped
2083981, 8.7, 3157, 了凡四训
1077778, 8.1, 7381, 爱的教育
1115353, 8.3, 5409, 奇特的一生
6007431, 8.4, 4505, 我不是完美小孩
4737325, 8.2, 6020, 维罗妮卡决定去死
6097966, 8.1, 6981, 发条橙
26306686, 8.4, 4432, 创业维艰
10747883, 8.0, 8158, 怦然心动的人生整理魔法
10598170, 8.1, 6847, 我不要你死于一事无成
1318622, 8.8, 2556, 青铜葵花
4173403, 7.7, 13036, 温柔的叹息
6811366, 8.3, 4859, 禅与摩托车维修艺术
1829799, 8.7, 2740, 爱的觉醒
6526752, 8.8, 2416, 生命之书
1721111, 8.6, 3092, 周国平人生哲思录
3323987, 7.3, 26931, 杜拉拉2华年似水
1279648, 8.4, 4013, 天使在人间
1803641, 8.8, 2336, 小公主
3266968, 7.3, 26357, 秘密
25735727, 8.2, 5239, 站在两个世界的边缘
20453024, 8.6, 2938, 不要因为走得太远而忘记为什么出发
26886310, 9.1, 1583, 有匪1
3688489, 7.8, 9635, 异类
25808222, 8.2, 4975, 黄
3664754, 8.1, 5712, 米娅，快跑
1437973, 8.7, 2343, 亲密关系
3002878, 8.7, 2326, 优势谈判
6041708, 8.4, 3441, 世上另一个我(修订版)
10343062, 8.3, 3921, 暗恋
1014144, 8.3, 3893, 大卫・科波菲尔（上下）
4741216, 7.3, 21634, 我的奋斗
1026317, 7.7, 9837, 可爱的骨头
2345548, 8.2, 4387, 学习之道（第2版）
2275635, 8.9, 1748, 如何说孩子才会听，怎么听孩子才肯说
1491153, 8.7, 2206, 曾国藩家书
1161817, 8.7, 2193, 洛克菲勒留给儿子的38封信
1211267, 8.5, 2746, 阿甘正传
6890671, 8.2, 4117, 一天
3800022, 8.2, 4106, 活出全新的自己
1083403, 8.0, 5425, 世界上最伟大的推销员
5916234, 7.7, 8832, 番茄工作法图解
1064532, 8.5, 2605, 秘密花园（2册）
6864307, 7.4, 14986, 像我这样笨拙地生活
2080764, 8.3, 3364, 为何家会伤人
5389557, 8.5, 2510, 姥姥语录
2237621, 8.4, 2823, 十八岁出门远行
1069805, 8.7, 1879, 给青年的十二封信
26275861, 8.6, 2119, 沟通的艺术（插图修订第14版）
10485696, 7.6, 9434, 我就是想停下来，看看这个世界
1140729, 8.6, 2097, 星船伞兵
1042434, 8.0, 4794, 安妮日记
1313181, 8.5, 2352, 富兰克林自传
7058059, 8.0, 4731, 我们心中的怕和爱
3123393, 7.6, 9172, 遇见心想事成的自己
4882159, 7.6, 9095, 橘子不是唯一的水果
1077129, 8.5, 2313, 一生的学习
1859649, 8.1, 3980, 生命的不可思议
6718314, 8.0, 4557, 晚来寂静
1135734, 8.6, 1984, 追寻生命的意义
2297786, 7.6, 8776, 北京，北京
1022783, 8.2, 3370, 用我一辈子去忘记
1071821, 8.1, 3834, 你不可不知的人性
21460732, 8.3, 2845, 秒速五厘米
11614293, 7.5, 10088, 人生需要揭穿
4773741, 7.5, 9892, 杜拉拉3
1444900, 8.6, 1872, 爱的五种语言
1841625, 8.9, 1312, 标竿人生
11507862, 8.2, 3164, 独自上场
1424569, 8.4, 2395, 婚礼的成员
20424609, 8.1, 3633, 妩媚航班
1427679, 7.5, 9665, 做最好的自己
10739290, 7.9, 4874, 30岁前别结婚
1091203, 8.9, 1259, 少年凯歌
6510070, 8.3, 2621, 人生不设限
20507212, 8.0, 4025, 习惯的力量
1637486, 8.1, 3464, 建筑师的20岁
1000696, 8.2, 2992, 饥饿的女儿
3236155, 8.9, 1223, 韦帅望的江湖
26761696, 7.8, 5335, 精进
26642866, 8.4, 2174, 萤火虫小巷
10565151, 7.5, 8529, 我是个年轻人 我心情不太好
7059909, 7.5, 8447, 南音 （上）
4723970, 7.7, 5905, 人人都是产品经理
2372450, 8.6, 1634, 改变，从心开始
3035600, 8.5, 1847, 心灵的七种兵器
1258513, 8.5, 1843, 爱与寂寞
11542577, 8.6, 1624, 天生就会跑
3622904, 7.3, 11963, 不抱怨的世界
3669671, 8.5, 1811, 我们在此相遇
1041616, 7.4, 9566, 那些忧伤的年轻人
5302113, 8.3, 2301, 三双鞋
1731825, 7.5, 7927, 读大学，究竟读什么
25716611, 8.5, 1768, 花街往事
25748787, 7.7, 5560, 平生欢
10476698, 7.5, 7744, 因为痛，所以叫青春
1105890, 8.2, 2555, 生命的重建
11588848, 8.2, 2528, 坦白书
25778837, 8.3, 2203, 时差党
4833920, 7.4, 8995, 十八岁给我一个姑娘
24875416, 8.3, 2184, 生命最后的读书会
1958872, 7.6, 6101, 凉生，我们可不可以不忧伤
3671442, 8.5, 1644, 修炼当下的力量
25870384, 8.4, 1857, 你的生命有什么可能
2250289, 7.9, 3674, 一个人不要怕
2307720, 8.2, 2345, 幸福的方法
20270670, 8.2, 2244, 为何爱会伤人
1053174, 8.6, 1352, 你干吗在乎别人怎么想？
10539126, 8.5, 1495, 社会动物
2250259, 8.1, 2474, 这些道理没有人告诉过你
4260576, 7.4, 7545, 有些事现在不做，一辈子都不会做了
1006614, 8.7, 1160, 我们内心的冲突
1067049, 8.8, 1037, 孩子，把你的手给我
2165084, 8.3, 1869, 在轮下
25957554, 8.0, 2782, 在不安的世界安静的活
3260902, 8.8, 1012, 智慧书
20389195, 7.4, 7248, 慢慢来，一切都来得及
26300508, 8.7, 1122, 万物的签名
19995933, 8.6, 1238, 蓝色大门
5408860, 8.2, 2020, 风雨哈佛路
4150038, 8.1, 2310, 海鸥乔纳森
3035606, 8.5, 1378, 七个心理寓言
10512506, 7.8, 3572, 世界上的另一个你
1788302, 8.5, 1361, 重塑心灵
1039311, 8.4, 1537, 职场动物进化手册
10773358, 8.1, 2255, 意志力
1183730, 8.4, 1512, 谈话的力量
2980795, 7.7, 4051, 内向者优势
26349261, 8.3, 1714, 孤儿列车
6897140, 8.3, 1701, The Fault in Our Stars
7067934, 7.7, 4009, 打工旅行
20272112, 8.2, 1932, 欢喜
3891855, 8.6, 1173, 第56号教室的奇迹
3224456, 7.7, 3980, 少有人走的路Ⅱ
2282946, 7.8, 3392, 直面内心的恐惧
1436707, 7.6, 4639, 如何掌控自己的时间和生活
6847760, 7.2, 9425, 随遇而安
3137185, 8.8, 922, 阿米I-星星的孩子
2062200, 6.3, 81310, 悲伤逆流成河
3715982, 8.6, 1142, 当幸福来敲门
24089492, 8.8, 906, 恶童日记（珍藏纪念版）
20435568, 8.7, 1003, 我的路7
26369699, 8.6, 1118, 被讨厌的勇气
2823823, 9.2, 591, Marva Collins&#39; Way
4714018, 7.5, 5174, 青春咖啡馆
5988558, 8.3, 1581, 深夜小狗神秘事件
2070807, 8.5, 1230, 懂得爱
5391766, 7.5, 4998, 忽然七日
1085660, 8.0, 2294, 尽管去做
3410763, 8.6, 1065, 最后的演讲
2241168, 8.4, 1329, 内在的探索
3218534, 8.1, 1917, Eat
25777982, 7.6, 4005, 在难搞的日子笑出声来
5913475, 8.2, 1628, 高难度谈话
25858916, 8.3, 1409, 感谢自己的不完美
6052834, 8.2, 1600, 亲密关系
26831234, 8.7, 881, 不属于我们的世纪
20379760, 8.1, 1818, 我亦飘零久
26390229, 8.0, 2082, 把生命浪费在美好的事物上
25898124, 7.6, 3783, 得未曾有
1427831, 8.7, 870, The Perks of Being a Wallflower
4836697, 8.3, 1376, 看见真相的男孩
1127699, 8.1, 1774, 慢船去中国
6404010, 7.9, 2309, 不懂项目管理，还敢拼职场
4010185, 8.0, 1997, 哪来的天才？
6966843, 7.8, 2651, 重遇未知的自己
1053526, 8.4, 1182, 哲学与人生
3138847, 7.9, 2274, 思考的技术
3116096, 8.4, 1177, 象与骑象人
4934733, 8.3, 1326, 真实的幸福
19949881, 8.8, 740, 绝非偶然
1256282, 8.5, 1022, 心灵自由之路
1440146, 9.0, 597, 给教师的建议
26146992, 7.4, 4803, 我们为什么会分手？
3086575, 8.6, 906, 单翼天使不孤单
3874168, 8.1, 1652, 零极限
1004719, 8.6, 899, 谈修养
1865689, 8.6, 899, 玻璃城堡
11606760, 8.2, 1448, 家住南塘路
2133074, 7.0, 10037, 20几岁，决定女人的一生
20475794, 8.1, 1642, 身体知道答案
3389960, 8.0, 1870, 自卑与超越
21681263, 8.2, 1426, 大鱼
3298988, 8.5, 976, 直视骄阳
1218321, 9.1, 522, 个人形成论
25783654, 7.5, 3864, 如何高效学习
1168575, 8.6, 871, 爱和自由
4726323, 7.5, 3844, 一万小时天才理论
24083865, 7.7, 2789, 女人明白要趁早之三观易碎
26837288, 8.4, 1088, 钓鱼的男孩
2347737, 8.1, 1573, 深夜加油站遇见苏格拉底
5360856, 8.0, 1789, 女少年
26242908, 7.6, 3214, 如果世上不再有猫
20413742, 7.5, 3748, 不说，就真来不及了
22994632, 9.0, 561, 成功，动机与目标
1256284, 8.4, 1064, 谋生之道
10586741, 8.3, 1197, 关键对话
24882309, 7.7, 2695, 与我十年长跑的女友明天要嫁人了
4932095, 7.6, 3120, 好好爱自己
23044177, 8.0, 1685, 挺住，意味着一切
2381093, 7.4, 4147, 一辈子做女孩
26745286, 8.5, 900, 七根凶 套b
3875610, 8.9, 584, 内观
3005066, 8.1, 1446, 在爱中修行
3420606, 8.7, 713, 正面管教
25845203, 8.5, 879, 五岁熊孩子教我的事
25858068, 7.6, 2907, 100个基本
5448179, 8.0, 1624, 别的声音，别的房间
4240403, 7.1, 6837, 最好的女子
6967980, 7.4, 3957, 然后，我就一个人了
25784438, 8.2, 1235, 不留心，看不见
6890672, 8.7, 693, 这一生，至少当一次傻瓜
3712855, 8.3, 1088, 为何越爱越孤独
26584286, 8.8, 623, 大学之路（套装）
1220789, 8.1, 1385, 爱上双人舞
24257591, 7.3, 4624, 绝望锻炼了我
26606389, 7.4, 3889, 白说
26821459, 7.8, 2083, 茧
1100470, 7.5, 3264, 现在，发现你的优势
10537640, 6.9, 9823, 如丧
5344908, 8.0, 1560, 别独自用餐
20389192, 7.2, 5452, 30岁前的每一天
1073535, 9.1, 452, 人与自我
25895442, 6.8, 11652, 你的孤独，虽败犹荣
24872210, 9.2, 407, 无愁河的浪荡汉子・朱雀城
25870629, 7.7, 2296, 亲爱的生活
24845284, 7.7, 2262, 掷地有声
11516220, 8.6, 719, 第2份工作
3684873, 8.5, 800, 长大
26272073, 8.1, 1289, 一生里的某一刻
11601993, 8.1, 1275, 安静
1319893, 8.1, 1256, 当和尚遇到钻石
10437353, 8.1, 1252, 我想遇见你的人生
26337198, 8.8, 566, 多多，爸爸一直在这儿
26684198, 8.5, 777, 一品芝麻狐
6101204, 7.2, 4822, 一问一世界
1310112, 8.3, 961, 诫律
25917140, 7.2, 4785, 不要让未来的你，讨厌现在的自己
4053315, 8.3, 959, 一念之转
25741244, 7.1, 5671, 我承认我不曾历经沧桑
2227700, 7.6, 2418, 有你我不怕
2054246, 8.0, 1313, 你的误区
6519759, 7.5, 2678, 记事本圆梦计划
11528305, 8.2, 1012, 朝圣
4929897, 7.8, 1706, 情商：为什么情商比智商更重要
26214729, 8.4, 798, 如果我能说了算
4934590, 8.5, 712, 活出最乐观的自己
3006483, 7.7, 1933, 每周工作4小时
6517150, 7.6, 2226, 31岁又怎样
3005076, 8.7, 567, 再活一次
1440159, 8.0, 1257, 安琪拉的灰烬
25693190, 8.3, 869, 舍得让你爱的人受苦
3521168, 7.0, 6101, 谢谢你离开我
26220798, 7.7, 1873, 生命不息，折腾不止
5980113, 8.8, 502, 伯恩斯新情绪疗法
26416401, 7.4, 2964, 我敢在你怀里孤独
1082601, 7.6, 2166, 羊皮卷
19963287, 9.0, 414, 诸神的面具
20394889, 7.7, 1864, 妮玛！这就是大学！
1101447, 7.7, 1845, 不要用爱控制我
4006425, 7.7, 1815, 我是一只IT小小鸟
2241169, 8.7, 539, 解脱之道
1817332, 8.8, 487, 爱因斯坦谈人生
21346610, 7.6, 2086, 莫失莫忘
2113347, 8.6, 594, 卡耐基经典全集
21324451, 8.9, 440, 不是为了快乐
26584387, 7.7, 1791, 一个人的朝圣2
19899834, 7.2, 3921, 只愿你曾被这世界温柔相待
25963145, 8.5, 651, 最美的教育最简单
2241170, 8.6, 585, 自我的真相
7054652, 8.0, 1159, 创业36条军规
26648238, 7.7, 1720, 且将生活一饮而尽
11625032, 7.4, 2680, 欢乐颂  第一季
4846035, 7.6, 1944, 干法
25788697, 7.6, 1942, 一切都是最好的安排
6100929, 8.2, 873, 死亡诗社
4887524, 7.0, 5276, 夏有乔木雅望天堂
2253751, 7.9, 1259, 我最美好的回忆
4001445, 8.9, 411, 梁启超家书
4165838, 8.0, 1096, 接纳不完美的自己
1065003, 8.5, 610, 中毒的父母
2256361, 8.8, 448, 箭术与禅心
1790456, 7.5, 2187, 专业主义
3265827, 8.9, 405, 人的自我寻求
6002887, 7.5, 2149, 突然十年便过去
4816212, 7.4, 2475, 真希望我20几岁就知道的事
26785701, 7.5, 2116, 月童度河
25923063, 8.3, 732, 考拉小巫的留学成长日记
2340059, 7.6, 1807, 心理控制术
1764940, 8.3, 727, 爱是一种选择
24754720, 6.9, 5891, 我的朋友陈白露小姐
3267887, 7.6, 1762, 一个外企女白领的日记
26420555, 8.0, 1021, 何必等来生
1184872, 8.4, 633, 捕捉儿童敏感期
26895993, 8.2, 792, 刻意练习
26220259, 8.3, 704, 褚时健：影响企业家的企业家
25836825, 7.3, 2759, 你是最好的自己
7007231, 7.9, 1142, 房间
26043287, 8.0, 999, 我的拖延症女友
4760770, 8.5, 561, 音乐课
26852275, 8.7, 456, 好妈妈胜过好老师2:自由的孩子最自觉
4191733, 8.3, 692, 寄物柜婴儿
6556332, 7.8, 1282, 旅行，人生最有价值的投资
4758246, 8.8, 411, 夏山学校
7061613, 8.5, 554, Steal Like an Artist
26333850, 7.5, 1954, 罗辑思维：成大事者不纠结
24878420, 7.8, 1270, 明智行动的艺术
5289426, 7.4, 2269, 在云端
3654465, 7.7, 1451, 少有人走的路III
6125682, 7.5, 1927, 力量
26693418, 7.5, 1925, 按自己的意愿过一生
26807400, 8.9, 367, 成功心理学
26303520, 9.0, 333, 婚姻的意义
4214217, 7.5, 1898, 女人明白要趁早
20480681, 7.4, 2199, 你当温柔，却有力量
3300884, 8.1, 833, 投资大师罗杰斯给宝贝女儿的12封信
25752046, 8.1, 830, 心如钢铁地追求幸福
3888110, 8.7, 431, 天使望故乡
1979199, 8.5, 525, 批判性思维
1958394, 7.8, 1195, 工作DNA
4045849, 8.8, 388, 无可摧毁的纯真
2893591, 8.5, 520, King
25982794, 7.1, 3420, 世界上所有童话都是写给大人看的
2141865, 8.5, 510, 家庭会伤人
4726852, 8.5, 509, 正念的奇迹
25864044, 8.1, 794, 下乡养儿
1450606, 8.3, 630, 爱的序位
10801462, 7.7, 1310, 苦才是人生
26171593, 7.5, 1745, 今天也要用心过生活
6078123, 7.7, 1308, 一路向前
25911978, 7.6, 1501, 知行合一王阳明（1472―1529）
1000972, 8.1, 772, 一生的忠告
26627876, 8.7, 400, 在艰难的世界里，勇敢前行
1292428, 8.6, 441, 神经症与人的成长
10446295, 8.1, 758, 权力
3004272, 8.3, 602, 天资差异
1879497, 8.5, 486, 新家庭如何塑造人
3696966, 8.9, 330, 踏上心灵幽径
3744041, 7.1, 3165, 晨间日记的奇迹
6807767, 8.6, 436, 拥抱你的内在小孩
1492928, 8.2, 667, 陪我走到世界尽头
26819342, 9.0, 298, 波丽娜
25975454, 7.9, 932, 九败一胜
1477442, 9.0, 292, 为自己的人
20434430, 8.0, 819, 你要如何衡量你的人生
25948154, 7.7, 1187, 扛得住，世界就是你的
4827904, 9.2, 241, 入T：古埃及女祭司的`魂旅程
1006005, 8.5, 453, 过犹不及
6429253, 8.9, 309, 别以为你懂孩子的心
26850526, 8.3, 559, 追时间的人
6889836, 8.6, 405, 世上最疼我的人
25782608, 7.8, 999, 大道当然
26747208, 8.2, 604, 优秀的绵羊
26590267, 7.5, 1480, 工作前5年，决定你一生的财富
24737118, 8.0, 746, 不要等到毕业以后
25921293, 6.8, 4698, 愿有人陪你颠沛流离
24307336, 7.5, 1435, 跟巴黎名媛学到的事
26461519, 8.0, 738, 面包会有的
6061658, 8.7, 349, 幸福超越完美
1015133, 7.8, 941, 首先，打破一切常规
26849305, 8.9, 290, 成为乔布斯
6084402, 8.7, 347, 游戏力
26775813, 8.0, 728, 十年一品温如言（修订珍藏版）
11509401, 6.9, 3773, 正能量
4275052, 8.1, 646, 九型人格
26654687, 8.0, 724, 你是我的命运
6536593, 8.4, 460, 领导梯队
4151190, 8.2, 567, 完美的爱，不完美的关系
4062809, 8.6, 370, 改善情绪的正念疗法
1019959, 7.8, 898, 精力管理
21331464, 7.8, 895, 那些荒谬的往事叫青春
26323408, 8.4, 444, 我坦言我曾历尽沧桑
26665498, 7.5, 1322, 生命中最简单又最困难的事
24839341, 7.6, 1144, 紫罗兰
26647621, 7.0, 2911, 龙族Ⅳ
24699104, 7.0, 2869, 你要去相信，没有到不了的明天
6957796, 8.4, 433, 爱得太多的女人
21263656, 8.1, 593, 往事
24869869, 8.4, 424, 慢骑中国
25837146, 7.3, 1687, 倾我所有去生活
6515939, 6.8, 3962, 世界如此险恶，你要内心强大
24714245, 7.8, 809, 看得开
26362975, 8.0, 632, 藏在这世间的美好
26801361, 9.2, 198, 鹿苑长春
24530336, 8.0, 625, 至关重要的关系
1146989, 9.0, 232, 与孩子的天性合作
7174705, 7.0, 2610, 老女孩
26274801, 7.5, 1180, 沉默也会歌唱
4010184, 7.4, 1358, 本能
1028372, 7.9, 694, 要事第一
10564563, 7.1, 2162, 闺蜜
2984241, 8.6, 327, 思维改变生活
25747597, 7.5, 1165, 不能不去爱的两件事
1128313, 8.6, 326, 个人的管理
25912887, 6.8, 3674, 练习一个人
24297906, 6.7, 4441, 不畏将来 不念过去
10815590, 6.9, 3015, 优雅
20493042, 7.3, 1541, 这样读书就够了
26802228, 8.8, 268, 寻找光的小女孩
26353581, 7.4, 1317, 成龙：还没长大就老了
26808809, 8.6, 320, 当我遇见一个人
26799348, 8.5, 352, 演讲的力量
10569245, 7.1, 2062, 不愿说谢谢的人
25660015, 6.9, 2904, 以自己喜欢的方式过一生
25817021, 8.1, 516, 20岁，光阴不再来
25985499, 7.6, 946, 这一生，静待时光检验
1451698, 8.9, 235, 什么是教育
26866300, 9.1, 199, 光芒纪・微光
3194500, 7.9, 640, 一个被称作“它”的孩子
3248660, 8.3, 409, 语言的魔力
26761859, 7.9, 635, 精要主义
26598945, 7.5, 1064, 请尊重一个姑娘的努力
1475128, 8.8, 251, 人的潜能和价值
26388796, 8.0, 556, 人间卧底
25697495, 8.7, 272, 情感依附
26384985, 7.4, 1189, 我有个恋爱想和你谈下
26739865, 7.4, 1189, 向着光亮那方
26810629, 8.4, 357, 岁月如风小少年
26712787, 8.2, 438, 可爱的诅咒
3682751, 7.7, 786, 谈判力
25847224, 6.9, 2635, 世界与你无关
26295733, 7.2, 1592, 我知道你没那么坚强
4062735, 8.4, 353, 对生命说是
3743038, 9.5, 140, 写给孩子的哲学启蒙书（共6册）
5028585, 8.5, 319, 关系之镜：两性的真爱
3822285, 8.7, 264, 自我导向行为
26108007, 7.8, 680, 我已经结婚了  我心情还不好
20434393, 8.0, 534, 销售无处不在
26798857, 7.9, 599, 让未来现在就来
26384746, 8.0, 531, 再见，少年
26737134, 8.0, 531, 就要一场绚丽突围
3335271, 7.1, 1812, 娜写年华
4309584, 8.6, 286, 孩子的宇宙
26656779, 7.4, 1139, 当你的才华还撑不起你的梦想时
3354670, 8.3, 382, 卡内基沟通与人际关系
25731751, 7.8, 669, 99%的新人，没用心做好的50件事
3078944, 8.1, 471, “坏”女人有人爱
1065341, 8.1, 467, 孤独是迷人的
26260187, 7.7, 749, 零秒思考
26581845, 7.9, 581, 拼了命，尽了兴
25978468, 7.8, 655, 遇见孩子，遇见更好的自己
21364188, 7.2, 1495, 书都不会读，你还想成功
1799241, 7.8, 651, 全新思维
25852441, 6.9, 2432, 当我足够好，才会遇见你
25963932, 8.0, 511, 女孩像你
20396705, 7.4, 1090, 女心
25910582, 8.0, 508, 成长，请带上这封信
25978608, 7.1, 1693, 再美也美不过想象
26865082, 7.7, 714, 就这样吧
26436743, 7.5, 920, 曾少年
3270647, 7.7, 707, 玛丽莎的心愿清单
20036150, 9.1, 175, Principles
26032227, 7.5, 902, 金融的解释
21764541, 8.7, 240, 爱的五种能力
10571219, 8.2, 387, 必要的丧失
2145946, 8.4, 315, 萨提亚家庭治疗模式
26771587, 8.4, 315, 坚持，一种可以养成的习惯
20394988, 9.0, 185, 灵性炼金术
20434432, 7.4, 1015, 趁年轻.折腾吧
5269117, 8.8, 217, 现实即弯路
22233895, 7.2, 1331, 用男人的思维跟男人谈恋爱
25901703, 8.1, 416, 只有时间不会撒谎
26248587, 7.6, 745, 美好古董衣店
20273181, 8.1, 408, 生命是长期而持续的累积
3772058, 7.5, 829, 吸引力法则
3613841, 8.1, 402, 自信的秘密
3422625, 8.5, 268, 幸福的真意
2252637, 8.0, 445, 诱惑的艺术
10796954, 7.7, 624, 商业模式新生代（个人篇）
4159753, 9.3, 137, Your Brain at Work
24318966, 8.4, 290, 我在哈佛的最后一堂课
26641761, 8.0, 438, 横向领导力
1101606, 8.3, 319, 聪明人的圣经
26779688, 8.4, 289, 做出好决定
10484712, 7.7, 616, 驱动力
26816874, 8.5, 261, 理解未来的7个原则
26922895, 9.7, 103, 其实你没那么爱他
26884309, 9.5, 117, 可我还是喜欢你
25911858, 8.3, 313, 我们能做什么
25779342, 7.7, 606, 麦肯锡教我的思考武器
25871755, 8.7, 215, PICTURA神笔涂绘（怪物星球、漫游伦敦、巴黎漫步）
26672723, 7.5, 775, 女神日常修炼手册
26282087, 7.8, 530, 把所有失眠的夜都给你
26293066, 7.7, 596, 你是一切的答案
24827120, 8.2, 339, 爽
26848146, 7.8, 523, 民国太太的厨房
25945941, 7.1, 1350, 日和手帖001：我们终究是一个人
2977509, 7.8, 521, 有钱人想的和你不一样
20278327, 6.0, 12973, 谁的青春不迷茫
26914640, 9.6, 106, 你配得上更好的人生
4867187, 8.0, 409, 稻盛和夫自传
6510688, 8.0, 407, 看见成长的自己
26755989, 8.3, 298, 做一个刚刚好的女子：不攀附，不将就
26924424, 9.2, 138, 喜欢我也没关系
3253861, 8.8, 188, 管理成就生活
25845649, 7.6, 644, 亲爱的闺蜜
26367995, 7.7, 557, 你心柔软，却有力量
4087584, 7.4, 808, 害羞心理学
26416276, 7.9, 434, 愿生命从容
25827340, 7.7, 548, 战胜拖延症
26877306, 8.7, 198, 微习惯
26422275, 7.3, 917, 向死而生
25886895, 7.0, 1433, 如何成为一个妖孽
26434719, 6.8, 1990, 你一年的8760小时
6869079, 8.1, 341, 但愿婚前我知道
26762941, 8.7, 193, 一个人的博物馆
26313089, 7.1, 1202, 姑娘，欢迎降落在这残酷世界
26383741, 8.5, 229, 和妈妈如影随形的日子
5063384, 7.6, 595, 思考的艺术
26907515, 9.7, 92, 一问一世界（青少年版）
26417674, 7.9, 414, 当我足够爱，才敢失去你
26288194, 9.1, 138, 权力与领导（第5版）
26590889, 8.3, 272, 情绪急救:应对各种日常心理伤害的策略和方法
26666471, 7.6, 585, 夜空最亮的星
1004506, 8.1, 326, 就业宝典
26312476, 7.5, 652, 你的身体，是一切美好的开始
1843001, 8.5, 221, 给莉莉的信
3420221, 8.5, 219, 实用程序育儿法
26890756, 8.3, 260, 你是我的虚荣
4169488, 7.7, 489, 思维导图系列丛书（全五册）
3185166, 7.7, 488, 世界最简单解决问题的方法
26649850, 7.9, 387, 深度学习的艺术
26903805, 9.8, 82, 交对人  做对事
11597314, 8.0, 345, 我被爸爸绑架了
24713564, 7.6, 543, 不要和鲨鱼接吻
26318944, 7.8, 426, 绘画是一个人的旅行
4903295, 7.7, 478, 黛丽拉和她的20个前男友
10554684, 7.8, 425, 时间中的孩子
26775412, 9.0, 139, 最朴素的生活和最遥远的梦想
3056906, 8.3, 251, 夏日的庭院
26895254, 9.1, 128, 雪中的印记
26672581, 7.3, 786, 嘿，三十岁
26801234, 7.9, 373, 我二十九岁的夏天
26400900, 7.2, 891, 创京东
26293675, 7.2, 888, 晚安，我亲爱的人
26758995, 8.2, 269, 罗茜计划
20391459, 7.8, 409, 一觉睡到小时候
26846721, 8.8, 157, 如何在爱中修行
21617698, 7.1, 1011, 二十五岁的世界
26782094, 7.9, 359, 解决冲突的关键技巧
26791930, 8.1, 290, 生于一九八四
6801742, 7.5, 570, 人生定位
26694904, 7.6, 503, 世界很大
3813384, 8.2, 261, 你值得^更好的生活
26108383, 6.9, 1332, 人生永远没有太晚的开始
20386246, 7.8, 390, 人生那么长，停一下又何妨
5339693, 8.4, 212, 母爱的羁绊
26108423, 7.3, 723, 你看起来很美味
24699085, 7.7, 433, 不允许哭泣的场合
25747867, 7.9, 343, 女孩和女人们的生活
1444813, 8.4, 209, 灵魂的黑夜
20366371, 8.1, 278, 找我1
1042832, 8.3, 226, 走出抑郁
26839427, 8.1, 274, 慢思考：大脑超载时代的思考学
6759677, 8.7, 159, 走出恐惧
3425151, 8.9, 135, 焦虑情绪调节手册
6861142, 8.1, 271, 心灵的面具
26905604, 9.7, 78, 此刻不爱的人，都有罪
10799765, 7.6, 469, 盖洛普优势识别器2.0
26673009, 8.2, 245, 为什么你总是害怕来不及
26333114, 8.0, 295, 不想讨好全世界
25913147, 7.7, 409, 因为深爱，所以放手
24298657, 6.7, 1712, 永远热泪盈眶
26257557, 8.7, 155, 热锅上的家庭
26841113, 9.2, 106, 岁月沧桑
26126563, 8.1, 264, 囚徒健身2
26293455, 7.0, 1027, 我依然爱你，我只是不喜欢你了
26921116, 9.7, 76, 活着就很伟大
2063630, 8.1, 258, 疯狂的功成名就
26677905, 8.0, 281, 打破自我的标签
26782113, 7.3, 638, 筑巢记
25747577, 6.9, 1141, 7天治愈拖延症
26781120, 8.2, 229, 优秀到不能被忽视
26384723, 7.6, 432, 我比谁都相信努力奋斗的意义
25780952, 7.9, 307, 职场解释系
25799030, 7.3, 628, 莫急，你要的岁月都会给你
26781744, 7.2, 718, 台北女孩看大陆
26388790, 8.1, 248, 交办的技术
6800784, 8.4, 185, 故事知道怎么办
10763918, 8.3, 202, 一路两个人
25962890, 7.5, 469, 我愿生命从容
4832482, 7.9, 297, 真实的颜色
26797183, 8.0, 267, 喵呜，原来你是这种汪
26690624, 8.6, 154, 她们
26878947, 8.3, 198, 我不过低配的人生
26373220, 9.0, 112, 西尔斯健康育儿百科
25879534, 7.8, 325, 学会独立思考
25985525, 7.6, 406, 在世界尽头遇见你
26743071, 7.6, 404, 学会学习
10773363, 7.1, 771, 我喜欢当年喜欢你的我
5291811, 7.6, 401, 认识自己，接纳自己
26934539, 9.3, 89, 长大后的世界
3424068, 7.6, 395, 生命的心流
6990052, 7.6, 394, 哈佛幸福课
26284463, 9.0, 108, 皮特猫
25832152, 8.8, 125, 自尊的力量
26293220, 7.7, 347, 像TED一样演讲
24745650, 7.5, 438, 我怕没有机会，选择真正喜欢的生活
25866817, 6.8, 1145, 有些路，只能一个人走
26628237, 7.5, 424, 哪有没时间这回事
6852021, 7.6, 374, 与内心的小孩对话
26861753, 7.8, 298, 愿你道路漫长
26252929, 7.9, 267, 我只想和你说说话
20480678, 7.0, 814, 逆转
26879486, 7.8, 295, 最初不过你好
26659614, 7.2, 605, 谢谢自己够勇敢
26590171, 7.3, 523, 做事的常识
25801138, 8.7, 127, 是什么带来力量
26835090, 8.0, 235, 软技能
26425651, 6.3, 2669, 你只是看起来很努力
26892143, 9.5, 72, 生死・朝圣
25980669, 7.1, 667, 带人的技术
1050762, 8.0, 230, 10秒钟让自己不同凡响
26342494, 7.2, 573, 美女都是狠角色
26639133, 7.6, 346, 我有个好故事，就要你一碗酒
26891340, 9.3, 80, 我不过别人指定的生活
25744065, 8.3, 169, 决断力
26894476, 9.6, 66, 华人育儿百科
25894861, 6.5, 1687, 跟任何人都聊得来
26183838, 7.5, 381, 我想看到的世界
26757648, 7.7, 302, 并没有如愿以偿的人生
26770722, 8.2, 183, 一个人的面包屑生活
26879144, 8.6, 130, 落差
5372542, 8.1, 200, 情感勒索
24527645, 8.1, 200, 心的处方笺
26538400, 9.0, 96, 这世间没有不可安放的梦想
25849381, 7.8, 265, 世界是自己的，与他人无关
25948155, 7.3, 470, 每一个优秀的人，都有一段沉默的时光
26352480, 9.0, 94, 魔法岁月
26911009, 9.6, 64, 自信向左 自卑向右
26178225, 7.5, 367, 巧克力色微凉青春I
6516304, 7.8, 261, 分心不是我的错
26865749, 7.6, 324, 所谓情商高，就是会说话
26470077, 9.1, 87, 西尔斯亲密育儿练习手册
26287433, 8.7, 116, 心若菩提
26612363, 8.1, 193, 每当我找到生命的意义，它就又变了
24700106, 7.8, 259, 硅谷最受欢迎的情商课
20470494, 8.1, 192, 职场成人礼
1085007, 8.0, 211, 敏感的人:如何面对外界压力
26921021, 9.5, 67, 一辈子很长，要和有趣的人在一起
26918894, 9.4, 71, 你的善良，请小心轻放
26847907, 7.8, 254, 见过爱情的人
25697240, 8.2, 172, 生命的思索：史怀哲自传
26591755, 9.1, 85, 聪明的渔夫
25870331, 6.8, 912, 所有年轻人都将在黎明前死去
26733302, 7.5, 346, 自控力：和压力做朋友
26900945, 9.5, 65, 世界很小，而你刚好发光
26728018, 6.7, 1047, 你所谓的稳定，不过是在浪费生命
1824306, 7.2, 496, 学习的艺术
25922761, 7.1, 561, 我是如何一步步毁掉我的生活的
24298931, 7.2, 489, 专注力
26268552, 7.6, 297, 如何变得有思想
26705662, 9.2, 76, 心理营养
26708712, 9.1, 81, 努力，是为了不辜负自己
25981846, 7.4, 369, 这世上的美好，唯你而已
26915104, 9.0, 86, 你凭什么做好互联网
26379069, 7.2, 473, 麦肯锡入职培训第一课
26852845, 8.4, 135, 仅记住所有快乐
1394365, 8.7, 105, 教B的迷思
26769136, 8.7, 105, 为什么长大？
22224887, 8.5, 122, 全脑教养法
26683323, 8.3, 143, 你只是还未全力以赴
26647130, 8.1, 170, 无处不在的人格
26422177, 7.6, 281, 轻松学会独立思考
26838695, 8.3, 142, 12个工作的基本
26627873, 7.2, 444, 格局逆袭
26740257, 8.0, 182, 内在革命：一本关于成长的书
26779589, 6.3, 1847, 我喜欢这个&#34;功利&#34;的世界
26363718, 8.5, 116, 谁在银闪闪的地方，等你
24089617, 6.6, 1045, 世界这么大，还是遇见你
26895988, 8.0, 178, 学习之道
20432499, 6.7, 882, 这辈子最渴望做的那些事
26689692, 8.4, 123, 不完美，才美
26414051, 9.2, 69, 月亮知道
26895627, 8.7, 97, 很感谢你能来，不遗憾你离开
24718813, 7.6, 259, 毫无目的去一次远方
26851547, 8.1, 157, 软埋
25984823, 7.3, 364, 你的时间有限，不要为别人而活
26266562, 7.6, 257, 所念人，所感事
26770999, 8.4, 120, 斯坦福大学创业成长课
25905227, 7.5, 283, 你的生存本能正在杀死你
26742180, 8.6, 102, 心智探奇
26369484, 7.2, 399, 我们为什么会发胖？
26268737, 8.2, 139, 西尔斯橙色亲子课
26428516, 6.7, 805, 我只是敢和别人不一样
26811334, 8.1, 150, 疼
26180267, 7.1, 439, 我们是不是该结婚了
26858097, 8.5, 106, 你男神凭什么喜欢你
26412672, 7.5, 269, 你可以拥有你想要的生活
26737908, 8.3, 121, 你好，抑郁
26826236, 7.3, 328, 负负得正的人生奥义书
25808733, 9.2, 63, 爱・恨与修复
26579234, 9.1, 67, 蝴蝶狮
26860296, 9.1, 67, 亲爱的日历
3188381, 7.5, 257, 绅士的准则
6718052, 8.2, 130, 从“为什么”开始
1061216, 8.9, 76, 语言哲学
26647114, 7.9, 168, 太聪明所以不幸福？
26269094, 6.7, 724, 文艺女青年这种病，生个孩子就好了
26774616, 8.6, 93, 你就是答案（情怀版）
25975473, 7.4, 282, 幸好，没有在一起
25892661, 6.9, 531, 就想开间自己的小店
26880812, 7.6, 224, 读在大好时光
26752029, 8.2, 126, 我们无法再享有天真和浅薄
26809387, 7.5, 245, 印象笔记留给你的空间
26780237, 7.5, 243, 我和厄尔以及将死的女孩
25830853, 7.3, 305, 如何把事情做到最好
26738158, 9.0, 68, 人生只差好好静度时光
3296364, 8.4, 104, Zen To Done
26865812, 8.4, 104, 方太儒道
11517171, 8.6, 89, 创意，是一笔灵魂交易
26266672, 7.3, 298, 你以为没有的，可能在来的路上
26717862, 8.8, 76, 让教育回归美好生活
26826894, 8.8, 76, 我们是穷得开朗，所以不用担心
26907263, 9.4, 52, 全世界我只想和你在一起
26333102, 7.7, 189, 我不愿让你一个人
26933142, 9.3, 55, 让美好现在发生
26257896, 8.6, 87, 童年时光
26546692, 8.2, 118, 安然于行的幸福
26767643, 7.5, 230, 愿所有美好如期而至
26832090, 8.1, 128, 别扯了，时间才不会改变一切
20485924, 8.4, 100, Give and Take
26789266, 8.7, 80, 你不懂面包
26811453, 9.5, 48, 5年后，你是什么档次？
26718550, 8.2, 116, 当你老了
25941678, 6.8, 543, 他爱的是玫瑰，而你是蔷薇
26730678, 7.9, 149, 我不过无比正确的生活
26340704, 7.6, 198, 亲爱的另一个我
2293880, 8.7, 77, 生涯咨询与辅导
10809151, 7.8, 160, 失语者
26596363, 8.2, 112, 阅读经典
26676261, 8.3, 103, 曾经，我爱过一个少年
26347185, 8.7, 76, 微妙的平衡
3441145, 8.2, 111, 自尊的6大支柱
26357209, 7.9, 144, 生命的每一天都是奇遇
26418338, 7.5, 213, 努力，才配有未来
24845767, 7.0, 384, 总有一次哭泣，让人瞬间长大
26333046, 7.4, 234, 替这个残酷世界给你的一记温柔耳光
26657426, 8.5, 86, 高效能人士的7个习惯（人际关系篇）
25809012, 8.1, 118, 爱的博弈
26899230, 9.4, 48, 人人心里住了一个不可能的人
26602109, 7.4, 233, 吃饱了才有力气谈恋爱
26658429, 7.6, 188, 没有人会因为心碎而绝望
26296081, 7.2, 293, 孤独的反义词
26794518, 7.8, 154, 25岁，如何规划你的人生
26745200, 7.3, 254, 我的衣橱故事
26277384, 6.9, 420, 让未来的你，感谢现在的自己
26361686, 7.4, 226, 我觉得我会永远生猛下去
26828557, 8.0, 125, 从行动开始
26368060, 8.2, 104, 创业，生与死
26359398, 7.1, 310, 你要好好爱自己
1799920, 9.1, 54, 你值得成为最优秀的
26394467, 7.0, 345, 就像没有明天那样去生活
26636282, 6.8, 452, 如果你想过1%的生活
26296901, 9.0, 57, 一日浮生: 十探生命意x的故事
26650151, 7.3, 238, 谁说咸鱼没有梦想
26935435, 9.2, 50, 大裂
26662226, 8.9, 60, 不要，不要，妈妈不要！
26771781, 8.8, 64, 我把四季用来等你
26243027, 7.0, 333, 你配得上更好的世界
25925226, 8.5, 77, 强势
24708172, 7.4, 204, 自控力2
26874593, 7.3, 227, 技巧
26649613, 8.7, 65, Deep Work
26820338, 7.9, 120, 从自我苛求中解放出来
25773343, 9.0, 53, 伯克毕生发展心理学：从0岁到青少年（第4版）
26845275, 8.4, 79, 梦想会证明一切
26278430, 7.4, 192, 别害怕你所向往的生活
26413830, 7.2, 239, 这辈子活得热气腾腾
26916236, 7.9, 117, 好姑娘光芒万丈
26689720, 8.7, 63, 好姑娘向暖而生
26855873, 9.1, 49, 自我的智慧
1082901, 7.8, 127, 聪明人的训练
26411560, 7.2, 231, 不被理想束缚的生活
24697576, 7.5, 166, 第3选择
26840426, 6.5, 590, 永无止尽的约会
26830671, 8.1, 95, 愿你出走半生，归来仍是少年
26902288, 9.3, 42, 人生没有白走的路，每一步都算数
10520050, 8.7, 59, Tiny Beautiful Things
26844372, 8.0, 99, 你充满电了吗？
26882462, 6.7, 409, 你从未真正拼过
26810549, 9.6, 35, 铁意志与柔软心
1921568, 8.1, 90, 奖励的惩罚
26589583, 7.7, 127, 准备好了吗？开始工作吧！
26298713, 8.5, 66, 我还爱着你，比想象中更深
26878858, 8.5, 66, 恋爱心理学：愿你被男人温柔相待
26732962, 8.2, 81, 姑娘，你是你自己，不同于任何
26927491, 8.5, 65, 白夜照相馆
26838015, 8.4, 69, 对于自己，你还是个陌生人
26391996, 7.6, 134, 二十八岁，我有点累
26676574, 8.6, 60, 宝宝的第一本游戏书
26686028, 8.2, 79, 你在北京还好吗
26767011, 6.9, 284, 先谋生，再谋爱
26815907, 7.2, 198, 这样和世界相处
26844750, 7.7, 118, 优秀的人，都敢对自己下狠手
26699409, 7.1, 218, 明天过得怎么样，取决于今天的你怎么做
26827314, 7.7, 117, 逆向管理
26603648, 7.2, 194, 少即是多：北欧自由生活意见
26711164, 8.2, 76, 再也不怕跟人打交道
26728755, 7.9, 96, 不喧哗，自有声
26281301, 8.8, 50, 和繁重的工作一起修行
26879423, 8.9, 46, 孩子是个哲学家
26688714, 8.0, 84, 记忆里，微笑的你
26616951, 7.7, 108, WOOP思维心理学
26889819, 9.1, 39, 世上没有怀才不遇这件事
26848701, 9.6, 30, 一亿人，不如你一人
26642422, 8.7, 49, 自我发现与重塑
26937721, 8.7, 49, 于是去旅行
26903687, 9.4, 33, 你来了，我就不挑了
26782080, 7.6, 113, 用安静改变世界
26646634, 8.1, 74, 因为爱，所以节制
26221429, 8.2, 68, 李安哲学
25937939, 7.5, 122, 一个人也能有很好的时候
26771798, 7.6, 110, 凸法则
26822709, 8.9, 41, 聋哑时代
26890720, 8.4, 56, 你所羡慕的一切，都是有备而来
26857129, 7.9, 80, 把日子过成诗
26871348, 8.3, 58, 只想和你过好这一生
26791537, 8.2, 59, 心静的力量
26852295, 9.1, 33, 杏仁树的守望
23018929, 8.2, 57, 沟通
26613582, 7.7, 83, 世间所有的美好，都是因为坚持
1868555, 8.8, 38, 阻力最小之路
26895125, 9.3, 29, 北大国学讲座
25924913, 6.5, 306, 你这辈子就是吃了太严肃的亏
26342463, 7.1, 143, 你就是脸皮太薄！
26847603, 8.0, 63, 我用尽青春，只为寻你：徐志摩传
26774319, 7.3, 115, 如果我是一本书
26140526, 6.2, 466, 你值得拥有最好的一切
3314537, 9.0, 33, 婴儿、儿童和青少年
26852880, 9.0, 33, 遇谁都能聊得开
26876489, 9.1, 31, 做一个自己喜欢的女子：温柔且坚定
26708826, 7.6, 85, 不懂说话，你怎么带团队？
26468042, 7.4, 101, 温德先生
26893015, 8.8, 36, 谁说我们不能生气
26844382, 8.3, 49, 和这本书一样安静
26870406, 8.2, 52, 湖边小屋
26865498, 8.7, 37, 医治受伤的自信
26866061, 8.7, 37, 让孩子不恐惧、不焦虑、不拖延
26883144, 8.3, 47, 清晰表达的艺术：打造高效的职场沟通
1676626, 9.2, 28, 给孩子的古诗词・讲诵版
26843173, 8.7, 36, 我们还年轻，不够好又有什么关系
26366813, 8.4, 43, 管理者的10堂战略课（修订第4版）
26723536, 7.4, 88, 争辩力
26827725, 8.7, 34, 安身与立命
26852890, 8.5, 38, 吸引力是这样炼成的
26842369, 8.9, 30, 像我们一样疯狂
26921335, 8.9, 29, 读完本书，才有力气完成剩下的梦想
26680733, 6.9, 130, 谢你不娶之恩
26794006, 9.3, 23, 撒切尔夫人
26858053, 9.1, 24, 创新者的方法
26439450, 7.0, 101, 爱我少一点，爱我久一点
26935479, 8.2, 38, 在对的时间做对的事
1000697, 9.3, 21, 天才的思考
26854457, 8.6, 28, 你只活一次
26882979, 8.0, 38, 且以优雅过一生
26900445, 9.0, 21, 像疯子一样思考 像天才一样行动
26856050, 8.3, 30, 避开错误决策的4个陷阱
26743413, 7.0, 79, 恋爱这件小事
26894747, 8.5, 26, 爷爷和我
26910119, 9.5, 16, 如何看电影
26914156, 8.1, 32, 你不努力，就别怪世界残酷
26881024, 8.2, 30, 你对自己好不好，身体知道
26360716, 9.2, 18, The Effective Engineer
26767030, 7.3, 55, 关键洞察力
26921237, 8.7, 22, 果壳里的一百五十九个宇宙
6430918, 7.3, 54, 20几岁要懂得的手段和心计大全集
26769282, 8.0, 32, 如何作出正确决策
26933776, 8.2, 26, 我敢活成自己想要的样子
26936065, 8.6, 20, 请停止无效努力
26933283, 6.9, 63, 罗辑思维：我懂你的知识焦虑
26611254, 8.2, 24, 幸福创造力：七天活出丰盛自在人生
26921701, 8.5, 20, 岛王
26897237, 8.3, 21, 小男孩长大后
26836252, 9.3, 13, 你一动，我就懂
26934335, 8.4, 18, 亲密关系
26902259, 8.7, 14, 南瓜花
26918960, 8.1, 18, 《借我春风如少年》
26920205, 7.7, 20, 我把我的好朋友们都拉黑了
26845180, 8.1, 14, 年轻不怕一无所有，你知道自己终将闪耀
26877279, 7.5, 16, 请停止无效的努力
