2017-01-23 16:17:59
Tag: 房龙
The number of books: 137 

ID, rating, votes, title
1010204, 8.5, 3718, 宽容
1063736, 8.4, 2018, 人类的故事
1019308, 8.1, 985, 圣经的故事
1053983, 8.3, 580, 希腊神话故事（插图珍藏本）
1060637, 8.1, 483, 房龙地理
1082730, 8.6, 241, 圣经的故事(全彩珍藏本)
1797637, 8.1, 320, 西方美术简史
1043903, 8.7, 180, 哲学的故事
1000210, 8.5, 148, 伦勃朗的人生苦旅
1021026, 8.5, 140, 天堂对话
1046452, 8.3, 140, 艺术
3000879, 7.7, 246, 圣经故事
10454469, 7.5, 255, 伟大的逃亡
1062049, 8.0, 148, 艺术的故事
1060152, 7.6, 187, 音乐的故事
1226654, 7.9, 130, 圣经的故事
1007503, 8.1, 98, 文明的开端、奇迹与人（房龙文集）
1010370, 8.2, 90, 房龙讲述艺术的故事
1854672, 8.1, 91, 美国史纲
3810075, 8.3, 76, 宽容
1042619, 8.3, 73, 人类的故事
1390637, 7.9, 96, 音乐简史
1071478, 7.6, 120, 荷兰共和国的衰亡
1160240, 8.2, 67, 房龙讲述地理的故事
1029851, 7.4, 133, 巴赫传
1104694, 7.8, 85, 荷兰航海家宝典
26743667, 8.4, 51, 圣经的故事
10454483, 7.9, 73, 固执鬼彼得
1057358, 7.9, 71, 美洲精神
4605568, 7.3, 115, 与字母一起漫游世界
2172359, 9.0, 33, 人类的故事
1491150, 8.5, 44, 发明的故事
1050044, 8.0, 62, 美国史事
1149719, 7.8, 69, 房龙讲述建筑的故事
3410753, 7.1, 125, 我们的奋斗
1012630, 7.9, 60, 致天堂守门人
6006693, 7.9, 59, 圣经的故事
4149989, 8.4, 41, 房龙经典大全集
1061230, 7.9, 56, 发现太平洋
6540299, 8.6, 35, 宽容
1032147, 7.5, 75, 圣经的故事
1104695, 7.5, 72, 美国的故事
5261675, 7.9, 52, 美国往事
1062906, 8.2, 42, 房龙地理（英文本）
10481065, 7.6, 65, 圣经故事
1151880, 8.2, 41, 人类的解放
1025215, 7.7, 58, 天才的故事-房龙论人
3346146, 8.6, 29, 宽容（房龙卷）
1792403, 8.1, 39, 人生苦旅-伦勃朗传（全2册）
1211306, 8.2, 34, 人类的家园
3390583, 8.5, 28, 人类的故事
6965259, 7.8, 43, 人类的艺术
1006553, 8.0, 35, 地球的故事
5953966, 8.3, 29, 房龙地理
5261672, 7.8, 38, 音乐之神
1219873, 8.1, 31, 房龙讲述音乐的故事
3826739, 7.5, 42, 房龙地理
26740357, 8.2, 26, 给大家看的全球通史
5285064, 8.5, 21, 人类的故事
1442294, 7.8, 31, 美国的故事
24708210, 7.5, 38, 圣经的故事
1079546, 7.7, 32, 太平洋的故事（中英双语本）
1072984, 7.2, 46, 简明西方美术史
1151881, 8.0, 26, 太平洋的故事
5261678, 8.0, 26, 美洲精神
5261683, 8.2, 23, 人类的故事
1227987, 8.1, 24, 房龙讲述伦勃朗的故事
1448198, 7.5, 33, 房龙讲述地理的故事
1522080, 8.0, 23, 人类的故事
3733162, 7.2, 39, 图释美国史纲
5261679, 7.6, 29, 房龙地理
4223970, 7.8, 25, 美国简史
1138934, 7.4, 32, 房龙讲述美术的故事
3351289, 7.7, 26, 圣经的故事
1027572, 7.5, 29, 人类征服的故事
1444053, 7.4, 31, 房龙精选集
5261676, 7.4, 31, 欧洲美术故事
5261680, 8.1, 20, 宽容
2172360, 8.0, 21, 宽容
5261681, 6.8, 48, 房龙手绘画
5261673, 7.3, 31, 艺术
4895845, 7.5, 26, 音乐的故事
1074238, 7.3, 29, 巴赫传
4831821, 7.4, 27, 人类的艺术
1039589, 7.3, 28, 房龙论艺术
1055371, 7.4, 26, 美国的故事
5300871, 7.9, 19, 地球的故事
5386594, 7.8, 20, 宽容
3914682, 7.9, 18, 人类的故事
1060889, 7.0, 32, 漫话圣经
1228067, 7.7, 20, 房龙讲述伟人的故事
2188678, 7.6, 21, 宽容
10575987, 7.1, 29, 西方美术简史
6732138, 7.1, 28, 宽容
3513013, 8.3, 14, 人类的故事
1290763, 6.3, 55, 插图本圣经故事
1448196, 7.4, 22, 房龙讲述艺术的故事
4150295, 7.4, 22, 房龙
1005863, 6.5, 43, 房龙传
3351290, 7.8, 17, 人类的故事
1528638, 7.5, 20, 圣经的故事
5281004, 7.6, 18, 宽容
3056659, 7.2, 23, 圣经的故事
1065672, 7.7, 17, 房龙图话
4931599, 6.9, 28, 房龙地理
5261677, 7.6, 17, 圣经的故事
2234919, 5.9, 63, 古代的人
1084122, 6.9, 24, 房龙讲述名人的故事
3409077, 7.2, 19, Story Of The Bible
1966055, 7.6, 15, 人类的解放
25981620, 7.6, 15, 宽容
10548121, 7.1, 20, 圣经的故事-房龙作品典藏
5281003, 7.3, 17, 圣经的故事
5281005, 7.8, 13, 人类的故事
6148582, 7.5, 15, 美洲精神
11590080, 7.7, 13, 宽容
6000679, 7.3, 16, 艺术的故事
5261682, 7.0, 19, 我们的奋斗
10734645, 7.6, 13, 房龙地理
6533705, 7.9, 11, 宽容
1077644, 7.4, 14, 伦勃朗传（上下）
1448197, 7.5, 13, 房龙讲述历史的故事
1521745, 7.4, 13, 宽容
10545382, 7.4, 13, 人类文明的开端
4017902, 7.7, 11, 圣经故事
1442295, 7.9, 10, 人类解放的故事
1049186, 7.5, 12, 伦勃朗的最后岁月（上下）
1442296, 7.5, 12, 人类的家园
3260803, 7.1, 14, 人类的故事
1042914, 7.7, 10, 人类解放的故事
5285065, 7.3, 12, 房龙地理
2021749, 7.4, 11, 人类的故事
10575990, 7.4, 11, 圣经的故事
1056987, 6.7, 16, 房龙传
4088095, 7.5, 10, 人类的故事
3062743, 7.3, 10, 房龙地理
1021006, 7.2, 10, 太平洋的故事
