2017-01-23 16:17:59
Tag: 托尔斯泰
The number of books: 147 

ID, rating, votes, title
1084336, 9.0, 211652, 小王子
6880158, 8.7, 17288, 陆犯焉识
1424741, 8.5, 22340, 心是孤独的猎手
1213546, 8.3, 20088, 变形记
1292227, 8.8, 6164, 霍乱时期的爱情
1010472, 8.4, 7333, 安娜・卡列尼娜（上下）
1255288, 8.0, 13995, 复活
1013469, 8.6, 4432, 战争与和平（全四册）
1085021, 8.2, 6693, 蝴蝶梦
4920062, 7.3, 6962, 别跟我说你懂日本
3127852, 8.6, 985, 推销员之死
3525047, 7.9, 2217, 无影灯
4908886, 9.0, 591, 金蔷薇
1180087, 8.9, 529, 新月集
2266567, 9.2, 382, 伊凡・伊里奇的死
24935031, 9.3, 310, 战争与和平
1959124, 9.0, 259, 生活之路
1000728, 7.7, 927, 苔丝
4881640, 8.1, 569, 名人传
4149229, 9.2, 171, 托尔斯泰与陀思妥耶夫斯基（上下）
4841506, 8.5, 260, 忏悔录
6878082, 8.8, 171, 托尔斯泰或陀思妥耶夫斯基
2048297, 8.7, 182, 安娜.卡列尼娜-世界文学名著典藏（上.下）
6001356, 9.1, 124, 俄国思想家
25799790, 9.5, 83, 安娜・卡列尼娜
2368198, 8.5, 161, 一生必读的关于信仰与人生的30部经典
19961134, 8.9, 112, 安娜・卡列宁娜
1088079, 8.6, 134, 黑色的春天
4917808, 9.1, 90, 泰戈尔诗歌集 新月集 飞鸟集
3076991, 8.6, 118, 克鲁采奏鸣曲
3076983, 8.9, 91, 哈吉穆拉特
2032559, 8.9, 86, 托尔斯泰中短篇小说选
1150697, 9.3, 66, 列夫・托尔斯泰文集
4891535, 9.2, 68, 傅译传记五种
2344013, 8.3, 117, 复活
1029675, 8.4, 102, 天国在你们心中
3076990, 8.6, 84, 哥萨克
1479323, 8.9, 62, Anna Karenina
19980346, 8.8, 66, 伊万・伊里奇之死
3076988, 8.5, 80, 童年・少年・青年
4045331, 9.5, 42, 战争与和平（共四册）
1186367, 9.0, 55, 托尔斯泰中短篇小说选
1833518, 8.1, 98, 生活值得过吗
7053764, 9.4, 39, 安娜.卡列尼娜（上下）
1445012, 8.2, 73, 艺术论
1125533, 8.2, 71, 克鲁采奏鸣曲
1263270, 8.4, 60, 描述自我的三作家
1645152, 8.2, 66, 复活
25973243, 9.2, 34, 安娜・卡列尼娜
1019052, 7.7, 94, 托尔斯泰读书随笔
1327345, 8.5, 51, 自画像
24935028, 9.4, 30, 安娜・卡列尼娜
3076987, 8.3, 56, 一个地主的早晨
1076776, 8.2, 59, 战争与和平
11636793, 8.6, 44, 歌德与托尔斯泰
2101440, 8.6, 43, 三作家
25973245, 9.0, 34, 战争与和平
1024790, 9.2, 29, 托尔斯泰传（上下）
2015927, 8.2, 52, 安娜・卡列尼娜
1109970, 8.4, 45, 安娜・卡列宁娜
3200756, 9.1, 30, 战争与和平（上下）
2021219, 9.3, 25, 人生论
1736970, 8.7, 33, 为了每一天
3533993, 9.0, 28, 苦难的历程（全三册）
2177915, 7.4, 83, 名人传
1077214, 7.9, 52, 复活
6784727, 8.8, 29, 谢尔基神父
1212059, 8.1, 44, 安娜?卡列尼娜(上下最新全译本)
1709537, 8.3, 37, 苦难的历程（全三册）
3741314, 8.5, 31, 生活即幸福
3181282, 8.9, 25, 复活
1228632, 8.1, 39, 彼得大帝（上下）
1034684, 8.4, 31, 克莱采奏鸣曲
1014393, 7.3, 68, 王尔德读书随笔
1041766, 8.7, 26, 无根据颂
2470105, 9.2, 20, War and Peace
4758259, 7.6, 50, 什么是幸福
25837845, 9.4, 18, 战争与和平
3200761, 8.4, 29, 安娜.卡列宁娜
2056490, 8.5, 27, 童年 少年 青年
6438092, 8.8, 23, 克莱采奏鸣曲
1264488, 8.3, 30, 托尔斯泰论生命
3689448, 8.1, 33, 复活
3626317, 9.2, 18, 家庭的幸福
1072922, 7.7, 41, 村中三日
1063417, 8.5, 24, 克鲁采奏鸣曲
3414407, 8.0, 31, 名人传
2304587, 8.1, 29, 复活
1085524, 8.9, 19, 托尔斯泰中短篇小说选
2253846, 8.6, 21, 高加索的俘虏
3045391, 8.2, 26, 托尔斯泰每日箴言
3797387, 8.4, 23, 复活
1261839, 8.0, 28, 安娜・卡列宁娜
7057101, 8.5, 21, 哥萨克
25904144, 7.7, 31, 一日一善（全4册）
3444121, 8.1, 23, 谢尔基神父
6016142, 8.1, 23, 托尔斯泰论文艺
3503924, 7.7, 27, 不可让度的审判
4915937, 8.1, 20, 最后一站
1080301, 8.1, 19, 托尔斯泰散文选
25973242, 8.1, 19, 复活
5967905, 8.5, 15, 战争与和平（第二卷）
5967910, 8.5, 15, 战争与和平（第四卷）
1050228, 8.2, 17, 托尔斯泰的解脱
25772542, 7.9, 19, 战争与和平
25885336, 8.1, 17, 托尔斯泰大传
2298998, 7.4, 25, 克莱采奏鸣曲
1445778, 7.6, 22, 智慧历书
3921773, 8.3, 15, 傅译传记五种
23858360, 7.9, 18, 安娜・卡列尼娜（上、下）
3824378, 7.7, 20, 谢尔盖神父
10572926, 8.3, 14, 战争与和平《1-4》
2057025, 7.9, 17, 复活（托尔斯泰小说系列/插图本）
2078093, 7.9, 17, 世界文学巅峰五人传(上下册)
5967909, 8.4, 13, 战争与和平（第三卷）
1896422, 7.7, 18, 论科学和艺术的价值
1009690, 8.0, 15, 托尔斯泰日记
4835055, 7.8, 16, 舞会之后
2061571, 7.5, 18, 复活
3104114, 7.7, 16, 列夫・托尔斯泰童话
2295159, 8.2, 12, 哥萨克
10564001, 8.0, 13, 战争与和平
25918810, 8.0, 13, 托尔斯泰中短篇小说选
26144689, 8.0, 13, 三死
10571226, 7.8, 14, 童年.少年.青年
3147212, 8.1, 12, 生活之路
1520612, 7.9, 13, 安娜・卡列尼娜（上下）
3024935, 7.9, 13, 文学写照
1271495, 8.1, 11, 忏悔录
4134370, 7.7, 13, 忏悔录
7053765, 7.4, 15, 一个地主的早晨
1157413, 8.0, 11, 安娜・卡列尼娜
1879053, 7.8, 11, 克莱采奏鸣曲
4197032, 7.6, 12, 列夫・托尔斯泰论创作
1331497, 7.3, 14, 托尔斯泰中短篇小说选
25743948, 7.1, 15, 托尔斯泰短篇小说集
4274010, 7.9, 10, 安娜・卡列尼娜
1084938, 7.5, 12, 复活
1361349, 7.5, 12, 安娜．卡列妮娜（精）
1003407, 7.6, 11, 智慧历书
5922521, 7.4, 12, 复活
2187192, 7.3, 12, 狗的故事
10757979, 7.6, 10, 安娜・卡列尼娜（上、下）
1638617, 7.2, 12, 复活
1911315, 7.2, 12, 安娜・卡列尼娜
2011752, 7.3, 10, 托尔斯泰夫人日记（上下）
3084576, 6.4, 11, 托尔斯泰研究
