2017-01-23 16:17:59
Tag: 推理
The number of books: 984 

ID, rating, votes, title
3259440, 9.1, 173398, 白夜行
3211779, 8.9, 119471, 嫌疑人X的献身
1040211, 9.2, 46911, 福尔摩斯探案全集（上中下）
1827374, 9.0, 32521, 东方快车谋杀案
1040771, 8.2, 123381, 达・芬奇密码
3006581, 8.9, 30722, 无人生还
3646172, 8.4, 58886, 恶意
2064977, 8.9, 21467, 死亡P 1
1807516, 8.9, 14916, 罗杰疑案
2297697, 8.6, 23191, ZOO
1818347, 8.7, 17055, 尼罗河上的惨案
5038409, 9.0, 8989, 金色梦乡
3920130, 8.6, 13676, 告白
3187737, 8.4, 18678, 占星术杀人魔法
1228110, 8.2, 24810, 天使与魔鬼
1138986, 8.7, 10808, 名侦探柯南42
4074636, 7.6, 65608, 放学后
3162527, 8.7, 7973, 魍魉之匣（下）
3162513, 8.5, 9942, 魍魉之匣（上）
6746289, 8.4, 11547, 新参者
3347997, 8.5, 9461, X的悲剧
4292149, 8.5, 8599, 龙文身的女孩
3140801, 8.1, 15505, 姑获鸟之夏
4038672, 8.9, 4580, 络新妇之理（上）
4038673, 9.0, 3990, 络新妇之理（下）
4067621, 8.2, 12732, 暗黑童话
4009552, 7.6, 35143, 幻夜
5993310, 9.0, 3658, 直捣蜂窝的女孩
1418707, 8.6, 5991, Goth.嗾剖录
4934552, 8.8, 4526, 玩火的女孩
3348010, 8.5, 6365, Y的悲剧
1392604, 8.6, 5448, 金田一少年事件簿①
3836566, 8.6, 5256, 玫瑰的名字
1805514, 8.2, 9084, 阳光下的罪恶
3112726, 8.5, 5758, 希腊棺材之谜
1210303, 8.9, 3289, 名侦探柯南1
3102324, 7.7, 21055, 秘密
4580972, 7.7, 20886, 流星之绊
4152754, 7.7, 20732, 时生
3715833, 8.6, 4516, 铁鼠之槛（上）
4242406, 8.5, 5106, 达芬奇密码
1158934, 8.5, 4938, 钟表馆幽灵
5269222, 8.5, 4713, 一朵桔梗花
3801097, 7.8, 14272, 夏天・烟火・我的尸体
3715844, 8.6, 4032, 铁鼠之槛（下）
4171951, 7.5, 24785, 失落的秘符
3713327, 7.7, 16605, 圣女的救济
1903164, 8.0, 9588, ABC谋杀案
2336093, 7.8, 13155, 池袋西口公园
3013903, 8.1, 7865, 漫长的告别
6249670, 8.8, 2886, 首无・作祟之物
4116629, 8.9, 2544, 希区柯克悬念故事集
2303588, 8.1, 7723, 心理罪
3615048, 8.2, 6595, 异邦骑士
6890451, 9.2, 1770, 外天楼
3879026, 8.2, 6316, 死亡通知单
5904212, 8.2, 6082, 心理罪
3615061, 7.5, 19831, 宿命
3890174, 7.7, 13503, 信
4034009, 8.3, 5033, 剪刀男
5939312, 8.2, 5740, 超・杀人事件
5395724, 8.5, 3705, 华丽人生
1946658, 8.2, 5509, 啤酒谋杀案
4067626, 8.1, 5989, 重力小丑
4213995, 7.7, 11529, 黑笑小说
1083429, 8.7, 2545, 爱伦・坡短篇小说集
5347699, 7.8, 9468, 彷徨之刃
3785741, 8.0, 6648, 死神的精确度
4252125, 8.7, 2333, 吉祥纹莲花楼・玄武
3026875, 8.7, 2322, 幕后凶手
3124386, 9.0, 1612, 大唐狄公案
4718973, 7.8, 8435, 毒笑小说
4928387, 7.5, 14426, 单恋
4252115, 8.7, 2222, 吉祥纹莲花楼・朱雀
1946666, 7.9, 6948, 斯泰尔斯庄园奇案
4140380, 8.7, 2137, 第七重解答
4898712, 8.3, 3606, 奇想・天动
6794021, 7.8, 7728, 红手指
26413027, 7.5, 12921, 虚无的十字架
1057206, 7.3, 19108, 数字城堡
4729585, 8.4, 3031, 死亡通知单2：宿命（上）
4151180, 8.0, 5426, 巷说百物语
3813194, 7.9, 6362, 火车
26118072, 7.7, 8486, 祈祷落幕时
3316174, 8.0, 5119, 狂骨之梦
4753783, 7.4, 14161, 分身
4277347, 7.9, 5842, 解体诸因
3608352, 8.6, 2095, 哲瑞・雷恩的最后一案
6716698, 8.3, 3099, 死亡通知单3：离别曲（下）
20382491, 8.0, 4799, 心理罪：城市之光
6041089, 8.3, 3044, 家鸭与野鸭的投币式寄物柜
3059083, 9.0, 1266, LIAR.GAMEⅠ
4264003, 7.4, 12384, 名侦探的守则
3293574, 8.4, 2504, 人骨拼图
26284304, 8.1, 3790, 簪中录
26265745, 8.2, 3269, 清明上河图密码
25892399, 7.9, 5113, 余生皆假期
10594781, 8.6, 1915, 模仿犯BOOK3
10580802, 8.2, 3238, 模仿犯BOOK1
5326849, 8.1, 3674, 奥杜邦的祈祷
3187750, 7.7, 6813, 斜屋犯罪
3286829, 8.0, 4138, 脑髓地狱
26729776, 8.2, 3010, 雪人
1156994, 8.7, 1556, 永远是孩子
1903152, 8.0, 3956, 悬崖山庄奇案
6719724, 8.1, 3401, 死了七次的男人
3264211, 8.6, 1728, 犹大之窗
1867064, 7.7, 6193, 八百万种死法
5395155, 8.5, 1851, 涂佛之宴・宴之支度（下）
5395153, 8.4, 2095, 涂佛之宴・宴之支度（上）
1400030, 8.7, 1446, 推理的迷宫
3865832, 7.1, 18010, 变身
1032762, 8.0, 3608, 狱门岛
1263186, 7.9, 4187, 恶魔吹着笛子来
2156959, 8.1, 3107, 捕鼠器
3238242, 8.0, 3561, 心理罪2：教化场
4867367, 8.5, 1781, 死亡通知单2：宿命（下）
4870150, 8.3, 2301, 44号孩子
3683898, 7.5, 7908, 向日葵不开的夏天
1977815, 8.1, 2934, 犬神家族
4038615, 9.2, 778, 阿加莎・克里斯蒂侦探推理“波洛”系列（全32册）
10580803, 8.4, 1918, 模仿犯BOOK2
1158930, 7.7, 5176, 十角馆杀人预告
1263250, 7.9, 3674, 八墓村
1827376, 7.8, 4279, 死亡约会
2242467, 7.3, 9643, 湖边凶杀案
5994810, 8.5, 1539, 涂佛之宴・宴之始末（下）
1827375, 7.8, 4028, 人性记录
1948429, 8.5, 1522, 诗人
1794287, 8.5, 1511, 厥籽h
3053207, 7.2, 11399, 侦探伽利略
2063620, 7.8, 3908, 谋杀启事
26320556, 8.3, 1882, 簪中录2
2055004, 8.5, 1418, 七C人
2119536, 7.8, 3697, 砂器
2153467, 7.8, 3680, 底牌
24153181, 7.6, 5064, 从前我死去的家
5919999, 7.6, 5060, 赎罪
17724327, 7.4, 7140, 盛夏的方程式
25955474, 8.0, 2708, 坏小孩
3926665, 7.3, 8475, 伽利略的苦恼
5387467, 8.4, 1568, 三口棺材
5921802, 7.6, 4869, 邮差总按两遍铃
1027767, 8.2, 1985, 时间的女儿
4152750, 7.7, 4037, 杀戮之病
4152764, 7.8, 3438, 点与线
5994808, 8.3, 1667, 涂佛之宴・宴之始末（上）
1089949, 7.8, 3352, 本阵杀人事件
5416915, 7.5, 5441, 杀人之门
26603439, 9.1, 675, 黑猫侦探 II：极寒之国
3025613, 8.6, 1150, 赤朽~家的髡f
5992037, 8.1, 2115, 为他准备的谋杀
5390091, 8.7, 993, 人皮论语
26285818, 8.7, 993, 虹のnブラシ 上木らいちk散
1094487, 8.4, 1410, 人性的证明
26892080, 8.9, 796, 猎豹
5988558, 8.3, 1581, 深夜小狗神秘事件
25912734, 7.2, 8808, 他来了，请闭眼
26356515, 8.2, 1786, S.
1082187, 9.0, 700, 人类的天性
6863330, 7.9, 2642, 丝之屋
26613724, 7.6, 4092, 余罪
26365847, 7.6, 4075, 美人为馅
3310627, 8.4, 1317, 繁花将尽
2335749, 8.1, 1924, 点与线・零的焦点
3753043, 7.6, 3940, 北方夕鹤2/3杀人事件
6127036, 8.6, 1009, 血字的研究
6558046, 8.1, 1835, 人间椅子
5423899, 7.9, 2416, 乌鸦的拇指
26787935, 8.6, 972, 夜色人生
10594788, 7.6, 3694, 谁杀了她
1908267, 8.2, 1542, 酒店关门之后
1437683, 8.0, 1999, 黑暗馆不死传说
4191594, 7.3, 6049, 绑架游戏
19950139, 7.3, 6048, 尸语者
2071071, 8.6, 937, 巴斯克维尔的猎犬
1103644, 8.0, 1964, 罪恶的拍球歌
2968740, 8.0, 1958, 怪屋
26367367, 8.6, 926, 宵待草夜情
4891108, 8.4, 1160, 爱伦坡惊悚小说全集
26650970, 7.4, 4896, 古董局中局 4
7063845, 7.8, 2573, 失踪HOLIDAY
4152763, 8.0, 1909, 零的焦点
1980992, 8.3, 1291, 孩子
24531011, 7.6, 3406, 无声的证词
3596322, 7.9, 2155, 隔离岛
3390170, 7.9, 2154, 圣诞奇案
25737793, 8.5, 979, 阳光劫匪
10494248, 8.3, 1241, 阴摩罗鬼之瑕（下）
6558049, 8.1, 1598, 阴兽
4191438, 8.3, 1212, 燃烧的法庭
1755295, 8.8, 684, 大唐狄公案
2122274, 9.2, 457, 福尔摩斯探案集
4181156, 8.4, 1044, 双曲线的杀人案
5260192, 8.4, 1043, 无人生还
1207339, 8.4, 1042, 青春的证明
26046043, 8.3, 1172, 人类灭绝
3787195, 7.6, 3071, 黑暗坡食人树
3204692, 7.9, 1952, 高尔夫球场命案
1907663, 8.1, 1484, 屠宰场之舞
4882013, 8.1, 1483, 异常
1931689, 7.4, 4163, 云中命案
26277676, 7.4, 4149, 心理罪之第七个读者
25924860, 8.3, 1139, 设局
10473576, 7.5, 3462, 替身
1949182, 7.7, 2511, 古墓之谜
5326846, 7.7, 2494, 一首朋克救地球
2968737, 7.8, 2147, 葬礼之后
3112705, 8.0, 1591, 法国粉末之谜
26576515, 8.1, 1383, 清明上河图密码 2
3017205, 7.8, 2076, 长眠不醒
20267980, 8.3, 1060, 大手笔
25713168, 8.2, 1180, 摩登时代
10485010, 8.1, 1337, 阴摩罗鬼之瑕（上）
3348024, 7.5, 3136, Z的悲剧
20449829, 7.5, 3135, 我杀了他
5975566, 8.6, 732, 牺牲
4220357, 7.7, 2271, 沙漠
3057124, 8.3, 1005, 行过死荫之地
1387819, 8.4, 891, 青之炎
26760976, 8.4, 890, 怒
25827236, 7.8, 1914, 高智商犯罪2
24384165, 7.6, 2559, 麒麟之翼
6902164, 7.2, 4969, 平行世界・爱情故事
2242461, 7.0, 7247, 预知梦
4187219, 7.6, 2542, 眩晕
4218911, 7.7, 2178, 理由
3032747, 8.1, 1257, 再见，吾爱
26314930, 8.6, 694, 杀手界・疾风号
25663137, 7.6, 2486, 高智商犯罪
6725495, 7.6, 2481, 必须犯规的游戏
26347981, 7.9, 1590, 簪中录3
11511204, 7.4, 3359, 悖论13
6001119, 8.0, 1379, 两分铜币
3130847, 8.2, 1067, 棺材舞者
1004249, 8.2, 1066, 面具馆
1921617, 7.9, 1516, 父之罪
10518843, 8.0, 1326, 刺青杀人事件
2977023, 7.7, 2003, 无尽长夜
22638036, 8.4, 810, 百器徒然袋 : 雨
3788397, 8.5, 724, 豺狼的日子
4133164, 7.8, 1723, 盘上之敌
1158932, 7.5, 2676, 迷宫馆的诱惑
11615173, 7.2, 4421, 假面饭店
1485501, 7.6, 2261, 全部成为F
26347982, 7.8, 1688, 簪中录4
26746839, 8.5, 706, 清明上河图密码3
4903440, 7.1, 5164, 名侦探的诅咒
25767862, 7.1, 5119, 如果蜗牛有爱情
1158935, 7.5, 2543, 黑猫馆手记
1946661, 7.4, 2983, 鸽群中的猫
1127653, 8.4, 755, 法兰柴思事件
3526224, 8.0, 1192, 荷兰鞋之谜
1908268, 8.0, 1183, 到坟场的车票
25896617, 7.4, 2765, 第十一根手指
25954353, 7.6, 1974, 所罗门的伪证
2382359, 7.6, 1965, 杀人不难
1920565, 7.5, 2277, 空谷幽魂
3681571, 7.7, 1678, 巴提斯塔的荣光
25892396, 8.0, 1102, 有翼之暗
2975931, 7.5, 2209, 沉默的证人
4105439, 8.0, 1089, 小城
26923390, 8.9, 406, 长夜难明
3215515, 8.2, 848, 每个人都死了
2282515, 7.6, 1873, 沉睡的谋杀案
3277264, 8.1, 947, 不可能犯罪诊断书
6251398, 7.6, 1850, 螺丝人
3314802, 8.1, 939, 消失的人
20381888, 8.3, 739, 坏女人
25799686, 7.5, 2120, 无证之罪
2063621, 7.3, 2910, 藏书室女尸之谜
4126861, 8.0, 1050, 第四扇门
25732311, 9.0, 360, 64
3615041, 7.3, 2878, 御手洗洁的问候
3348423, 7.8, 1353, 零时
1207338, 8.2, 815, 野性的证明
25737796, 8.9, 390, 库特利亚芙卡的排序
6060436, 7.7, 1518, D坂杀人事件
6985652, 8.1, 882, 山魔・嗤笑之物
2044757, 7.9, 1132, 黄金探案系列 约瑟芬・铁伊推理全集
3130849, 8.1, 869, 空椅子
3647887, 7.3, 2680, 寝台特急1/60秒障碍
3794549, 7.6, 1681, 三幕悲剧
4191587, 6.7, 8233, 十一字杀人
6817749, 7.4, 2263, 倒错的死角
2087398, 8.2, 765, 神ゲ`ム 神的游戏
2242381, 7.5, 1937, 雾越邸杀人事件
4191444, 8.0, 973, 毒巧克力命案
6556841, 7.7, 1442, 继父
5383916, 6.8, 6392, 十宗罪
21324173, 8.6, 479, 第三时效
5038408, 7.5, 1851, 算计
3033932, 8.0, 934, 她死去的那一晚
2242430, 7.6, 1571, 咚咚吊桥坠落
6889834, 7.4, 2121, 往复书简
20379212, 7.0, 4157, 不如去死
4903190, 6.9, 4881, 没有凶手的杀人夜
4231214, 7.8, 1151, 恶人
6151649, 7.6, 1509, W的悲剧
1322853, 9.0, 309, 狄仁杰断案全集
4038567, 8.1, 773, 蓝色骇客
6719708, 7.9, 987, 百舌呐喊的夜晚
3056603, 7.5, 1711, 牙医谋杀案
24383185, 8.0, 868, 冰
20503618, 8.6, 446, 褐教典 (上)
3219390, 7.7, 1278, 褐衣男子
25808336, 7.6, 1466, 知日・了不起的推理
4026740, 7.7, 1272, 荒野猎人
3067705, 9.7, 174, 绿宝石阴谋
26434548, 8.0, 852, 别和她说话
4934360, 7.4, 1938, 神的逻辑，人的魔法
26184369, 8.6, 434, 所罗门的伪证 第Ⅲ部
10594783, 7.0, 3692, 沉睡的森林
25830845, 7.8, 1060, 邪恶催眠师2
7067983, 7.2, 2568, 黎明之街
4882014, 7.6, 1384, 残虐记
25732157, 8.2, 644, 玻璃之锤
1420507, 8.6, 412, 摩格街谋杀案
26648636, 8.3, 559, 成化十四年（套装全3册）
25815415, 8.0, 783, 后巷说百物语
10345553, 7.0, 3425, 为了N
10549916, 7.7, 1145, 紫丁香庄园
24753186, 7.3, 2043, 邪恶催眠师
26712094, 8.2, 611, 汽油生活
2046573, 8.2, 610, 乱神馆记之蝶梦
3052810, 7.3, 2027, 使命c心的O限
6151379, 7.3, 1984, 鸦
1215315, 7.9, 852, 马普尔小姐探案
3926634, 8.5, 433, 大师的背影
1927377, 6.6, 7170, 毕业前杀人游戏
4191419, 7.5, 1446, 别无选择的贼
25918073, 7.9, 842, 独眼少女
4723740, 6.7, 5750, 回廊亭杀人事件
6861465, 7.7, 1085, 羔羊的盛宴
3537837, 7.6, 1240, 银座幽灵
3699210, 8.0, 734, 蛛丝马迹
7047148, 6.8, 4591, 同级生
25846260, 8.4, 463, 张公案
26349251, 7.5, 1395, 清道夫
26811407, 7.9, 813, 殉罪者
3112724, 7.5, 1385, 暹罗连体人之谜
1127253, 7.9, 808, 黑屋吊影
3510279, 8.1, 635, 女郎她死了
25708956, 7.8, 914, 本店招牌菜
11639946, 7.6, 1194, 百鬼夜行－阴
25811761, 8.9, 283, 只有我不存在的城市 01
7047217, 7.4, 1573, 倒错的轮舞
2378214, 7.9, 793, 耳语之人
6440768, 7.0, 2996, 十宗罪2
4199607, 8.4, 448, 黑暗，带我走
24358626, 8.0, 697, 古书堂事件手帖 01
2257133, 7.9, 774, 天才匪ID地球
4038564, 7.8, 877, 灾难之城
3807617, 8.2, 543, 洞穴
1214886, 8.1, 605, 萍小姐的主意
19951341, 7.7, 987, 完美无缺的名侦探
26769999, 7.8, 865, 死神的浮力
6967992, 7.7, 982, 孤岛之鬼
19929422, 8.2, 535, 体育^の⑷
3070843, 7.3, 1710, 龙眠
1137773, 8.5, 385, 亚森・罗宾探案全集
3545046, 7.8, 839, 风的预谋
3723863, 7.2, 1976, 出云传说7/8杀人事件
10527654, 7.7, 950, 鼠男
4191439, 8.1, 581, 皇帝的鼻烟壶
2043242, 7.8, 831, 洛杉机BB连续杀人事件
21347638, 7.2, 1937, 只差一个谎言
4273302, 7.5, 1223, 衣柜里的贼
11498195, 7.6, 1042, 人格转移杀人事件
19959650, 9.0, 232, 密室L集家
26614581, 8.0, 624, 暗黑者外传：惩罚
2078611, 8.7, 301, 多重人格侦探
4715390, 8.1, 553, K格m[
6528130, 8.0, 619, 死亡草
1084794, 8.4, 400, 法官和他的刽子手
3178651, 7.7, 895, 黑色笔记
26772419, 7.6, 1021, 幸存者
1864553, 7.0, 2567, 雪地C
25722935, 7.5, 1159, 魔王
25996181, 8.3, 436, 真相
20493369, 8.4, 392, 爱伦・坡暗黑故事全集（下册）
4711239, 7.3, 1539, 水晶金字塔
25927233, 7.6, 999, 杀手界
20432186, 7.0, 2501, 布鲁特斯的心脏
1141496, 8.4, 390, 莫格街凶杀案
3112720, 7.1, 2095, 中国橘子之谜
1130033, 8.4, 388, 13级台阶
6903025, 7.9, 669, 恐怖分子的洋伞
3101617, 8.4, 384, 日本短篇推理小说选
5395173, 7.4, 1283, 影子
4124393, 7.1, 2042, 开膛手杰克的百年孤寂
4177111, 7.6, 966, 首席女法医4
2077835, 7.8, 742, 大笑的警察
1950214, 8.0, 582, 黑色回声
3704397, 7.0, 2388, 首席女法医1
3017251, 7.6, 952, 高窗
26638267, 8.4, 375, 变调二人羽织
2370447, 7.3, 1453, 樱的圈套
2282513, 7.3, 1450, 魔手
3634566, 8.5, 336, 鼠之夜
3130854, 8.1, 509, 冷月
24853056, 8.3, 409, 愚者的片尾
1103643, 7.9, 636, 梦游
6961052, 7.5, 1060, 光媒之花
20503620, 8.4, 366, 褐教典 (下)
2185008, 7.9, 631, 血型拼图
6265791, 8.3, 404, 克R因
25840545, 7.2, 1642, 布谷鸟的呼唤
21979042, 8.0, 559, 半落
5951352, 7.3, 1380, 御手洗洁的旋律
2378192, 7.6, 898, 绿胶囊之谜
21690242, 8.4, 357, 拿破仑狂
6249667, 7.5, 1020, 厌魅・附体之物
2139400, 7.9, 610, 混凝土里的金发女郎
4286244, 6.4, 7129, 濒死之眼
3056091, 8.6, 290, 爱伦・坡短篇小说选
26871657, 7.7, 765, 第十三天
3013107, 7.6, 869, 湖底女人
11639553, 7.7, 758, 代号D机关Ⅰ
26797395, 8.1, 472, 夏日启示录
10594728, 7.2, 1508, 推理要在放学后
10567859, 7.6, 845, 幸福之书
5326850, 6.7, 3574, 白马山庄杀人事件
3035311, 8.2, 414, 布朗神父探案全集（上下）
3327006, 7.7, 734, 迷宫蛛
6434440, 7.4, 1094, 寻狗事务所
3822558, 7.9, 572, 恶魔的泪珠
2282514, 7.3, 1246, 寓所谜案
19958299, 7.6, 815, 大唐女法医・江南卷（上下）
11533530, 8.0, 498, 十一张牌
5938073, 7.4, 1051, 活尸之死
3996700, 7.9, 550, 放学后的侦探队
20468729, 8.1, 434, 革命者
26184367, 8.0, 481, 所罗门的伪证 第Ⅱ部
4171958, 7.5, 882, 闪光的氰化物
1119051, 7.8, 600, 越界(上下)/日本最新获奖推理小说
5288388, 7.6, 770, 研究斯宾诺莎的贼
25808629, 8.4, 311, 绕远路的雏人偶
26594509, 8.2, 380, 别和她说话2：X的现身
3271524, 7.4, 997, 暗藏杀机
7916086, 7.9, 525, 一滴烈酒
5380419, 7.4, 994, 匣中失乐
2058096, 7.9, 522, 吸血之家
26604034, 8.5, 279, 真相推理师：嬗变
3345182, 7.9, 519, 红色右手
3874147, 7.3, 1131, 首席女法医3
26297985, 6.8, 2531, 梦幻花
7916085, 7.7, 651, 泪流不止（上、下）
26184241, 7.7, 651, 鄣某扇耸
6901136, 6.9, 2103, 夜行观览车
4164030, 8.0, 455, 野兽花园
6851076, 8.5, 273, 绿林七宗罪
4875450, 7.7, 639, 首席女法医5
7056767, 7.4, 947, 御手洗洁的舞蹈
25726109, 7.7, 634, 不夜城
5395176, 7.5, 819, 追想五断章
1820014, 8.3, 323, 夺取
10515231, 7.4, 926, 献给虚无的供物
6541263, 7.6, 705, 枪，偶尔有音乐
6889894, 7.9, 489, 鹭与雪
24538716, 8.6, 239, 幻影城主
4259340, 7.7, 613, 恶狼之夜
2056103, 9.0, 169, 大唐狄仁杰断案传奇（上中下）
1102435, 8.1, 385, 冒险小虎队：喷火面具
4052716, 7.0, 1638, 鬼望坡
4881997, 7.7, 604, 坏人们
3273419, 7.4, 889, 角落里的老人
4894969, 7.6, 680, 悬崖上的谋杀
6510996, 8.1, 375, 震度0
26422517, 8.7, 211, 黄铜判决
4124415, 7.8, 523, 虚拟街头漂流记
5326884, 7.2, 1162, 独眼猴
6265770, 7.5, 760, 谋杀的魅影
5423905, 7.7, 588, 像蒙德里安一样作画的贼
10546184, 7.2, 1158, 夏与冬的奏鸣曲
26672742, 8.8, 192, ^の⑷
10802805, 7.7, 579, 冤罪者
5939295, 6.7, 2606, 鸟人计划
6087394, 8.7, 206, 东野圭吾精选集-全10册
4766988, 7.4, 845, 喜欢引用吉卜林的贼
1319671, 7.9, 451, 格林家杀人事件
2025723, 8.7, 204, 超越极限
3091201, 7.7, 567, 简单的谋杀艺术
10537626, 7.2, 1109, 倒错的归结
4106403, 7.6, 633, 羔羊的}Q夜
4237839, 8.5, 238, 再见宝贝，再见
3231137, 8.4, 261, 溶於F中
26328639, 7.4, 800, 一份不适合女人的工作
6429267, 6.6, 2935, 美丽的凶器
10527658, 7.6, 609, 女管家的心事
6966299, 8.0, 382, 向日葵的祭典
10740043, 7.3, 909, 白光
3526251, 7.5, 689, 西班牙披肩之谜
1817370, 8.1, 341, 天使的呢喃
6723021, 6.9, 1647, 推理要在晚餐後
5326847, 7.3, 887, 龙卧亭杀人事件（上）
6541226, 7.9, 415, 布鲁克林孤儿
5336211, 7.7, 523, 十日惊奇
4230205, 8.3, 270, 圣洁之罪
25779594, 7.2, 994, 魔球
4903189, 6.5, 3306, 怪人们
5337141, 7.9, 403, 无处藏身
22606953, 7.5, 649, 雾之旗
26365848, 7.6, 571, 美人为馅2・大结局
1940811, 8.0, 359, o]的T扉
4152789, 7.8, 445, 林中迷雾
6019121, 7.9, 395, 真相
4212247, 7.3, 831, 青玉狮子香炉
4187290, 7.7, 494, 达特穆尔的恶魔
11621649, 7.2, 955, 无止境的杀人
10746421, 7.4, 716, 能面杀人事件
6151652, 7.7, 490, 天使在消失
25913219, 8.5, 214, 孤独的精确度
11607283, 7.1, 1095, 萤
26637688, 7.4, 712, 元年春之祭
5980634, 7.9, 386, 刀锋上的救赎
26664095, 7.9, 386, 古董局中局 大全集
3290859, 9.3, 113, 坡@悚小f全集
20299643, 7.9, 383, 乐园
2381124, 7.1, 1070, 牛津迷案
26252198, 7.5, 607, H鄣陌⒒米德（上）
4286283, 7.5, 606, 杀手
25756926, 7.1, 1054, 禁忌魔术
5030610, 8.2, 275, 雨的祈祷
4191724, 7.5, 603, 玉岭的叹息
25897664, 8.2, 274, 今昔续百鬼：云
7916107, 7.3, 784, 马耳他之鹰
6712851, 7.0, 1219, 只有猫知道
3615023, 7.9, 372, 伟大的马里尼
3615035, 7.4, 679, 埃及十字架之谜
3575831, 8.0, 333, 卜案
3744289, 7.6, 521, 人的^
6025528, 7.4, 665, 再见了，德彪西
26593247, 7.7, 457, 黑曜馆事件
5347701, 7.0, 1183, 魔术的耳语
10467108, 7.2, 864, 蜘蛛男
4753522, 7.6, 507, 尸体长发之谜
4824566, 9.5, 93, Caged
11639557, 7.6, 502, 代号D机关Ⅱ
25754002, 7.0, 1145, 虚像小丑
26283162, 7.1, 973, 单挑
6848987, 7.5, 561, 一个背叛日本的日本人
20172275, 8.3, 234, 无罪的罪人
4821212, 6.9, 1315, 所罗门之犬
10563941, 7.0, 1120, 请勿在此丢弃尸体
25885612, 7.9, 346, 两人距离的概算
4893053, 7.2, 812, 诗般的杀意
26723427, 8.3, 227, 西巷说百物语
6249669, 7.2, 786, 凶鸟・忌讳之物
26435488, 7.9, 331, 邪魅之~（下）
1215280, 7.8, 369, 他们来到巴格达
5299765, 8.2, 242, 最后的孩子
2065346, 7.6, 461, 月亮宝石
2373289, 8.6, 168, _O
5290397, 6.4, 3008, 布谷鸟的蛋是谁的
1894966, 7.8, 362, 动机
6556835, 6.9, 1204, 少女
4732060, 7.5, 513, 凶手是狐
6023867, 7.8, 360, 冥海花
26435483, 7.8, 358, 邪魅之~（上）
26534897, 8.6, 165, 百器徒然袋――风
7006784, 8.6, 164, 密室推理杰作选――欧美卷
1470082, 8.7, 151, The Adventures of Sherlock Holmes
4893052, 7.1, 857, 不会笑的数学家
19928954, 7.5, 499, 喜鹊的四季
5315019, 8.4, 193, 大T拐
19964966, 6.7, 1618, 侦探俱乐部
6985661, 7.3, 642, 失控的玩具
5501657, 7.2, 736, 禁忌之地
10549915, 7.5, 495, 黑色皮箱
11521606, 7.6, 435, 婚纱
1398608, 7.0, 977, 开膛手杰克结案报告
10831840, 8.5, 174, 希区柯克悬念故事全集
1872224, 7.7, 382, 天使之刃
10799276, 7.8, 340, 临场
10794338, 7.1, 823, 脑男
3204694, 7.1, 817, 地狱之旅
6903028, 7.6, 423, 杀手餐厅
25897884, 9.1, 107, 13．67
26352281, 7.5, 473, 蚕
24846465, 7.9, 299, 水族^の⑷
19954848, 7.3, 605, 十万分之一的偶然
10565084, 7.4, 530, 双头恶魔（上、下）
4781305, 7.2, 689, “断头台城”杀人事件
6794027, 7.9, 294, 血腥的谋杀
4811934, 7.5, 461, 三十九级台阶
4920040, 8.2, 217, 幻夜行
11541333, 7.9, 292, 麦田贼手
24876106, 7.7, 362, 悲伤的精确度
26755284, 7.6, 403, 献给折颈男的协奏曲
6892576, 7.3, 576, 逃亡者
7916106, 7.7, 352, 自以为是鲍嘉的贼
10755064, 7.8, 314, 城市之光
20559358, 7.0, 870, 啤酒之家的冒险
2042170, 7.6, 391, 白衣女人
10828409, 7.9, 278, 天才雷普利
4206214, 8.2, 205, 垡焕傻睦仟N
6019120, 7.6, 383, 看守眼
23780663, 7.4, 487, 假面山f⑷耸录
26667778, 7.2, 626, 大唐悬疑录：兰亭序密码
24357706, 7.4, 481, 杀意
3175972, 7.3, 547, 死亡飞出大礼帽
25786883, 7.7, 336, 追捕
4075352, 8.4, 168, 消失！
26367370, 8.2, 200, 那时没有王，各人任意而行
11615543, 7.5, 415, 完全恋爱
5349518, 7.6, 368, 恋爱曲线
26703641, 7.0, 808, 假面前夜
3052805, 7.5, 409, 空中wR
25883291, 8.2, 195, 八百万零一种死法
5921811, 8.1, 213, 小心沉默的人
26666917, 7.8, 288, 笼中的爱人
26742634, 8.1, 212, 白昼的死角
20488769, 7.5, 401, 人面疮
11593552, 7.6, 353, 图书馆里的贼
25897402, 7.6, 352, 第13个小时
24840351, 7.3, 492, 时间的习俗
25816899, 7.1, 644, 怪胎
6127043, 8.6, 131, 归来记
2054816, 8.4, 154, 江舸y步茏鬟x
4199604, 7.8, 272, 战前酒
24696262, 7.5, 380, 无名之毒
1124810, 7.5, 376, 神秘的奎恩先生
25892391, 7.5, 375, 今夜不宜犯罪
6829747, 7.6, 330, 刑场
4282068, 7.5, 369, 卡迪斯红星・第一部
26781153, 7.6, 328, 邪恶催眠师3：梦醒大结局
1082963, 7.2, 534, 黄色房间的秘密
1080674, 7.1, 610, 外国学生宿舍谋杀案
21693092, 7.5, 365, 隐花平原
25854936, 7.2, 531, 完全犯罪需要几只猫
1310994, 8.7, 116, 莫格街凶杀案
3666858, 8.0, 212, 不速之客的自助餐
21692858, 7.0, 694, 沉默的教室
11620651, 7.2, 520, 蜜
11612561, 7.9, 230, 死者的留言
6967993, 7.2, 513, 帕诺拉马岛奇谈
3390177, 7.5, 349, 日本推理名作选・梦野久作（卷一）
6006584, 7.4, 389, 我的日常推理
26284402, 7.0, 660, 奇面馆事件
6060381, 9.2, 78, メルカトルかくZりき
5288319, 8.0, 201, 裁判有误
26757433, 7.4, 383, 来信勿拆
2077841, 7.5, 335, 上锁的房间
6019124, 7.6, 298, 穷追不舍
24723002, 7.0, 636, 贵族侦探
26828112, 7.6, 297, 镜狱岛事件
26929098, 9.0, 87, 独白者
26613047, 7.6, 296, 时间停止的校园（上、下）
10512239, 7.7, 265, 遥远的回声
10731941, 8.0, 195, 大陆侦探社
6424024, 7.1, 547, 失踪者
4836926, 6.8, 849, 推理小说
10591693, 7.4, 370, 苍白的轨迹
25712263, 8.5, 125, 幸存者游戏
6015716, 6.9, 721, 兔子强尼
11597307, 7.8, 235, 玻璃天
6523131, 8.2, 160, 完美嫌犯
24540812, 7.3, 413, B级小说
4712521, 7.2, 467, 黑名单
6131412, 8.8, 98, And Then There Were None
5288318, 7.2, 462, 孔雀羽谋杀案
1817261, 7.5, 316, クリムゾンの迷m
1847894, 7.9, 205, \⒔鹱炙
24879729, 7.6, 279, 再见，天使
4010871, 6.7, 932, 失控的逻辑课
10594782, 7.1, 508, 邻人的犯罪
6314045, 6.2, 2291, 以眨眼干杯
5293928, 8.7, 101, 六之m公主
19972249, 7.7, 244, 江舸y步人^ 01
5387468, 7.2, 437, 世界怪奇实话（上）
26608084, 7.5, 303, 满愿
24859818, 7.2, 433, 诅咒之家
26371428, 7.1, 494, 一切无关紧要的遇见
5063402, 7.7, 240, 歌唱的白骨
4836925, 7.1, 487, 不公平的月
5606376, 7.4, 327, 物理属于相爱的人
25783076, 8.2, 145, 死亡的精确度
6984836, 7.4, 326, 同屋
19928994, 7.3, 366, 欺诈师与空气男
1539030, 7.4, 320, 蒙面女人
26290627, 7.8, 207, 逝者证言
26930033, 8.0, 170, 余罪8
5401782, 7.7, 228, 福尔摩斯探案手记
24532237, 7.7, 228, 死亡螺旋
11533540, 7.6, 250, 影子的控诉
10593454, 6.7, 813, 怪屋女孩
11504987, 7.1, 451, 天使的伤痕
24316423, 8.1, 151, 第三颗子弹
6249961, 8.0, 165, 妙贼尼克Ⅰ
10491582, 7.3, 347, 恐怖的人狼城 第一部・德国篇
2154042, 8.8, 86, 长眠不醒
3920059, 8.3, 126, 秋花
10594331, 7.9, 178, 不可能犯罪诊断书Ⅳ
26920165, 7.1, 438, 拉普拉斯的魔女
26911453, 9.1, 69, 惩罚者
24738204, 7.7, 215, 犯罪小说家
25858573, 7.7, 215, 镇魂歌
6892578, 7.2, 375, 草莓之夜
25897079, 7.3, 330, 水魑・沉没之物
1869823, 7.7, 209, 三色推理
26422109, 7.3, 326, 人偶为何被杀
25900789, 7.3, 324, 上锁的房间
11612777, 7.6, 229, 微笑的尸体
7065577, 7.8, 186, 玻璃钥匙
24873019, 7.3, 317, 肃清之门
1992457, 7.5, 251, 破戒裁判
24845435, 7.5, 250, D之复合
21956109, 7.4, 277, 有人不见了
2269108, 8.1, 137, 霍桑探案集(一)
20266047, 8.1, 137, 乱反射
5921812, 7.4, 276, 记忆碎片
26136927, 7.4, 276, 今日诸事大吉
2154048, 9.0, 69, 诺言
26264953, 6.8, 601, 天空之蜂
3359281, 8.1, 136, 夜s
1783343, 7.7, 196, 有限c微小的I包（上册）
5958728, 7.2, 342, 露西亚娜・B的缓慢死亡
19928953, 6.9, 508, 春，夏，然后是冬
25918962, 8.1, 133, 榱速子
4193861, 7.0, 433, 韩熙载夜宴
10801045, 7.0, 428, 魔术师
5355711, 8.5, 94, 折れたo骨
11533538, 7.3, 291, 危险的童话
3293600, 6.1, 1880, 黑死馆杀人事件
1829667, 7.9, 152, 蒲生邸事件
23010385, 6.2, 1510, 空中杀人现场
20381550, 7.2, 318, 推理者的游戏
1080295, 8.0, 137, 梅森探案集  移花接木  别墅疑云
5415450, 7.4, 250, 阿加莎・克里斯蒂秘密笔记
10446308, 6.8, 539, 孤岛之谜
11533532, 7.1, 350, 密室・自闭之物
7064637, 8.3, 104, 诺言
4304269, 7.8, 161, 冰公主
26253242, 6.7, 590, 杀意集结之夜
26275049, 7.4, 236, 法医，警察与罪案现场：稀奇古怪的216个问题
26815978, 7.3, 263, 超能力侦探事务所
2141683, 9.4, 48, 狄公断狱大观
2025724, 7.5, 208, 阴暗的季节
10760350, 6.6, 670, 怪盗二十面相
26314651, 8.4, 92, 首席法医可可
11533531, 7.2, 291, 第十三位名侦探
6953295, 7.9, 139, 空中花园
26934555, 8.2, 107, 法医秦明作品集
6072914, 7.9, 138, 独行女
4074687, 6.8, 485, 火车站深处的深处
26770271, 9.8, 38, 米的缺失
6061479, 8.4, 90, 垡焕傻奶油
26383897, 7.2, 283, 依存
2076257, 7.1, 319, 蒸发
5348099, 6.9, 414, 奇职怪业俱乐部
3121778, 9.0, 59, メルカトルと美袋のための⑷
26325343, 7.3, 250, 代号D机关Ⅲ
6719721, 7.9, 135, 黑与蓝
3830725, 7.5, 199, 世界M卡托投影地D的白
10732978, 7.5, 198, 詹宏志私房谋杀
4845480, 7.4, 220, 妖狐传
25805272, 8.4, 88, 密室推理杰作选――日本卷2
5376560, 6.2, 1259, 福尔摩斯先生收
20275734, 6.8, 464, 再也不绑架了
26733609, 8.4, 87, 出版禁止
1737316, 7.2, 272, 特伦特最后一案
26390248, 6.8, 458, 酷酷的代课老师
6903026, 7.4, 213, 十八之夏
20506305, 7.3, 235, 什么愿望都没实现的夏天
11525211, 7.9, 128, 催眠师
1449978, 7.7, 154, 神探李昌钰
2075906, 7.5, 188, 百分之七溶液
26840135, 8.4, 84, 死亡邮递
3130288, 8.1, 106, 红`公^
26673089, 7.4, 206, 二流小说家
11533528, 6.9, 375, 湖底的祭典
6991326, 8.5, 77, 下一个就是你
26830339, 7.7, 150, 医探
10732977, 7.2, 255, 侦探研究
26584661, 7.8, 136, S
25951036, 6.8, 421, 星笼之海
6797407, 6.8, 419, 新宿鲛
6438551, 8.5, 75, 朝F
19949177, 7.0, 315, 黑祠之岛
26356943, 7.3, 219, 猿丸幻视行
26846551, 7.5, 176, 阿尔法的迷宫
25738649, 8.5, 74, 1/13密室杀人
26394917, 8.7, 64, 斜眼少年
26616958, 7.9, 117, 樱花秘密基地
4246532, 6.2, 1027, “爱丽丝・镜城”杀人事件
3334227, 7.4, 186, 几率游戏
11534102, 7.3, 206, 清晨，如故
25805270, 8.1, 96, 密室推理杰作选――日本卷1
25782707, 7.2, 230, 死之枝
5288591, 8.1, 95, 垡焕傻幕y
25875825, 6.8, 376, 齐天大圣
6902965, 6.6, 489, 朋克刑警的冒犯
26692199, 8.0, 101, 先手
3154633, 6.9, 315, 再，妖精
10794376, 7.3, 195, 送雏菊的姑娘
10482135, 6.9, 314, 穷举的颜色讲义
26874773, 8.4, 72, 黑夜的空白
4896542, 7.5, 155, 血色天都
26309460, 8.2, 83, 左撇子的杀意
11621647, 6.7, 391, 谁?
10809737, 7.0, 260, 佩内洛普的网
25748799, 7.0, 259, Level 7
25841847, 5.7, 2450, 疾风回旋曲
6010580, 6.9, 287, 怪奇案件受理处
6048827, 6.7, 375, 唯一正确的时钟
10529959, 8.8, 52, 日本四大推理奇书（套装共4册）
25717661, 7.3, 178, 写乐・闭锁之国的幻影
26662757, 8.7, 55, 六桩不可能犯罪
6920282, 8.0, 91, 孤身一人
25828739, 8.3, 72, 盲人与狗
10526481, 6.7, 359, 奎因犯罪调查局
25927870, 6.8, 310, 不完整的密室
26892801, 8.4, 65, 华生手稿
24538694, 6.4, 552, 夏天
25770230, 7.8, 104, 剖_您是我的s幸
26805833, 8.2, 75, 时间深渊
4848817, 7.4, 151, 教堂谋杀案
20326663, 9.3, 37, 死刑今夜绦
26889940, 9.2, 39, 鬼影街道
26854188, 8.1, 80, 罪恶生涯
26277552, 7.7, 112, 神探夏洛克：莫里亚蒂
26602859, 8.0, 86, 文学少女侦探
6516560, 7.5, 133, 伊底帕斯症候群
26299925, 6.8, 293, 动机之后
5364082, 7.3, 161, 推理笔记1
21132837, 7.1, 200, 无耻之徒
26220158, 8.9, 45, 致命舞台
26265094, 7.9, 91, 推理之门由此进
25883043, 6.9, 252, 向密室开枪！
26930147, 8.6, 53, 古玩生死局
25850489, 8.5, 56, 无形的绿先生
4266725, 7.0, 214, 四季 春
26713080, 6.9, 239, 亲爱的阿基米德
26715310, 7.6, 112, lもWを裁けない
26263593, 9.1, 38, 无际荒原
10463817, 8.7, 48, y身的女孩：最K解密
24294868, 7.4, 132, 百合心
1596810, 9.6, 29, 开往古罗马的时光列车
26832651, 7.2, 158, 亲爱的弗洛伊德
26771720, 8.2, 63, 迷宫馆事件
26388141, 6.6, 317, 乌盆记
10468785, 6.7, 275, 朋克刑警的狂想
26698993, 8.1, 66, 杀青
21349005, 7.2, 147, 所_T的巫CⅠ：事件
6989180, 6.1, 675, 月与蟹
6885349, 6.7, 265, 疯狂的游戏
7064638, 7.6, 98, 法官和他的刽子手
20472526, 7.1, 161, 玻璃村庄
26392203, 7.0, 175, 尸案调查科
7004244, 9.8, 24, 挑战大众
5038501, 7.4, 113, 毕达哥拉斯谜案
20501253, 8.2, 58, 我之敌
26664105, 8.9, 37, 福尔摩斯先生
4106371, 7.2, 135, ]有出口的房g
20514816, 6.4, 367, 蛙镜男怪谈
24720957, 5.7, 1292, 雪国之劫
11637925, 9.1, 32, 挑战大众2
11533539, 6.9, 180, 天狗面具
1227807, 7.0, 159, 离婚的条件
4240487, 6.6, 253, 被书谋杀
19898055, 6.5, 287, 黑暗领域
26602614, 7.7, 77, 解剖
2128027, 9.2, 29, 阿加莎・克里斯蒂侦探小说（全三册）
25697502, 8.0, 60, 他人的痛苦
26430273, 7.5, 89, 画布下的乐园
26022100, 7.3, 107, 长恨歌
24298581, 7.1, 131, 贝克街的福尔摩斯
26285619, 8.2, 51, 蓝帽会
26733712, 8.3, 47, 湖上幽灵
26808164, 8.3, 47, 罪案现场:你所不知道的刑侦1
26430181, 7.1, 127, 死亡入门
26277996, 6.8, 178, 八七
26603305, 8.8, 34, 日本推理100年
25901260, 7.8, 66, 作文里的奇案
25908530, 6.1, 456, 替身S
15810267, 8.6, 37, 六个蕾丝边――迷宫尽头的六人
26603307, 9.1, 28, 日本侦探作家论
11499200, 6.8, 163, 浪花少年商F
26902564, 8.6, 36, 岁月有张凶手的脸
10802768, 6.8, 160, 孔雀祭
26876999, 7.3, 94, 爱的告别式
20468795, 8.1, 49, 明日花黄
10439827, 7.4, 85, 莫比乌斯的亡灵
26878653, 7.6, 71, 无罪辩护
24538713, 6.6, 197, 女王国之城
26794770, 9.0, 28, 密室推理讲座
25903396, 7.3, 91, 佛兰德斯棋盘
26696676, 7.7, 64, 鹕辖袢兆拥渫
26807871, 7.8, 58, 尸案调查科3
26854754, 7.5, 74, 佩特罗夫事件
10801326, 7.3, 88, 树林里的孩子
26859867, 7.0, 117, 二律背反的诅咒
3035592, 9.0, 27, 有栖川有栖の密室大龛a
25842587, 7.6, 66, Lヶ丘五十矣窦坤辘沃i
26910030, 8.5, 35, 无法言说的秘密
6430494, 7.4, 77, 汤姆・莎耶侦探案
26892808, 8.1, 44, 诱饵搜查官 1 ・ 触觉
20515087, 6.5, 198, 请别随意@她
6833941, 7.2, 90, 俗丽之夜
26288966, 7.8, 54, ⑷斯硖僮拥男n
26676112, 7.7, 58, 晓英・赝说・鹿鸣馆
25905326, 7.1, 98, 白雪公主⑷耸录
26277998, 6.4, 220, 单身太久会被杀掉的
24851694, 7.0, 107, 如果九月可以永存
26628148, 7.6, 61, 朱雀堂
26889937, 8.3, 37, 杀人的信
19895517, 7.3, 78, 杀戮开关
26874389, 7.7, 55, 恶意的平方
1918475, 7.1, 89, 我⒘四少女
5383581, 6.8, 121, 时间之贼
21382184, 7.3, 73, 雪融之后
11577425, 6.5, 172, 日本杀人事件
25802823, 7.4, 65, 尘封旧案
26346217, 7.6, 55, 移动飞靶
24852484, 8.2, 35, 百蛇堂
6973080, 8.1, 37, 塞耶斯论侦探小说
3987297, 7.1, 81, 利比_寓言
26816962, 7.6, 52, D坂杀人案
26864702, 6.8, 106, 判罪者
25966474, 7.5, 55, 不存在的凶器
10739303, 6.5, 149, 迪斯科侦探星期三（上、下）
24859046, 7.4, 59, 好想s快成槊商
26928435, 7.9, 40, 语言的第七功能
2265693, 6.7, 113, R.P.G.
26874384, 7.8, 42, 剪刀中的幽灵
4173166, 9.0, 21, 芊鹑鸬戏鸬暮谏Y物
5410404, 9.2, 19, 作者不（下）
25708119, 8.0, 36, 鬼的矍
20438859, 7.8, 40, 布朗神父的秘密
26178524, 7.1, 68, 季警官的无厘头推理事件簿
6386707, 8.3, 28, R克斯之山
10548806, 5.6, 502, 最后记忆
26586493, 6.4, 139, 恐怖的研究
26889942, 8.7, 22, 三重谜案
26755381, 7.5, 45, \埯z
26292554, 7.2, 57, 入夜
26375117, 7.7, 38, 地下人
26585092, 8.6, 22, 赤い博物^
26702564, 7.9, 32, 小邦人
4882152, 8.5, 22, 理解科学推理
26262037, 8.4, 23, 睡美人
26755286, 7.4, 43, 九龙
6885356, 7.9, 29, 德鲁德疑案
25713155, 5.5, 428, 侦探一上来就死了
26357733, 7.7, 32, ⑷斯硖僮拥恼
26584135, 8.3, 22, H.A.
26828413, 7.7, 31, 妇人之死
24851837, 7.0, 52, 白雪公主必须死
26653977, 6.6, 76, 高校入试
24876871, 8.7, 17, C^[
26850503, 7.9, 25, 林间道路
26794767, 8.3, 20, 约翰・狄克森・卡尔研究
25934736, 7.6, 30, ○○○○○○○○⑷耸录
25838564, 6.1, 123, 十宗罪6
21323594, 8.7, 16, 小丑为何被杀
25841018, 7.4, 33, 奇普・哈里森系列(四册)
26776714, 7.0, 45, 字母袖扣谋杀案
26272434, 8.0, 22, 夏洛克・福尔摩斯全集
26362244, 8.2, 19, Bm⑷斯砬嗤苣
26821432, 7.4, 27, 拂c之雨
26937674, 8.4, 15, 死亡刻痕
25913877, 8.2, 16, 救H者
26421192, 8.1, 16, 警察
1860791, 7.8, 18, 守o者注视下
26821436, 7.5, 20, 直到那一天
26824351, 7.2, 24, 分裂者
25742275, 8.0, 15, 三秒风暴
26345031, 7.9, 15, 幽`
25975764, 7.3, 21, 睡在豌豆上
26630588, 7.0, 25, 形迹可疑的人
6837534, 6.5, 35, 孔子的周公
26845668, 6.9, 24, 最后的计谋
26100137, 7.3, 18, 暗黑女子
26603231, 8.0, 11, Jade Dragon Mountain
26694009, 6.4, 25, 黑暗中的4虐者
26821426, 7.7, 11, 无名之花
26668406, 7.5, 12, 婚外情
26892938, 6.8, 16, 诱饵搜查官 2 ・视觉
26584662, 6.5, 18, 又密室
26892937, 7.0, 13, 诱饵搜查官 3 ・听觉
4170420, 7.0, 11, \のFD人
3630310, 6.9, 10, ⒚婊盟曲 (小学^ミステリ`21)
25727038, 0.0, 154, 撸撸姐的超本格事件簿
