2017-01-23 16:17:59
Tag: 搞笑
The number of books: 961 

ID, rating, votes, title
1474688, 9.1, 10735, C器娃娃(1)
1475477, 9.3, 7925, y魂
1388169, 8.6, 20392, 乱马1/2
4238754, 8.0, 33199, 失恋33天
2171321, 8.4, 12903, 找死的兔子
1006639, 9.2, 3720, 蜡笔小新（全32册）
3108829, 7.8, 22462, 全世爱
1453210, 7.4, 50348, 一座城池
21349346, 9.1, 2753, 坂本ですが? 1
1458178, 8.9, 2805, yR1/2
4866987, 8.6, 4132, 如果・宅
2043396, 8.9, 2743, 超合金社团（1、2）
1814127, 8.4, 5331, 樱兰高校男公关部 vol.02
5290433, 8.7, 3483, 当代诗人作家书画集
1481371, 8.6, 3919, 封神演x 1
3522694, 8.6, 3734, 史上第一混乱・第一季神仙预备役
1921479, 8.2, 6497, FF公子
1582541, 9.2, 1707, 樱桃小丸子（全20册）
4118599, 8.3, 4562, 武侠，从牛A到牛C
10543300, 9.3, 1296, 月刊少女野崎くん 01
2699701, 7.6, 13696, 歌尽桃花
1007334, 7.2, 29350, 草样年华
1898609, 8.1, 5341, 吉祥寺咖啡屋
3854850, 9.4, 1059, 阿拉蕾全集
3903387, 7.7, 10294, 香蜜沉沉烬如霜
1470133, 8.5, 2940, 福星小子（1）
2120339, 8.6, 2493, 是谁嗯嗯在我的头上
1949011, 8.1, 4856, 一爹爹三娃
5291181, 8.3, 3573, Blood X Blood：血族传说
1963786, 8.4, 3091, 怎样鉴别黄色歌曲
2068527, 9.0, 1433, P小新1
3041384, 9.5, 811, 阿拉蕾
4055487, 8.3, 3051, 伊藤二的日
4846010, 9.4, 829, 百姓F族(01)
1924373, 8.7, 1684, 哇!今夜哪里有鬼!
1029149, 8.4, 2451, 乌龙院(1-6)
19974161, 9.5, 711, 月刊少女野崎くん 02
1006418, 8.8, 1471, 老夫子
3611391, 8.7, 1617, 史上第一混乱・第二季・山寨武校
2132095, 8.4, 2296, 我和她的xxx
3664145, 8.8, 1398, 史上第一混乱・第三季・武林大会
1424501, 9.2, 906, 四~妹妹
24382426, 9.6, 605, 月刊少女野崎くん(3)
1927869, 7.8, 5253, 完美小姐进化论 7
1781120, 7.8, 5192, 可不可以不要上班
1999037, 7.7, 6067, 薄荷关系
1426214, 8.1, 3227, 少林寺第八铜人
1103990, 8.3, 2352, 阿衰on line之一
2066962, 9.1, 915, 麻辣教GTO(01)
4842735, 8.4, 2004, 海妖
3000192, 9.2, 797, 荒川アンダ`ザブリッジ 1
3802381, 8.7, 1363, 史上第一混乱・第五季・寻秦记
3739306, 8.7, 1323, 史上第一混乱・第四季・诱惑仙草
2240529, 8.3, 2170, 可不可以不要上学
2222523, 7.9, 3657, 恋爱中毒的仙术师
1079475, 8.3, 2056, 那多三国事件簿之桃园三结义
3170442, 7.7, 4601, 午门迨垄
3408092, 9.4, 568, LEVEL E（全3册）
5366006, 8.4, 1554, Blood X Blood：血族传说大结局
25779457, 9.6, 438, 月刊少女野崎くん(4)
3250733, 7.8, 3360, 午门迨垄
20390735, 9.3, 559, ワンパンマン 1
1510268, 8.8, 921, 我的校园生活
6856422, 9.1, 661, }☆哥 01
3898994, 7.3, 7522, KAO，被潜了！
3000190, 9.4, 496, 荒川アンダ`ザブリッジ 2
26364209, 8.1, 2088, 那些古怪又让人忧心的问题what if?
3232092, 8.8, 861, 樱兰高校男公关部 vol.01
1450536, 8.9, 768, 猎物者
1003486, 8.8, 841, 腊笔小新.第2辑9
3074810, 7.3, 6753, 穿越与反穿越
1915945, 8.1, 1900, 6868，一起跷班去
1291610, 7.9, 2450, 关于上班这件事
4729353, 8.6, 998, 史上第一混乱・第六季・时光总动员
3671352, 7.4, 5248, 嗨，我的男人
3000193, 9.6, 369, 荒川アンダ`ザブリッジ 3
4090777, 7.9, 2346, 他，来自火星
4040223, 7.9, 2341, 坏事多磨
4844954, 8.5, 1067, 史上第一混乱・第七季・终极拯救大结局
1002914, 8.5, 1057, 老夫子（共十册）
1023768, 8.4, 1187, 那多三国事件簿之曹操登场
4174072, 9.1, 559, 召耗 01
3245942, 8.3, 1327, 黑背糗事录
1069428, 8.5, 1042, 那多三国事件簿之汜水关三英战吕布
2142376, 8.5, 1036, 警察张同志
3829610, 7.8, 2523, 午门迨垄蟆の缑牌
3111469, 8.3, 1281, 一个爹爹三个娃(下)
25895602, 9.5, 375, 月刊少女野崎くん(5)
6867518, 8.8, 701, 世说新语.八周刊
3561559, 8.6, 866, 黑背书系第三辑（全两册）
1626776, 8.4, 1077, 阿衰on line
1213700, 8.3, 1202, 阿衰on line之二
6792678, 6.9, 10900, 杉杉来吃
1442676, 8.4, 1020, U柴同盟 1
3224040, 9.7, 290, 篮球飞人
1042883, 8.4, 1010, 那多三国事件簿之天下英雄会汜水
1941703, 8.7, 720, 限制⑹(01)
10468362, 9.5, 339, 百姓F族 02
1872343, 8.5, 893, ^望先生 01
2242254, 9.3, 396, 花漾人生1
19949958, 8.4, 962, 暗⒔淌 1
6390810, 8.1, 1378, 记我们单纯的小美好
3373869, 9.2, 419, 女W咖啡d(01)
1340129, 8.6, 752, |京狂天堂
3819053, 8.8, 601, 少年よ耽美を描けDBOYS BE TAMBITIOUS (1)
1082515, 7.5, 3159, 理工大风流往事
2128365, 8.5, 811, 漫画PARTY-阿衰ON LINE 8
1939290, 9.6, 287, 四~妹妹!(2)
1392917, 8.5, 797, 那多三国事件簿之乱起凤仪亭
1419484, 8.9, 509, 笑@漫大王1
3739525, 9.6, 274, 荒川アンダ`ザブリッジ (5)
3015088, 7.6, 2461, 极品家丁 1
3739521, 9.5, 295, 荒川アンダ`ザブリッジ (4)
5293819, 8.4, 850, _R浴 Ⅰ
1939291, 9.6, 268, 四~妹妹!(3)
3238578, 8.9, 491, y魂 3年Z班y八老 1
3809809, 8.6, 665, 黑背第四辑（全两册）
3543364, 8.9, 477, 狐说
1814264, 8.3, 893, 6868，一起E班去: Tf日 2
1978295, 9.2, 352, `E接|1
3824857, 8.5, 692, べるぜバブ 1
20394889, 7.7, 1864, 妮玛！这就是大学！
4837447, 7.3, 3403, 两只前夫一台戏
2343823, 8.1, 1051, 笔冢随录・生事如转蓬
1861769, 9.3, 302, RIVER&#39;s 543 Vol.1
6856423, 9.3, 302, }☆哥 02
4729680, 7.8, 1505, 路鸟
1692654, 8.6, 576, 那多三国事件簿之末世豪雄起
3135064, 6.9, 6410, 薄荷荼靡梨花白
3830165, 9.6, 223, y魂28
20398568, 8.9, 402, 暗⒔淌 2
3414452, 8.6, 535, 阿衰21
5349693, 9.0, 361, 男子高校生の日常 1
2380177, 8.7, 479, DETROIT METAL CITY~重金uLp面人~(01)
3739558, 9.5, 234, 荒川アンダ`ザブリッジ 8
3196168, 9.7, 199, 四~妹妹!(7)
3023897, 9.2, 293, 希腊三部曲Ⅰ 追逐阳光之岛
3202628, 9.5, 229, 荒川アンダ`ザブリッジ 7 (ヤングガンガンコミックス)
2059479, 9.4, 247, ギャグマンガ日和 1
3196103, 9.1, 317, 日常 1
6125965, 8.2, 777, 李逵日记
25745052, 9.0, 341, 坂本ですが? 2
3088345, 7.7, 1463, 我们YY吧
1692652, 8.6, 495, 那多三国事件簿之汜水英雄会
26787931, 7.7, 1447, 精神科的故事：在游泳池
6041678, 7.4, 2241, 人生何处不尴尬
3996036, 8.6, 490, 少年啊！要光耀耽美2
4174073, 9.2, 279, 召耗 02
2092629, 8.6, 481, 猫ラ`メン
4299389, 9.3, 253, 召耗 04
3021414, 7.2, 2959, 除了我你还能爱谁
21319184, 9.0, 322, 暗⒔淌 3
1312733, 7.8, 1184, 理工大往事外传
10577009, 8.6, 463, 网游之近战法师1・一战成名
5912249, 7.4, 2046, 生于一九九叉
4242003, 8.5, 503, 黑背启示录
4174074, 9.2, 262, 召耗 03
1427278, 8.8, 365, 青铜时代的恐龙战争
2087599, 8.7, 398, 阿衰on line
3024207, 7.8, 1099, 熟女养成日志
6856424, 9.3, 231, }☆哥 03
20390740, 9.4, 213, ワンパンマン 2
1021574, 8.0, 825, 双响炮1
3627470, 8.3, 577, 最後一牌
1427402, 8.6, 422, 青铜时代的蕨类战争
2993425, 7.5, 1594, 神仙也有江湖（上）
3894603, 7.6, 1363, 穿越之天雷一部（全二册）
4042499, 8.4, 505, 有你在身边
1702097, 8.6, 408, 喜羊羊与灰太狼(VCD)
3707708, 7.4, 1771, 寻人启事
3144991, 7.7, 1145, 神仙也有江湖（下）
22488285, 9.0, 279, 暗⒔淌 4
7061278, 9.0, 277, となりのvくん 1
1872851, 9.1, 252, ^望先生 02
3174841, 8.5, 434, 倒楣就倒楣 上
6510393, 8.2, 596, 江南外传
3373871, 9.4, 194, 女W咖啡d(02)
6729710, 8.0, 729, 鬼叫魂之阴阳先生
5376551, 7.5, 1409, 江山如画（全二册）
3287766, 8.7, 344, 油爆老妈 1、2
3000468, 8.8, 313, 阿衰on line
3099350, 7.7, 1048, 神仙也有江湖（中）
11613971, 7.9, 808, 江湖不挨刀
1006635, 7.1, 2572, 沙僧日记
6856425, 9.3, 202, }☆哥 04
3125625, 9.1, 235, 魁!!天兵高校01
5921263, 8.5, 403, 家电人生
2156766, 8.1, 616, 极乐青春曲棍球部
2087601, 8.4, 444, 阿衰on line
3593982, 7.3, 1777, 跑跑江湖打打酱油（全二册）
2980470, 8.3, 486, 笨蛋，y，召精F
3126805, 9.1, 229, 限制⑹(02)
5379541, 7.1, 2416, 执子之手，将子拖走
1982488, 9.3, 193, 我为猫狂
4749158, 9.5, 165, 女W咖啡d(06)
1009878, 8.1, 589, 双响炮2
4817597, 8.1, 582, 型男炼成术
3064568, 7.9, 732, 谁教白马踏梦船
3610205, 7.9, 726, 可不可以天天出去玩
2062281, 7.3, 1650, 清空万里
1626777, 8.6, 338, 阿衰on line
2099118, 8.6, 337, 阿衰on line
3056022, 8.3, 454, Present for me~C器人的}QY物~
3034422, 9.0, 233, 吾命T士
3675135, 8.8, 273, 爆裂中国语
25768851, 8.3, 442, 败絮藏金玉(上)
3105649, 8.3, 438, 反正算我倒楣
1427514, 8.7, 292, 青铜时代的鳄鱼战争
3081701, 8.7, 289, 阿衰on line
1342641, 8.6, 316, 空想科Wx本
2113859, 8.5, 341, 阿衰15-原创校园Q版漫画
2087600, 8.8, 256, 阿衰on line
10738226, 8.7, 278, 鬼灯的冷 01
6856426, 9.3, 169, }☆哥 05
1326000, 7.4, 1228, 大熊猫看小电影
2998731, 8.3, 407, 到开封府混个差事
1427297, 8.7, 272, 青铜时代的蜥蜴战争
2090998, 8.7, 272, 阿衰on line
2345597, 8.6, 298, 阿衰 on line 17
3852554, 8.5, 327, 王永 1
10559304, 6.9, 2612, 太子妃升职记
2372855, 8.3, 384, 小夫妻天天恶战
11501757, 8.2, 424, 网游之演技一流（上、下）
11507997, 8.6, 285, 俺物Z!! 1
2053163, 8.8, 238, さよなら~望先生(1)
26613709, 8.3, 379, 快把我哥带走
10536672, 8.8, 231, 我家的街 01
3230662, 9.1, 180, 天w鹗(01)
4160733, 8.5, 301, 癫狂的列国 第一卷
1336920, 7.4, 1077, 篡位吧(上)
4766662, 7.4, 1075, 爱情来了你就上
3023900, 9.1, 177, 希腊三部曲Ⅲ 众神的花园
4211589, 8.7, 247, (黑背书系.第三辑)差点忘记最原汁原味的童年回忆盛宴
3064299, 8.9, 207, 到开封府混个差事Ⅱ
1030512, 8.2, 395, 乌龙院(全三册)
25768852, 8.3, 355, 败絮藏金玉(下)
6856428, 9.2, 161, }☆哥 06
1012636, 8.3, 350, 双响炮(4)
6868964, 7.2, 1372, 佳偶天成
1336922, 7.5, 876, 篡位吧(下)
25738452, 9.1, 168, へんなねえさん
4735768, 9.4, 134, 蔡志忠经典漫画
20432513, 7.6, 751, 坑你三生三世
3150959, 8.4, 302, 景深
1368782, 8.5, 272, 那多三事件簿之曹操登.
11443072, 7.7, 640, 三国志男
1368781, 8.5, 269, 那多三事件簿之桃@三Yx.
2128143, 8.5, 268, 漫画PARTY-阿衰ON LINE 7
3369440, 7.5, 811, 赖宝日记
1030505, 8.2, 356, 麻辣双响炮
2092647, 8.7, 219, 猫ラ`メン
3884401, 7.5, 794, 美人如玉剑如虹
1798458, 8.3, 316, 武林外传
3990182, 9.0, 168, 我和她的XXX 2
2046972, 8.6, 235, 幸\☆星 1
2062463, 9.1, 155, し屋さん 2
26830134, 7.7, 596, 就喜欢你看不惯我又干不掉我的样子2
2996741, 8.6, 232, 乌龙院大长篇漫画系列
7052763, 9.2, 142, 元忄钭 1
6946709, 7.2, 1165, 小凰不是仙
1901035, 9.1, 152, 少年五点的秘密日记
6856430, 9.2, 140, }☆哥 07
10559793, 8.9, 176, ハイスコアガ`ル 第1
10537125, 7.2, 1137, 寡人有疾
1427945, 8.3, 297, KERORO曹1
3699100, 8.3, 296, 我们班的狗仔队
6795801, 8.0, 403, 搞鬼
3111483, 9.1, 147, 吾命T士（卷2）
2171584, 8.6, 220, 阿衰on line
20491989, 8.7, 201, 如果，喵
3863353, 8.2, 320, 折腾岁月
10599676, 7.5, 714, 公主F性（上）
3516109, 7.5, 713, 逐风流（上下）
4269903, 7.1, 1262, 仗剑一笑踩蘑菇
4156411, 8.7, 199, 到l倒楣 上
2995606, 6.9, 1725, 宅女在古代后宫的幸福生活（全2册）
11622713, 7.3, 926, 将军在上（上下）
7061280, 9.3, 123, となりのvくん 2
10576314, 8.7, 194, 网游之近战法师2・神兵天降
5328239, 8.3, 278, 唉，我的沧桑50年（1959至今）
20509118, 7.5, 680, 我的房东叫别扭
3264660, 7.3, 884, 穿越之武林怪传（上下）
2064946, 8.6, 207, すごいよ!!マサルさん 6 セクシ`コマンド`外
1002862, 7.3, 873, 我的住院日记之羊肉炉不是故意的
3102780, 8.5, 225, 萌系魔法
2193679, 7.3, 867, 戏龙记之非常穿越
20495925, 9.7, 90, それでも町はhっている 11
2139669, 8.2, 294, 新单位
21817831, 9.0, 146, 世说新语.八周刊-卷贰
2212323, 7.4, 725, 清空万里2
5268196, 8.4, 236, 哥，你好猛！（珍藏版）
3158102, 8.2, 284, 完美小姐M化(01)
3216466, 8.9, 153, 阿衰
6971343, 7.3, 814, 一夜成名
2080115, 8.3, 255, GS美神极乐大作战
3713183, 9.2, 121, 日常 2
3337015, 7.2, 923, 大龙门客栈（全两册）
1076177, 7.2, 918, Q版语文
3528592, 8.4, 227, Switch Girl！！身指令(1)
2125510, 8.2, 273, 丑女大翻身1
1782628, 9.3, 110, 草包阿姨
1861774, 9.5, 96, ＲＩＶＥＲ’Ｓ５４３
26290823, 9.5, 96, 月刊少女野崎くん 6
4001196, 8.7, 173, 王永 2
6101540, 8.6, 188, 邻居家是画漫画的阿幺 02
3561415, 7.5, 592, 熟女单身日记
3068065, 8.9, 146, 佐藤君の柔生活 (1) (UN POKO COMICS)
3740950, 8.6, 185, Diary of a Wimpy Kid Complete 4-Book Set
1004655, 9.3, 108, 蜡笔小新?第四辑（17）
2143484, 8.8, 156, 校@迷糊大王(01)
10580817, 8.8, 156, 大法
3111703, 9.0, 133, 吾命T士（卷3）
2363678, 6.7, 1919, 和亲公主
4001198, 8.8, 154, 王样老师 3
10742649, 7.6, 499, 呸，下流胚
6969047, 9.2, 113, 召耗 07
10738236, 9.0, 130, 鬼灯的冷 02
1950887, 7.8, 389, 螳螂君
4117999, 6.9, 1303, 诙词典
1922566, 8.7, 161, 西游记（上下）
24852489, 8.4, 207, 青春奇妙物语
3208048, 8.9, 135, 爆笑校园5
4175356, 7.0, 1064, 网游之没事找找虐
2304613, 6.7, 1742, 绝色赌妃Ⅰ
10738237, 9.1, 115, 鬼灯的冷 03
10748713, 8.6, 169, O道超女 01
1760803, 7.6, 453, 漂亮蛋1
2977432, 8.1, 261, 不良仔c眼R妹(01)
1963082, 7.7, 396, 不想上班
5261749, 6.9, 1168, 宁非
26255691, 8.9, 128, 坂本ですが? 3
4742328, 7.4, 563, 皇后刘黑胖
1079191, 7.4, 558, 寂寞杀死一头恐龙
10598137, 7.7, 387, P（上）
20388826, 8.3, 208, 山田君c7人魔女 01
6953435, 8.5, 173, 珍神
2150495, 9.6, 77, 超人怪F大@
10536674, 9.1, 107, 我家的街 02
2136268, 8.5, 170, 冷面天使(01)
4205372, 8.5, 166, 阿衰-24
4075838, 8.2, 217, 亲爱的我有了
3679806, 7.7, 363, 减肥侠
1820596, 7.2, 678, 狩猎美男
5070454, 8.6, 151, 哥，你好猛！
5392384, 8.4, 176, 阿爸的第二春 Vol.1
4175340, 7.6, 390, 请从门缝中看我（全二册）
4846147, 7.2, 648, 王牌大助理
4079156, 6.7, 1399, 船到桥头自然直
4063555, 7.0, 863, 别笑，我是高考零分作文
1444157, 7.2, 646, 几乎成了英雄
3021779, 9.1, 100, C鹗夸桑(01)
1492431, 7.2, 636, 写得像郭敬明一样好
25982407, 8.6, 143, 睡在我上下前后左右铺的兄弟
3449421, 8.8, 122, 猫ラ`メン 3 (3) (BLADE COMICS)
11627763, 8.5, 155, 李逵日记之聚义厅
6860084, 8.3, 184, 宅男腐女神马的最讨厌了
5247942, 7.2, 623, 人生若只如初贱
2316722, 7.3, 543, 张小盒OFFICE异想记
1040764, 7.1, 710, 谈谈心
6012845, 8.9, 111, 限制⑹ (04)
1453852, 9.0, 103, 大红脸
1952115, 8.3, 180, 乌龙院大长篇漫画系列（卷一）
4822157, 6.6, 1538, 我呸
5922294, 7.9, 262, 非人世界漫游指南
3199965, 7.7, 324, 上班有点
6981661, 7.9, 259, 搞鬼2
3768423, 7.5, 403, 我的大学生活
3869937, 8.5, 147, 大唐乘风录之洛阳天擂
2257729, 7.7, 310, 杨小邪发威
6970366, 7.6, 342, 不小心，祸大了！
25742194, 8.4, 155, 萨满宝藏
1436619, 7.8, 274, 没人疼
2996402, 7.7, 303, 爆笑校园1
3685186, 6.7, 1174, 昏前婚后
3701400, 7.5, 375, 奔向1/20000的怀抱
4081851, 9.1, 89, 阿衰23
1385745, 8.8, 107, 如何一b好狗
5953893, 8.8, 107, 少年啊！要光耀耽美３
4843906, 7.9, 233, 我是你爸爸
3869935, 8.6, 124, 大唐乘风录之太行三十六刀
3772705, 9.0, 92, 漫画Party22
3869936, 8.2, 173, 大唐乘风录之(3)天书会
26580316, 8.9, 98, 在下坂本，有何F郑 03
3292158, 9.5, 66, 效坤诗钞
4195288, 7.9, 226, 要不要来我家
3389954, 7.4, 391, 一年七班恶男团2
4183591, 8.9, 96, 妄想W生1
2175926, 8.2, 168, 名叫牛皮的插班生
20535491, 8.6, 120, 老板求放假
3156193, 8.1, 184, 纫陆谈(01)
25973718, 7.5, 343, 祥云朵朵当空飘
5245583, 6.8, 887, 中二病中毒说明书
20431864, 8.3, 153, 李逵日记2之忠义堂
4075905, 7.0, 650, 青山依旧笑春风
1934859, 6.7, 1031, 牛肉面+阳春面=?
3284084, 7.0, 648, 武林萌主（上下）
1065062, 7.2, 490, 谁的荷尔蒙在飞
4853545, 8.5, 128, 阿衰on line
4230426, 8.0, 197, で笞晕遥1）
5917229, 7.6, 295, 我就是妖怪1
1068795, 7.8, 237, 我恋爱
10603626, 6.7, 981, 公子无耻（上下）
3361739, 6.7, 973, 二两娘子
4248916, 8.8, 98, 爱我请发声
1312977, 7.8, 230, 春山如笑
10759335, 6.9, 699, 撒旦叔叔给你讲故事
10599678, 7.4, 354, 公主F性（下）
4833931, 6.8, 801, 乌龙插错电
1126266, 8.7, 103, 龟兔赛跑
4028541, 7.9, 203, 境界のRINNE  1
2073933, 8.9, 88, 家有v狗(1)
2029617, 8.8, 94, 岸和田博士科W的矍01
25759027, 9.3, 67, 我家的街 03
10805367, 8.2, 148, 梵事进化札记（上下册）
1822788, 7.3, 372, 狩猎美男（大结局）
20388782, 9.1, 74, }☆哥 08
25982408, 9.1, 74, 青春奇妙物语②
25872051, 7.9, 192, 我就是一个笑话
3412135, 7.1, 479, 武林萌主・终结篇
1850450, 9.3, 64, GTO
5403363, 7.2, 409, 盘丝洞38号（上下）
26286422, 8.4, 120, 高台家的成T (1)
11443729, 7.4, 318, 公子o色（上）
3290959, 6.5, 1157, 当糟糠遇见黑色会
20411512, 7.5, 282, 江湖路弯弯
1041552, 9.2, 67, 蜡笔小新.第33册、第34册
4175341, 6.9, 598, 喵喵喵
11541361, 7.4, 311, 我勒个去
1760816, 8.0, 166, 漂亮蛋6
5403355, 7.2, 388, 彼岸有妖
5355706, 7.1, 437, 鸢鸢相报
3671354, 7.5, 268, 江湖天很晴
3285831, 6.7, 767, 狼骑竹马来
1981124, 7.8, 193, 变态灵异学园
3698073, 7.6, 236, 雷人的玩意儿
2354136, 6.9, 562, 有缘千年来相会（上下）
3214219, 8.4, 112, 琉球武士 卷之一
3795706, 6.7, 756, 皇家幼儿园
1417984, 7.2, 373, 我叫金三顺
10606491, 9.0, 72, o限食女 02 (完)
4242877, 7.8, 189, 熟女“房”事心经
25775614, 8.1, 142, 向前吧
3241912, 7.9, 170, 二分之一王子 1
1887264, 6.7, 734, 赵赶驴电梯奇遇记
4859408, 9.0, 71, 洲山寨版玩具大Da
3657014, 7.9, 169, 天降之物 01
4831521, 7.3, 316, 我靠！被了
20283093, 7.6, 225, 修真世界1・晶石狂人
20425869, 7.4, 279, 妖孽也成双
2128149, 8.3, 116, 1区212 (1)
26636314, 7.3, 311, 别那么骄傲
2969899, 7.1, 398, 德云日记
5922734, 7.1, 395, 老公是腹黑大人
3266223, 8.4, 105, O道r(01)
1780792, 8.1, 133, 武林外传
7163483, 9.1, 63, 嘟嘟猫观察日记
25735006, 8.7, 82, 神くんには友_がいない 1
4158876, 7.1, 378, 江湖美男谱
3786734, 7.8, 166, 皇宫这档事儿
6938344, 7.1, 360, 仙女豇豆红
4169211, 8.0, 136, 摔角少年牛蒡男
6801726, 8.5, 90, 黑背启示录2.0：接受我的感化吧
3102308, 7.9, 148, b俏老爸-1
1996568, 9.2, 56, 爱生事家庭 02
3160840, 7.9, 146, 烘焙王(01)
26253012, 7.2, 306, 我们住在一起
2128361, 7.6, 194, 漫画PARTY-豌豆笑传3
5414146, 7.0, 385, 盛夏流年朝朝
10600828, 7.8, 154, 打死我也不说
6430661, 8.4, 92, 爸妈太过分
26760591, 7.5, 207, 一条狗Ⅰ
3214227, 8.4, 91, 琉球武士 卷之二（完）
3090730, 8.0, 126, 女子妄想症候群(フェロモマニアシンドロ`ム) (1) (花とゆめCOMICS) (コミック)
10945292, 7.6, 184, 请叫我小纯洁2
1010812, 8.3, 98, 笑死你不偿命2
2003449, 9.4, 47, 我@一家 1
3614493, 7.8, 149, 单身就是乱
3909873, 6.8, 475, 娘子爬墙记
19989558, 7.4, 223, 同学两亿岁
3927070, 8.4, 89, 疯了!桂宝
11613787, 8.1, 113, 米露露求爱记（上下册）
3128635, 8.6, 76, yR1/2(23)
20275734, 6.8, 464, 再也不绑架了
10825609, 7.3, 244, 咖啡少年不加糖
5281163, 8.9, 61, 阿衰
1951736, 7.7, 156, 丑小鸭王子
2114757, 8.3, 92, 赫氏门徒
4095411, 8.9, 60, 秦虎狼..并天下
3629869, 7.0, 336, 极品太子妃Ⅱ
22224895, 7.1, 292, 晓风书院的八卦事
2381096, 6.7, 501, 地水鸾宫明月姬
26779237, 8.6, 72, 一起长大 慢慢变老
2141561, 9.2, 49, 魔法提琴手
4192862, 6.6, 577, BL女的BG爱情
2993130, 8.1, 105, 情房|俏房客03
3426139, 7.3, 225, 好色吉田家(01)
3316416, 7.5, 181, 疯了！桂宝
2120268, 7.0, 321, 橙子
6052976, 7.4, 200, 宇宙第一初恋
1174673, 9.0, 54, 反斗档案
5403351, 6.8, 414, 三只鸳鸯一对半
11601321, 6.9, 359, 大家都很2
6061770, 7.0, 314, 桐花朵朵开
4840091, 7.5, 176, 嬉游记
1798972, 7.6, 159, 原来我不帅
2153450, 8.5, 74, 我的低能之道
3768421, 6.9, 352, 女皇陛下的笑话婚姻
5068503, 7.2, 240, 我本纯良
19938216, 8.6, 68, 拍鹃雄のサイy 1
4836662, 6.9, 346, 哦，这该死的缘
2039965, 8.8, 59, 爆粗band友
4914774, 7.2, 234, 单恋不转弯
7004031, 8.3, 83, 两个人不上班 第一季
25758353, 8.1, 95, 我妻同W是我的老婆 01
4722591, 8.0, 103, 我们相亲吧！
22936458, 9.0, 50, となりのvくん 4
2270159, 8.9, 53, 禁咒师(Ⅳ)
25880385, 8.4, 74, はんだくん 1
2331129, 7.2, 221, 太后也疯狂
2280536, 7.4, 176, 一本神经
10569732, 8.5, 68, 天然萌少女明日香 01
10762865, 7.3, 195, 中国小神算
1248772, 8.9, 52, 嘻游记
24531040, 7.9, 108, 昊天纪・御兽师
4256044, 6.6, 476, 可不可以不嫁人
2217853, 7.9, 106, 日式面包王
1215243, 8.7, 58, 我连肚脐眼儿都是漫画
3284337, 8.5, 66, 不良仔c眼R妹(05)
1028797, 7.8, 114, 笑死你不偿命-网络经典幽默文集
3755372, 6.9, 298, 宝器江湖
4275090, 7.1, 231, Hi，如花
3135758, 7.3, 184, 黑背读奥运
3393166, 6.9, 291, 我以千面侯君心(上下)
26775199, 7.8, 111, 头条都是他
1795748, 9.7, 32, 撞破江湖 （上、下）
3637532, 6.7, 376, 七上九下
3725542, 6.8, 327, 满朝凤华（上下）
10539612, 8.4, 68, オレん家のフロ事情 1
25720856, 7.4, 160, 山有墓兮墓有龙
1337243, 8.5, 63, 花花木m
3100550, 8.7, 55, 1区212
1506441, 8.0, 91, 牛猫加菲
2088596, 8.4, 67, 嘻哈小天才3
4265935, 8.9, 48, 主将！！地院家若美 １
26932731, 8.5, 62, 别走
7058093, 6.5, 488, 客官不可以
4045796, 8.4, 66, 狗狗的那些事儿系列绘本(全4册)
7163482, 9.1, 42, 嘟嘟猫观察日记2
5291109, 7.1, 213, 江湖不像话
20255073, 7.3, 169, 不侍，砍了・上
6528111, 6.7, 350, 失恋阵线联萌
2087602, 8.4, 64, 嘻哈小天才2
4834521, 6.9, 264, 驭夫36计（上下）
19971869, 9.1, 41, 勇者互助M合 交流型魇景
10762862, 7.3, 163, 纷纷落在晨色里
3633485, 7.7, 109, 疯了！桂宝2
10459365, 8.7, 51, 三国志魂 上
26688714, 8.0, 84, 记忆里，微笑的你
3163497, 8.5, 58, 我们的低能婚礼
25734788, 7.8, 99, 九国夜雪・寻梦人
26761573, 7.4, 144, 一条狗Ⅱ
6507860, 9.1, 40, 魅 3
19989167, 6.8, 285, 当与子归
5341085, 6.5, 425, 早安，卧底小姐
2306468, 7.6, 114, 我老公是神经病
3815246, 7.0, 214, 极品太子妃
3245147, 7.4, 138, 张小盒2・office成长记
1872221, 8.2, 69, The UNIX Hater&#39;s Handbook
6097573, 7.4, 137, 我就是妖怪2
20312443, 7.0, 210, 搞鬼・废柴道士的爆笑生活3
10429110, 7.2, 167, 女主角失格 1
6437851, 7.4, 135, 此女待瘦
10459366, 9.2, 36, 三国志魂 下
19964938, 8.7, 48, 血族 BLOODLINE ・ 圣魔虚像篇 06
3022625, 7.2, 165, F俏女 1
10810192, 8.6, 51, 第七女子会彷徨 01
6390751, 7.0, 206, 老爷有喜?凤凰劫
3204346, 8.0, 78, 富豪刑事
1062893, 8.4, 58, 魔王爸爸的16封信
2979074, 8.4, 58, 我的低能之道2
1701069, 8.5, 54, 嘻游记
25940276, 9.4, 32, 毛豆真逗
1769014, 7.3, 144, 武林宝典
4062247, 8.3, 61, 爸爸我要钱
25727363, 7.5, 117, 弟弟都是狼
3184514, 8.9, 41, はいからさんが通る 1
4115252, 7.0, 195, 天降呆猫
7163002, 6.5, 375, 房客别这样
21360754, 9.4, 31, 召耗 09
4156082, 7.5, 114, 便 01
6856218, 7.7, 95, 九国・伽蓝之羽
20272082, 7.9, 80, 请叫我小纯洁3
2159711, 7.6, 103, 史丹利一定要嵫
3924793, 8.9, 40, w不(01)
11411066, 7.8, 86, Weird Things Customers Say in Bookshops
26337589, 8.5, 51, 青春奇妙物语③
4905940, 7.4, 123, 昨天相亲的姑娘邀我共进晚餐
4925143, 6.9, 212, 狐颜乱羽（全二册）(2册)
1930531, 9.3, 32, 毕业奇幻之旅（第1卷）
1471989, 8.8, 42, 魔法生活
19987417, 6.6, 312, 公子难求（上下）
5440070, 7.3, 135, 你敢爱我咩
4062249, 8.4, 54, 考试真疯狂
5291098, 6.6, 308, 腐女GaGa
6097574, 7.3, 133, 我就是妖怪3
3023780, 8.7, 44, 米老鼠
5292400, 7.0, 183, 闪婚
3919765, 8.6, 46, 爆笑校园第1-12册盒装版
5416176, 8.2, 60, しまいずむ (1)
25753563, 9.0, 36, O道超女 04
4318111, 8.1, 64, 五斗米靠腰
2977711, 7.7, 88, 那年我青春期 1
3415325, 7.6, 96, 小女子心里有事
3026498, 8.8, 40, 妙不可言01
5916864, 8.5, 48, 阿衰27
2973633, 8.6, 45, 人形少女17q1
10558153, 7.7, 86, 打工吧！魔王大人 02
1174674, 7.9, 72, 猫3狗4
3858849, 8.0, 66, 世界制服 1 (サンデ`GXコミックス)
26844477, 9.0, 34, ONE-PUNCH MAN 一拳超人 11
24872814, 7.2, 131, 恐怖电影逃生指南
10604913, 7.8, 75, 打工吧！魔王大人 03
4262593, 8.7, 40, 正xの味方 1 (クイ`ンズコミックス) (コミック)
1103991, 7.1, 144, 豌豆笑传
4261519, 7.1, 143, 张小盒杯洗具
2975848, 7.9, 68, 乌龙院大画集
4722163, 7.0, 157, 桃花小姐
3232929, 8.1, 58, 黑背秘密日 2
2988906, 7.5, 94, 想吃麻花现给你拧
3756509, 6.6, 254, 厨娘迨
10741011, 6.9, 173, 夫君\・上
2065267, 7.5, 93, 史上最不幸的大佬三郎 1
26741658, 7.0, 153, 我的奇妙男友2
2377251, 8.2, 53, 禁咒师
1409652, 7.8, 71, 林长治讲故事
10794383, 6.5, 281, 上课不要看小说
3885993, 8.7, 38, 我的低能大肚之道
3258492, 8.1, 56, &#34;伟大&#34;的事业
25798920, 6.9, 167, 我的私人劳家卓
26358892, 7.9, 64, ~望男子と中国娘 1
25934119, 5.8, 900, 万万没想到
1936465, 8.0, 59, 乌龙院大长篇漫画系列（卷四）
1490341, 7.6, 81, 辣妹日记
4837474, 6.8, 179, 老公，投降吧
2074002, 7.9, 62, 吸血鬼在日本(1)
1409651, 7.8, 67, 林长治讲故事
2075204, 6.4, 302, 芙蓉成长记之有女芙蓉初长成
4217883, 6.7, 200, 谁说穿越好
3066674, 7.3, 103, 征服世界是可能的幔
4319942, 7.7, 72, 爱情公寓
5403350, 7.9, 61, 婆婆，我的非常闺蜜
20428085, 6.3, 344, 公子倾城（上下）
20256529, 7.2, 112, 幸福不靶・上
4830747, 7.6, 77, 漫画分子生物学
6516927, 7.6, 77, 自助洗衣店的怪人
1649098, 8.0, 56, 乌龙院（第9卷）
2182507, 8.1, 52, 乌龙院大长篇漫画系列（卷十三）
4778427, 6.6, 215, 金龟记
5068506, 6.8, 167, 谁与争疯
1034017, 8.5, 39, 蜡笔小新(小说完全版)
23860685, 8.5, 39, 耗奶爸 21
3776728, 8.1, 50, 嘻哈小天才
3433141, 6.9, 144, 司马迁笔下的牛人们
3426142, 7.3, 94, 好色吉田家(02)
10555719, 6.8, 159, 天上掉下个熊孩子
3921426, 8.1, 49, 我们爱讲冷笑话
1426169, 8.4, 40, 叛逆的小精灵
19937902, 8.4, 40, 超能力者 拍鹃雄のサイy 0 麻生周一短集
1221049, 7.3, 93, 舌头的战争
3166710, 7.9, 56, 狂假面(01)
6784188, 7.4, 84, 2012完全手册
10354769, 8.1, 48, }和都碜援世界？ 01
3629868, 6.5, 224, 极品店小二（全二册）
10744482, 9.4, 23, ねこだらけ ファイヤ`
3815588, 7.7, 64, 好色吉田家(03)
2219488, 9.2, 25, 我们这一家1
5344442, 9.2, 25, 少年よ耽美を描けDBOYS BE TAMBITIOUS (2)
3216438, 7.2, 97, 逗
3507173, 6.9, 132, 淑女飘飘拳
26558126, 8.2, 43, 人民大澡堂
4243433, 8.8, 30, 地府皇家x：唐棣之A(上)
3127043, 7.2, 95, 一个古代公务员的短信息
4129640, 6.5, 210, 苏染染追夫记
10512314, 7.4, 78, 我和神仙有个约会（上）
2100331, 8.1, 45, 乌漆嘛黑的中古世纪
3927872, 7.5, 71, 小女子心里有事2
1063844, 7.7, 60, 笑死你不偿命3
25661163, 7.5, 70, 干物妹!うまるちゃん 1
19969338, 6.7, 157, 老婆，跟我回家吧
26437218, 7.6, 64, 一个人也要美美哒
3212122, 6.6, 176, 史丹利一定要热血
4210901, 6.9, 123, 天外非仙
2037488, 8.3, 38, 乌龙院大长篇漫画系列卷十一
26815038, 7.1, 98, 说医不二
25903831, 7.4, 74, 师傅门前桃花多
3633452, 6.7, 150, 搴蠊记之入宫
20256530, 7.1, 97, 幸福不靶・下
2375524, 7.4, 73, 如何打倒北极熊
3000405, 7.4, 73, 豌豆笑传9
6434170, 8.8, 28, 阿衰on line
4061616, 6.6, 167, 晚安.小姐（全二册）
25976206, 8.5, 33, 狂野少女
4778450, 6.3, 246, 傲慢与偏见--僵尸年代
3755373, 7.0, 104, 搴蠊记2之闹宫
3239561, 8.7, 29, 知音漫客丛书 《1区212 》 7 完结版
26641341, 8.7, 29, GRANDBLUE 碧{之海 01
21792532, 7.0, 103, 花妖新娘
4864017, 8.9, 26, 我是一只猫精①
1952615, 7.8, 51, 后西游记
26184181, 7.2, 84, 艺术生那些事儿
24714235, 8.6, 30, 地狱笑星：暴牙小鬼讲冷笑话
2100325, 8.2, 38, 乱七八糟的第一次世界大战
26769524, 8.2, 38, 放开微臣
3137060, 7.5, 63, 兔出没，注意！
1936468, 8.0, 43, 乌龙院大长篇漫画系列（卷6）
2413785, 8.0, 43, 乌龙院大长篇漫画系列（卷17）
20254900, 7.0, 97, 妃常y搞・上
5248385, 6.8, 118, 男人是狗
25882364, 7.8, 47, 爱情公寓4全本小说
10564533, 7.5, 59, 糗事百科
7152986, 7.6, 54, C巧少女不受 01
4077868, 7.7, 50, 男生都是挨整的命
2037487, 7.8, 46, 乌龙院大长篇漫画系列（卷11）
2058243, 8.4, 31, 大头马的鬼马日记
3549861, 7.3, 68, 毛都被拔光了
6403599, 5.6, 683, 精神病学院毕业生
2100326, 8.5, 29, 浮华奢靡的乔治王朝
25967870, 8.5, 29, 长白秘闻之不咸灵迹
3071897, 7.8, 45, 侦探一家
25918123, 7.6, 52, 太阳系三环到四环搬迁纪要
4713195, 6.4, 175, 神偷俏王妃
25811412, 8.8, 24, 全新手绘四格漫画樱桃小丸子
20276427, 8.0, 38, Tf日8：可不可以^m幼稚！？
3066980, 7.4, 59, 谁是我的小王子3
5379542, 6.2, 221, 腹黑BOSS，你别逃！
4894670, 6.0, 300, 别笑，这是大清正史
5404738, 6.5, 147, 游龙戏凤
4249483, 6.6, 130, 别笑，我是高考零分作文 第2季
3507171, 7.6, 50, 公主泡泡龙
26840523, 8.3, 31, 柴犬大叔
3711218, 6.9, 92, 德云日记2
4243279, 6.5, 142, 不能说的秘密
1801953, 6.7, 112, 我在成都火车站捡了个彝族美女
3834928, 6.4, 158, 沙僧日记2-盛开的师傅
4077869, 7.6, 48, 女生领地的捣蛋鬼
3427462, 7.1, 73, 贫僧倒是能够整2两
3321512, 7.2, 66, 叶子侦探离奇事件簿 （1、2）
20268898, 6.7, 108, 吾乃食色01
22636100, 7.0, 79, 暴走漫画
4230541, 6.4, 153, 公主小妹
26219041, 6.6, 119, 微信民国：主角配角
4062251, 7.8, 40, 走过花儿街
4077870, 7.4, 54, 考试的10种悲惨结果
24873104, 6.4, 150, 北美崔哥:中国人来了
4077873, 7.6, 46, 瓜子脸女霸王
1436499, 7.9, 37, 你的年少我轻狂
4038026, 7.9, 37, 骑着粉猪追白马
1278328, 8.4, 27, 乌龙院:走马江湖卷7 (平装)
1056975, 7.8, 39, 迪尔伯特原则
5416555, 6.4, 145, 诱狐（全两册）
4062244, 8.1, 32, 都是周记惹的祸
6873987, 7.3, 57, 异域深眠
10536643, 7.2, 62, 漫家c助手 01
1098485, 8.2, 30, 侦探迷的聪明手册
1834664, 6.4, 142, 浆糊・爱
25952302, 8.5, 25, はんだくん 2
25778363, 7.8, 38, 爱情公寓（小说完整版）
2139339, 8.0, 33, ホタルノヒカリ
1336675, 8.2, 29, 觚院精彩大L篇七r~丸
6438496, 7.7, 40, 好色吉田家5（完Y）
3115992, 6.6, 107, 水浒原来很有趣
3998813, 6.3, 153, 毕业了，嫁人吧
6875185, 6.7, 94, 老板是极品
26665609, 7.6, 42, 施主，请留步
25712064, 7.3, 53, 奸相萌女 卷1
2182505, 8.1, 30, 乌龙院大长篇漫画系列（卷13）
6801938, 7.5, 45, 卿有独钟（1-2册）
10512309, 7.3, 52, 我和神仙有个约会.下
19959629, 6.3, 147, 大神一笑百媚生
4843074, 6.9, 73, 蚁族白领追爱记
5398520, 7.0, 66, 魔装少女就是本少爷！ 01
11528119, 6.4, 125, 爱情公寓3
1538609, 6.7, 88, 先拿自己开涮
20269673, 6.7, 86, 恋着好喜欢
4069518, 7.8, 34, 怪怪守o神 01
5998248, 7.1, 57, 船撞桥头自然沉
5276659, 6.2, 151, 我是豆腐，不是渣
1941704, 7.6, 38, 泌尿科医生
25894929, 7.9, 31, 槊篮玫氖澜绔I上祝福！ 01
2122278, 6.8, 71, 电影狂热症
26451674, 7.6, 36, Back Street Girls 1
26855483, 7.3, 45, 快把我哥带走2
26653973, 7.1, 53, 把自己推理成凶手的名侦探
24522348, 8.4, 22, 济公传● 降
6139435, 7.2, 48, 迮辣手摧草录
3914330, 7.5, 38, 巨乳痍X（1）
4278846, 8.3, 23, F in Exams
3115998, 7.6, 35, 狂师猛徒-乌龙院（第2卷）
7067107, 7.1, 51, 老板，求加薪
20516671, 7.1, 50, 我都是超能者 1
4928550, 7.1, 48, 好色吉田家(04)
5905866, 6.4, 96, 弯家有娘初长成
1381820, 8.1, 24, あおくび大根Dわびさび日
3390428, 8.1, 24, 我的社会圈
5974573, 6.9, 57, 撞南墙，请用力
3547092, 7.2, 44, 豌豆11
1558539, 6.4, 95, 向东向东再向东
4882060, 7.1, 47, 别笑，我是高考零分作文 第4季
5272008, 8.0, 25, 熄灯就开讲
11525213, 7.7, 30, 菜菜暴走大学
3108951, 7.9, 26, 老夫子四合院
2245206, 6.5, 81, 倒过来念的是猪
10565026, 7.4, 36, 藤村同W的W生 01
24529172, 7.4, 36, 好一朵雷人的奇葩
24841128, 7.6, 31, 翻滚吧
4718572, 7.7, 29, AV端指
25839721, 7.5, 33, 我们，是否还有好时光
3698348, 6.6, 71, 妖怪的c心
3216464, 7.2, 41, 豌豆笑传
5350286, 7.0, 47, 红绡帐底 卧鸳鸯（全两册）
2344003, 5.9, 163, 带着皇子回现代
5998276, 6.9, 51, 忘兔丝蕊
2128363, 7.4, 34, 漫画PARTY-豌豆笑传4
6849768, 6.2, 106, 竹马是只狼
1970598, 8.0, 23, 我的爸爸是男人
7004021, 7.2, 39, 精`使的ξ 01
25851048, 7.2, 39, 君要臣嫁，臣要回家
5394639, 6.5, 74, 同学少年多不贱
3337511, 7.9, 24, 亲爱的蠢日记
10520723, 6.9, 49, 不羡鸳鸯只羡狐
1174675, 6.6, 65, 豌豆笑传2
3034495, 7.1, 41, 卿本丫头
21323170, 7.8, 25, 逝アンソロジ`コミック
3780149, 6.6, 64, 佳偶天成
5043347, 8.1, 21, 我的低能凑B之道
20492216, 7.5, 30, 冷皇戏凤（全二册）
25844065, 7.7, 26, 41厘米的超幸福 第二季：面对幸福的勇气
1493899, 7.3, 34, 隔壁叫日
26576756, 6.1, 108, 一本不正经的科学
3208044, 7.4, 31, 乌龙院大长篇漫画系列（卷18）
19990234, 7.4, 31, 鸡零狗碎的青春
26743683, 6.8, 50, 牵牵手就永远
2100328, 8.1, 20, 狂暴易怒的阿兹特克人
2100332, 8.0, 21, 匪夷所思的印加人
4250532, 5.7, 185, 北欧神话
5263176, 6.9, 44, 恋爱百分百
1072825, 5.8, 148, 八戒日记
25931756, 7.5, 27, 约会专家
11613325, 7.6, 25, 四海奇龙(01)
1320949, 7.8, 22, 搞定孙子兵法
1337244, 7.8, 22, W林霹客
3507166, 6.6, 54, 绅士击击剑
20385110, 7.1, 35, 网游之挚爱狼总裁
1946848, 7.7, 23, 我搞笑，可是我爱你
4820274, 6.5, 57, 别笑，我是高考零分作文 第3季
5379422, 7.7, 22, 非常男生
25961822, 6.8, 42, 就算衰到爆，也要穷开心
2344797, 6.9, 38, 豌豆笑传8
3111932, 7.0, 35, 小桃子的欲望日记 1
6049872, 7.2, 30, 不好意思，劫个色
25849664, 6.6, 49, 花家喜事
2087604, 7.1, 32, 豌豆笑传
4919451, 7.9, 19, 用美国小孩的方法学英文
3100547, 7.3, 27, 神精榜
6010108, 6.1, 78, 刀见笑
4837853, 7.5, 23, 臣服吧，狼王子殿下
25662086, 7.2, 28, 谁伴我闯荡
4908981, 6.6, 45, 别笑，一本正经的文言文
5316630, 7.6, 21, 同桌冤家插画本
7047178, 7.6, 21, 凯恩与邪神之塔
26258749, 6.6, 44, 这都不叫事儿
10506669, 6.7, 40, 初恋猛于虎
3644444, 7.4, 23, 爆笑校园9
19907238, 6.1, 70, 跳水王子爆米花1
26317314, 6.9, 32, 假凤虚凰
1959969, 8.0, 16, 终极米迷
3425107, 8.0, 16, 校园安全手册
4011178, 7.5, 21, 变男变女变变变
10522383, 7.5, 21, 别吃我狐狸帅男友
24153235, 7.7, 18, 上了贼船，下不来
26269055, 7.7, 18, 小嘀咕系列（全七册）
6311332, 7.6, 19, 活小男人
5316629, 7.8, 17, 同桌冤家插画本
4746043, 7.0, 28, 达尔文奖1
3507172, 7.1, 26, 王子碰碰球
6428343, 6.5, 42, 穿二代斗争记
4183098, 6.5, 41, 帝宠3・猪仪天下
10771018, 6.4, 45, 诡魅湘西
26628069, 7.7, 17, 好木望天(上)天涯相会
11612356, 7.5, 19, 变身吧.海锦大人
10781318, 6.6, 36, 沙僧吐槽日记
25934771, 7.4, 20, 兄长
5913415, 6.9, 28, o勇者的鬼畜美WⅠ
3673644, 6.7, 32, 打死你我也不说
20270781, 6.3, 45, 哀家，有了・上
2007414, 7.5, 18, 豌豆新传1
2351256, 7.4, 19, COOL女生不用温柔
6440693, 6.7, 31, 当生米遇上熟饭
5331416, 7.8, 15, 伊甸园王子联盟
10603430, 5.5, 119, 二战意大利爆笑史
20431812, 7.1, 22, 网游之引郎入室
3065656, 5.5, 113, 芙蓉成长记之芙蓉帐寒难度春宵
4183097, 6.8, 27, 帝宠2・匹猪夺夫
10463056, 7.5, 17, 我都是@大的
10748591, 6.1, 51, 一物降一物
1448907, 7.3, 19, 三国痣
10562718, 6.3, 41, 我是酸菜你是鱼
26853056, 8.0, 13, 心灵的声音2
1936467, 7.7, 15, 乌龙院-铁桶坡的二齿魔-铁金刚护堡恶战[卷五]
2088595, 7.1, 21, 豌豆笑传
11592891, 6.6, 30, 竹马是二货
25842596, 6.3, 39, 千年等一蛇
10762833, 7.3, 18, 一脑门儿杂念
11599373, 5.9, 59, 网游之我一见你就笑
1914562, 7.9, 13, 海绵宝宝和公主
20396502, 7.2, 19, 绝对甜心
2113856, 6.8, 23, 豌豆笑传7-原创搞笑Q版漫画
2344020, 7.6, 14, 乌龙院中华成语
3795691, 7.3, 16, 乌龙院爆笑漫画7-蜜汁心肝
3016916, 6.6, 25, 本格萌童
26806126, 7.5, 14, 霜雪覆盖来时路
26853348, 7.7, 12, 剑客没有剑
25982668, 7.5, 13, 母亲大人是萝莉
26256742, 7.0, 17, 喜劫良缘
2181187, 7.6, 12, 终极米迷口袋书
25790194, 6.9, 17, 英雄，请留步
19895991, 7.1, 15, 魔道鲜师
25784442, 7.1, 15, 男人都是智障2
6429281, 6.4, 24, 攻打美国
1043898, 6.2, 27, 发现论语
10487098, 7.0, 15, 赌国小煞星
4077871, 7.1, 14, 贪吃虫碰上告状鬼
20492645, 7.1, 14, 网游之妖女不要抛弃我
10733040, 6.6, 19, 奇乐卷-疯了!桂宝-超级冷漫画-8
5354940, 7.2, 13, 爆笑校园20
6782696, 7.2, 13, 阳光姐姐漫画派-瘟神表妹来我家
4887687, 7.5, 11, 凼悄悖凼鞘
5350325, 6.5, 20, 不倒过来念的是猪全集
10199067, 6.5, 19, 总有妖孽等你收
6813306, 7.4, 11, 心跳偶像游戏
10607703, 7.6, 10, 危机重重的夏令营-酷虫学校-昆虫百科 爆笑故事-第二辑-5
10583554, 7.5, 10, 我的男友是只猪
26686211, 7.5, 10, 妄想社1
24745243, 7.3, 11, 三世闹君心（套装上下册）
25792538, 7.3, 11, 勇者大人突然向我求婚!?
10442249, 6.8, 14, 如果萌，请深萌
1937431, 7.4, 10, Naked Pictures of Famous People
25981876, 7.0, 12, 懂我的，寿司糖
10776219, 6.2, 19, 你若安好.便是晴天霹雳
24289485, 6.1, 20, 情色女作家的正x
1170547, 5.4, 41, 唐僧日记
4077872, 6.8, 12, 非常班级-SuperStar同桌
4746045, 7.1, 10, 达尔文奖4
5353490, 7.1, 10, 宠爱有加②
25879998, 6.7, 12, 唇枪舌战
26419740, 5.0, 59, 只有警察知道：刑凶笔记
25747625, 6.9, 10, 家有萌男
6781462, 4.6, 121, 唐朝绝对很邪乎
5295742, 5.0, 55, 小心楼下
5401091, 6.2, 14, 大逋
3124497, 4.4, 44, 秦始皇是说蒙古话的女真人
