2017-01-23 16:17:59
Tag: 救赎
The number of books: 348 

ID, rating, votes, title
1770782, 8.8, 249124, 追风筝的人
1008145, 8.9, 179779, 围城
6082808, 9.2, 94457, 百年孤独
1061118, 9.1, 73762, 活着
2567698, 8.8, 125558, 三体
20427187, 8.8, 108733, 看见
1858513, 8.9, 61727, 月亮和六便士
2295163, 8.9, 53481, 哈利・波特与死亡圣器
10594787, 8.9, 50326, 霍乱时期的爱情
1141406, 8.5, 101752, 简爱
1085860, 8.9, 48463, 基督山伯爵
1786670, 8.9, 46555, 百年孤独
1090043, 8.5, 83127, 倾城之恋
1029791, 8.7, 56403, 许三观卖血记
4117922, 9.0, 33168, 嫌疑人X的献身
1827374, 9.0, 32522, 东方快车谋杀案
1040771, 8.2, 123382, 达・芬奇密码
1449351, 8.8, 34611, 呐喊
4242172, 8.3, 84682, 天才在左 疯子在右
5350303, 9.3, 15418, 活着
2154960, 8.7, 38702, 一个陌生女人的来信
3608208, 8.6, 45505, 牧羊少年奇幻之旅
2035162, 9.0, 22458, 刀锋
1022060, 8.3, 73024, 狼图腾
1119522, 8.4, 54431, 呼啸山庄
1003000, 8.4, 54116, 悟空传
1082334, 8.3, 64826, 穆斯林的葬礼
1461903, 8.0, 114236, 何以笙箫默
1085799, 8.6, 35302, 白鹿原
1401425, 8.3, 56207, 兄弟（上）
1400705, 8.1, 79107, 情人
5275059, 7.9, 116935, 1988：我想和这个世界谈谈
1775691, 8.3, 51949, 少有人走的路
1086249, 8.6, 30344, 荆棘鸟
1064275, 8.3, 50340, 老人与海
2159042, 8.4, 39003, 挪威的森林
2284311, 8.7, 21108, 苏菲的世界
1059419, 8.1, 58699, 海边的卡夫卡
1803022, 9.0, 12738, 圣经
1119839, 9.1, 11030, 王尔德童话
1292416, 8.5, 26415, 香水
2340100, 8.1, 52271, 遇见未知的自己
1919201, 8.5, 24700, 七夜雪
6880158, 8.7, 17288, 陆犯焉识
3406401, 9.0, 11014, 悉达多
4011670, 8.3, 33441, 人间失格
2035171, 9.0, 10720, 人生的枷锁
3609132, 8.5, 23211, 把时间当作朋友
4920007, 8.7, 16597, 不能承受的生命之轻
1765512, 9.1, 9074, 海的女儿
1880831, 9.2, 7875, 基督山伯爵（上下册）
1013380, 8.1, 45177, 茶花女
1159939, 8.5, 21886, 一个陌生女子的来信
1060852, 8.8, 13429, 呼兰河传
1084165, 9.0, 9929, 平凡的世界
1856494, 9.3, 6363, 卡拉马佐夫兄弟
2022979, 8.1, 41249, 喜宝
1205370, 8.1, 40988, 羊脂球
1963912, 8.8, 12263, 正见
26382433, 8.2, 32116, 无声告白
2158189, 8.5, 18860, 海边的卡夫卡
3261600, 9.3, 5591, 人生的智慧
1874961, 8.9, 9460, 嫌疑犯X的I身
1358413, 8.5, 17332, 我只能槟惝一小卡片
1082518, 7.9, 48069, 麦田里的守望者
1865089, 8.4, 19151, 瓦尔登湖
1061977, 8.7, 11660, 血色浪漫
1140727, 8.8, 9374, 安德的游戏
3136271, 8.6, 12523, 罗生门
2256438, 7.8, 50752, 素年锦时
2243213, 7.9, 40290, 山楂树之恋
1065970, 7.8, 47964, 彼岸花
1056295, 8.3, 18841, 人性的弱点全集
2194123, 8.4, 15434, 相约星期二
1856025, 8.9, 7263, 道连・葛雷的画像
10763902, 7.9, 36897, 偷影子的人
4074636, 7.6, 65611, 放学后
1465324, 7.7, 51334, 洛丽塔
1063190, 8.0, 27056, 蔷薇岛屿
1092149, 8.7, 8401, 梵高传
1322455, 8.8, 7257, 遥远的救世主
2244146, 8.2, 18380, 穆斯林的葬礼
1917972, 7.8, 37141, 在路上
3608235, 8.5, 10842, 失物之书
10560798, 8.7, 8033, 面纱
1917078, 8.6, 8834, 风之影
1143694, 8.2, 16672, 动物凶猛
6746289, 8.4, 11547, 新参者
3815125, 8.8, 6347, 香水
2339950, 7.8, 32381, 被窝是青春的坟墓
1018153, 7.8, 30422, 水仙已乘鲤鱼去
4010969, 7.8, 29532, 当我们谈论爱情时我们在谈论什么
1058234, 7.7, 35284, 二三事
1858568, 9.0, 4308, 罪与罚
2193877, 8.1, 15710, 你在天堂里遇见的五个人
1029159, 7.5, 47375, 八月未央
1467776, 8.3, 10259, 朗读者
2230208, 8.1, 14021, 我的前半生
24845582, 8.4, 8487, 群山回唱
3034480, 9.4, 2192, 圣经
3266345, 8.1, 12347, 三杯茶
3137289, 8.5, 6525, 姐姐的守护者
3191044, 7.8, 20167, 华莱士人鱼
1703544, 7.5, 35512, 兄弟（下）
1948502, 7.8, 19573, 1995-2005夏至未至
1370897, 9.2, 2399, The Little Prince
1485495, 8.1, 10980, 楼下的房客
3293231, 7.8, 17914, 许我向你看
2161892, 8.5, 5579, 九故事
4580972, 7.7, 20887, 流星之绊
1083433, 9.2, 2246, 悲惨世界（全三册）
2016749, 8.1, 10064, 金陵十三钗
1949068, 8.4, 5989, 最好的时光
4169424, 7.9, 11686, 蛙
6732193, 7.9, 11531, 十年一品温如言
1880986, 9.1, 2085, 悲惨世界（上下）
1205076, 9.2, 1859, 悲惨世界（上中下）
1085021, 8.2, 6693, 蝴蝶梦
1914572, 7.6, 18790, 誓鸟
3834938, 8.3, 5646, 与神对话（第一卷）
1262979, 9.2, 1751, 基度山伯爵（上下）
2137767, 9.2, 1720, 霸王别姬
1889128, 8.4, 4692, 茶花女
3061282, 7.6, 17391, 山月不知心底事
1962409, 8.4, 4603, 不去会死！
4737325, 8.2, 6021, 维罗妮卡决定去死
4097161, 9.1, 1807, 肖申克的救赎
10598170, 8.1, 6847, 我不要你死于一事无成
1499186, 9.5, 1132, MONSTER-怪物-18
1055234, 8.5, 3518, 神曲（全三册）
1462162, 8.5, 3514, 牛虻
3274851, 8.0, 7363, 原谅我红尘颠倒
3056892, 7.5, 17589, 幻城
2277299, 8.3, 4554, 当下的力量
2253402, 9.0, 1795, 罪与罚
2214350, 8.4, 3795, 幻影书
1767736, 8.5, 3145, 舞 ! 舞 ! 舞 !
3842847, 8.6, 2709, 深河
2137491, 8.5, 2834, 镜・归虚1
19995918, 8.2, 4182, 蛙
1400679, 8.9, 1645, The Kite Runner
1030153, 7.5, 11968, 她比烟花寂寞
3149443, 8.4, 2803, 兄弟
3293232, 7.7, 8044, 过客，匆匆
2980471, 8.2, 3619, 赎罪
3200760, 9.5, 783, 悲惨世界
3224818, 8.5, 2284, 安妮宝贝系列
2229229, 8.0, 4460, 穿条纹衣服的男孩
3155180, 8.6, 1942, 荒野生存
1204179, 8.3, 2815, 安娜・卡列尼娜
1143756, 8.0, 4045, 一半是火焰一半是海水
1084807, 8.9, 1251, 刀锋
2225735, 7.9, 4683, 谁动了我的奶酪？
1768332, 8.3, 2608, 喜福会
3242857, 7.5, 9021, 分手信
2257188, 7.6, 7532, 致女儿书
3030894, 9.6, 609, 飘（上.下卷）
3131814, 8.7, 1524, 笔记大自然
1088423, 8.8, 1314, 台北人
2062604, 8.3, 2383, 人间
2002035, 8.3, 2338, 镜・辟天1
26662515, 8.0, 3527, 他知道风从哪个方向来
4870150, 8.3, 2301, 44号孩子
2056806, 8.8, 1233, A Thousand Splendid Suns
1880990, 8.3, 2269, 复活
2382326, 9.0, 983, the Kite Runner
1030470, 7.9, 3783, 香草山
25733467, 9.1, 837, V字仇杀队
1899883, 7.7, 5117, 剑歌
3921405, 7.7, 4994, 芙蓉如面柳如眉
1065261, 8.4, 1818, 哈姆莱特
3335951, 7.6, 5783, 我的波塞冬
4799445, 7.9, 3432, 太阳黑子
2679073, 9.2, 674, The Kite Runner. Movie Tie-In
5919999, 7.6, 5060, 赎罪
2176855, 7.5, 5932, 潇然梦（下）
2323401, 9.1, 710, 傲慢与偏见
1183730, 8.4, 1512, 谈话的力量
1455137, 8.9, 848, 白色巨塔（第二部）
3224456, 7.7, 3980, 少有人走的路Ⅱ
1082156, 8.1, 2128, 麦田里的守望者
3294516, 8.5, 1275, 荼蘼肆野
6973816, 7.7, 3772, 古董衣情缘
1945160, 8.4, 1407, 游子吟
6440022, 8.6, 1081, 赎罪
3421741, 8.9, 770, 王黑
1097564, 7.8, 3014, 24重人格
2700656, 7.1, 9584, 悲伤逆流成河
1058094, 8.6, 981, 生死朗读
5259293, 7.7, 3063, 蔷薇求救讯号
1482322, 8.0, 1973, 绿化树
2032117, 7.7, 2968, 纽约三部曲
6724865, 8.7, 815, 坚不可摧
1061729, 8.2, 1408, 韦罗妮卡决定去死
2178315, 9.2, 477, A Thousand Splendid Suns
1056917, 8.8, 696, 十诫
1823247, 7.4, 4476, 飞天
2969263, 8.5, 943, 跳房子
1812223, 7.6, 3050, 消失的地平线
5954613, 9.0, 525, 谁可以这样爱我
1614439, 9.1, 476, 商店照明
2122217, 8.9, 569, 野性的呼唤
1784456, 7.5, 3223, 悄悄的一线光
4282086, 8.0, 1528, 伊斯坦布尔的幸福
1578545, 8.4, 917, 背叛
1511994, 8.8, 582, 道林・格雷的画像
4253554, 9.1, 425, 我们的幸福时光
2568438, 8.6, 693, 权力与荣耀
1146266, 8.0, 1371, 被毁灭的人
1470235, 8.3, 911, 猫的摇篮
1210495, 9.1, 398, 百年孤独
2133598, 7.7, 1903, z密
1205775, 8.3, 869, 汤姆叔叔的小屋
2119435, 7.7, 1869, 救世主
1055184, 7.4, 2910, 迷迭香
5363264, 7.7, 1820, 被偷走的人
2082380, 7.8, 1534, 失窃的孩子
2137279, 8.0, 1164, 善良丰富高贵
1318122, 8.6, 541, 骆驼祥子
3323627, 7.8, 1368, 林先生的小孙女
2066232, 8.8, 420, 痛苦的奥秘
1037725, 8.1, 836, 复活
5383916, 6.8, 6392, 十宗罪
2253375, 8.3, 659, 红与黑
20379212, 7.0, 4157, 不如去死
26533494, 8.1, 805, 烈日灼心
3165990, 8.5, 494, 呼啸山庄
2032772, 9.1, 272, 罪与罚
2069604, 7.4, 1860, 成全了自己的碧海蓝天
1775389, 8.9, 305, 梁漱溟 王实味 储安平
1025960, 8.1, 684, 愤怒
1732998, 8.9, 286, 傻瓜吉姆佩尔
2307587, 8.1, 641, 吸血鬼女王
1347662, 9.1, 236, 四季奇T
1505437, 8.0, 700, 红龙
1973697, 8.1, 615, 大浴女
1059629, 8.3, 485, 复活
1205778, 7.7, 970, 睡美人
2273645, 8.9, 267, 道连・格雷的画像
1380669, 8.7, 317, Beloved
1753476, 9.1, 218, 海狼 野性的呼唤
1097992, 8.6, 333, 冰点
3293297, 8.1, 555, 曼荼罗
1948799, 9.1, 212, 传习录
2151290, 8.3, 435, 赎罪
26802228, 8.8, 268, 寻找光的小女孩
26743436, 7.7, 873, 忍冬
2148180, 8.1, 535, 最后14堂星期二的课
2376986, 8.5, 338, 撒旦之舞
1128662, 7.8, 724, 欲望之源
1097055, 8.2, 407, 滴泪痣
2940523, 7.0, 2015, 伊甸园的鹦鹉
1832460, 8.4, 321, 鲁滨逊漂流记
2996509, 8.7, 238, 复活
1097396, 8.6, 254, 生命的脸
10761494, 7.4, 978, 女心理师
1950434, 9.2, 152, 追L~的孩子
2108884, 8.5, 266, 鲁滨逊漂流记
2251699, 7.2, 1232, 十月的孩子
1970105, 7.9, 478, 拣尽寒枝
4199629, 7.2, 1172, 棚屋
3215331, 8.0, 412, 我的孤儿宝贝
2032321, 9.2, 135, 渴望生活
1979209, 8.6, 217, 上帝之城（上下）
26417674, 7.9, 414, 当我足够爱，才敢失去你
10539810, 8.5, 226, 权力与荣耀
1951042, 8.7, 188, 或此或彼
1483804, 9.3, 114, The Shawshank Redemption
1814172, 9.2, 119, 大师和玛格丽特
2122834, 8.0, 330, 不准调头
2127214, 7.2, 814, 美人鱼椅子
1889559, 8.6, 173, 看不清道不明
3344157, 9.1, 115, 基督山伯爵
2370594, 8.4, 201, 呼啸山庄
1962549, 8.9, 125, 鄣氯A的神奇旅行
4059789, 8.1, 236, 救赎
1841992, 7.9, 285, The Memory Keeper&#39;s Daughter
2368198, 8.5, 161, 一生必读的关于信仰与人生的30部经典
3191153, 9.4, 79, The Kite Runner
3267924, 7.3, 528, 北极光，请将我遗忘
19964285, 8.2, 181, 小心，轻放
6853465, 7.9, 237, 换心
23049136, 8.4, 149, 等待野蛮人
1493085, 8.4, 145, 从革命到政治
2334673, 8.2, 167, 女钢琴师的心灵之旅
1806490, 8.0, 199, 我和上帝有个约
1085027, 7.7, 256, 红字
2381085, 8.5, 118, 瓦尔特・本雅明：救赎美学
2206721, 8.9, 85, 一瞬之光
3068607, 8.4, 122, 悠悠大河
1223793, 8.1, 149, 原始文化
1011087, 8.5, 104, 世界历史与救赎历史
2344013, 8.3, 117, 复活
19928953, 6.9, 508, 春，夏，然后是冬
1850277, 6.4, 1018, 最后的圣殿骑士
10733114, 9.0, 61, 不要丢下我
3196477, 8.7, 72, 伙计
1342208, 7.5, 199, N・P
1702929, 8.8, 63, 安娜?卡列宁娜(上下册)
6809531, 8.0, 114, 这咬人的爱！
1910775, 7.9, 121, 再见老房子-祝勇文化笔记
26820338, 7.9, 120, 从自我苛求中解放出来
1082317, 7.6, 159, 时时刻刻
1199424, 9.2, 47, 罪与罚
3137020, 7.1, 267, 我胆小如鼠
1081596, 7.0, 301, 女子有行
1257995, 8.6, 65, 重返理性
1210732, 7.7, 124, 红字
7015546, 8.1, 87, 助产士的告白
1756237, 8.5, 64, Breakfast at Tiffany&#39;s
21359416, 9.0, 43, 赎罪无门
2975977, 7.8, 100, 东北偏东
2361644, 8.9, 45, Spinoza of Market Street
1726538, 8.6, 51, Beloved
6535061, 9.1, 37, 基督山伯爵
1220526, 7.3, 141, 一个简单的故事
3245110, 7.2, 151, 江暖・隔壁房间的性感
1928529, 7.5, 98, 红字-世界文学名著典藏
19954843, 8.5, 42, 暗水
2144862, 6.9, 125, 天堂的钥匙
1178404, 7.8, 52, 汤姆大叔的小屋
10594665, 7.1, 90, 给我一颗心
6863524, 8.1, 39, 红字
26663467, 7.7, 49, 似笑非笑
2212398, 6.4, 118, 废墟
3797387, 8.4, 23, 复活
1468933, 7.7, 35, 施洗的河
1917445, 6.7, 74, 圣殿骑士遗命
6114088, 7.5, 33, 剩余人Ⅰ
5958840, 8.0, 23, 死囚牢里的陪号
4023399, 8.4, 17, 人的景况与神的大能
3336744, 7.5, 28, 公民万斯
3584214, 8.3, 16, 灵韵与救赎
3867708, 7.7, 21, 汤姆叔叔的小屋
23780805, 8.0, 17, 与心为友
2132432, 6.8, 31, Ь凡
10483466, 7.5, 17, 近在身的h方
23780449, 7.5, 17, 大浴女
3136920, 7.3, 16, 复活
6114108, 7.4, 15, 剩余人Ⅲ
26304396, 7.5, 14, 逃往夏威夷
3181285, 7.3, 13, 忏悔录
26263666, 7.3, 13, 亲爱的，西班牙
3766624, 6.8, 15, 救赎
6309040, 6.8, 14, 女心理医生的救赎
1274572, 7.1, 11, 罪恶与救赎
5423228, 6.6, 13, 原谅时光，记住爱
25761079, 0.0, 35, 漫画圣经故事：旧约（上篇）
