2017-01-23 16:17:59
Tag: 散文
The number of books: 985 

ID, rating, votes, title
1361264, 9.0, 53549, 撒哈拉的故事
3995526, 8.7, 73769, 目送
1054685, 9.0, 36690, 沉默的大多数
1023045, 8.6, 68684, 我们仨
3369793, 8.7, 50256, 亲爱的安德烈
6388661, 8.8, 41042, 这些人，那些事
1029111, 8.9, 29019, 哭泣的骆驼
3071717, 8.8, 29736, 爱你就像爱生命
2070844, 8.8, 25094, 梦里花落知多少
4207781, 8.8, 24719, 孩子你慢慢来
1014578, 9.0, 17247, 我的精神家园
1209899, 9.0, 15754, 我与地坛
1088581, 8.9, 13436, 浮生六记
1449352, 8.6, 19660, 朝花夕拾
1036490, 8.8, 14020, 万水千山走遍
1014561, 9.0, 9767, 古文观止
3369600, 8.1, 42015, 当我谈跑步时我谈些什么
5327697, 8.3, 27147, 橙
1794844, 8.5, 18940, 有一天啊，宝宝……
2136140, 8.7, 13759, 雨季不再来
1004992, 8.8, 11475, 张爱玲文集
4884218, 8.8, 11311, 我的阿勒泰
1001885, 8.5, 17488, 带一本书去巴黎
1050339, 7.8, 60678, 文化苦旅
1865089, 8.4, 19151, 瓦尔登湖
2068249, 9.0, 7477, 温柔的夜
1859140, 8.8, 9763, 上学记
1030052, 7.9, 44452, 清醒纪
1760548, 9.2, 5538, 三毛作品集
10522856, 9.0, 7151, 冬牧场
3607117, 8.9, 7542, 稻草人手记
4881850, 9.0, 5900, 阿勒泰的角落
1878708, 8.3, 16478, LA流浪记
1692648, 8.9, 6555, 一个人的村庄
5269439, 8.4, 13767, 城门开
1063190, 8.0, 27056, 蔷薇岛屿
1082399, 8.6, 9471, 闹学记
1915958, 9.2, 4168, 野草
1056461, 8.3, 14849, 旅行的艺术
1073349, 8.8, 6703, 写在人生边上 人生边上的边上 石语
3642673, 8.0, 23117, 我执
1980436, 8.7, 7357, 流言
1058679, 8.7, 7263, 人・兽・鬼
2339950, 7.8, 32381, 被窝是青春的坟墓
1005358, 9.2, 3662, 寻找家园
3713237, 8.8, 6124, 亲爱的三毛
1049688, 8.5, 9431, 妞妞
1003284, 8.1, 17914, 退步集
1003986, 8.8, 5849, 病隙碎笔
26278687, 7.8, 29106, 皮囊
1044446, 8.7, 6176, 在黑暗的河流上
1029159, 7.5, 47375, 八月未央
1061242, 8.8, 4978, 写在人生边上
1949679, 8.7, 5592, 素履之往
21346636, 9.4, 2293, 三毛典藏全集
1065239, 8.5, 7303, 我的宝贝
1907199, 8.6, 5972, 扫起落叶好过冬
1075538, 8.2, 10730, 普罗旺斯的一年
2988943, 8.3, 9026, 青灯
1253310, 8.9, 3763, 人间草木
1227844, 8.8, 4125, 雅舍谈吃
1830445, 9.0, 3146, 阿城精选集
3698390, 8.6, 5301, 送你一匹马
1050870, 9.3, 2128, 三毛经典作品（上下）
4238144, 9.1, 2665, 岁朝清供
1054889, 7.7, 21936, 行者无疆
2382705, 7.6, 25996, 不朽
1047719, 8.5, 5620, 傅雷家书
1053088, 9.2, 2261, 陶庵梦忆 西湖梦寻
1013801, 8.8, 3659, 倾城
3054373, 9.2, 2237, 荷西 我爱你
1460313, 8.4, 6327, 哥伦比亚的倒影
1015864, 9.0, 2669, 惶然录
3103080, 7.6, 23207, 须臾
1016429, 8.6, 4440, 毛姆读书随笔
1311280, 9.0, 2617, 灵魂的事
3333989, 8.1, 9181, 荒废集
25920202, 8.6, 4322, 泛若不系之舟
1856285, 7.3, 41300, 人生若只如初见
3698217, 8.6, 4263, 花田半亩
1829614, 8.6, 4237, 琼美卡随想录
1933931, 8.7, 3681, 沿着塞纳河到翡冷翠
1382836, 8.7, 3680, A城
4159088, 7.8, 14073, 理想的下午
1001204, 7.9, 11581, 山居笔记
2042633, 9.0, 2338, 金蔷薇
1020241, 7.6, 19115, 千年一叹
3711733, 8.6, 3785, 那个姐姐教我们的事
2240482, 8.0, 9298, 走到人生边上
2034893, 7.6, 18722, 那些男孩教我的事
3339812, 9.3, 1599, 木心作品八种
10607710, 8.0, 9063, 世间的盐
2033081, 8.2, 6424, 身份的焦虑
1382840, 8.7, 3158, 背影
2254582, 8.9, 2406, 以箭为翅
3880832, 8.2, 6159, 认得几个字
1165173, 8.8, 2553, 务虚笔记
1398441, 9.1, 1785, 汪曾祺散文
1045201, 8.2, 5719, 哲学的慰藉
1819978, 8.5, 3641, 温莎墓园日记
1721111, 8.6, 3092, 周国平人生哲思录
3621542, 8.4, 4012, 蓝房子
25639223, 8.3, 4626, 身边的江湖
4905854, 8.9, 2096, 将饮茶
1401795, 8.6, 3045, 时间的玫瑰
1070685, 8.1, 6225, 永远的普罗旺斯
3740431, 8.4, 3965, 灵魂只能独行
1056616, 8.6, 3021, 槭树下的家（席慕蓉作品典藏版）
6088152, 8.0, 7224, 千秋
25735727, 8.2, 5239, 站在两个世界的边缘
3053868, 7.9, 8396, 永不永不说再见
2073521, 9.2, 1454, 三毛全集
2294993, 8.2, 5146, 纽约琐记（修订版）
1033843, 8.7, 2562, 张看（上下）
1037716, 8.7, 2554, 我的灵魂骑在纸背上
5275500, 7.7, 11525, 尘曲
1288925, 8.8, 2219, 五味
1906681, 8.8, 2210, 猎人们
4208780, 8.1, 5782, 流浪集
1136988, 8.9, 1954, 命若琴弦
1924318, 8.9, 1928, 汪曾祺谈吃
1489494, 8.5, 3121, 人与永恒
1491239, 8.5, 3077, 吾国与吾民
1048441, 8.3, 3892, 透明的哀伤
4151117, 8.5, 2919, 阴翳礼赞
11602267, 8.9, 1770, 羊道・春牧场
4912688, 8.5, 2902, 干校六记
1079838, 8.7, 2226, 湘行散记
4169341, 8.3, 3700, 水问
1008732, 8.4, 3215, 失败之书
3311009, 7.2, 24897, 原来你非不快乐
25982254, 8.1, 4733, 大萝卜和难挑的鳄梨
1015403, 7.7, 9026, 今生今世
1023000, 8.6, 2310, 常识与通识
1007313, 8.4, 3001, 留德十年
1341035, 8.2, 3952, 痛快日记
1049361, 8.3, 3409, 比我老的老头
3604331, 8.4, 2943, 午夜之门
3759808, 8.6, 2263, 流星雨
1492634, 8.3, 3367, 生活的艺术
1029940, 9.2, 1129, 锦灰堆
1007196, 8.5, 2524, 闲情偶寄
11602263, 9.1, 1236, 羊道・深山夏牧场
11602265, 9.1, 1235, 羊道?前山夏牧场
1073253, 8.8, 1719, 闲话闲说
2375972, 8.3, 3236, 今朝风日好
1963395, 8.5, 2470, 鱼丽之宴
3099359, 8.0, 5022, 拥抱
4169342, 8.6, 2164, 女儿红
3393056, 8.2, 3699, 流动的盛宴
1069805, 8.7, 1879, 给青年的十二封信
1059040, 8.6, 2102, 雅舍小品
4212607, 7.6, 9251, 有味
6511745, 8.0, 4680, 万象
1061572, 8.5, 2294, 随想
3224818, 8.5, 2284, 安妮宝贝系列
1083883, 8.7, 1768, 席慕蓉经典作品
1022783, 8.2, 3370, 用我一辈子去忘记
1004318, 8.3, 2895, 守望的距离：周国平散文集
1071821, 8.1, 3834, 你不可不知的人性
6041686, 8.3, 2862, 父后七日
3018322, 7.6, 8324, 活着活着就老了
1041414, 8.6, 1873, 威尼斯日记
1029370, 9.1, 1053, 记忆与印象
1204398, 8.8, 1460, 幽梦影
1060723, 8.0, 4187, 重返普罗旺斯
4238299, 8.1, 3593, 宝贝，宝贝
1072189, 8.8, 1438, 百年思索
20413794, 7.7, 6694, 眠空
1734830, 9.2, 925, 汪曾祺精选集
3880846, 8.7, 1578, 学飞的盟盟
1004539, 8.5, 2008, 爱与孤独
5383175, 8.7, 1557, 童年与故乡
2257188, 7.6, 7532, 致女儿书
1032672, 8.2, 2910, 拥抱逝水年华
1288913, 8.3, 2515, 半生为人
6937888, 8.5, 1936, 树犹如此
1049215, 7.5, 8547, 借我一生
3464389, 9.1, 940, 大淖记事
3045175, 8.0, 3654, 爱上了你
3652211, 8.6, 1579, 爱默生家的恶客
1041616, 7.4, 9566, 那些忧伤的年轻人
4059800, 8.0, 3456, 私语书
1987453, 7.9, 3893, 人生不过如此
1186209, 8.7, 1337, 张晓风经典作品
4213445, 8.0, 3329, 击壤歌
2058479, 9.1, 856, 史铁生散文
3621252, 7.4, 8818, 曾经
3323311, 8.9, 1041, 从文自传
2027002, 8.2, 2435, 对照记
20433554, 9.2, 758, 关山夺路
1270551, 9.0, 926, 八十忆双亲 师友杂忆
1273759, 8.2, 2415, 人在欧洲
5336240, 8.3, 2097, 异乡记
1862115, 7.2, 12547, 当时只道是寻常
1312995, 8.5, 1596, 周国平作品精选
1083882, 8.5, 1584, 白先勇经典作品
1006881, 6.7, 37131, 左手倒影，右手年华。
4170274, 8.5, 1577, 只缘身在此山中
1459149, 7.8, 4157, 我想跟你走
1987995, 8.3, 2019, 在云上
2165057, 8.7, 1229, 堤契诺之歌
3750309, 8.4, 1761, 安静的位置
25744944, 8.5, 1519, 既见君子
1785512, 8.3, 1941, 漫卷西风
1291570, 8.9, 950, 简o散文
26053771, 8.6, 1329, 小于一
1491630, 8.7, 1179, 小窗幽记
6529759, 9.4, 575, 水蛇腰
1077196, 8.6, 1290, 蒙田随笔全集（全三册）
1062608, 8.3, 1841, 旧时月色
2209227, 8.3, 1840, 一个孤独漫步者的遐想
4145556, 8.4, 1595, 微晕的树林
20433556, 8.7, 1111, 昨天的云
10466438, 8.0, 2683, 上课记
1203293, 8.6, 1221, 张爱玲散文
1041896, 8.3, 1740, 巴黎的忧郁
3225748, 7.9, 3002, 路上有惊慌
4160794, 8.4, 1523, 多余的话
2287508, 8.0, 2581, 多余的素材
1070985, 8.8, 949, 钱钟书散文
1034349, 8.7, 1051, 从前
26264154, 8.6, 1175, 悲伤与理智
5908161, 8.5, 1309, 雨天的书
3644791, 7.4, 6520, 噪音太多
6730310, 7.7, 3922, 我的不完美
1186712, 8.2, 1897, 各自的朝圣路
1398461, 8.7, 1031, 梁实秋散文
1075495, 7.2, 9226, 霜冷长河
5397044, 8.3, 1633, 蓝色天堂
1393473, 8.8, 904, 遍地风流
4120485, 9.3, 540, 加缪全集（散文卷Ⅰ）
2075175, 8.8, 889, 缘缘堂随笔
2034127, 7.3, 7330, 陌上花开缓缓归
3606804, 8.2, 1781, 徒然草
1945465, 8.6, 1084, 日安，四季
26275572, 9.1, 636, Ocnos
1484695, 8.1, 1982, 季羡林谈人生
1070246, 8.6, 1057, 置身于苦难与阳光之间
6844469, 8.1, 1952, 走夜路请放声歌唱
1220904, 8.9, 755, 春醪集
5264089, 7.7, 3383, 痕记
11535030, 8.3, 1456, 一个一个人
2156168, 8.4, 1284, 书读完了
1785508, 8.1, 1875, 今晚去哪里
1949417, 8.2, 1593, 这就是纽约
26390229, 8.0, 2082, 把生命浪费在美好的事物上
25898124, 7.6, 3785, 得未曾有
4917641, 8.9, 710, 故乡的食物
4165852, 7.5, 4455, 你是那人间的四月天
25913058, 7.9, 2380, 我爱这哭不出来的浪漫
1067592, 8.7, 872, 要塞
2174792, 8.3, 1388, 清欢
20433553, 8.8, 779, 怒目少年
6431957, 7.8, 2717, 遇见一些人，流泪
2339264, 8.6, 956, 人为什么活着
1970116, 8.1, 1764, 这一代人的怕和爱
1262171, 8.7, 839, 西安1460
1056968, 8.2, 1505, 老饕漫笔
1038291, 9.1, 554, 纪伯伦散文诗全集
1017860, 8.2, 1498, 木已成舟
4061754, 8.1, 1702, 黑花黄
2301475, 8.4, 1162, 人间食粮
2326423, 8.3, 1310, 真水无香
1382848, 8.4, 1157, 不其
1017839, 7.9, 2221, 带着鲑鱼去旅行
4841303, 7.6, 3465, 人情・世故
10594802, 8.0, 1901, 写给无神论者
3410812, 7.4, 4779, 死在这里也不错
1026884, 8.5, 1010, 左手的掌纹
1004719, 8.6, 899, 谈修养
1466236, 8.0, 1881, 风中的纸屑
1041550, 6.7, 19258, 爱与痛的边缘
1839882, 9.2, 483, 史铁生自选集
3773959, 8.4, 1101, 只有一个人生
1340986, 7.5, 3862, 你睡不著我受不了
1690728, 8.8, 702, 沈从文精选集
4160472, 8.5, 970, 告诉我，你怎样去生活
1949418, 8.5, 968, 重游缅湖
1038012, 8.7, 768, 周国平自选集
26698598, 8.2, 1372, 有如走路的速度
1785502, 7.9, 2035, 咖啡苦不苦
26587564, 8.3, 1199, 我已与一万亿株白桦相逢
1975591, 7.6, 3134, 乐未央
1060489, 8.7, 743, 驼背小人
10794355, 7.7, 2628, 台湾念真情
5402205, 8.5, 916, 空灵
4714187, 7.4, 4226, 不负如来不负卿
21770836, 8.5, 902, 八九十枝花
24527845, 7.0, 8695, 我讲个笑话，你可别哭啊
25776456, 8.7, 722, 老味道
1137681, 8.8, 650, |坡志林
3410797, 7.8, 2200, 吃，吃的笑
4011282, 8.2, 1278, 京味儿
1322264, 7.8, 2182, 陈丹青音乐笔记
10834769, 7.7, 2513, 门外汉的京都
1894740, 8.5, 877, 猎人笔记
1761142, 7.9, 1860, 人和食物是平等的
3866002, 7.2, 5706, 我所爱的香港
1014040, 8.1, 1419, 安静
6802371, 7.9, 1847, 一个游荡者的世界
5419801, 8.3, 1097, 别样的色彩
3723236, 8.0, 1607, 我与父辈
6967980, 7.4, 3957, 然后，我就一个人了
25935074, 8.1, 1379, 文・雅人：憧憬的日子
5299919, 8.6, 762, 国王鞠躬，国王杀人
1349683, 8.0, 1564, y
1915716, 8.5, 841, 负暄琐话
1035614, 7.5, 3197, 下楼谈恋爱
6877598, 8.7, 670, 士人风骨
3610492, 7.9, 1736, 好色的哈姆莱特
1001013, 8.8, 598, 杨绛散文
25895442, 6.8, 11653, 你的孤独，虽败犹荣
25762598, 8.8, 592, 尽头
1046276, 8.1, 1302, 温暖和百感交集的旅程
1322445, 8.4, 902, 林语堂散文
4859582, 8.5, 804, 足球往事
1149495, 8.2, 1142, 梦十夜
1005096, 8.7, 647, 旧情解构
26272073, 8.1, 1289, 一生里的某一刻
4154558, 8.7, 644, 人间草木
10527371, 8.9, 525, 马雁散文集
6970042, 8.9, 524, 草木春秋
26371292, 8.1, 1279, 不在他方
10563464, 8.8, 577, 总结
4912689, 8.6, 703, 杂忆与杂写
3769019, 8.5, 777, 闪亮的日子
6826615, 7.8, 1844, 台北小吃札记
26698223, 9.2, 383, 永恒的时光之旅
2025188, 8.2, 1084, 故事
1460596, 7.7, 2100, 山河岁月
5414639, 8.5, 757, 旧情复燃
2382544, 8.7, 610, 园圃之乐
1939594, 7.7, 2086, 京都一年
1770956, 8.6, 672, 活着的事
25918820, 7.8, 1786, 吴哥之美
1026871, 8.0, 1354, 林清玄散文
1457211, 7.8, 1773, 吃主儿
25849895, 8.9, 490, 人间草木
3081744, 8.1, 1187, 寻觅中华
1029739, 8.0, 1344, 生命的留言
1070899, 8.6, 658, 浮生悠悠
1427754, 8.8, 535, 侏儒的话
6026256, 8.7, 592, 红婴仔
1015026, 7.5, 2736, 一个人的KTV
1278499, 8.9, 484, 汪曾祺:文与画
1086227, 9.1, 400, 合欢树
25935075, 8.1, 1163, 文・雅人：健康的日子
3662614, 7.9, 1492, 淡江记
1006970, 7.9, 1490, 上海的风花雪月
1010967, 7.9, 1488, 我微笑，是为了你微笑
1919723, 8.4, 798, 台的香港P @ 沙25
25849892, 8.8, 522, 人间滋味
26890235, 8.1, 1136, 白事会
1437162, 8.1, 1135, 随想录
6392678, 7.5, 2638, 想念
10282578, 7.7, 1908, 村上广播
6783708, 8.1, 1104, 怒河春醒
3521168, 7.0, 6101, 谢谢你离开我
25803923, 7.9, 1426, 你是我不及的梦
4896497, 8.2, 972, 一一风荷举
4836601, 8.3, 858, 扪虱谈鬼录
3072374, 8.5, 685, 生於天虻
26416401, 7.4, 2964, 我敢在你怀里孤独
20433605, 7.8, 1621, 因自由而美丽
1483285, 7.6, 2154, 有关品位
6097491, 8.0, 1230, 把心安顿好
5423585, 8.6, 607, 树枝的疏忽
4917570, 9.0, 405, 旧人旧事
1063251, 8.7, 540, 丰子恺散文
1908358, 8.3, 833, 山南水北
26831788, 8.0, 1194, 旅行与读书
1748075, 8.9, 439, 槐园梦忆
6440324, 8.4, 735, 人各有异
10875996, 8.9, 436, 朝圣者之歌
6047925, 8.2, 919, 梦游书
19899834, 7.2, 3921, 只愿你曾被这世界温柔相待
4051248, 8.7, 527, 杨绛文集・散文卷（下）
1441440, 8.6, 582, 私房书
2241214, 8.7, 522, 味至浓时即家乡
4051249, 9.1, 357, 杨绛文集・散文卷（上）
1064014, 8.3, 802, 中国吃
3747984, 8.0, 1150, 爱情的容量
1409892, 9.0, 388, 随遇而安
3662629, 8.3, 792, 黄金盟誓之书
1028201, 8.8, 464, 文明的孩子
4732153, 7.7, 1692, 过得去
20394952, 8.1, 992, 九篇雪
3034097, 8.3, 780, 平常茶非常道
1059069, 8.4, 696, 培根论人生
1063418, 7.7, 1674, 没有一条道路是重复的
1794333, 7.3, 3050, 再e也要
1055906, 7.7, 1645, 禅是一枝花
25787364, 8.6, 551, 京都古书店风景
3733074, 7.7, 1641, 重访边城
1831760, 8.0, 1086, 弱水三千
5399267, 8.7, 492, 北岛作品精选
1018416, 8.1, 955, 花忆前身
1059378, 8.5, 604, 花未眠
1071187, 9.0, 366, 老舍幽默诗文集
6002887, 7.5, 2149, 突然十年便过去
25774772, 8.5, 598, 做饭
3003475, 8.8, 439, 探讨别集
26785701, 7.5, 2116, 月童度河
3041567, 8.8, 434, 美的情愫
25777461, 8.4, 653, 日日是好日：茶道带来的十五种幸福
1270511, 8.1, 922, 湖上闲思录
4861485, 7.2, 3400, 就算天空再深
3223717, 8.8, 431, 陶庵梦忆
1469414, 8.7, 474, 世界美如斯
3003471, 8.4, 642, 私人藏书
1000034, 7.4, 2343, 生死遗言
6510522, 7.0, 4666, 分开旅行
11527556, 8.8, 415, 五味
1274932, 7.7, 1484, 冷眼看人生
1480884, 8.0, 993, 起舞
3918036, 7.7, 1458, 日月
10451782, 7.5, 1922, 鲤・写信
1262580, 7.6, 1656, 像邦妮一样爱你
1326838, 9.3, 259, 纪伯伦散文诗经典
1460123, 8.0, 960, 寒夜客来
3464792, 8.7, 442, 风流去
20375477, 8.6, 487, 这世间所有的白
1432443, 8.5, 535, 存在之难
3062449, 9.2, 273, 唐鲁孙作品（六卷精华版）
1960044, 8.5, 522, 伊利亚随笔选
1082305, 8.9, 353, 沙郡年记
1916929, 8.6, 469, 梁实秋谈吃
4924857, 7.2, 2910, 每一次相遇都是奇迹
2157181, 8.0, 908, 荷兰牧歌
1398456, 8.4, 567, 周作人散文
1223612, 8.5, 506, 唐鲁孙谈吃
1013032, 9.3, 240, 风中的院门
3919409, 9.1, 282, 汪曾祺散文
26791998, 8.3, 613, 山中的糖果
1001769, 8.8, 366, 知堂回想录（上下）
10555459, 7.7, 1268, 始终不聪明
1492804, 8.2, 676, 把栏杆拍遍
4711466, 8.1, 756, 培根随笔
4120488, 9.2, 254, 加缪全集（散文卷Ⅱ）
10532927, 9.0, 301, 一辈古人
2157003, 7.2, 2665, 她们谋生亦谋爱
1762875, 8.3, 597, 暗盒笔记
25699117, 8.1, 750, 都是遗风在醉人
5982380, 8.3, 592, 祸枣集
26285184, 8.7, 392, 朝花夕拾
1275735, 9.3, 231, 英国散文的流变
25713576, 7.8, 1073, 玩儿
24859742, 8.2, 654, 我奈床徽JR
1064230, 8.6, 427, 从文人之文到学者之文
4105421, 8.6, 427, 扶轮问路
4710587, 8.5, 472, 畜界，人界（修订版）
1458838, 7.8, 1062, 东京昆虫物语
3338823, 7.8, 1061, 三月曝书
4273327, 7.8, 1053, 有所思，乃在大海南
5411007, 8.0, 817, 胭脂盆地
6796987, 7.8, 1049, 寡人
4742289, 8.4, 515, 张晓风精选集
1041297, 8.4, 512, 猫啊，猫
1559728, 8.3, 570, 方丈记 徒然草
10529099, 8.2, 635, 笑红尘
1225366, 8.7, 377, 小毛驴与我
3773956, 8.2, 632, 思想的星空
26685539, 8.1, 705, 有鹿来
1778124, 8.0, 794, 碎句与短章
3538438, 8.0, 793, 一切因你而值得
3191866, 8.1, 701, 杜甫的五城
1083333, 8.4, 502, 积极生活
1850515, 8.2, 624, 林徽因诗文集
5935619, 8.0, 787, 记得
5978079, 7.8, 1009, 百家姓
1440568, 8.4, 499, 下午茶
26639786, 8.1, 696, 舍得，舍不得
6021091, 8.8, 334, 反与正・婚礼集・夏天集
26873638, 9.2, 236, 活着本来单纯
3003316, 8.7, 361, 博尔赫斯口述
23780549, 7.8, 979, 愿你的道路漫长
10440147, 8.3, 530, 世间的名字
26761291, 9.0, 268, 人间草木
7051393, 7.6, 1234, 俗
1615235, 8.2, 583, 蒙田随笔
5419486, 8.9, 286, 缘缘堂随笔
1424665, 7.6, 1205, 我们的钱瑗
6314053, 7.5, 1383, 毫无代价唱最幸福的歌
1038703, 7.7, 1047, 音乐影响了我的写作
5935620, 7.9, 797, 青玉案
2250146, 8.1, 626, 书时光
24380572, 7.7, 1020, 立
2058315, 8.6, 366, 季羡林散文
4270633, 9.0, 252, 沈从文家书
3451827, 8.2, 547, 旅人
26665498, 7.5, 1322, 生命中最简单又最困难的事
6781409, 6.8, 4251, 窗里窗外
3004379, 8.7, 324, 丰子恺散文
6047961, 8.2, 534, 天涯海角
3864464, 8.3, 479, 我圻^，所以我活^
25871638, 7.7, 976, 品味四讲
25887839, 8.1, 596, 历史在你我身边
1084445, 8.1, 595, 觅渡
7916066, 7.6, 1109, 欲爱书
3686287, 7.8, 839, 梦的1/4旅行
3822989, 8.1, 584, 旧时风物
25837146, 7.3, 1687, 倾我所有去生活
1161387, 8.7, 315, 无梦楼随笔
5906080, 7.6, 1087, 阿嬷，我回来了
20452319, 8.0, 650, 让“死”活下去
1071270, 8.2, 511, 酸甜苦辣咸
1870381, 8.4, 412, 闲情偶拾
7175432, 8.9, 256, 张枣随笔选
24754564, 7.9, 710, 葬我以风
26672748, 8.9, 254, 山居杂忆（插图精装版）
1890742, 7.7, 911, 东写西读
4191531, 7.5, 1188, 工作颂歌
4149376, 8.0, 624, 朝闻道集
1970933, 8.4, 403, 伦敦的叫卖声
1937814, 8.0, 619, 说来话儿长
1042250, 7.9, 692, 肚大能容
20383606, 8.0, 613, 中国文脉
1483001, 9.0, 228, 大自然的日历
10794793, 9.1, 209, 彩云聚散
20433557, 8.2, 483, 文学江湖
3889951, 7.4, 1319, 我就乐意这样寂寞了
10517247, 8.5, 353, 在新疆
25958626, 7.9, 676, 橄榄成渣
25660221, 7.6, 986, 代表作和被代表作
6528087, 9.2, 190, 我的高邮
26826605, 9.3, 174, 加缪手记
1054071, 8.9, 239, 与风景对话
26313575, 8.2, 468, 各自爱
4615442, 7.6, 964, 生命的清单
1048177, 8.0, 584, 董桥散文
25908110, 8.5, 343, 诗人的迟缓
4583113, 6.8, 3428, 四手联弹
24860561, 7.4, 1264, 且以永日
5942644, 8.6, 310, 武藏野
10455864, 7.3, 1456, 知情识趣
1012221, 8.2, 460, 浮生三记
3999563, 8.5, 338, 野果
26798331, 8.8, 256, 醒来觉得甚是爱你
1781525, 7.7, 824, 殡葬人手记
14449069, 8.0, 567, 春在绿芜中
6966406, 7.7, 817, 小小姑娘
4038021, 7.9, 634, 波西米亚楼
1875187, 8.5, 330, 微晕的树林
1813467, 9.0, 211, 周国平文集（全3卷）
26388796, 8.0, 556, 人间卧底
26802388, 7.6, 908, 自在独行
26905360, 9.4, 153, 夜莺
26642648, 8.5, 324, 美好的七年
4179200, 8.1, 486, 看图识字
1685299, 9.0, 206, 琦君散文
4267093, 9.1, 190, 梁遇春散文
10531023, 7.6, 889, 午后四时的啤酒
6711774, 7.8, 685, 出神
19935578, 8.1, 482, 旧日红
4736181, 7.5, 1006, 有我，你别怕
1073378, 8.6, 288, 北京乎（上下）
3773194, 9.0, 203, 周作人散文全集
7916067, 7.6, 866, 忘言书
4742948, 8.4, 346, 缝熊志
4766916, 8.6, 285, 爱默生随笔
25975888, 8.5, 312, 食事
1013742, 9.0, 200, 日本古代随笔选
3177397, 7.8, 663, 永不拓宽的街道
26801831, 7.3, 1303, 在宇宙间不易被风吹散
24700924, 8.3, 377, 细数那些叫思念的羊
2237945, 7.3, 1295, 亲爱的，你要更美好
10512240, 7.9, 583, 燕巢与花事
26646456, 8.1, 463, 无尽绿
3071714, 7.9, 577, 饮膳札记
6109435, 8.1, 458, 《读书》十年
2310647, 7.3, 1267, 先上讣告后上天堂
1791880, 8.1, 456, 虚土
10491606, 7.1, 1705, 寂寞带我去散步
26865082, 7.7, 715, 就这样吧
1434314, 9.0, 192, 父H的道歉信
1426475, 8.7, 247, 芥末居杂记
24849840, 8.0, 497, 静默有时，倾诉有时
2075391, 7.2, 1429, 那些不值钱的经验
1812843, 7.7, 710, 在中国屏风上
25956992, 8.9, 205, 博尔赫斯，口述
3838150, 8.3, 354, 我目光下的你
3105410, 8.8, 222, 房g
3802538, 8.6, 265, 四方食事
26864773, 8.7, 242, 任你行
1117965, 9.0, 187, 伍尔芙随笔全集（共四册）
3651646, 7.9, 542, 精神明亮的人
7916068, 7.6, 784, 路上书
26808364, 8.1, 430, 四季红
6966293, 8.7, 238, 爱情问题
1320797, 8.3, 347, 毕淑敏作品精选
25828868, 7.5, 884, 快活馋
2221690, 9.5, 126, 晚饭花集
1463570, 8.6, 257, 你的身体是个仙境
25874670, 8.3, 341, 大地上的事情
1017392, 9.0, 181, 钱钟书选集・散文卷，小说诗歌卷
3768297, 7.1, 1521, 乱来
1434097, 8.4, 302, 王朝女性日记
24743163, 7.3, 1117, 世界将我包围
10875994, 8.2, 367, 温泉疗养客
6391201, 7.8, 571, 二十二岁之前
25887874, 7.7, 642, 惜别
26258748, 8.6, 247, 阿咪
1950196, 9.3, 140, 汪曾祺作品自选集
26925068, 9.7, 106, 不敢不乐
26747206, 8.7, 224, 人生忽如寄
1253117, 8.5, 267, 梭罗日记
26263052, 7.9, 494, 毫无必要的热情
6844364, 8.2, 352, 人生一瞬
1546197, 8.4, 288, 记忆像铁轨一样长
23778103, 9.2, 146, 木心作品二辑五种
6844359, 8.2, 349, 绿光往事
4905953, 8.2, 346, 种子的信仰
19961797, 7.5, 783, 少年台湾
1081460, 7.6, 686, 繁花
1479703, 9.2, 144, 赫尔曼・黑塞小说散文选
1042934, 7.9, 476, 哈佛琐记
3160835, 7.9, 473, 从街角数起的第二棵树
5401958, 7.2, 1182, 九万字
5407722, 7.3, 1019, 世间所有相遇都是久别重逢
20268404, 8.1, 376, 一花一世界
19948593, 8.0, 411, 表演与偷窥
5908164, 8.6, 227, 自己的园地
1499645, 9.5, 113, Essays of E. B. White
1411023, 8.3, 300, 独居日记
6000646, 8.5, 247, 夜读抄
2194590, 8.0, 403, 心灵鸡汤全集
10825459, 8.1, 359, 东京记
23765239, 8.2, 323, 世界停在我吻你的时候
6097374, 8.1, 356, 橄煜
26367995, 7.7, 557, 你心柔软，却有力量
1010499, 8.6, 217, 龙坡杂文
26416276, 7.9, 434, 愿生命从容
1398449, 8.1, 349, 贾平凹散文
1058098, 8.0, 386, 张小娴作品集
10607551, 7.8, 483, 一个园丁的一年
3360614, 7.8, 478, 人造天堂
25820165, 8.6, 212, 田园之秋
4208773, 7.9, 421, 伦敦画记
25961455, 8.4, 251, 重读
25976633, 8.0, 373, 我自己的陌生人
6856711, 7.8, 466, 不许流光入梦来
1048529, 8.4, 248, 论老年 论友谊 论责任
10554294, 8.4, 247, 英华沉浮录 1
7916062, 8.0, 368, 白描
6130631, 7.1, 1168, 像艳遇一样忧伤
1079739, 8.7, 187, 夏日走过山间
1547521, 8.6, 203, 西湖梦寻
11505930, 7.3, 848, 杀鹌鹑的少女
10608218, 7.7, 504, 价值的理由
2213246, 9.2, 125, Shooting an Elephant
4258803, 8.2, 291, 一个人的城堡
6727813, 8.1, 321, 尘世的梦浮桥
1020930, 8.6, 200, 苦茶随笔
26877850, 8.2, 290, 你就适可而止吧
1228011, 8.0, 356, 知堂谈吃
2357193, 7.4, 728, 南京人
24870163, 7.6, 556, 万物皆有伤心处
26899220, 9.0, 142, 生活，是很好玩的
26849123, 9.1, 131, 厚积落叶听雨声
1474793, 8.9, 151, 王鼎钧散文
26775412, 9.0, 139, 最朴素的生活和最遥远的梦想
26657845, 7.7, 471, 大国志
4920248, 8.0, 335, 你的心不是公
3779927, 7.9, 370, 与希罗多德一起旅行
26315075, 7.3, 770, 岛屿来信
10775812, 8.4, 223, 远行
21965475, 7.1, 1026, 爱上几个人渣
4243213, 8.6, 185, 懒人闲思录
19894041, 7.6, 512, 食记百味
3916146, 7.8, 404, 何枝可依
26892222, 8.2, 264, 生活的哲学
1980691, 8.0, 323, 四季随笔
1824153, 8.7, 168, 天资与修养
4247648, 9.2, 114, 最后的浪漫主义者
26694904, 7.6, 503, 世界很大
10427207, 8.8, 153, 海的房g
1012401, 8.5, 194, 蓝色笔记本
1043294, 8.7, 163, 另一个人
26775414, 8.9, 139, 茶，汤和好天气
24838897, 6.9, 1308, 愿你与这世界温暖相拥
1022476, 8.7, 162, 苦竹杂记
1597381, 8.8, 149, 自然与人生
1029439, 8.6, 175, 京洛四季
5407368, 8.0, 307, 古典之殇
7916063, 7.8, 381, 绝色
4925124, 7.7, 427, 灰屋顶的巴黎
22015881, 7.4, 616, 7749
1016437, 8.7, 160, 探索日本之美
5910921, 6.8, 1501, 坦白说，亲爱的
10530106, 8.5, 188, 浪子回家集
26894367, 8.6, 172, 尘土
20462955, 7.7, 419, 此时众生
6522306, 8.1, 271, 磨坊文札
26905604, 9.7, 78, 此刻不爱的人，都有罪
3273147, 7.8, 367, 松尾芭蕉散文
4045081, 7.7, 410, 美利坚物语
6510146, 7.7, 404, 梅酒香螺嘬嘬菜
24742929, 8.6, 166, 碎琉璃
25746084, 7.0, 1015, 这个世界上的一切都是瘦子的
6139702, 7.6, 448, 纸上王国
4621224, 9.2, 104, 英国散文精选
1274500, 8.9, 129, 时代的喧嚣
6864274, 8.8, 139, 我圻^的那r代
26595964, 7.2, 740, 当一切在我们周围暗下来
1399714, 8.8, 138, 英伦独语
26902317, 9.8, 70, 成为一个不惑、不忧、不惧的人
25780158, 8.1, 254, 鸟儿歌唱
26841391, 7.7, 385, 把你交给时间
25853110, 8.2, 228, 人间有味是清欢
4236926, 8.0, 277, 的里雅斯特
26693234, 8.5, 173, 心有欢喜过生活
5299805, 7.9, 303, 写意巴洛克
10867359, 8.3, 203, 考工记
5423589, 8.4, 185, o所有明日的聚
5269129, 8.5, 169, 镜中恶魔
3314380, 8.8, 132, 相遇
20270014, 7.1, 802, 三毛不在撒哈拉
26280915, 9.2, 98, 阿宝两只脚 凳子四只脚
20453483, 8.3, 198, 塞万提斯的未婚妻
10439880, 8.4, 181, 不道德教育v座
10773363, 7.1, 771, 我喜欢当年喜欢你的我
26348734, 8.4, 177, 听客溪的朝圣
20386034, 7.6, 398, 茶味的初相
25805200, 7.6, 394, 草色连云
1136342, 8.4, 175, 散文佳作108篇
1208069, 9.1, 101, 归有光文选
1427634, 8.6, 147, 耳证人 五十种性格
26590901, 8.4, 174, 一百年漂泊
26593903, 8.5, 159, 洗牌年代
1073544, 8.1, 228, 醒来的森林
26416549, 8.3, 189, 兰屿之歌 清泉故事
25745152, 6.7, 1386, 愿风裁尘
25785270, 7.5, 434, 十七个远方
24838970, 6.9, 992, 无聊的魅力
26906750, 9.8, 63, 关于我父母的一切
26861753, 7.8, 299, 愿你道路漫长
26372186, 9.1, 97, 爱与战争的日日夜夜
6081356, 9.2, 90, 史铁生作品系列（纪念版）
26430928, 7.4, 466, 如何独处
26682087, 7.2, 603, 借山而居
1059168, 8.6, 138, 北欧纪行
26378417, 7.7, 322, 时间会证明一切
10729731, 7.2, 594, 小心轻放的光阴
4809797, 8.6, 137, 论生命之短暂
3258977, 9.1, 94, 同情中噤
20458907, 7.5, 400, 书淫艳异录（全二册）
1925111, 7.8, 283, 不如去流浪
3003064, 8.0, 230, 一星一世界
5999408, 7.5, 396, 茶可道
26281185, 7.9, 253, 因为梦见你离开
3376232, 8.3, 172, 宋朝人的吃喝
3178437, 8.0, 225, F中吃
25819935, 8.5, 143, 中国古典文心
10608441, 7.8, 274, 我们
25718741, 7.5, 382, 路途遥远，我们在一起吧
4857048, 8.1, 202, 幸福散论
19977960, 8.2, 184, 草木一村
26757648, 7.7, 302, 并没有如愿以偿的人生
26884467, 8.7, 120, 我甚至希望旅途永无止境
25764376, 8.1, 200, 父亲到死，一步三回头
26921283, 9.7, 61, 惜君如常
5360705, 8.0, 216, 东居闲话
3390246, 8.5, 138, 穆齐尔散文
24860806, 6.4, 1945, 薄荷日记
10804421, 7.8, 263, 在荷兰过日子
6984722, 6.5, 1595, 活得像个笑话
26437752, 6.8, 952, 灯下尘
26919794, 10.0, 51, 现在就是最好的时光
26921021, 9.5, 67, 一辈子很长，要和有趣的人在一起
26309123, 7.0, 684, 近在远方
20444403, 8.3, 158, 知鱼之乐
5907541, 7.9, 229, 拾贝集
10443508, 7.5, 350, 空间在时间里流淌
19912140, 7.0, 666, 读书毁了我
1103362, 8.7, 112, 塞耳彭自然史
25709123, 6.9, 770, 回忆是一种淡淡的痛
26900945, 9.5, 65, 世界很小，而你刚好发光
26847933, 8.2, 168, 茶书
25732271, 8.4, 140, 为众生的悲心
10875951, 7.7, 272, 闲愁万种
1268594, 8.4, 139, 旅行人信札
19967508, 6.7, 1014, 我开始轻视语言
25843439, 7.9, 217, 听水读抄
10544783, 7.0, 635, 草木的理想国
3037383, 7.6, 297, 人间世
26394207, 8.0, 196, 给孩子的散文
25774256, 7.2, 480, 肥肉
26583471, 8.3, 148, 蘑菇圈
25849532, 8.0, 191, 闲暇处才是生活
1005932, 8.8, 98, 并非舞文弄墨
26647328, 8.2, 158, 我虚度的那部分世界
25799743, 7.8, 230, 藤花抄
4273408, 7.8, 229, 一段矍椋人成L
10738191, 7.2, 458, 京都三六五日生活杂货历
19976723, 7.6, 281, 十五颗小行星
3154400, 7.9, 205, 影梅庵忆语
25838015, 8.0, 185, 离开前，请吃空冰箱
19976869, 8.0, 182, 一池疏影落寒花
25740175, 8.2, 151, 奇来前书
25907098, 8.0, 181, 采绿
26658076, 8.3, 138, 咸也好，淡也好
25816576, 7.6, 271, 流浪者的乡愁
24732976, 7.1, 495, 品味
26363718, 8.5, 116, 谁在银闪闪的地方，等你
25944855, 7.5, 299, 君子之道
25792565, 7.9, 196, 故宫的风花雪月
26590273, 7.8, 215, 你会想念你自己吗
26577701, 8.0, 176, 我的美的世界
26637781, 8.4, 121, 自决之书
25790743, 8.2, 142, 总有一个人，爱你如生命
20501303, 8.3, 130, 故乡有灵
26133987, 6.7, 824, 云去云来
26767595, 8.1, 153, 云物如故乡
26278884, 8.4, 118, 文化不是味精
11577428, 7.5, 278, 腰斩哪吒
26335158, 7.0, 516, 不过，一场生活
1073518, 8.3, 127, 帝京景物略
4733799, 9.2, 66, 英国散文名篇欣赏(第2版)
24376169, 8.4, 116, 山里山外
3156483, 8.9, 79, 董桥文集①
24301821, 8.5, 105, 要么孤独要么庸俗
26353507, 8.6, 97, 巴黎的忧郁
1276333, 9.2, 64, 太阳升起以后
25905020, 7.6, 232, 花花果果枝枝蔓蔓
25709706, 8.0, 156, 生与死的故事
26775628, 7.4, 283, 好好地吃一朵西蓝花
20435400, 8.4, 108, 坐待天明
25887970, 8.3, 117, 我们的普世文明
21323691, 8.7, 86, 室内静物・窗外风景
26880812, 7.6, 224, 读在大好时光
26369862, 8.1, 136, 浮光
26778180, 8.7, 84, 丰子恺 : 无宠不惊过一生
26738158, 9.0, 68, 人生只差好好静度时光
11632296, 8.4, 103, 老派s之必要
2028083, 9.1, 63, 方丈
26685366, 8.0, 144, 波西米亚楼
4274470, 6.9, 492, 美味方丈记
20493389, 8.0, 142, 回家记
26281820, 8.0, 140, 人物速写
1372263, 9.1, 61, 一首的完成
1435606, 8.8, 74, 冯至全集
25910223, 8.8, 74, 自然与人生
25944419, 7.3, 284, 大地上所有的河流
25889953, 8.4, 99, 古道
25941678, 6.8, 543, 他爱的是玫瑰，而你是蔷薇
26318926, 8.0, 137, 教养的关系花园
26298016, 7.5, 224, 你在世界的每一处
25987045, 7.5, 221, 在全世界迷路
1409894, 8.1, 123, 故都的秋
25750940, 8.3, 103, 想乐
26907595, 8.6, 82, 孤独这种病，遇见你就好了
26325615, 8.5, 88, 家常酒菜
26726972, 8.5, 88, 人生最美是清欢
1042616, 8.0, 132, 云乡话食
26775415, 9.2, 55, 到山中去
24845767, 7.0, 384, 总有一次哭泣，让人瞬间长大
1276292, 8.8, 70, 东山魁夷散文选
26422715, 8.6, 80, 我所在的地方
25783249, 8.9, 65, o用的日子
4038671, 8.6, 79, 陈映真文选
11505557, 8.4, 91, 我们的国家公园
26710589, 8.4, 91, 落花生
25843173, 6.7, 557, 恰到好处的幸福
25859178, 8.0, 124, 人间有戏
20258511, 7.8, 145, 留学时代
25871619, 8.3, 94, 作文十九问
26828226, 9.1, 54, 加缪手记：第二卷
4314407, 8.4, 86, 台郴ú
3701107, 8.9, 60, 留住一切H鄣
26771781, 8.8, 64, 我把四季用来等你
25776749, 9.3, 47, 王世襄集：锦灰堆
25839097, 8.3, 91, 此生是我吗
19894298, 7.9, 127, 飞蛾之死
26243027, 7.0, 333, 你配得上更好的世界
26615297, 9.2, 49, 道边狗
10594803, 7.3, 227, 男人和女人，女人和城市
25785749, 7.7, 149, 优雅的理性：用经济学眼光看世界
26884279, 9.6, 39, 白日之梦
26889630, 8.6, 71, 对这个残酷的世界说情话
1291079, 8.8, 62, x那r光(g作)
25986624, 8.5, 75, 幽僻处可有人行？
4813635, 8.0, 107, 杀人石猜想
21323914, 8.3, 84, 仰望星空
26828229, 9.4, 41, 加缪手记：第三卷
26830671, 8.1, 95, 愿你出走半生，归来仍是少年
26303967, 8.0, 101, 康拉德的黑暗我的黑暗
6873431, 8.8, 56, 知性乃道德职责
26716119, 7.9, 109, 民国男闺蜜
10589335, 7.8, 119, 刀尖上的舞蹈
11614503, 9.4, 39, 20世纪中外散文经典
25913193, 7.2, 210, 一切有情
25909086, 7.7, 125, 第一口啤酒
25926869, 7.5, 151, 那些再与你无关的幸福
4884761, 7.9, 104, 旅行的所在
25986420, 8.3, 75, 第九味
26775352, 8.1, 84, 水印
26843309, 8.1, 84, 过去现在，一并深爱
5255693, 8.5, 61, 腐d趣～不只是d趣！
26791612, 7.8, 104, 有时
6727861, 8.2, 74, 7749：四十九我^／^／想^的作
25778085, 8.6, 55, 夜望
26617174, 8.1, 78, 大刀阔斧绣花针
26883163, 8.5, 58, 好一座浮岛
26786630, 8.2, 71, 采葑小集
10426643, 6.9, 246, 我看见的你是我自己
26589634, 9.2, 37, 大自然的灵魂
4201181, 7.8, 96, 空钓寒江
25716112, 7.5, 126, 时光印痕：唐诗宋词中的节气之美
1659002, 9.0, 41, 王佐良文集
24714828, 7.0, 213, 我知道没有人值得我羡慕
26676208, 7.4, 135, 重逢
26789162, 9.2, 36, 孤独中有无尽繁华
26853723, 9.3, 34, 唐人街
25869902, 7.6, 109, 钓客清话
26150311, 8.6, 50, 沙乡年鉴
26589039, 8.4, 55, 你只需努力，剩下的交给时光
1788436, 9.3, 32, 美国名家散文选读
26437232, 8.7, 44, 把每一个朴素的日子都过成良辰
26775411, 8.6, 46, 祝，一切安好
26295784, 6.9, 199, 去过自己想要的生活
26951532, 9.4, 29, 乘风破浪
26631263, 8.4, 51, 人生不过如此而已
25740177, 8.2, 58, 奇来后书
26433664, 8.2, 57, 剧院里最好的座位
26595343, 7.4, 110, 江湖老友
26827530, 7.9, 71, 书旅人
24845782, 6.6, 269, 不忘初心，方得始终
25875911, 8.0, 64, 雪日
26937000, 8.4, 48, 山河袈裟
26786093, 7.1, 142, 一头栽进月光里
26388494, 6.2, 466, 孤独是生命的礼物
1955325, 8.3, 50, 休谟散文集
26315320, 8.4, 46, 灰鸽试飞
26827326, 8.5, 43, 行走在非洲丛林
1055709, 8.6, 40, 重读古典
6310330, 8.1, 55, 海
2005433, 7.5, 88, 上海春秋
25831881, 6.4, 308, 时光不老，我们不散
26898505, 9.0, 31, 奢侈的滋味
26325673, 8.8, 34, 百年文言
26456492, 7.5, 85, 我不要在庸碌中老去
10484150, 8.2, 48, 静思录
26700864, 8.0, 55, 无所归止
26691591, 9.1, 28, 文章皆岁月
26706618, 8.5, 39, 种地书
26388373, 8.2, 47, 荒野之境
1243034, 9.2, 26, 英语美文50篇
26575957, 8.9, 30, 真正的生活者
26866574, 8.8, 31, 岭南花木镜
26840481, 6.9, 136, 除非我们虚构了爱
26761868, 8.2, 44, 又自在又美丽
26270255, 9.1, 25, 张岱诗文集（增订本）
26300028, 8.8, 28, 饥渴的想象
26736808, 8.8, 28, 文章自在
26421261, 7.4, 71, 当你真正开始爱自己
2141276, 7.6, 59, x金庸偶得
26611842, 7.6, 56, 北平杂记
26851659, 7.1, 85, 小山河
26530257, 8.7, 27, 湘行散记
26358463, 6.7, 127, 是非疲劳
26801419, 8.9, 24, 故园无此声
26854457, 8.6, 28, 你只活一次
1221008, 8.5, 29, 泥与焰
26667254, 7.7, 48, 往书记
26652297, 8.5, 28, 鱼游小巷
26742960, 7.0, 77, 草叶集
26631903, 8.3, 29, 味之风月
26847480, 8.1, 27, 从容的底气
24849598, 6.7, 74, 民国笑忘书
1389900, 8.1, 24, R人的g
26379312, 8.1, 24, 捍卫热情
26826661, 7.8, 28, 初心
20278040, 8.3, 20, 半岛手记
26765530, 7.9, 19, 张充和诗文集
26817470, 7.2, 29, 先锋书店，生于1996
26895283, 5.8, 88, 为热爱而活
26899884, 7.3, 21, 暗夜传灯人
26874279, 7.4, 19, 小英国，大伦敦
26944561, 8.2, 12, 万物赠我浓情蜜意
26840947, 8.3, 11, 漫步荷塘，月色无边
26906383, 7.3, 18, 世情薄
26896093, 8.1, 11, 坐拥书城意未足
26840536, 8.0, 10, 偏见
26907498, 7.3, 10, 善意如清流
