2017-01-23 16:17:59
Tag: 散文随笔
The number of books: 992 

ID, rating, votes, title
3995526, 8.7, 73769, 目送
4238362, 8.6, 82839, 送你一颗子弹
1023045, 8.6, 68684, 我们仨
3369793, 8.7, 50256, 亲爱的安德烈
6388661, 8.8, 41042, 这些人，那些事
2070844, 8.8, 25094, 梦里花落知多少
4207781, 8.8, 24719, 孩子你慢慢来
1209899, 9.0, 15754, 我与地坛
1088581, 8.9, 13436, 浮生六记
1449352, 8.6, 19660, 朝花夕拾
1036490, 8.8, 14020, 万水千山走遍
6397275, 9.0, 9832, 此生未完成
3369600, 8.1, 42015, 当我谈跑步时我谈些什么
1794844, 8.5, 18940, 有一天啊，宝宝……
4884218, 8.8, 11311, 我的阿勒泰
1050339, 7.8, 60678, 文化苦旅
4124727, 8.1, 32657, 孤独六讲
2068249, 9.0, 7477, 温柔的夜
1760548, 9.2, 5538, 三毛作品集
4872671, 8.2, 24872, 佛祖在一号线
10522856, 9.0, 7151, 冬牧场
4881850, 9.0, 5900, 阿勒泰的角落
1878708, 8.3, 16478, LA流浪记
1692648, 8.9, 6556, 一个人的村庄
5269439, 8.4, 13767, 城门开
1056461, 8.3, 14849, 旅行的艺术
1073349, 8.8, 6704, 写在人生边上 人生边上的边上 石语
3642673, 8.0, 23117, 我执
1980436, 8.7, 7357, 流言
1005358, 9.2, 3662, 寻找家园
3713237, 8.8, 6124, 亲爱的三毛
1049688, 8.5, 9431, 妞妞
1003284, 8.1, 17914, 退步集
1003986, 8.8, 5849, 病隙碎笔
26278687, 7.8, 29107, 皮囊
1061242, 8.8, 4978, 写在人生边上
1949679, 8.7, 5592, 素履之往
2988943, 8.3, 9026, 青灯
25753361, 8.7, 4996, 最好金龟换酒
1253310, 8.9, 3763, 人间草木
1227844, 8.8, 4125, 雅舍谈吃
4773224, 8.3, 8446, 生活十讲
25984204, 7.6, 28804, 乖，摸摸头
3698390, 8.6, 5301, 送你一匹马
4238144, 9.1, 2665, 岁朝清供
1054889, 7.7, 21936, 行者无疆
1053088, 9.2, 2261, 陶庵梦忆 西湖梦寻
1013801, 8.8, 3659, 倾城
5333599, 8.2, 8605, 春天责备
1460313, 8.4, 6327, 哥伦比亚的倒影
3389984, 8.6, 4666, 俗世奇人
1015864, 9.0, 2669, 惶然录
1016429, 8.6, 4440, 毛姆读书随笔
1311280, 9.0, 2617, 灵魂的事
3333989, 8.1, 9181, 荒废集
6709834, 8.4, 5742, 爸爸爱喜禾
25920202, 8.6, 4322, 泛若不系之舟
4113090, 7.4, 33354, 我们台湾这些年
3698217, 8.6, 4263, 花田半亩
1829614, 8.6, 4237, 琼美卡随想录
1933931, 8.7, 3681, 沿着塞纳河到翡冷翠
4159088, 7.8, 14073, 理想的下午
20425053, 7.7, 16903, 我所理解的生活
1001204, 7.9, 11581, 山居笔记
2042633, 9.0, 2338, 金蔷薇
1020241, 7.6, 19115, 千年一叹
3711733, 8.6, 3785, 那个姐姐教我们的事
2240482, 8.0, 9298, 走到人生边上
2034893, 7.6, 18722, 那些男孩教我的事
3339812, 9.3, 1599, 木心作品八种
10607710, 8.0, 9063, 世间的盐
1382840, 8.7, 3158, 背影
2254582, 8.9, 2406, 以箭为翅
3880832, 8.2, 6159, 认得几个字
1398441, 9.1, 1785, 汪曾祺散文
1292412, 9.1, 1763, 叔本华思想随笔
1045201, 8.2, 5719, 哲学的慰藉
1819978, 8.5, 3641, 温莎墓园日记
3621542, 8.4, 4012, 蓝房子
25639223, 8.3, 4626, 身边的江湖
4905854, 8.9, 2096, 将饮茶
1401795, 8.6, 3045, 时间的玫瑰
3740431, 8.4, 3965, 灵魂只能独行
1056616, 8.6, 3021, 槭树下的家（席慕蓉作品典藏版）
25735727, 8.2, 5239, 站在两个世界的边缘
3053868, 7.9, 8396, 永不永不说再见
2052596, 8.2, 5206, 退步集续编
2294993, 8.2, 5146, 纽约琐记（修订版）
1033843, 8.7, 2562, 张看（上下）
5275500, 7.7, 11525, 尘曲
1288925, 8.8, 2219, 五味
1906681, 8.8, 2210, 猎人们
4208780, 8.1, 5782, 流浪集
1924318, 8.9, 1928, 汪曾祺谈吃
20278799, 7.6, 13155, 三十六大
1489494, 8.5, 3121, 人与永恒
5905348, 8.2, 4751, 笑谈大先生
5290534, 7.8, 8996, 为了报仇看电影
3410833, 8.6, 2679, 给青年艺术家的信
1048441, 8.3, 3892, 透明的哀伤
4151117, 8.5, 2919, 阴翳礼赞
11602267, 8.9, 1770, 羊道・春牧场
4912688, 8.5, 2902, 干校六记
1079838, 8.7, 2226, 湘行散记
2275635, 8.9, 1748, 如何说孩子才会听，怎么听孩子才肯说
10743137, 7.7, 9782, 绿皮火车
4169341, 8.3, 3700, 水问
1008732, 8.4, 3215, 失败之书
3311009, 7.2, 24897, 原来你非不快乐
25982254, 8.1, 4733, 大萝卜和难挑的鳄梨
1023000, 8.6, 2310, 常识与通识
1049361, 8.3, 3409, 比我老的老头
3604331, 8.4, 2943, 午夜之门
6864307, 7.4, 14986, 像我这样笨拙地生活
1492634, 8.3, 3367, 生活的艺术
3267934, 8.4, 2883, 日本四季
1007196, 8.5, 2524, 闲情偶寄
11602263, 9.1, 1236, 羊道・深山夏牧场
11602265, 9.1, 1235, 羊道?前山夏牧场
4199685, 7.6, 9996, 我读
1073253, 8.8, 1719, 闲话闲说
2375972, 8.3, 3236, 今朝风日好
1963395, 8.5, 2470, 鱼丽之宴
4169342, 8.6, 2164, 女儿红
1069805, 8.7, 1879, 给青年的十二封信
1059040, 8.6, 2102, 雅舍小品
4212607, 7.6, 9251, 有味
7058059, 8.0, 4731, 我们心中的怕和爱
1061572, 8.5, 2294, 随想
1083883, 8.7, 1768, 席慕蓉经典作品
10607793, 8.5, 2256, 刀与星辰
4031698, 7.8, 6234, 读者
1022783, 8.2, 3370, 用我一辈子去忘记
1004318, 8.3, 2895, 守望的距离：周国平散文集
6041686, 8.3, 2862, 父后七日
4845827, 8.8, 1498, 遇见・猫的国
3018322, 7.6, 8324, 活着活着就老了
1041414, 8.6, 1873, 威尼斯日记
1029370, 9.1, 1053, 记忆与印象
3886010, 8.1, 3648, 我爱问连岳Ⅲ
1204398, 8.8, 1460, 幽梦影
20413794, 7.7, 6694, 眠空
1734830, 9.2, 925, 汪曾祺精选集
3880846, 8.7, 1578, 学飞的盟盟
1004539, 8.5, 2008, 爱与孤独
5383175, 8.7, 1557, 童年与故乡
1032672, 8.2, 2910, 拥抱逝水年华
1288913, 8.3, 2515, 半生为人
6937888, 8.5, 1936, 树犹如此
1049215, 7.5, 8547, 借我一生
5336228, 8.7, 1414, 作家笔记
3652211, 8.6, 1579, 爱默生家的恶客
1041616, 7.4, 9566, 那些忧伤的年轻人
4059800, 8.0, 3456, 私语书
1987453, 7.9, 3893, 人生不过如此
1186209, 8.7, 1337, 张晓风经典作品
2058479, 9.1, 856, 史铁生散文
3391717, 8.1, 2842, 中国好人
3621252, 7.4, 8818, 曾经
2027002, 8.2, 2435, 对照记
1400717, 8.0, 3228, 写作
1760730, 8.3, 2123, 伍尔夫读书随笔
5336240, 8.3, 2097, 异乡记
26613052, 8.7, 1271, 我的造梦之路
1312995, 8.5, 1596, 周国平作品精选
1083882, 8.5, 1584, 白先勇经典作品
4170274, 8.5, 1577, 只缘身在此山中
1987995, 8.3, 2019, 在云上
2165057, 8.7, 1229, 堤契诺之歌
25744944, 8.5, 1519, 既见君子
1785512, 8.3, 1941, 漫卷西风
1291570, 8.9, 950, 简o散文
26053771, 8.6, 1329, 小于一
6126821, 8.4, 1692, 远方的鼓声
1491630, 8.7, 1179, 小窗幽记
6121542, 8.0, 2894, 当你途经我的盛放
11588627, 7.9, 3341, 无非求碗热汤喝
1077196, 8.6, 1290, 蒙田随笔全集（全三册）
1062608, 8.3, 1841, 旧时月色
2209227, 8.3, 1840, 一个孤独漫步者的遐想
6794016, 7.5, 6020, 如何成为一个怪物
4145556, 8.4, 1595, 微晕的树林
10466438, 8.0, 2683, 上课记
3225748, 7.9, 3002, 路上有惊慌
4160794, 8.4, 1523, 多余的话
2287508, 8.0, 2581, 多余的素材
1070985, 8.8, 949, 钱钟书散文
1034349, 8.7, 1051, 从前
20272112, 8.2, 1932, 欢喜
26264154, 8.6, 1175, 悲伤与理智
5908161, 8.5, 1309, 雨天的书
3644791, 7.4, 6520, 噪音太多
6730310, 7.7, 3922, 我的不完美
1186712, 8.2, 1897, 各自的朝圣路
1398461, 8.7, 1031, 梁实秋散文
1793990, 8.9, 816, 早晨从中午开始
1393473, 8.8, 904, 遍地风流
2075175, 8.8, 889, 缘缘堂随笔
4621342, 7.8, 3171, 世纪末的华丽
4274472, 8.2, 1790, 茶之书
6896040, 8.2, 1785, 好小猫
3606804, 8.2, 1781, 徒然草
20513012, 7.6, 4283, 无比芜杂的心绪
1484695, 8.1, 1982, 季羡林谈人生
19977313, 8.8, 843, 花乱开
6844469, 8.1, 1952, 走夜路请放声歌唱
1220904, 8.9, 755, 春醪集
2364742, 9.0, 676, 王小波散文
2135139, 8.4, 1292, 我为什么要写作
11535030, 8.3, 1456, 一个一个人
2156168, 8.4, 1284, 书读完了
1785508, 8.1, 1875, 今晚去哪里
26367364, 8.2, 1627, 爱吃沙拉的狮子
1949417, 8.2, 1593, 这就是纽约
26390229, 8.0, 2082, 把生命浪费在美好的事物上
25898124, 7.6, 3785, 得未曾有
4917641, 8.9, 710, 故乡的食物
4165852, 7.5, 4455, 你是那人间的四月天
2174792, 8.3, 1388, 清欢
2377014, 8.2, 1568, 阅读的故事
1837876, 9.6, 366, ぼくの靴音
2339264, 8.6, 956, 人为什么活着
1970116, 8.1, 1764, 这一代人的怕和爱
10597973, 8.1, 1748, 旧山河
1056968, 8.2, 1505, 老饕漫笔
4061754, 8.1, 1702, 黑花黄
2301475, 8.4, 1162, 人间食粮
2326423, 8.3, 1310, 真水无香
1017839, 7.9, 2221, 带着鲑鱼去旅行
4841303, 7.6, 3465, 人情・世故
20413880, 8.1, 1667, 古书之美
5337231, 8.2, 1462, 我爱问连岳Ⅳ
3410812, 7.4, 4779, 死在这里也不错
1026884, 8.5, 1010, 左手的掌纹
1004719, 8.6, 899, 谈修养
1466236, 8.0, 1881, 风中的纸屑
3773959, 8.4, 1101, 只有一个人生
1690728, 8.8, 702, 沈从文精选集
4160472, 8.5, 970, 告诉我，你怎样去生活
1949418, 8.5, 968, 重游缅湖
1038012, 8.7, 768, 周国平自选集
26698598, 8.2, 1372, 有如走路的速度
1785502, 7.9, 2035, 咖啡苦不苦
1975591, 7.6, 3134, 乐未央
1051911, 7.9, 1998, 终究悲哀的外国语
1060489, 8.7, 743, 驼背小人
5914563, 8.1, 1504, 边走边啃腌萝卜
10794355, 7.7, 2628, 台湾念真情
4067778, 8.5, 919, 文字的故事
5402205, 8.5, 916, 空灵
21770836, 8.5, 902, 八九十枝花
24527845, 7.0, 8695, 我讲个笑话，你可别哭啊
25776456, 8.7, 722, 老味道
1322264, 7.8, 2182, 陈丹青音乐笔记
10834769, 7.7, 2513, 门外汉的京都
3866002, 7.2, 5706, 我所爱的香港
1014040, 8.1, 1419, 安静
4240403, 7.1, 6837, 最好的女子
6802371, 7.9, 1847, 一个游荡者的世界
5419801, 8.3, 1097, 别样的色彩
3723236, 8.0, 1607, 我与父辈
6967980, 7.4, 3957, 然后，我就一个人了
25784438, 8.2, 1235, 不留心，看不见
2066445, 8.7, 687, 卿卿如晤
3662421, 8.1, 1381, 密涅瓦火柴盒
25935074, 8.1, 1379, 文・雅人：憧憬的日子
5299919, 8.6, 762, 国王鞠躬，国王杀人
1915716, 8.5, 841, 负暄琐话
26022097, 8.4, 934, 番石榴飘香
1035614, 7.5, 3197, 下楼谈恋爱
5404877, 8.2, 1176, 安持人物琐忆
3610492, 7.9, 1736, 好色的哈姆莱特
5938219, 7.8, 1993, 昨日书
25762598, 8.8, 592, 尽头
1046276, 8.1, 1302, 温暖和百感交集的旅程
1322445, 8.4, 902, 林语堂散文
6831222, 8.4, 900, 随性而至
1149495, 8.2, 1142, 梦十夜
1005096, 8.7, 647, 旧情解构
26272073, 8.1, 1289, 一生里的某一刻
4154558, 8.7, 644, 人间草木
10527371, 8.9, 525, 马雁散文集
6970042, 8.9, 524, 草木春秋
26371292, 8.1, 1279, 不在他方
4912689, 8.6, 703, 杂忆与杂写
3258802, 8.6, 701, 盛装舞步
10437353, 8.1, 1252, 我想遇见你的人生
20499677, 8.0, 1423, 味道・味觉现象
3769019, 8.5, 777, 闪亮的日子
20499673, 7.9, 1625, 味道・人民公社
6826615, 7.8, 1844, 台北小吃札记
3808810, 7.7, 2124, 来去自由
2025188, 8.2, 1084, 故事
25917140, 7.2, 4785, 不要让未来的你，讨厌现在的自己
5414639, 8.5, 757, 旧情复燃
4191577, 7.9, 1579, 相遇
2382544, 8.7, 610, 园圃之乐
25741244, 7.1, 5673, 我承认我不曾历经沧桑
1939594, 7.7, 2086, 京都一年
6773642, 7.7, 2069, 猛虎细嗅蔷薇
25918820, 7.8, 1786, 吴哥之美
25833450, 7.6, 2388, 奇石
1026871, 8.0, 1354, 林清玄散文
25849895, 8.9, 490, 人间草木
1029739, 8.0, 1344, 生命的留言
1070899, 8.6, 658, 浮生悠悠
1427754, 8.8, 535, 侏儒的话
6026256, 8.7, 592, 红婴仔
1278499, 8.9, 484, 汪曾祺:文与画
25935075, 8.1, 1163, 文・雅人：健康的日子
3662614, 7.9, 1492, 淡江记
25849892, 8.8, 522, 人间滋味
1437162, 8.1, 1135, 随想录
6392678, 7.5, 2638, 想念
25897333, 7.5, 2635, 我讲个故事，你可别当真啊
1807349, 8.6, 632, 个人尊严
22542435, 7.6, 2237, 我是开豆腐店的，我只做豆腐
10282578, 7.7, 1908, 村上广播
2191536, 9.1, 384, 资治通鉴-(柏杨白话版)(全九辑三十六册)(双盒装)
6783708, 8.1, 1104, 怒河春醒
25803923, 7.9, 1426, 你是我不及的梦
4896497, 8.2, 972, 一一风荷举
4836601, 8.3, 858, 扪虱谈鬼录
26416401, 7.4, 2964, 我敢在你怀里孤独
20433605, 7.8, 1621, 因自由而美丽
5423585, 8.6, 607, 树枝的疏忽
4917570, 9.0, 405, 旧人旧事
1063251, 8.7, 540, 丰子恺散文
1908358, 8.3, 833, 山南水北
26831788, 8.0, 1194, 旅行与读书
1748075, 8.9, 439, 槐园梦忆
6440324, 8.4, 735, 人各有异
20499702, 7.7, 1786, 味道・第一宗罪
10875996, 8.9, 436, 朝圣者之歌
6047925, 8.2, 919, 梦游书
19899834, 7.2, 3921, 只愿你曾被这世界温柔相待
4051248, 8.7, 527, 杨绛文集・散文卷（下）
1441440, 8.6, 582, 私房书
2241214, 8.7, 522, 味至浓时即家乡
4051249, 9.1, 357, 杨绛文集・散文卷（上）
4933087, 7.3, 3214, 机场里的小旅行
1409892, 9.0, 388, 随遇而安
10876103, 7.4, 2701, 守脑如玉
3662629, 8.3, 792, 黄金盟誓之书
1028201, 8.8, 464, 文明的孩子
4732153, 7.7, 1692, 过得去
10485866, 8.2, 879, 暴风雨的记忆
20394952, 8.1, 992, 九篇雪
3034097, 8.3, 780, 平常茶非常道
1059069, 8.4, 696, 培根论人生
25788697, 7.6, 1942, 一切都是最好的安排
25787364, 8.6, 551, 京都古书店风景
3711727, 7.5, 2179, 等待香港
5921793, 7.6, 1873, 我这一代东京人
1018416, 8.1, 955, 花忆前身
1071187, 9.0, 366, 老舍幽默诗文集
6002887, 7.5, 2149, 突然十年便过去
25774772, 8.5, 598, 做饭
3535792, 7.6, 1846, 日本料理
10537645, 8.4, 662, 岛屿书
26785701, 7.5, 2116, 月童度河
3041567, 8.8, 434, 美的情愫
25777461, 8.4, 653, 日日是好日：茶道带来的十五种幸福
1270511, 8.1, 922, 湖上闲思录
4861485, 7.2, 3400, 就算天空再深
26687647, 7.8, 1349, 至味在人间
4822183, 7.4, 2422, 俗话说
3003471, 8.4, 642, 私人藏书
2995151, 8.5, 571, 三生影像
1000034, 7.4, 2343, 生死遗言
11620497, 8.2, 786, 简单的艺术
3918036, 7.7, 1458, 日月
26693418, 7.5, 1925, 按自己的意愿过一生
1262580, 7.6, 1656, 像邦妮一样爱你
3034068, 7.9, 1096, 神保町书x
1460123, 8.0, 960, 寒夜客来
20375477, 8.6, 487, 这世间所有的白
1392950, 7.5, 1897, 花间一壶酒
4262652, 8.2, 747, 不如归
3689094, 8.4, 593, 最美的决定
3673386, 7.2, 3019, 廉价哲学
5914555, 8.0, 934, 暴食江湖
3115303, 8.2, 731, 一生的远行
3062449, 9.2, 273, 唐鲁孙作品（六卷精华版）
1960044, 8.5, 522, 伊利亚随笔选
1082305, 8.9, 353, 沙郡年记
1916929, 8.6, 469, 梁实秋谈吃
5423785, 8.1, 805, 千年繁华
2157181, 8.0, 908, 荷兰牧歌
2369301, 8.1, 799, 孤独天使
1398456, 8.4, 567, 周作人散文
10536368, 8.2, 706, 纸上卧游记
26431217, 8.6, 457, 在江湖
6875416, 8.5, 502, 感时忧世
1013032, 9.3, 240, 风中的院门
3919409, 9.1, 282, 汪曾祺散文
26791998, 8.3, 613, 山中的糖果
4210379, 8.7, 402, 京华忆往
25804641, 7.7, 1273, 草草集
25900956, 8.0, 857, 刻小说的人
1492804, 8.2, 676, 把栏杆拍遍
4711466, 8.1, 756, 培根随笔
10532927, 9.0, 301, 一辈古人
1762875, 8.3, 597, 暗盒笔记
25699117, 8.1, 750, 都是遗风在醉人
6126817, 7.8, 1090, 边境 近境
5982380, 8.3, 592, 祸枣集
25713576, 7.8, 1073, 玩儿
26791617, 8.0, 832, 大好河山可骑驴
4710587, 8.5, 472, 畜界，人界（修订版）
7001042, 8.5, 471, 无计花间住
3338823, 7.8, 1061, 三月曝书
5914551, 8.1, 727, 我在故宫看大门
4273327, 7.8, 1053, 有所思，乃在大海南
5411007, 8.0, 817, 胭脂盆地
1041297, 8.4, 512, 猫啊，猫
1559728, 8.3, 570, 方丈记 徒然草
10795220, 7.7, 1183, 喃喃
10529099, 8.2, 635, 笑红尘
3773956, 8.2, 632, 思想的星空
26685539, 8.1, 705, 有鹿来
3538438, 8.0, 793, 一切因你而值得
1024013, 8.4, 503, 风声・雨声・读书声
3191866, 8.1, 701, 杜甫的五城
4934669, 7.6, 1332, 老而不死是为贼
5935619, 8.0, 787, 记得
5978079, 7.8, 1009, 百家姓
1440568, 8.4, 499, 下午茶
3097837, 8.1, 692, 汪国真经典诗文
6021091, 8.8, 334, 反与正・婚礼集・夏天集
26873638, 9.2, 236, 活着本来单纯
23780549, 7.8, 979, 愿你的道路漫长
3033671, 7.5, 1476, 江湖有事
20375515, 8.2, 602, 重生：桑塔格日记与笔记1947～1963
2294982, 7.8, 972, 与陈丹青交谈
25886167, 8.6, 392, 武人琴音
10440147, 8.3, 530, 世间的名字
26318808, 7.5, 1443, 我的脖子让我很不爽
25852665, 7.6, 1249, 孤独的人都要吃饱
26761291, 9.0, 268, 人间草木
7051393, 7.6, 1234, 俗
25904933, 8.4, 470, 我的母亲手记
1615235, 8.2, 583, 蒙田随笔
3633987, 8.1, 650, 书趣
3316179, 8.1, 643, 人在故乡为异客
5419486, 8.9, 286, 缘缘堂随笔
4841292, 7.3, 1870, 十方一念
25799286, 8.2, 569, 博尔赫斯的面孔
1038703, 7.7, 1047, 音乐影响了我的写作
5935620, 7.9, 797, 青玉案
2250146, 8.1, 626, 书时光
11613687, 7.5, 1331, 我是爬行者小江
3451827, 8.2, 547, 旅人
19912127, 7.7, 997, 文茜的百年驿站
23116260, 8.2, 543, 其实，大家都想做菜
22264311, 8.3, 486, 无声无光集
1871590, 7.1, 2437, 爱你就像爱生病
3004379, 8.7, 324, 丰子恺散文
10541710, 8.9, 270, 老头儿汪曾祺
3303213, 7.1, 2407, 让我去那花花世界
6047961, 8.2, 534, 天涯海角
25871638, 7.7, 976, 品味四讲
6558047, 7.9, 756, 胡吃乱想
25887839, 8.1, 596, 历史在你我身边
7916066, 7.6, 1109, 欲爱书
1198520, 8.5, 383, 北方人的巴赫
3686287, 7.8, 839, 梦的1/4旅行
3822989, 8.1, 584, 旧时风物
26708780, 7.8, 837, 非洲三万里
1161387, 8.7, 315, 无梦楼随笔
5906080, 7.6, 1087, 阿嬷，我回来了
3995798, 8.4, 421, 讲故事的人
25827812, 7.5, 1243, 我这个普通人的生活
20452319, 8.0, 650, 让“死”活下去
23134220, 8.2, 513, 上课记2
1071270, 8.2, 511, 酸甜苦辣咸
1870381, 8.4, 412, 闲情偶拾
7175432, 8.9, 256, 张枣随笔选
24754564, 7.9, 710, 葬我以风
26672748, 8.9, 254, 山居杂忆（插图精装版）
1890742, 7.7, 911, 东写西读
5939300, 7.3, 1596, 垃圾筐电影院
4191531, 7.5, 1188, 工作颂歌
4149376, 8.0, 624, 朝闻道集
1970933, 8.4, 403, 伦敦的叫卖声
26274801, 7.5, 1180, 沉默也会歌唱
1937814, 8.0, 619, 说来话儿长
1967806, 9.3, 181, 穆旦诗文集（全二卷）
6109582, 8.1, 550, 走不出的风景
10466455, 7.3, 1572, 不必读书目
20383606, 8.0, 613, 中国文脉
25912887, 6.8, 3675, 练习一个人
1483001, 9.0, 228, 大自然的日历
25804649, 7.4, 1336, 无知的游历
10794793, 9.1, 209, 彩云聚散
5333596, 7.4, 1327, 我们的她们
10517247, 8.5, 353, 在新疆
25958626, 7.9, 676, 橄榄成渣
25660221, 7.6, 986, 代表作和被代表作
24380058, 7.6, 981, 读书年代
26313575, 8.2, 468, 各自爱
1048177, 8.0, 584, 董桥散文
25908110, 8.5, 343, 诗人的迟缓
11586903, 7.9, 656, 夏目漱石的百合
24716171, 8.6, 311, 沉默的大多数
3289827, 7.4, 1268, 关于岁月的隐秘情事
10607712, 8.0, 581, 迷人的谎言
4583113, 6.8, 3428, 四手联弹
6059783, 7.3, 1468, 你好，小确幸
24860561, 7.4, 1264, 且以永日
5942644, 8.6, 310, 武藏野
26679240, 7.6, 952, 槽边往事
3542066, 8.1, 516, 冷记忆2
10455864, 7.3, 1456, 知情识趣
1012221, 8.2, 460, 浮生三记
3999563, 8.5, 338, 野果
6731445, 7.9, 643, 巴黎，很烦人
1781525, 7.7, 824, 殡葬人手记
14449069, 8.0, 567, 春在绿芜中
25843055, 9.1, 196, 花花朵朵坛坛罐罐
1875187, 8.5, 330, 微晕的树林
26215044, 7.4, 1207, 我们台湾这些年2
26388796, 8.0, 556, 人间卧底
26802388, 7.6, 908, 自在独行
4256223, 7.8, 691, 西班牙主题变奏
4179200, 8.1, 486, 看图识字
4267093, 9.1, 190, 梁遇春散文
10531023, 7.6, 889, 午后四时的啤酒
6711774, 7.8, 685, 出神
19935578, 8.1, 482, 旧日红
25886896, 7.4, 1163, 关键词
7057187, 9.4, 150, 陶庵梦忆
3316185, 8.0, 537, 失落的大陆
1073378, 8.6, 288, 北京乎（上下）
25804642, 7.5, 1000, 谈话的泥沼
3773194, 9.0, 203, 周作人散文全集
7007774, 7.7, 766, 没有意义就没有摇摆
24872489, 8.1, 476, 小鸟在天空消失的日子
2368338, 8.6, 286, 遥远的房屋
1040673, 8.2, 425, 笑忘书
3771868, 8.2, 425, 印度札记
7916067, 7.6, 866, 忘言书
4742948, 8.4, 346, 缝熊志
4766916, 8.6, 285, 爱默生随笔
24700924, 8.3, 377, 细数那些叫思念的羊
3574690, 7.6, 851, 小导演失业日记
25793386, 8.8, 235, 扯经
10512240, 7.9, 583, 燕巢与花事
26646456, 8.1, 463, 无尽绿
3071714, 7.9, 577, 饮膳札记
6109435, 8.1, 458, 《读书》十年
2310647, 7.3, 1267, 先上讣告后上天堂
6431238, 6.9, 2422, 一个人私奔
25910582, 8.0, 508, 成长，请带上这封信
10491606, 7.1, 1705, 寂寞带我去散步
26883447, 9.3, 153, 在人群中消失的日子
1426475, 8.7, 247, 芥末居杂记
24849840, 8.0, 497, 静默有时，倾诉有时
2075391, 7.2, 1429, 那些不值钱的经验
1812843, 7.7, 710, 在中国屏风上
25818124, 8.2, 399, 翡翠岛编年
1754676, 8.1, 438, 赭城
3838150, 8.3, 354, 我目光下的你
3802538, 8.6, 265, 四方食事
26864773, 8.7, 242, 任你行
3920235, 7.4, 1038, 等待香港
26662051, 8.1, 434, 我说的不一定对
25727153, 9.2, 160, 永玉六记・珍藏版
1117965, 9.0, 187, 伍尔芙随笔全集（共四册）
3651646, 7.9, 542, 精神明亮的人
26357269, 7.2, 1383, 京都山居生活
7916068, 7.6, 784, 路上书
6021094, 7.9, 538, 喜乐京都
1320797, 8.3, 347, 毕淑敏作品精选
25828868, 7.5, 884, 快活馋
5269117, 8.8, 217, 现实即弯路
26576518, 7.0, 1860, 我的晃荡的青春
2221690, 9.5, 126, 晚饭花集
25874670, 8.3, 341, 大地上的事情
26663951, 7.8, 588, 唧唧复唧唧
25901703, 8.1, 416, 只有时间不会撒谎
3627948, 8.4, 304, 持灯的使者
3768297, 7.1, 1521, 乱来
1434097, 8.4, 302, 王朝女性日记
24743163, 7.3, 1117, 世界将我包围
10875994, 8.2, 367, 温泉疗养客
6391201, 7.8, 571, 二十二岁之前
6972440, 8.1, 406, 老饕续笔
25887874, 7.7, 642, 惜别
1950196, 9.3, 140, 汪曾祺作品自选集
2998520, 8.0, 449, 论小丑
26747206, 8.7, 224, 人生忽如寄
3572739, 8.3, 325, 冷记忆5
4922253, 7.9, 495, 历史：何以至此
26338071, 7.5, 813, 新闻的骚动
26263052, 7.9, 494, 毫无必要的热情
1426817, 8.3, 322, 陌生人日记
7154299, 7.7, 626, 东榔头
6844364, 8.2, 352, 人生一瞬
1546197, 8.4, 288, 记忆像铁轨一样长
19976775, 7.5, 797, 死城漫游指南
23778103, 9.2, 146, 木心作品二辑五种
3647886, 8.6, 236, 管风琴・看听读
24720088, 7.4, 899, 见好
19961797, 7.5, 783, 少年台湾
26737694, 8.0, 424, 西风东土
3139786, 9.0, 167, 桃]
2360092, 8.4, 281, 替人读书
10601552, 7.2, 1185, 例外
3160835, 7.9, 473, 从街角数起的第二棵树
5401958, 7.2, 1182, 九万字
5407722, 7.3, 1019, 世间所有相遇都是久别重逢
26282087, 7.8, 530, 把所有失眠的夜都给你
26711101, 8.2, 341, “边缘人”纪事
26848146, 7.8, 524, 民国太太的厨房
5341156, 7.7, 586, 美的曙光
4282052, 7.7, 584, 传说
26914640, 9.6, 106, 你配得上更好的人生
19948593, 8.0, 411, 表演与偷窥
5908164, 8.6, 227, 自己的园地
1499645, 9.5, 113, Essays of E. B. White
1411023, 8.3, 300, 独居日记
6000646, 8.5, 247, 夜读抄
10825459, 8.1, 359, 东京记
23765239, 8.2, 323, 世界停在我吻你的时候
19970056, 8.1, 357, 江南
6097374, 8.1, 356, 橄煜
1010499, 8.6, 217, 龙坡杂文
1058098, 8.0, 386, 张小娴作品集
3432870, 7.5, 700, 日下书
10607551, 7.8, 483, 一个园丁的一年
25886895, 7.0, 1433, 如何成为一个妖孽
10438850, 8.6, 212, 古典的回声
25820165, 8.6, 212, 田园之秋
25800339, 7.6, 602, 唐诗风物志
4934667, 7.3, 897, 一生只为这一天
4208773, 7.9, 421, 伦敦画记
25961455, 8.4, 251, 重读
25976633, 8.0, 373, 我自己的陌生人
10574080, 8.6, 207, 不够知己
10554294, 8.4, 247, 英华沉浮录 1
7916062, 8.0, 368, 白描
5947457, 8.8, 173, 虚实之间
3162221, 8.2, 297, 夜晚的书斋
20431859, 8.4, 244, 我的山居动物同伴们
10748702, 8.8, 172, 宁静乐园
3858961, 7.3, 858, 蔡澜眼中的八婆与美女
1547521, 8.6, 203, 西湖梦寻
10608218, 7.7, 504, 价值的理由
4258803, 8.2, 291, 一个人的城堡
6727813, 8.1, 321, 尘世的梦浮桥
1020930, 8.6, 200, 苦茶随笔
1228011, 8.0, 356, 知堂谈吃
26331783, 7.7, 499, 宋家客厅
1397886, 8.3, 262, 西游记与中国古代政治
3519776, 8.4, 238, 留白
24870163, 7.6, 556, 万物皆有伤心处
26899220, 9.0, 142, 生活，是很好玩的
26787813, 8.4, 234, 纸上染了蓝
26849123, 9.1, 131, 厚积落叶听雨声
10793304, 8.1, 310, 读书的“风景”
1474793, 8.9, 151, 王鼎钧散文
4908970, 7.4, 693, 风格练习
3406848, 7.6, 532, 终极美味
5914495, 8.0, 337, 兰台万卷
3535331, 8.7, 174, 食经
6429287, 7.0, 1205, 独立书店，你好！
26315075, 7.3, 770, 岛屿来信
21965475, 7.1, 1026, 爱上几个人渣
10456975, 8.4, 221, 刀下留人
1980691, 8.0, 323, 四季随笔
4247648, 9.2, 114, 最后的浪漫主义者
4290387, 7.5, 568, 茶当酒集
3643266, 7.6, 498, 阅读的至乐
5942643, 7.9, 348, 人文・民主・思想
4044131, 7.3, 714, 嘲骚
1597381, 8.8, 149, 自然与人生
5407368, 8.0, 307, 古典之殇
7916063, 7.8, 381, 绝色
4925124, 7.7, 427, 灰屋顶的巴黎
22015881, 7.4, 616, 7749
6963451, 8.4, 207, 难忘的书与插图
5910921, 6.8, 1501, 坦白说，亲爱的
26894367, 8.6, 172, 尘土
20462955, 7.7, 419, 此时众生
6971752, 7.2, 794, 对照记@1963
3273147, 7.8, 367, 松尾芭蕉散文
4045081, 7.7, 410, 美利坚物语
25893943, 8.5, 183, 和王世襄先生在一起的日子
26841113, 9.2, 106, 岁月沧桑
1011010, 8.8, 142, 鹤林玉露
6510146, 7.7, 404, 梅酒香螺嘬嘬菜
25755752, 8.4, 196, 监狱琐记
4621224, 9.2, 104, 英国散文精选
26595964, 7.2, 740, 当一切在我们周围暗下来
1399714, 8.8, 138, 英伦独语
25780158, 8.1, 254, 鸟儿歌唱
25844486, 7.5, 493, 我的旅行哲学
4236926, 8.0, 277, 的里雅斯特
2031348, 7.8, 342, 书与你
26693234, 8.5, 173, 心有欢喜过生活
5299805, 7.9, 303, 写意巴洛克
10867359, 8.3, 203, 考工记
26253714, 7.9, 300, 在西伯利亚森林中
6973686, 8.9, 122, 花园
20453483, 8.3, 198, 塞万提斯的未婚妻
4934337, 7.0, 897, 最爱的男子
26348734, 8.4, 177, 听客溪的朝圣
10782031, 8.9, 118, 胡适的理想国
25805200, 7.6, 394, 草色连云
19975637, 7.5, 438, 如果在巴黎，一个旅人
1073544, 8.1, 228, 醒来的森林
24838970, 6.9, 992, 无聊的魅力
26281730, 7.9, 276, 南华录
26291216, 6.5, 1960, 我们生活在巨大的差距里
24754142, 7.6, 381, 柔软的距离
20444861, 8.4, 169, 始有集
1746182, 8.8, 122, 龙应台杂文精品
19964958, 8.5, 155, 周作人俞平伯往来通信集
26476959, 8.2, 200, 我青春漫游的时代
10530163, 7.5, 419, 你的，大大的坏
26373145, 7.4, 472, 耳朵借我
4238189, 7.7, 329, 冲绳札记
10563327, 7.3, 532, 人生中最美妙的事都是免费的
26430928, 7.4, 466, 如何独处
5388848, 7.9, 263, 簪花的少年郎
26682087, 7.2, 603, 借山而居
26148097, 7.3, 524, 不知死，焉知生
26253701, 8.6, 137, 船夫日记
26301626, 7.6, 358, 谢谢你
26220133, 7.2, 589, 把时间浪费在美好的事物上
20458907, 7.5, 400, 书淫艳异录（全二册）
24852365, 7.8, 284, 天涯晚笛
7163123, 7.8, 283, 哀痛日记
5999408, 7.5, 396, 茶可道
26281185, 7.9, 253, 因为梦见你离开
11504802, 9.2, 86, 众声
4760870, 7.4, 438, 如何煮狼
4913076, 8.0, 223, 书生活
4857048, 8.1, 202, 幸福散论
19977960, 8.2, 184, 草木一村
1025384, 8.1, 201, 墓中回忆录
26359009, 6.5, 1664, 和喜欢的一切在一起
19967325, 8.5, 140, 读书随感
6889524, 7.3, 477, 慢漫京都
26365688, 7.9, 240, 沈从文与我
1395772, 8.7, 118, 契诃夫手记
5360705, 8.0, 216, 东居闲话
3390246, 8.5, 138, 穆齐尔散文
3438645, 7.6, 327, 靠窗的位子
4155336, 8.4, 149, 读史的智慧
26864237, 8.6, 126, 爱欲与哀矜
26437752, 6.8, 952, 灯下尘
26309123, 7.0, 684, 近在远方
5907541, 7.9, 229, 拾贝集
10568346, 7.4, 397, 孤独的大多数
25903857, 8.1, 186, 大书特书
19912140, 7.0, 666, 读书毁了我
25709123, 6.9, 770, 回忆是一种淡淡的痛
26728018, 6.7, 1047, 你所谓的稳定，不过是在浪费生命
26842329, 9.3, 73, 瞬：_歌~P
25732271, 8.4, 140, 为众生的悲心
1268594, 8.4, 139, 旅行人信札
4256701, 8.4, 139, 悲欣交集
19967508, 6.7, 1014, 我开始轻视语言
25843439, 7.9, 217, 听水读抄
10544783, 7.0, 635, 草木的理想国
3037383, 7.6, 297, 人间世
3926699, 7.2, 482, 情色之花
26394207, 8.0, 196, 给孩子的散文
25703280, 8.5, 126, 游金梦
25774256, 7.2, 480, 肥肉
25969353, 8.9, 92, 天鹅之死
25849532, 8.0, 191, 闲暇处才是生活
20272103, 7.3, 410, 旧时光的味道
25799743, 7.8, 230, 藤花抄
20476687, 7.4, 357, 思凡
5344894, 8.5, 119, 古典的草根
10571606, 7.7, 247, 物中看画
25912807, 7.9, 200, 和服之韵
25740175, 8.2, 151, 奇来前书
25907098, 8.0, 181, 采绿
26658076, 8.3, 138, 咸也好，淡也好
25816576, 7.6, 271, 流浪者的乡愁
24732976, 7.1, 495, 品味
26586174, 8.1, 163, 万物停止生长时
26363718, 8.5, 116, 谁在银闪闪的地方，等你
26662988, 8.2, 148, 我明白你会来，所以我等
26577701, 8.0, 176, 我的美的世界
26791269, 8.9, 85, 请你种下这本诗集
26304071, 8.1, 160, 京都人生
5914514, 7.5, 291, 假装读过
10618568, 8.8, 90, 蜗耕集
25909313, 7.3, 365, 阳光猛烈，万物显形
25729410, 8.1, 157, 京范儿
3572745, 7.6, 256, 作家看人
10541076, 8.5, 110, 低吟的荒野
26133987, 6.7, 824, 云去云来
25961836, 8.4, 119, 人只会老，不会死
1039878, 9.2, 67, 顾随全集
26767595, 8.1, 153, 云物如故乡
26278884, 8.4, 118, 文化不是味精
11577428, 7.5, 278, 腰斩哪吒
26335158, 7.0, 516, 不过，一场生活
1073518, 8.3, 127, 帝京景物略
25864840, 7.7, 222, 且借纸遁
24719014, 7.6, 246, 中国有多特殊
19954823, 7.9, 181, 明朝没有沈万三
4733799, 9.2, 66, 英国散文名篇欣赏(第2版)
26588107, 7.4, 306, 只有大众
1276333, 9.2, 64, 太阳升起以后
26597462, 8.3, 122, 失书记?得书记
26677405, 8.0, 157, 老灵魂
20379949, 7.2, 371, 最后的闺秀
19948615, 8.0, 156, 文艺的，过于文艺的
25943103, 7.1, 418, 温暖灵魂的味道
10741328, 8.2, 130, 乐在工作
26653018, 7.5, 254, 一切终将远去
7564081, 8.8, 81, 人类学
20375538, 8.4, 109, 浪游之歌
20435400, 8.4, 108, 坐待天明
1972077, 7.3, 312, 王安忆读书笔记
25799696, 7.8, 181, 寻味中国
26697279, 7.7, 200, 观复猫
26369862, 8.1, 136, 浮光
26778180, 8.7, 84, 丰子恺 : 无宠不惊过一生
3289287, 7.9, 161, 语文闲谈
26340273, 6.8, 588, 我们这个时代的怕和爱
26593509, 7.6, 216, 酒友 饭友
25937456, 7.3, 302, 我的九十九次死亡
1759001, 8.9, 72, 老北京的生活
10736312, 7.8, 174, 白日做梦有理
26685366, 8.0, 144, 波西米亚楼
25930692, 7.6, 211, 吃货辞典
4274470, 6.9, 492, 美味方丈记
6811306, 9.0, 66, 意有未M
26281820, 8.0, 140, 人物速写
25910223, 8.8, 74, 自然与人生
25944419, 7.3, 284, 大地上所有的河流
10354912, 6.9, 473, 吹绉一池春水
26352276, 8.4, 98, 重访加勒比
26730678, 7.9, 149, 我不过无比正确的生活
25987045, 7.5, 221, 在全世界迷路
26895144, 9.5, 47, 你才是自己的过来人
1409894, 8.1, 123, 故都的秋
25750940, 8.3, 103, 想乐
25890645, 7.5, 216, 脸之书
26726972, 8.5, 88, 人生最美是清欢
26108431, 8.1, 121, 世界是我念过最好的大学
20428807, 8.2, 110, 低处盛开
10491690, 6.7, 587, 文艺犯
24733398, 8.6, 80, 美语新诠：谋杀英文
25812290, 8.0, 129, 依然如旧的月色
26320427, 7.8, 153, 在天涯
25844640, 7.0, 374, 如何处理仇人的骨灰
1572548, 8.1, 115, 姑苏食话
25859178, 8.0, 124, 人间有戏
26183300, 6.9, 410, 跟法国女人学雅致
25931205, 7.9, 133, 雨中百合般的爱情
20258511, 7.8, 145, 留学时代
25951606, 7.9, 132, 嫉俗
25871619, 8.3, 94, 作文十九问
26709057, 7.9, 131, 那些被我们辜负的人
4314407, 8.4, 86, 台郴ú
25895511, 8.1, 108, 禅定荒野
3701107, 8.9, 60, 留住一切H鄣
25932093, 8.0, 117, 小园即事
25873393, 8.3, 91, 肖像与观察
24884783, 7.7, 153, 性学五章
6979779, 7.8, 138, 牛人的物种起源
25836271, 7.4, 204, 小妹
25873058, 8.2, 95, 文学种子
26700446, 9.1, 51, 古典的回声（二集）
25986624, 8.5, 75, 幽僻处可有人行？
25839850, 7.8, 132, 继续走，继续失去的青春
21321793, 7.5, 175, 波特哈根海岸
26845275, 8.4, 79, 梦想会证明一切
26390011, 8.2, 91, 伍尔夫读书笔记
4813635, 8.0, 107, 杀人石猜想
26644964, 8.3, 84, 耶鲁文学小历史
26689720, 8.7, 63, 好姑娘向暖而生
26882312, 9.2, 45, 我有一切的美妙
26808156, 9.3, 42, 你可以活成自己喜欢的模样
26303967, 8.0, 101, 康拉德的黑暗我的黑暗
25839990, 7.3, 196, 太宰治的脸
26832527, 8.7, 59, 小王子的I悟
11614503, 9.4, 39, 20世纪中外散文经典
26278431, 8.2, 84, 脱腔
4842955, 8.6, 62, 如是我闻
26582858, 7.3, 189, 京都里山四季
25909086, 7.7, 125, 第一口啤酒
19964713, 9.0, 47, 含英咀华
26425946, 7.5, 149, 用细节把日子过成诗
19987029, 9.1, 44, 朱光潜美的人生
25746547, 6.1, 1028, 不为遇见，只为远方
26704405, 8.4, 68, 树敌
26728849, 7.7, 120, 我在时间尽头等你
3771879, 7.5, 143, 巴塔哥尼亚高原上
26269501, 7.4, 158, 你配得起更好
24872415, 8.3, 71, 简单的思想
26303206, 7.4, 155, 今天也谢谢招待了
26791405, 7.6, 127, 八百万种走法
6068580, 9.1, 42, 周作人自编集第一辑（简淡生活・性情文章）
26879048, 9.1, 42, 京料理
26646314, 7.3, 169, 今天也要好好吃饭
26791612, 7.8, 104, 有时
26183866, 8.0, 87, 自私书
6727861, 8.2, 74, 7749：四十九我^／^／想^的作
25752971, 7.4, 148, 烟云过眼
25778085, 8.6, 55, 夜望
26617174, 8.1, 78, 大刀阔斧绣花针
26680362, 8.3, 67, 我们误解了这个世界
26786630, 8.2, 71, 采葑小集
25805041, 7.6, 115, 革命时代的士大夫
4201181, 7.8, 96, 空钓寒江
26729891, 8.8, 46, 踮起脚尖，只为离世界更近一点
26769559, 8.0, 80, 心若淡定，便是优雅
5392294, 8.4, 58, 阅读不死
25869902, 7.6, 109, 钓客清话
26393369, 7.2, 160, 我书架上的神明
25885764, 7.4, 128, 当我放过自己的时候
26393373, 7.7, 96, 世间所有的寂静 此刻都在这里
26597968, 7.3, 139, 在薄情的世界里深情地活着
26673003, 8.6, 48, 谁不是一边受伤，一边学会成长
25918656, 8.0, 72, 我的花园、我的城市和我
25835801, 7.5, 110, 1933，聆听民国
26644804, 7.8, 84, 在世界遗忘你之前
25915944, 9.0, 37, 人生三书
25854086, 9.2, 33, 宋人轶事汇编
26295628, 6.9, 203, 青春若有张不老的脸
25660774, 9.5, 28, 问题与主义
1009981, 8.1, 64, 永嘉室杂文
26578129, 7.9, 74, 何有此生
25740177, 8.2, 58, 奇来后书
26433664, 8.2, 57, 剧院里最好的座位
26595343, 7.4, 110, 江湖老友
25875911, 8.0, 64, 雪日
26584283, 7.6, 88, 饿童时代
26760360, 6.6, 256, 轻描淡写
26421278, 7.3, 114, 全球蔬菜纪行
26140526, 6.2, 466, 你值得拥有最好的一切
1955325, 8.3, 50, 休谟散文集
26898387, 8.3, 50, 虚伪的真心话
26286113, 7.6, 85, 心事如山
25986829, 9.2, 29, 威廉・夏伊勒的二十世纪之旅
26803916, 7.8, 70, 苏州慢（精装水墨版）
26292968, 7.7, 72, 写真的思考
26357636, 7.7, 71, 昼行灯闲话
25900302, 7.4, 92, 农民何谓
26602535, 8.0, 55, 野草离离
26388373, 8.2, 47, 荒野之境
26720709, 7.0, 113, 恋物物语
26498041, 7.3, 84, 雨滴在卡夫卡墓碑上
26752665, 6.4, 230, 一些无可厚非的小事
26820250, 8.3, 38, 《掌故》第一集
26828061, 8.9, 26, 遗忘在乡下的植物
26774944, 7.3, 76, 古书之爱
6729220, 8.2, 38, 纵心所欲
26208383, 6.7, 138, 我的世界很小，但刚刚好
26772461, 6.4, 195, 我们为什么总是看错人
26851659, 7.1, 85, 小山河
26530257, 8.7, 27, 湘行散记
26587464, 6.6, 144, 故宫营造
26919685, 8.4, 31, 365日
26663783, 7.5, 57, 紫霞-神经志
26667254, 7.7, 48, 往书记
26791574, 8.6, 27, 再见，我思念如初的人
20270240, 6.4, 165, 他还未来你怎敢老去
26803921, 7.9, 38, 味言道（精装水墨版）
26816075, 6.9, 86, 皇帝的影子有多长
26577403, 7.1, 69, 你心柔软，却有力量
25977954, 7.6, 44, 那可不行哦
26796729, 5.9, 276, 可以不可以
26883476, 8.6, 21, 汪曾祺书信集
26677846, 9.0, 17, 有味是清欢：美食小品赏读
26803878, 7.5, 33, 茶墨相（精装水墨版）
26757864, 7.8, 26, 百年旧痕
26907493, 8.3, 19, 种满院植物，安守四季阳光
26864412, 7.3, 34, 有点意思
26253239, 8.6, 16, 私读001
26901043, 8.2, 19, 那些书和那些人
26765530, 7.9, 19, 张充和诗文集
26864818, 7.7, 21, 以蓄满泪水的双眼为耳
26803898, 7.6, 22, 懒糊窗（精装水墨版）
26672856, 7.8, 18, 寻海记
26874279, 7.4, 19, 小英国，大伦敦
26854048, 7.5, 17, 故人故事
26842777, 7.4, 18, 古迹
26868661, 7.6, 16, 鲁迅遗风录
26708650, 7.8, 13, 纸上民国
26912425, 7.9, 12, 书海扬z录
26612260, 7.4, 14, 哈佛读书札记
