2017-01-23 16:17:59
Tag: 文学
The number of books: 984 

ID, rating, votes, title
1007305, 9.5, 112836, 红楼梦
1084336, 9.0, 211662, 小王子
1770782, 8.8, 249131, 追风筝的人
1008145, 8.9, 179787, 围城
1082154, 9.1, 120271, 活着
6082808, 9.2, 94465, 百年孤独
1068920, 9.3, 73331, 飘（上下）
1200840, 9.0, 93937, 平凡的世界（全三部）
25862578, 8.6, 170096, 解忧杂货店
1019568, 9.2, 52627, 三国演义（全二册）
1255625, 9.1, 53449, 天龙八部
1083428, 8.8, 80347, 傲慢与偏见
1361264, 9.0, 53549, 撒哈拉的故事
1017143, 8.5, 130059, 不能承受的生命之轻
1858513, 8.9, 61728, 月亮和六便士
4820710, 9.3, 28313, 1984
10594787, 8.9, 50329, 霍乱时期的爱情
1141406, 8.5, 101753, 简爱
1085860, 8.9, 48464, 基督山伯爵
1046209, 9.1, 34465, 安徒生童话故事集
2035179, 9.2, 28201, 动物农场
1089243, 8.8, 52486, 黄金时代
1054685, 9.0, 36692, 沉默的大多数
1090043, 8.5, 83128, 倾城之恋
1023045, 8.6, 68685, 我们仨
1029791, 8.7, 56403, 许三观卖血记
1082387, 9.2, 24011, 一九八四・动物农场
1057244, 8.6, 63999, 边城
3369793, 8.7, 50257, 亲爱的安德烈
6388661, 8.8, 41042, 这些人，那些事
1046265, 8.0, 178832, 挪威的森林
1045818, 8.5, 59208, 苏菲的世界
1449351, 8.8, 34612, 呐喊
1029111, 8.9, 29019, 哭泣的骆驼
2154960, 8.7, 38703, 一个陌生女人的来信
3608208, 8.6, 45508, 牧羊少年奇幻之旅
1080370, 8.6, 45106, 情书
2035162, 9.0, 22458, 刀锋
4742918, 8.3, 73878, 1Q84 BOOK 1
1205054, 8.9, 25773, 悲惨世界（上中下）
1022060, 8.3, 73024, 狼图腾
3071717, 8.8, 29736, 爱你就像爱生命
20440644, 9.2, 15332, 文学回忆录（全2册）
4908885, 9.0, 20141, 局外人
1119522, 8.4, 54431, 呼啸山庄
1003000, 8.4, 54117, 悟空传
1082334, 8.3, 64828, 穆斯林的葬礼
1863930, 8.8, 25334, 看不见的城市
1254588, 8.9, 21362, 城南旧事
1767945, 8.8, 24809, 一只特立独行的猪
4207781, 8.8, 24720, 孩子你慢慢来
1883245, 9.4, 10246, 诗经
1058661, 8.8, 24327, 飞鸟集
4885241, 8.4, 47386, 1Q84 BOOK 2
1963684, 8.6, 32865, 半生缘
1401425, 8.3, 56207, 兄弟（上）
1014578, 9.0, 17247, 我的精神家园
1400705, 8.1, 79107, 情人
5275059, 7.9, 116935, 1988：我想和这个世界谈谈
1086249, 8.6, 30344, 荆棘鸟
1209899, 9.0, 15754, 我与地坛
1064275, 8.3, 50343, 老人与海
1051193, 8.6, 28496, 麦琪的礼物
1088065, 8.6, 28211, 阿Q正传
1011754, 8.9, 17167, 海子的诗
1203426, 9.0, 14290, 人间词话
1092335, 8.9, 16050, 教父
1014278, 8.4, 36419, 红玫瑰与白玫瑰
1529893, 8.0, 76604, 莲花
1013267, 9.3, 8689, 唐诗三百首
1029553, 8.7, 20404, 西游记（全二册）
1059419, 8.1, 58699, 海边的卡夫卡
1119839, 9.1, 11030, 王尔德童话
1024197, 8.3, 39272, 巴黎圣母院
3017857, 8.5, 26913, 金锁记
1292416, 8.5, 26416, 香水
1018577, 8.9, 13767, 霸王别姬 青蛇
2209098, 7.9, 78849, 致我们终将逝去的青春
1088581, 8.9, 13437, 浮生六记
26698660, 9.0, 11392, 巨人的陨落
1291809, 8.5, 24104, 世界尽头与冷酷仙境
3406401, 9.0, 11014, 悉达多
1080309, 8.4, 28162, 尘埃落定
4011670, 8.3, 33441, 人间失格
4187411, 8.8, 14419, 万物有灵且美
2035171, 9.0, 10720, 人生的枷锁
1449352, 8.6, 19661, 朝花夕拾
1398395, 8.6, 19337, 狂人日记
1008988, 8.3, 32000, 了不起的盖茨比
1424741, 8.5, 22340, 心是孤独的猎手
1013380, 8.1, 45178, 茶花女
1159939, 8.5, 21886, 一个陌生女子的来信
1060852, 8.8, 13429, 呼兰河传
1391191, 8.5, 21465, 京华烟云
6397275, 9.0, 9832, 此生未完成
1014561, 9.0, 9768, 古文观止
3369600, 8.1, 42015, 当我谈跑步时我谈些什么
1856494, 9.3, 6364, 卡拉马佐夫兄弟
25829693, 9.0, 9499, 永恒的终结
1205370, 8.1, 40988, 羊脂球
6781808, 9.2, 7072, 杀死一只知更鸟
26382433, 8.2, 32117, 无声告白
2136140, 8.7, 13759, 雨季不再来
6789605, 9.0, 8740, 树上的男爵
1033825, 8.7, 13512, 顾城的诗
1004992, 8.8, 11475, 张爱玲文集
4884218, 8.8, 11311, 我的阿勒泰
2008284, 8.7, 13142, 佐贺的超级阿嬷
1440972, 9.1, 7394, 博尔赫斯小说集
1963310, 8.2, 29820, 大地之灯
2056749, 8.1, 34509, 时间旅行者的妻子
3610681, 9.2, 6176, 海子诗全集
5337248, 8.9, 9252, 台北人
1043815, 8.2, 28041, 骆驼祥子
1050339, 7.8, 60678, 文化苦旅
1013225, 8.3, 23369, 生活在别处
1020961, 8.7, 12126, 棋王
1085883, 8.6, 14038, 青铜时代
1082518, 7.9, 48070, 麦田里的守望者
4124727, 8.1, 32657, 孤独六讲
3633461, 8.6, 13880, 一句顶一万句
1865089, 8.4, 19152, 瓦尔登湖
1418686, 8.6, 13592, 红拂夜奔
1083762, 8.7, 11552, 人类的群星闪耀时
1062343, 9.2, 5733, 昨日的世界
2068249, 9.0, 7477, 温柔的夜
1418180, 8.9, 8539, 思维的乐趣
1316648, 8.3, 21728, 查令十字街84号
1082349, 8.2, 25867, 长恨歌
4872671, 8.2, 24872, 佛祖在一号线
3136271, 8.6, 12523, 罗生门
1213546, 8.3, 20088, 变形记
1170801, 8.9, 7914, 泰戈尔诗集
1015452, 8.2, 22873, 国境以南 太阳以西
1065970, 7.8, 47964, 彼岸花
1856025, 8.9, 7263, 道连・葛雷的画像
1006197, 8.4, 15291, 哈姆莱特
10763902, 7.9, 36898, 偷影子的人
26425831, 8.8, 8130, 斯通纳
2250587, 7.6, 67389, 一个人的好天气
25733470, 8.3, 17608, 村上春树：没有色彩的多崎作和他的巡礼之年
1005521, 8.1, 24871, 伊豆的舞女
1794620, 7.8, 43149, 芒果街上的小屋
3311253, 9.0, 5985, 额尔古纳河右岸
3518332, 8.9, 6838, 绿毛水怪
3803820, 8.4, 14381, 人生
1052990, 8.9, 6794, 草房子
1066165, 9.3, 4024, 卡尔维诺文集（第三卷）
4881850, 9.0, 5900, 阿勒泰的角落
1465324, 7.7, 51334, 洛丽塔
1007433, 8.1, 23569, 红与黑
3578470, 9.0, 5793, 德米安
1186392, 8.7, 8786, 约翰・克利斯朵夫
1692648, 8.9, 6556, 一个人的村庄
24934182, 8.1, 22981, 一个人的朝圣
26340138, 7.7, 49753, 岛上书店
5269439, 8.4, 13767, 城门开
1039752, 7.8, 39421, 且听风吟
1026425, 7.4, 93052, 三重门
1082150, 8.3, 15684, 白银时代
3391248, 8.6, 9656, 金阁寺
1025753, 8.2, 18131, 妻妾成群
1915958, 9.2, 4168, 野草
3537590, 8.3, 15169, 朗读者
4011440, 8.0, 25441, 最初的爱情 最后的仪式
1016300, 7.2, 142955, 梦里花落知多少
1917972, 7.8, 37142, 在路上
3608235, 8.5, 10842, 失物之书
10560798, 8.7, 8034, 面纱
1254731, 8.8, 6878, 欧・亨利短篇小说选
1073349, 8.8, 6704, 写在人生边上 人生边上的边上 石语
20392523, 8.5, 10385, 没有人给他写信的上校
1431870, 9.1, 4472, 源泉
24382569, 8.6, 8875, 一桩事先张扬的凶杀案
1883991, 9.3, 3479, 王小波全集
1917078, 8.6, 8834, 风之影
1143694, 8.2, 16672, 动物凶猛
1022632, 8.7, 7495, 罪与罚
3642673, 8.0, 23117, 我执
2136484, 8.7, 7407, 如果在冬夜，一个旅人
1980436, 8.7, 7357, 流言
1082584, 8.6, 8475, 追忆似水年华 Ⅰ
11584574, 8.5, 9846, 万物静默如谜
1883353, 8.8, 6334, 野性的呼唤
1060117, 8.5, 9770, 不朽
1058679, 8.7, 7263, 人・兽・鬼
1442720, 9.4, 2945, 鲁迅全集（2005最新修订版）
1082138, 8.3, 13188, 在细雨中呼喊
2158684, 9.0, 4736, 象棋的故事
1005358, 9.2, 3662, 寻找家园
22714154, 8.7, 7070, 繁花
1792668, 8.5, 9461, 苏东坡传
1054917, 8.5, 9380, 沧浪之水
1752755, 8.6, 7987, 第九个寡妇
1427288, 8.4, 10829, 小妇人
1076654, 8.7, 6794, 孽子
1003986, 8.8, 5849, 病隙碎笔
1036613, 8.9, 5070, 茶馆
1021990, 9.2, 3458, 唐诗鉴赏辞典
10774752, 9.1, 3909, 毛姆短篇小说精选集
1321789, 8.5, 8938, 美丽新世界
4010969, 7.8, 29532, 当我们谈论爱情时我们在谈论什么
26278687, 7.8, 29108, 皮囊
1760432, 9.2, 3382, 受戒
6781794, 8.8, 5629, 过于喧嚣的孤独
1212080, 8.4, 10065, 奇鸟行状录
3544376, 9.1, 3677, 顾城的诗顾城的画
4714015, 9.0, 4135, 万物既伟大又渺小
3335362, 8.5, 8041, 大教堂
1418058, 9.1, 3527, 小径分岔的花园
3616310, 7.6, 38854, 小团圆
1007772, 8.2, 12741, 双城记
1073744, 9.0, 3977, 四世同堂（上下）
3597825, 8.6, 6848, 我的孤独是一座花园
1081422, 8.9, 4407, 卡夫卡小说全集（全三册）
1045352, 8.7, 5774, 二十首情诗与绝望的歌
5040220, 9.0, 3871, 蒋勋说红楼梦（第一辑）
1012637, 8.2, 12236, 牛虻
1061242, 8.8, 4978, 写在人生边上
1052828, 8.4, 8760, 玩笑
1791664, 8.8, 4890, 千江有水千江月
1949679, 8.7, 5592, 素履之往
20326626, 8.6, 6424, 少年Pi的奇幻漂流（插图珍藏版）
1072319, 8.5, 7350, 长腿叔叔
1078250, 8.2, 11723, 洗澡
24845582, 8.4, 8487, 群山回唱
1318126, 8.4, 8478, 雪国
3532347, 9.5, 2027, 金庸全集
3673771, 9.0, 3464, 项塔兰
1851385, 7.8, 21348, 我的名字叫红
2988943, 8.3, 9026, 青灯
4105446, 8.1, 12483, 十一种孤独
5502995, 7.6, 31194, 1Q84 BOOK 3
3266345, 8.1, 12347, 三杯茶
4313207, 8.5, 6576, 致D
1082578, 9.0, 3337, 理想国与哲人王
3194071, 8.6, 5665, 少年巴比伦
1253310, 8.9, 3763, 人间草木
25884880, 8.9, 3738, 我不知道该说什么，关于死亡还是爱情
5958726, 8.0, 14321, 质数的孤独
1016486, 8.3, 8586, 笑忘录
1026036, 8.6, 5480, 北岛诗歌集
1010472, 8.4, 7333, 安娜・卡列尼娜（上下）
1255288, 8.0, 13995, 复活
1774227, 9.6, 1621, 脂砚斋重评石头记庚辰校本
3014444, 8.7, 4667, 自深深处
25984204, 7.6, 28805, 乖，摸摸头
3673651, 7.7, 23637, 岛
1830445, 9.0, 3146, 阿城精选集
10555486, 8.7, 4627, 分成两半的子爵
6857344, 8.5, 6107, 夜莺与玫瑰
1062991, 8.4, 7072, 北京法源寺
4882023, 9.2, 2452, 万物既聪慧又奇妙
3821057, 8.6, 5267, 搏击俱乐部
1043485, 8.1, 11304, 檀香刑
3836566, 8.6, 5256, 玫瑰的名字
1400707, 8.1, 11232, 广岛之恋
3826899, 8.6, 5220, 布鲁克林有棵树
2212371, 9.0, 3034, 先知
6789551, 8.8, 3905, 不存在的骑士
3131626, 8.9, 3429, 荒原狼
4238144, 9.1, 2665, 岁朝清供
1458164, 8.3, 7890, 她是女子，我也是女子
3151990, 8.5, 5767, 达摩流浪者
1069059, 8.1, 10629, 雪国
20428302, 9.1, 2580, 失明症漫记
2161892, 8.5, 5579, 九故事
1064828, 8.4, 6454, 好笑的爱
1015584, 8.0, 12185, 看上去很美
5366382, 8.7, 4211, 夜航西飞
2165063, 9.2, 2256, 纳尔齐斯与歌尔德蒙
1400059, 8.7, 4189, 心
25752955, 9.0, 2840, 来自新世界 （上下）
3003477, 9.2, 2235, 虚构集
1049522, 8.8, 3636, 西西弗的神话
5333599, 8.2, 8605, 春天责备
1460313, 8.4, 6327, 哥伦比亚的倒影
2061644, 8.2, 8593, 伤心咖啡馆之歌
1005918, 7.9, 13997, 堂吉诃德
3987362, 8.8, 3578, 春雪
3389984, 8.6, 4666, 俗世奇人
3010130, 7.7, 19747, 悲观主义的花朵
1040397, 8.1, 9720, 假如给我三天光明
4149805, 8.5, 5267, 了不起的盖茨比
1015864, 9.0, 2669, 惶然录
1047138, 7.7, 18997, 少年维特的烦恼
1016429, 8.6, 4440, 毛姆读书随笔
1013469, 8.6, 4432, 战争与和平（全四册）
3899039, 8.1, 9325, 刺猬的优雅
1311280, 9.0, 2617, 灵魂的事
2036561, 8.4, 5803, 城堡
1147193, 9.0, 2595, 世说新语
10512236, 8.4, 5751, 时间的针脚
1856285, 7.3, 41300, 人生若只如初见
1859108, 8.8, 3265, 白痴
1092168, 9.1, 2256, 追忆似水年华（上下册）
21979017, 9.5, 1449, 魔戒
1049957, 8.6, 4237, 浮士德
1829614, 8.6, 4237, 琼美卡随想录
1438816, 9.1, 2227, 给青年诗人的信
3662230, 8.5, 4789, 七十年代
1465007, 8.2, 7459, 生死疲劳
1083089, 9.3, 1738, 博尔赫斯全集
26647054, 9.2, 1942, 小王子（纯美珍藏绘本）
3406518, 8.5, 4683, 追随她的旅程
1212469, 8.9, 2760, 荷马史诗・伊利亚特
1077492, 9.0, 2439, 大师和玛格丽特
4159088, 7.8, 14073, 理想的下午
20425053, 7.7, 16903, 我所理解的生活
4120475, 9.3, 1693, 加缪全集 （小说卷）
1818583, 9.1, 2101, 斯・茨威格中短篇小说选
1006113, 7.8, 13624, 源氏物语
1393724, 9.0, 2345, 楚辞
2042633, 9.0, 2338, 金蔷薇
5406559, 8.7, 3369, 鼠疫
1079252, 8.2, 6842, 爱情笔记
2146279, 9.0, 2307, 心灵的焦灼
26210487, 9.1, 2032, 强风吹拂
3013624, 9.0, 2279, 棋王.渫.孩子王
1085021, 8.2, 6693, 蝴蝶梦
2376336, 8.4, 4954, 未央歌
3339812, 9.3, 1599, 木心作品八种
4105411, 8.1, 7762, 第八日的蝉
3926717, 8.5, 4243, 雷蒙德・卡佛短篇小说自选集
10607710, 8.0, 9063, 世间的盐
1056023, 8.5, 4218, 鼠疫
1072316, 9.1, 1974, 古代汉语（第一册）
5423803, 8.2, 6530, 剑桥倚天屠龙史
1083435, 8.7, 3196, 契诃夫短篇小说选
5367304, 8.3, 5518, 城邦暴力团（上）
1063796, 8.6, 3608, 小说的艺术
3769738, 8.7, 3126, 万火归一
1083477, 7.8, 12243, 包法利夫人
3448867, 9.0, 2124, 采桑子
3259428, 8.5, 4007, 斜阳
4202422, 8.3, 5307, 云图
3880832, 8.2, 6159, 认得几个字
4143051, 8.6, 3424, 荆棘之城
4737325, 8.2, 6021, 维罗妮卡决定去死
3662594, 8.1, 6975, 荒人手记
2377012, 8.6, 3354, 聆听父亲
1034066, 9.1, 1804, 加缪文集
3075281, 8.6, 3328, 世界上所有的夜晚
1081144, 9.3, 1436, 古源
1165173, 8.8, 2553, 务虚笔记
1398441, 9.1, 1785, 汪曾祺散文
2302217, 8.8, 2537, 阿特拉斯耸耸肩（上下）
3888123, 8.6, 3217, 写作这回事
6811366, 8.3, 4859, 禅与摩托车维修艺术
10569619, 8.4, 4204, 自由
26672693, 9.0, 1943, 一个叫欧维的男人决定去死
1417385, 8.9, 2173, 博尔赫斯诗选
1872158, 8.2, 5574, 蝇王
1316606, 8.6, 3165, o奂o
1000856, 7.9, 8947, 我是猫
1451270, 9.2, 1526, 纪伯伦诗集
3643270, 9.1, 1703, 新千年文学备忘录
1456692, 8.5, 3570, 金瓶梅
1052074, 8.7, 2737, 喧哗与骚动
3129584, 8.8, 2409, 莎乐美
26704403, 9.0, 1883, 二手时间
3277199, 8.1, 6323, 多田便利屋
1055234, 8.5, 3518, 神曲（全三册）
5446490, 8.7, 2688, 宇宙奇趣全集
2042629, 8.7, 2687, 九三年
5288327, 8.3, 4630, 鸟，看见我了
3297888, 8.4, 4011, 云雀叫了一整天
4905854, 8.9, 2096, 将饮茶
1089049, 9.3, 1336, 莎士比亚全集（全8册）
1401795, 8.6, 3045, 时间的玫瑰
1433835, 9.1, 1652, The Elements of Style
2005705, 9.1, 1648, 唐宋词十七讲
3740431, 8.4, 3965, 灵魂只能独行
3003258, 9.2, 1473, 阿莱夫
5993314, 8.0, 7184, 安吉拉・卡特的精怪故事集
25735727, 8.2, 5239, 站在两个世界的边缘
1849791, 8.5, 3397, 铁皮鼓
1291199, 8.7, 2606, 过于喧嚣的孤独 底层的珍珠
3402999, 8.6, 2964, 到灯塔去
11528350, 8.8, 2298, 哈扎尔辞典（阳本）
3391246, 8.2, 5181, 潮骚
1874411, 8.5, 3339, 乞力马扎罗的雪
2214350, 8.4, 3795, 幻影书
2165076, 9.0, 1751, 玻璃球游戏
3391245, 8.4, 3715, 假面自白
5913472, 9.4, 1111, 蒋勋细说红楼梦
1444077, 9.2, 1366, 汪曾祺小说经典
1417878, 8.5, 3167, 里尔克诗选
11501640, 8.4, 3590, 柔软
5905348, 8.2, 4751, 笑谈大先生
6742586, 7.8, 8997, 我不是潘金莲
10768068, 8.4, 3551, 寻欢作乐
1064707, 8.7, 2389, 从卡夫卡到昆德拉
3842847, 8.6, 2709, 深河
3640067, 8.7, 2383, 革命之路
1050566, 8.0, 6409, 一地鸡毛
1491239, 8.5, 3077, 吾国与吾民
3831788, 8.0, 6366, 逃离
2073345, 8.7, 2355, 拜伦 雪莱 济慈 抒情诗精选集
4881998, 8.4, 3492, 猜火车
1939182, 8.0, 6320, 美国众神
1045365, 8.6, 2651, 恶之花
24736899, 8.0, 6203, 雪国
1009094, 8.6, 2607, 古都
6797396, 8.5, 2968, 焚舟纪
4732188, 8.1, 5235, 中央公园西路
1014144, 8.3, 3893, 大卫・科波菲尔（上下）
4151117, 8.5, 2919, 阴翳礼赞
1051714, 8.2, 4420, 等待戈多
1010349, 8.0, 5867, 丰乳肥臀
1317899, 8.1, 5010, 生死场
4908872, 8.6, 2450, 都柏林人
1469878, 8.6, 2445, 日瓦戈医生
1038196, 8.4, 3177, 尤利西斯
2295912, 8.9, 1687, 佩德罗・巴拉莫
4154988, 8.0, 5673, 纯真博物馆
10764013, 8.8, 1875, 克罗诺皮奥与法玛的故事
2251691, 8.7, 2117, 弗兰妮与祖伊
1076598, 8.7, 2105, 宋诗选注
1015403, 7.7, 9026, 今生今世
26628811, 8.7, 2070, 世上最美的溺水者
1088812, 8.3, 3478, 第二十二条军规
1038476, 8.7, 2055, 小说稗类
6712407, 8.9, 1619, 巴黎评论・作家访谈Ⅰ
1023000, 8.6, 2311, 常识与通识
1315844, 9.1, 1275, 古拉格群岛（上中下）
1457542, 9.2, 1145, 芥川龙之介全集
6864307, 7.4, 14986, 像我这样笨拙地生活
1041366, 9.3, 1016, 管锥编（全五册）
4175473, 8.6, 2199, 波斯少年
1073253, 8.8, 1719, 闲话闲说
20392525, 7.9, 5866, 枯枝败叶
3393056, 8.2, 3699, 流动的盛宴
3316438, 8.3, 3176, 孤独及其所创造的
4246979, 8.1, 4207, 窄门
2980471, 8.2, 3619, 赎罪
2254615, 8.9, 1472, 西线无战事
1059040, 8.6, 2102, 雅舍小品
5395162, 9.0, 1308, 天人五衰
10759466, 9.0, 1307, 地下室手记
1091904, 9.1, 1172, 丰饶之海（上下）
26357614, 9.0, 1300, 海风中失落的血色馈赠
1807769, 8.8, 1632, 假如你愿意你就恋爱吧
1768642, 9.2, 1048, 博尔赫斯短篇小说集
4245064, 8.5, 2356, 冷血
1002513, 9.2, 1039, 注析（全二裕
4882159, 7.6, 9095, 橘子不是唯一的水果
26309691, 8.3, 3021, 月光落在左手上
25924242, 8.9, 1400, 爱在黎明破晓前&amp;爱在日落黄昏时
1083883, 8.7, 1768, 席慕蓉经典作品
10607793, 8.5, 2256, 刀与星辰
20441569, 9.1, 1108, 被淹没和被拯救的
10473355, 8.6, 1968, 木麻黄树
1868698, 8.3, 2895, 为什么读经典
1200843, 8.1, 3845, 芙蓉镇
26657570, 9.0, 1210, 活着为了讲述
21460732, 8.3, 2846, 秒速五厘米
26265745, 8.2, 3269, 清明上河图密码
21692813, 7.6, 8438, 眠
3003466, 8.7, 1696, 恶棍列传
2228707, 8.9, 1343, 癌症楼
1181370, 9.3, 878, 文心雕龙注(上下)
1771464, 8.6, 1909, 微物之神
3018322, 7.6, 8324, 活着活着就老了
2062599, 8.4, 2433, 雪
21360827, 9.0, 1173, 朱生豪情书全集
6800379, 8.6, 1850, 2666
1067293, 8.5, 2093, 青春
25883305, 9.1, 1040, 阿拉伯的劳伦斯
26821461, 8.7, 1626, 北鸢
21346008, 8.5, 2080, 米格尔街
2160230, 8.5, 2053, 细雪
1015767, 8.0, 4098, 门萨的娼妓
2377241, 9.6, 628, 世f新Z{疏（全三裕
10877051, 9.0, 1129, 顾城哲思录
10764363, 9.2, 914, 是，大臣
1837654, 8.7, 1581, 审判
1174721, 8.4, 2279, 丧钟为谁而鸣
1036446, 8.9, 1244, 诗学
1807562, 9.2, 896, 加西亚・马尔克斯中短篇小说集
3228779, 8.7, 1542, 出埃及记
10519369, 9.4, 730, 万物生光辉
1119590, 8.0, 3904, 老残游记
1048173, 8.0, 3876, 忏悔录
1288913, 8.3, 2515, 半生为人
1088418, 9.0, 1082, 死屋手记
6937888, 8.5, 1936, 树犹如此
26642866, 8.4, 2175, 萤火虫小巷
21458706, 8.4, 2165, 出梁庄记
4247000, 9.0, 1061, 欲望号街车
1426852, 8.7, 1469, 叶芝诗集（上中下）
1051745, 8.7, 1465, 一个陌生女人的来信
3010128, 8.6, 1628, 剧院风情
26451351, 8.6, 1627, 爱情和其他魔鬼
26356948, 7.0, 22544, 摆渡人
26431326, 8.9, 1141, 所有我们看不见的光
3669671, 8.5, 1811, 我们在此相遇
1312558, 8.9, 1133, 文学讲稿
10746177, 8.5, 1806, 终结的感觉
26276924, 8.6, 1596, 梦中的欢快葬礼和十二个异乡故事
5336228, 8.7, 1414, 作家笔记
1982427, 9.0, 1011, 大明王朝1566
3866885, 8.5, 1798, 沉默
1468997, 8.6, 1580, 守望灯塔
25952961, 8.8, 1250, 博尔赫斯谈话录
25897707, 9.0, 1003, 沈从文的后半生
4919996, 8.7, 1399, 张枣的诗
26580084, 8.7, 1383, 烛烬
3345595, 8.5, 1754, 猫城记
10563555, 8.9, 1087, 恐惧
6527141, 8.2, 2526, 停车暂借问
1030554, 8.5, 1693, 恶心
10583075, 8.5, 1682, 英国病人
4621099, 8.3, 2173, 死于威尼斯
1961670, 9.2, 773, 叶嘉莹说汉魏六朝诗
1063401, 8.4, 1889, 精灵宝钻
1960035, 8.8, 1166, 盲刺客
3323311, 8.9, 1041, 从文自传
3649661, 8.7, 1300, 说吧，记忆
1760730, 8.3, 2123, 伍尔夫读书随笔
20433554, 9.2, 758, 关山夺路
11511232, 8.9, 1032, 大师的盛宴
3284547, 9.0, 915, 文心
25985126, 8.6, 1425, 迷宫中的将军
5321895, 8.3, 2068, 那些忧伤的年轻人
1022914, 9.1, 816, 谈艺录
4151134, 7.8, 4221, 只爱陌生人
26286208, 7.7, 4923, 没有女人的男人们
3783409, 8.7, 1243, 圣殿春秋（上）
25779593, 8.5, 1564, 马尔克斯：族长的秋天
1988414, 8.9, 985, 二十世纪西方文学理论
25808056, 8.1, 2591, 纸牌屋
25744944, 8.5, 1519, 既见君子
20501761, 8.2, 2213, 地球上最后的夜晚
2973335, 8.6, 1331, 微暗的火
26053771, 8.6, 1329, 小于一
1491630, 8.7, 1179, 小窗幽记
6529759, 9.4, 575, 水蛇腰
24715669, 8.9, 944, 少数派报告
1418711, 8.7, 1169, 中国现代小说史
4105444, 8.5, 1474, 复活节游行
2350407, 8.2, 2135, 寂静的春天
1077196, 8.6, 1290, 蒙田随笔全集（全三册）
26261735, 8.5, 1451, 编舟记
1430657, 9.3, 611, 卡夫卡全集（全10卷）
25957554, 8.0, 2782, 在不安的世界安静的活
5348044, 8.0, 2759, 敦煌
26300508, 8.7, 1122, 万物的签名
6794016, 7.5, 6020, 如何成为一个怪物
20279665, 9.2, 660, “太空漫游”四部曲
20433556, 8.7, 1111, 昨天的云
25764295, 8.4, 1581, 百年好合
26598807, 9.0, 800, 人鼠之间
6310320, 8.7, 1103, 人都是要死的
26701959, 8.6, 1227, 我脑袋里的怪东西
26276279, 7.8, 3585, 苦妓回忆录
5940829, 8.1, 2287, 写在身体上
1434071, 7.9, 2996, 我们
26349261, 8.3, 1714, 孤儿列车
25852518, 7.6, 4729, 南方有令秧
1005255, 9.3, 569, 博尔赫斯文集
26264154, 8.6, 1175, 悲伤与理智
3765092, 8.6, 1163, 旧地重游
4903692, 9.0, 750, 东京梦华录
2050779, 8.3, 1647, 魔山
10796035, 9.2, 606, 中国古典诗词感发
2073481, 8.6, 1136, 城市与狗
1393473, 8.8, 904, 遍地风流
24324704, 8.0, 2422, 剑桥简明金庸武侠史
6861517, 8.5, 1262, 时时刻刻
25913612, 8.1, 2100, 给孩子的诗
26376049, 9.2, 596, 阿兰的战争
1082946, 8.8, 890, 我弥留之际
2075175, 8.8, 889, 缘缘堂随笔
4714018, 7.5, 5174, 青春咖啡馆
25796061, 9.3, 536, 杜撰集
2032523, 8.5, 1232, 失乐园
4213981, 8.4, 1382, 好人难寻
3606804, 8.2, 1781, 徒然草
20513012, 7.6, 4283, 无比芜杂的心绪
26602467, 9.0, 707, 我是女兵
2245449, 8.7, 966, 爱与黑暗的故事
26275572, 9.1, 636, Ocnos
6746290, 8.9, 767, 奥丽芙・基特里奇
1006991, 8.6, 1057, 一个无政府主义者的意外死亡
20473505, 8.8, 847, 山月记
1428463, 8.9, 762, 文学理论
25731506, 8.0, 2254, 乱时候，穷时候
5366440, 8.6, 1051, 禁色
6010144, 8.3, 1499, 动物寓言集
1038656, 8.8, 834, 我曾侍候过英国国王
1441980, 9.0, 678, 特朗斯特罗姆诗全集
1437488, 9.2, 557, 群魔
25846182, 7.5, 4717, 鱼羊野史・第1卷
26844525, 8.5, 1148, 再见，萤火虫小巷
4203630, 8.5, 1135, 鳄鱼街
26367364, 8.2, 1627, 爱吃沙拉的狮子
3090810, 8.7, 893, 五号屠场
26831234, 8.7, 881, 不属于我们的世纪
25913058, 7.9, 2380, 我爱这哭不出来的浪漫
26787935, 8.6, 974, 夜色人生
25796049, 9.0, 635, 沙之书
20433553, 8.8, 779, 怒目少年
6879215, 7.6, 3661, 乌克兰拖拉机简史
11527634, 7.7, 3082, 蒙马特遗书
1434435, 8.3, 1326, 春琴抄
7916069, 8.8, 744, 被禁锢的头脑
10749924, 8.2, 1485, 天真的和感伤的小说家
26303224, 8.1, 1691, 说部之乱
26669243, 8.2, 1471, 慈悲
24319078, 7.7, 2954, 我心中尚未崩坏的部分
25890145, 8.4, 1133, 线
1331454, 8.7, 803, 西方正典
26735064, 7.3, 5595, 孤独小说家
10345560, 7.8, 2461, 离别之音
1083317, 7.8, 2460, 北回归线
26280924, 8.4, 1098, 看海的人
25744411, 8.6, 871, 被嫌弃的松子的一生
3136267, 8.5, 975, 小城畸人
25801080, 8.2, 1396, 我曾这样寂寞生活：辛波斯卡诗选2
26889236, 8.6, 865, 我的职业是小说家
26591906, 8.3, 1226, 浮生梦
26587564, 8.3, 1199, 我已与一万亿株白桦相逢
26890281, 8.2, 1357, 漫长的中场休息
2969263, 8.5, 943, 跳房子
25934176, 8.4, 1050, 雪隐鹭鸶
2364762, 8.7, 744, 唐璜（上下册）
2036569, 8.2, 1324, 愤怒的葡萄
3774646, 8.2, 1317, 平面国
1398463, 9.1, 493, 萨特文集（全八卷）
26394018, 9.1, 489, 生活与命运
3327495, 8.3, 1148, 万有引力之虹
7014927, 8.8, 656, 中国神话传说
3320694, 8.9, 590, 巨塔杀机
4311471, 8.3, 1130, 门
5321892, 8.8, 644, 不适之地
26309861, 8.4, 990, 摇摇晃晃的人间
25802944, 8.2, 1249, 大唐李白・少年游
26276923, 7.9, 1856, 礼拜二午睡时刻
10740054, 8.0, 1616, 给樱桃以性别
4240403, 7.1, 6837, 最好的女子
26110579, 7.6, 2857, 暗店街
5326883, 8.3, 1083, 如何读，为什么读
26821459, 7.8, 2084, 茧
4299250, 8.6, 762, 读诗的艺术
4191701, 8.8, 612, 肉桂色铺子
1046680, 8.6, 751, 茨维塔耶娃文集：诗歌
1042006, 9.3, 378, 十九世纪文学主流（共六册）
26022097, 8.4, 934, 番石榴飘香
26610864, 8.1, 1336, 浮生六记
10581659, 8.3, 1038, 老妓抄
25895442, 6.8, 11653, 你的孤独，虽败犹荣
24872210, 9.2, 407, 无愁河的浪荡汉子・朱雀城
25870629, 7.7, 2296, 亲爱的生活
25762598, 8.8, 592, 尽头
26672441, 8.5, 814, 收山
3389460, 8.9, 532, 空间的诗学
21778349, 8.2, 1144, 苦水音乐
26272073, 8.1, 1289, 一生里的某一刻
25724491, 8.3, 986, 突然，响起一阵敲门声
4729502, 9.2, 388, 现代诗歌的结构
1950154, 8.8, 564, 小说鉴赏
2568438, 8.6, 693, 权力与荣耀
6060418, 8.3, 965, 年轻的心在哭泣
1242927, 9.7, 251, 英国文学名篇选注
26896859, 9.2, 379, 当呼吸化为空气
25940556, 8.3, 943, 锌皮娃娃兵
1017334, 9.0, 450, 没有个性的人
25831096, 8.9, 495, 梦书之城
4000908, 8.9, 489, 金瓯缺
25985982, 8.5, 733, 遥远的星辰
26120130, 9.1, 397, 天才的编辑
1070272, 8.4, 801, 子不语
26607924, 8.4, 801, 午夜之子
25849892, 8.8, 523, 人间滋味
26262141, 8.3, 895, 毛姆传
25919825, 8.4, 796, 大河湾
26890235, 8.1, 1136, 白事会
5383804, 9.0, 426, 酒吧长谈
3138839, 8.7, 571, 大师
24722098, 9.2, 355, 少年H
26269845, 8.1, 1120, 唯有孤独恒常如新
3005076, 8.7, 567, 再活一次
5406557, 8.1, 1108, 夜色温柔
2131426, 9.0, 411, 涅朵奇卡・涅茨瓦诺娃
2170030, 8.0, 1225, 白鲸
26657740, 9.0, 402, 再度觉醒
26931507, 7.6, 2078, 罗曼蒂克消亡史
6440324, 8.4, 735, 人各有异
10483439, 8.4, 733, 上升的一切必将汇合
26305561, 8.0, 1177, 如何阅读一本小说
26451439, 8.1, 1032, 木心谈木心
5423772, 7.8, 1501, 西夏旅馆
26648238, 7.7, 1720, 且将生活一饮而尽
3861531, 8.2, 894, 荒野侦探
26591790, 8.6, 570, 我还是想你，妈妈
26577690, 8.5, 626, 伪装成独白的爱情
25788697, 7.6, 1942, 一切都是最好的安排
10604943, 8.3, 776, 爱情半夜餐
1926728, 9.3, 291, 往事与随想
20425433, 8.1, 981, 请你安静些，好吗？
25699387, 8.6, 552, 星辰时刻
7046857, 8.3, 764, 长日留痕
20435635, 8.5, 609, 里斯本夜车
25900687, 8.6, 538, 夜
10537645, 8.4, 662, 岛屿书
26785701, 7.5, 2116, 月童度河
26384735, 9.0, 358, 致未来的诗人
20515828, 8.6, 526, 傅科摆
1069507, 9.1, 323, 战争风云：1939－1941（上下）
26889848, 9.1, 320, 山海经全译
26284529, 7.6, 1740, 群山之巅
4191638, 8.4, 625, 10 1/2章世界史
26759579, 8.7, 448, 事物的味道，我尝得太早了
25751763, 9.1, 305, 语言与沉默
24856615, 8.8, 400, 阿尔伯特・卡埃罗
24871460, 8.4, 600, 幻之光
3888110, 8.7, 431, 天使望故乡
25886172, 7.6, 1587, 幻想图书馆
6813370, 8.2, 721, 雾中回忆
26394876, 8.9, 348, 小说机杼
26320883, 7.6, 1529, 丈量世界
26791998, 8.3, 613, 山中的糖果
26301984, 8.2, 686, 白色流淌一片
1960287, 8.4, 547, 蒙着眼睛的旅行者
26757657, 8.3, 598, 望春风
20444771, 8.9, 327, 血色子午线
10537633, 8.2, 661, 克苏鲁神话
1021677, 9.1, 272, 中国一九五七
26791617, 8.0, 832, 大好河山可骑驴
26314932, 8.4, 526, 言叶之庭
26676528, 8.7, 388, 如何阅读一本文学书
26765928, 8.4, 513, 屠夫十字镇
26857204, 9.6, 178, 宋末大变局.下册
26685539, 8.1, 705, 有鹿来
26895033, 8.7, 365, 知更鸟女孩2
26735085, 7.7, 1121, 奇迹
20375515, 8.2, 602, 重生：桑塔格日记与笔记1947～1963
26891238, 9.6, 170, 红色
6027733, 7.5, 1442, 因为孤独的缘故
26863353, 8.9, 293, 贩罪
26461519, 8.0, 738, 面包会有的
10473352, 8.9, 290, 浮士德博士
1736919, 9.3, 207, 印度古代史诗摩诃婆罗多.全译本(1-6卷)
26593670, 8.2, 578, 天鹅绒监狱
1603309, 7.7, 1054, 笑林广记
26931701, 8.9, 284, 长安十二时辰
26599283, 8.2, 550, 梅子青时
26857201, 9.1, 231, 宋末大变局.四川风云  上册
26769999, 7.8, 865, 死神的浮力
24871651, 8.8, 295, 爱达或爱欲
1256406, 8.8, 292, 苦炼
26756030, 8.4, 427, 时间之间
26631867, 9.1, 220, 现实与欲望
26732624, 8.3, 462, 精神病患
26801361, 9.2, 199, 鹿苑长春
4178476, 9.3, 184, 中国神怪大辞典
26606366, 8.3, 442, 布达佩斯往事
25912887, 6.8, 3675, 练习一个人
25959838, 8.0, 605, 巴托比症候群
26591590, 8.6, 322, 巴黎评论・作家访谈2
26342182, 8.7, 292, 天堂之火
5043454, 7.9, 674, 盛开的樱花林下
1438394, 8.4, 384, 更多的人死于心碎
26826605, 9.3, 174, 加缪手记
26264210, 7.8, 749, 几乎没有记忆
25908110, 8.5, 343, 诗人的迟缓
26738797, 8.0, 583, 小说课（壹）
26298590, 8.4, 377, 出轨
26662600, 8.2, 463, 哈佛非虚构写作课
1499542, 8.6, 308, 短篇小说写作指南
26798331, 8.8, 256, 醒来觉得甚是爱你
26353607, 8.6, 306, 为你，耶路撒冷（上下册）
3324036, 8.5, 333, 茫茫黑夜漫游
26802388, 7.6, 908, 自在独行
26577096, 9.1, 193, 吉米・科瑞根
25283615, 8.7, 270, 萨哈林旅行记
26905360, 9.4, 153, 夜莺
26642648, 8.5, 324, 美好的七年
26810629, 8.4, 357, 岁月如风小少年
24861167, 8.3, 394, 一个人消失在世上
26346222, 8.2, 430, 美好的事物无法久存
26882320, 8.9, 221, 嗨，好久不见
26797395, 8.1, 472, 夏日启示录
24738206, 9.1, 182, 曼德施塔姆夫人回忆录
26883447, 9.3, 153, 在人群中消失的日子
26890188, 8.6, 270, 大师们的写作课：好文笔是读出来的
25818124, 8.2, 399, 翡翠岛编年
26855761, 8.6, 268, 匣心记1
26900889, 9.1, 175, 佛罗伦萨的神女
3826293, 8.2, 392, 教授与疯子
26840830, 8.9, 203, 爱德华・巴纳德的堕落
26308505, 8.4, 318, 杂草的故事
26666138, 8.9, 202, 这是不是个人
26808364, 8.1, 430, 四季红
4105424, 7.8, 592, 恋爱中的男人
6085417, 8.4, 308, 遗产
3627948, 8.4, 304, 持灯的使者
26794876, 9.2, 153, 一日谈
26310659, 8.9, 190, 莎士比亚
26747206, 8.7, 224, 人生忽如寄
26258374, 8.6, 243, 爱丽尔
26794598, 8.2, 356, 过去的痛
26315820, 8.4, 287, 火花
1461987, 9.1, 157, 桤木王
1069210, 7.6, 691, 痴人之爱
26892962, 9.9, 90, 声律启蒙：注音朗读版
26838873, 8.5, 256, 伍迪・艾伦谈话录
4869637, 8.1, 380, 福楼拜的鹦鹉
26682066, 8.5, 255, 我的奋斗1
26253801, 8.8, 193, 一个市民的自白
26755989, 8.3, 298, 做一个刚刚好的女子：不攀附，不将就
26682576, 8.6, 223, 给孩子读诗
26710042, 9.1, 148, 多莱尔的希腊神话书
25805143, 8.4, 265, 他方世界
26653000, 8.1, 352, 金翅雀
2257283, 9.1, 144, 唐人小说
26716260, 8.1, 343, 中国文学史
25961455, 8.4, 251, 重读
26722307, 7.9, 414, 暗夜独行客
25981277, 8.2, 296, 抚顺故事集
26640439, 8.9, 157, 死缓
26853566, 8.2, 291, 出家
26657573, 8.3, 263, 眼前
26877850, 8.2, 290, 你就适可而止吧
26819479, 8.4, 236, 小说药丸
26899220, 9.0, 142, 生活，是很好玩的
26849123, 9.1, 131, 厚积落叶听雨声
26760537, 8.8, 165, 给孩子的动物寓言
26866846, 9.4, 104, 长远看来，我们都已死去！
26895254, 9.1, 128, 雪中的印记
1163444, 8.7, 174, 夜之卡斯帕尔
26723433, 7.6, 520, 冬日笔记
4121656, 8.4, 221, 水之乡
26882355, 8.2, 267, 去别处
5299768, 8.6, 183, 希腊左巴
26798156, 8.4, 218, 哀伤的墙
26791930, 8.1, 290, 生于一九八四
26916781, 9.5, 93, 当下四重奏
11604737, 8.7, 166, 芬尼根的守灵夜（第一卷）
26767242, 8.4, 214, 亲爱的阿道夫
4891196, 7.7, 437, 智血
26870405, 7.9, 346, 龙头凤尾
26659419, 7.8, 382, 谋杀电视机
26866851, 8.4, 208, 半面维纳斯
26894367, 8.6, 172, 尘土
26351113, 7.7, 418, 中国民间传说
26776393, 9.2, 107, 故乡，心里的风景
26837789, 8.6, 168, 不存在的父亲
26686803, 9.0, 122, 葬礼竞技会
26866448, 8.6, 166, 皮囊之下
26286330, 8.7, 151, 俄罗斯文学讲稿
26286751, 8.5, 178, 文学阅读指南
26742636, 9.0, 117, 鸟人
25876641, 8.9, 123, 穿越火焰
10763918, 8.3, 202, 一路两个人
26765930, 9.3, 92, 努门诺尔与中洲之未完的传说
26864850, 8.2, 219, 香蕉的低语
26932735, 9.8, 67, 从尊敬一事无成的自己开始
26718529, 8.1, 240, 奥丁的子女
26772667, 8.7, 141, 我坐在火山的最边缘
26741879, 8.1, 237, 诗经：越古老，越美好
26823134, 8.1, 237, 困扰种种
26657701, 8.5, 161, 若非此时，何时？
26667282, 8.6, 148, 见信如晤
26590901, 8.4, 174, 一百年漂泊
26704178, 8.3, 188, 我们飞
26286757, 8.8, 123, 莎士比亚的动荡世界
26431631, 8.3, 186, 春天与阿修罗
26716997, 8.5, 155, 隐秘的幸福
26872968, 9.0, 105, 宋词背后的秘密
26906750, 9.8, 63, 关于我父母的一切
26594676, 9.4, 80, 古典传统
26367370, 8.2, 201, 那时没有王，各人任意而行
26476959, 8.2, 200, 我青春漫游的时代
26372186, 9.1, 97, 爱与战争的日日夜夜
26895400, 9.2, 90, 镜像人之末世如你
26430928, 7.4, 466, 如何独处
26901311, 8.6, 139, 血日苍茫
26890264, 9.0, 102, 不畏风雨
25841074, 9.7, 65, 契诃夫小说全集
26853742, 8.6, 136, 疯子的自由
26854325, 8.6, 134, 喜剧作家
11504802, 9.2, 86, 众声
26752646, 7.9, 243, 天意
26701098, 9.1, 89, 骄傲之塔
26864237, 8.6, 126, 爱欲与哀矜
26919794, 10.0, 51, 现在就是最好的时光
26918894, 9.4, 71, 你的善良，请小心轻放
26921077, 8.9, 99, 回望
5907541, 7.9, 229, 拾贝集
26774091, 8.3, 153, 唐草物语
26911011, 8.3, 153, 名丽场
26868621, 7.8, 244, 一生欠安
25986620, 8.7, 107, 阁楼上的疯女人
26412776, 7.9, 209, 巴塞尔姆的60个故事
26896875, 9.2, 73, 极简整理术
26880577, 8.3, 142, 世界上到底有没有百分之百的异性恋
26793129, 8.9, 89, 电灯光
26888764, 8.3, 141, 寂然的狂喜
26431618, 8.8, 95, 君士坦丁堡最后之恋
1491719, 8.3, 136, 论红楼梦
26923541, 8.6, 102, 一定要给你个惊喜
25899380, 8.8, 86, 桑切斯的孩子们
26815874, 9.6, 52, 给大家看的国学常识
26860296, 9.1, 67, 亲爱的日历
26835827, 8.9, 75, 想象地名私人词典
26880812, 7.6, 224, 读在大好时光
26657198, 9.1, 64, 荷马史诗中的生与死
26921971, 9.2, 60, 时间之书
26933142, 9.3, 55, 让美好现在发生
26825931, 9.1, 62, 一曲终了
1767750, 9.0, 63, Infinite Jest
26677797, 9.2, 55, 里尔克诗全集 珍藏版（全四卷）
26897973, 7.6, 193, 中国特色的译文读者
10522595, 8.4, 94, 在甸ふ讨W威
26806702, 8.7, 75, 阿尔贝・加缪
1316444, 7.7, 165, 舞姬
26767504, 8.2, 105, 孤独
26828226, 9.1, 54, 加缪手记：第二卷
26811966, 8.1, 110, 无影人
26602780, 8.5, 80, 乡村生活图景
26879325, 8.5, 80, 杜拉斯谈杜拉斯
26935435, 9.2, 50, 大裂
26808761, 8.8, 64, 试刊号
26884279, 9.6, 39, 白日之梦
26924863, 8.9, 58, 没有办法一直努力的人生
26835830, 8.7, 66, 死于黎明：洛尔迦诗选
26916236, 7.9, 118, 好姑娘光芒万丈
26828229, 9.4, 41, 加缪手记：第三卷
26632952, 9.2, 45, 苏辛词说
26920390, 9.4, 40, 自由的夜行
26804200, 8.6, 63, 希姆莱兄弟
26899836, 8.5, 67, 不如，重新开始
26927491, 8.5, 66, 白夜照相馆
26704405, 8.4, 68, 树敌
26662757, 8.7, 55, 六桩不可能犯罪
26556039, 8.3, 72, 未竟的往昔
26916869, 8.8, 50, 去他的戒律
26889498, 8.9, 47, 小确幸不如大欢喜
26883163, 8.5, 58, 好一座浮岛
26786630, 8.2, 71, 采葑小集
26574813, 9.1, 39, 婚变
26916459, 9.5, 31, 这世界不会给你第二次机会
26802170, 9.2, 36, 科雷马故事
26914805, 9.2, 36, 九幽
26892786, 9.1, 37, 你须寻得所爱
26822709, 8.9, 41, 聋哑时代
26771731, 8.1, 68, 朱q
26297872, 8.2, 61, 北美殉道者花园
26436987, 8.7, 42, 史诗
26895125, 9.3, 29, 北大国学讲座
26844800, 7.3, 117, 小镇忧郁青年的十八种死法
26937000, 8.4, 48, 山河袈裟
26835963, 8.1, 59, 想象共和国
26862170, 7.9, 65, 冰雪纪行
26808914, 8.2, 48, 文字即垃圾：危机之后的文学
26922279, 8.4, 42, 雨中你的自由泳非常美丽
26910978, 9.0, 29, 蓝色笔记本
26928770, 8.5, 34, 打开文学的方式
26911045, 8.4, 36, 陌生的女儿
26883960, 8.7, 30, 伊比库斯的预言
26924899, 9.6, 19, 即使不完美
26838224, 8.5, 32, 排队
26851889, 8.7, 28, 德语七人诗选
26928435, 7.9, 40, 语言的第七功能
26900138, 9.0, 21, 万万没想到
26894747, 8.5, 26, 爷爷和我
26694861, 8.4, 25, 影响的剖析
26933776, 8.2, 26, 我敢活成自己想要的样子
26927492, 8.8, 19, 追随他的记忆
26915437, 9.0, 17, 跟莎士比亚学编剧
26735057, 8.4, 22, 第二本书
26935198, 8.8, 18, 诗经绘
26944471, 9.3, 13, 一个女孩的镜像世界
26721362, 8.6, 16, 大象
26920207, 8.7, 15, 企鹅课
26921229, 8.3, 17, 霍华德・休斯传
26821908, 8.5, 15, 朋友之间
26892916, 8.2, 17, 极简图书史
26901824, 8.2, 15, 阿加莎的毒药
26848050, 8.4, 13, 托马斯・伯恩哈德自传小说五部曲
26896093, 8.1, 11, 坐拥书城意未足
26911589, 7.7, 13, 如何读诗
