2017-01-23 16:17:59
Tag: 文艺
The number of books: 975 

ID, rating, votes, title
4238362, 8.6, 82840, 送你一颗子弹
6388661, 8.8, 41042, 这些人，那些事
20440644, 9.2, 15333, 文学回忆录（全2册）
4714734, 8.4, 42968, 这些都是你给我的爱
3014576, 8.4, 40664, 陪安东尼度过漫长岁月
1424741, 8.5, 22340, 心是孤独的猎手
5327697, 8.3, 27147, 橙
1082349, 8.2, 25867, 长恨歌
1030052, 7.9, 44452, 清醒纪
4238754, 8.0, 33199, 失恋33天
10763902, 7.9, 36899, 偷影子的人
1794620, 7.8, 43150, 芒果街上的小屋
11527101, 8.5, 12360, 这些都是你给我的爱2
1115748, 9.2, 4591, 故事
4881850, 9.0, 5900, 阿勒泰的角落
2334065, 9.4, 3447, 塔希里亚故事集
1063190, 8.0, 27056, 蔷薇岛屿
3010133, 8.4, 12577, 琥珀・恋爱的犀牛
3642673, 8.0, 23118, 我执
2339950, 7.8, 32382, 被窝是青春的坟墓
1034067, 8.8, 6102, 美的历程
1003284, 8.1, 17914, 退步集
26278687, 7.8, 29108, 皮囊
1029159, 7.5, 47375, 八月未央
1005660, 9.0, 3784, 雕刻时光
25697520, 8.2, 10650, 他们最幸福
25753361, 8.7, 4996, 最好金龟换酒
4313207, 8.5, 6576, 致D
25811462, 8.4, 7330, 小顾聊绘画・壹
25984204, 7.6, 28806, 乖，摸摸头
25747921, 7.2, 68408, 从你的全世界路过
6857344, 8.5, 6107, 夜莺与玫瑰
2382705, 7.6, 25996, 不朽
5366382, 8.7, 4211, 夜航西飞
5333599, 8.2, 8605, 春天责备
3010130, 7.7, 19748, 悲观主义的花朵
1017238, 8.8, 3508, 美学散步
1949068, 8.4, 5989, 最好的时光
1015864, 9.0, 2669, 惶然录
3103080, 7.6, 23207, 须臾
1016429, 8.6, 4440, 毛姆读书随笔
3899039, 8.1, 9325, 刺猬的优雅
3333989, 8.1, 9181, 荒废集
1829614, 8.6, 4237, 琼美卡随想录
1040466, 8.9, 2795, 谈美
4159088, 7.8, 14073, 理想的下午
10607710, 8.0, 9063, 世间的盐
1063796, 8.6, 3608, 小说的艺术
2275502, 8.1, 6832, 十年一觉电影梦
1081144, 9.3, 1436, 古源
3297888, 8.4, 4011, 云雀叫了一整天
6088152, 8.0, 7224, 千秋
2294993, 8.2, 5146, 纽约琐记（修订版）
5275500, 7.7, 11525, 尘曲
26376603, 8.1, 5860, 秘密花园
25808222, 8.2, 4976, 黄
3777123, 7.8, 9453, 告别天堂
20278799, 7.6, 13155, 三十六大
6742586, 7.8, 8997, 我不是潘金莲
5290534, 7.8, 8996, 为了报仇看电影
2073345, 8.7, 2355, 拜伦 雪莱 济慈 抒情诗精选集
10743137, 7.7, 9782, 绿皮火车
2295912, 8.9, 1687, 佩德罗・巴拉莫
1899006, 9.1, 1326, 我想去看海
3887847, 8.5, 2573, 浮光
6864307, 7.4, 14986, 像我这样笨拙地生活
6784859, 9.3, 1020, KYLOOE・忧郁的蜻蜓
5403007, 7.6, 10169, 剩者为王
1963395, 8.5, 2470, 鱼丽之宴
2010284, 8.0, 5015, 春风沉醉的晚上
26357614, 9.0, 1300, 海风中失落的血色馈赠
4212607, 7.6, 9252, 有味
1002513, 9.2, 1039, 注析（全二裕
6511745, 8.0, 4680, 万象
25924242, 8.9, 1400, 爱在黎明破晓前&amp;爱在日落黄昏时
1022783, 8.2, 3370, 用我一辈子去忘记
1130367, 8.8, 1536, 艽野尘梦
1005915, 8.8, 1515, 艺术哲学
11614293, 7.5, 10088, 人生需要揭穿
1181370, 9.3, 878, 文心雕龙注(上下)
20424609, 8.1, 3634, 妩媚航班
3095037, 9.0, 1167, 听音乐（插图第6版）
1055187, 8.4, 2383, 我的前半生
21346008, 8.5, 2080, 米格尔街
4846547, 8.7, 1617, 北海怪兽
20413794, 7.7, 6694, 眠空
10764363, 9.2, 914, 是，大臣
1017818, 8.3, 2603, 观看之道
1036446, 8.9, 1244, 诗学
25944034, 8.6, 1762, 菊次郎与佐纪
3908240, 7.8, 5443, 情人
7059909, 7.5, 8447, 南音 （上）
26431326, 8.9, 1141, 所有我们看不见的光
3669671, 8.5, 1811, 我们在此相遇
1041616, 7.4, 9566, 那些忧伤的年轻人
4919996, 8.7, 1399, 张枣的诗
25716611, 8.5, 1768, 花街往事
25748787, 7.7, 5561, 平生欢
24876477, 7.4, 9426, 很高兴见到你
1770652, 9.2, 806, 顾随诗词讲记
4059800, 8.0, 3456, 私语书
5341084, 8.1, 2960, 午时风
4161848, 7.8, 4595, 鲤・逃避
11588848, 8.2, 2528, 坦白书
6527141, 8.2, 2526, 停车暂借问
24736805, 7.5, 7371, 我所有的朋友都死了
3621252, 7.4, 8818, 曾经
1030470, 7.9, 3783, 香草山
1444558, 8.7, 1302, 博尔赫斯谈艺录
3649661, 8.7, 1300, 说吧，记忆
3729756, 7.6, 6088, 鲤・最好的时光
1397659, 8.0, 3176, 国画
1022914, 9.1, 816, 谈艺录
6727877, 8.5, 1549, 文艺风象・消夏
25744944, 8.5, 1519, 既见君子
3373490, 7.6, 5505, 鲤・谎言
19986372, 8.7, 1185, 沉默的大多数
6126821, 8.4, 1692, 远方的鼓声
6121542, 8.0, 2894, 当你途经我的盛放
1067710, 9.0, 843, 造型的诞生
6017111, 8.1, 2451, 文艺风象・A梦
1322328, 7.4, 7393, 不羁的风
26300508, 8.7, 1122, 万物的签名
20424614, 7.8, 3636, 红
19995933, 8.6, 1238, 蓝色大门
1202550, 8.8, 984, 地久天长
4727980, 7.6, 4942, 鲤・上瘾
26276279, 7.8, 3585, 苦妓回忆录
4904074, 8.3, 1758, 塔莎奶奶的美好生活1－跟着感觉走就对了
1416289, 8.9, 866, 晴天有时下猪
25852518, 7.6, 4729, 南方有令秧
6710720, 7.0, 14362, 春宴
3644791, 7.4, 6520, 噪音太多
1086466, 8.4, 1413, 北方的河
4714018, 7.5, 5174, 青春咖啡馆
1493523, 8.3, 1578, 读库0601
6534712, 8.0, 2327, 寂静
1945465, 8.6, 1084, 日安，四季
26275572, 9.1, 636, Ocnos
6385455, 8.2, 1751, 文艺风象・假妆
3264655, 8.5, 1203, 未来世界
7056649, 8.6, 1054, 歧路
1011977, 8.2, 1701, 先锋戏剧档案
20470934, 7.8, 2926, 三国配角演义
2135139, 8.4, 1292, 我为什么要写作
3253854, 7.7, 3361, 书店的灯光
4203630, 8.5, 1135, 鳄鱼街
10570587, 7.4, 5382, 就想开间小小咖啡馆
3907791, 8.5, 1108, 花与爱丽丝
1823058, 8.3, 1407, 关于他人的痛苦
20379760, 8.1, 1819, 我亦飘零久
25898124, 7.6, 3785, 得未曾有
25913058, 7.9, 2380, 我爱这哭不出来的浪漫
6724537, 8.9, 702, 梦见市
6431957, 7.8, 2717, 遇见一些人，流泪
3160327, 8.0, 2017, 无出路咖啡馆
25913413, 8.2, 1531, 四季便当
2124556, 8.2, 1509, 黑书
3283762, 9.1, 554, 柏拉图文艺对话集
1255006, 9.0, 607, 爱伦・坡集
3525047, 7.9, 2217, 无影灯
5403006, 7.7, 2977, 《文艺风象+文艺风赏》第一期合刊
1995655, 9.2, 495, 演员自我修养(第一部)
20413880, 8.1, 1667, 古书之美
26146992, 7.4, 4803, 我们为什么会分手？
11606760, 8.2, 1448, 家住南塘路
1022582, 8.4, 1131, 瞬间收藏家
1466236, 8.0, 1881, 风中的纸屑
4006349, 8.8, 715, 花与爱丽丝Ⅵ Ether
4123638, 8.6, 886, 花与爱丽丝VIII INFINITY
10345560, 7.8, 2461, 离别之音
10562386, 8.2, 1418, 文艺风象・去看你的演唱会
4160472, 8.5, 970, 告诉我，你怎样去生活
26587564, 8.3, 1199, 我已与一万亿株白桦相逢
2119843, 6.9, 11334, 钝感力
4904073, 8.4, 1039, 塔莎奶奶的美好生活2-创造你的生活乐趣
2086633, 7.4, 4220, 盛夏光年
26394018, 9.1, 490, 生活与命运
19950612, 7.3, 4988, 伊斯坦布尔假期
21770836, 8.5, 902, 八九十枝花
24527845, 7.0, 8695, 我讲个笑话，你可别哭啊
3190550, 8.3, 1137, 巨匠与杰作
1322264, 7.8, 2182, 陈丹青音乐笔记
5293030, 7.1, 6873, 那些有伤的年轻人
4240403, 7.1, 6837, 最好的女子
3146546, 7.9, 1846, 千阳
6874612, 8.1, 1408, 孤独的池塘
6967980, 7.4, 3957, 然后，我就一个人了
1768100, 8.1, 1389, 江湖外史
26255776, 8.0, 1579, 一厘米的阳光
25798977, 7.4, 3872, 去你家玩好吗
5299919, 8.6, 762, 国王鞠躬，国王杀人
5275385, 7.4, 3863, 鲤・荷尔蒙
10537640, 6.9, 9823, 如丧
26148896, 8.5, 838, 北平无战事
6855851, 8.3, 1055, 文艺风象・TA和TA的猫
24875976, 8.2, 1186, 失落的优雅
10437170, 8.2, 1185, 文艺风象・照相机是恋人
10581659, 8.3, 1038, 老妓抄
5912889, 7.6, 2690, 鲤・来不及
25870629, 7.7, 2296, 亲爱的生活
25762598, 8.8, 592, 尽头
24878152, 8.7, 653, 海上灵光
26272073, 8.1, 1289, 一生里的某一刻
3782757, 8.4, 894, 花与爱丽丝02
6753739, 7.7, 2223, 大方 No.2
1207847, 8.5, 793, 增广贤文
4007145, 8.5, 790, 我有平安如江河
26337198, 8.8, 566, 多多，爸爸一直在这儿
6827451, 8.3, 968, 美，看不见的竞争力
21979064, 7.3, 3932, 等风来
5986107, 7.1, 5548, 大方 No.1
4262685, 8.0, 1326, 戏梦巴黎
10732771, 8.3, 909, 我的心只悲伤七次
3228088, 8.2, 1007, 盛世恋
4060724, 8.7, 573, 花与爱丽丝VII IRIS
10600119, 8.2, 1000, 尽头的回忆
26269845, 8.1, 1121, 唯有孤独恒常如新
1075540, 8.8, 512, 拉奥孔
2129831, 8.2, 986, 美与暴烈
3401286, 8.2, 984, 冷记忆1
3907804, 8.5, 695, 花与爱丽丝V DUST
6880209, 8.1, 1104, 孤独书
3521168, 7.0, 6101, 谢谢你离开我
25803923, 7.9, 1426, 你是我不及的梦
25775069, 7.2, 4191, 让我留在你身边
3623125, 8.1, 1094, 花与爱丽丝
10430691, 8.5, 684, 画家生涯
5915718, 8.1, 1089, 文艺风赏・除夕
1483285, 7.6, 2154, 有关品位
1316612, 8.6, 601, 我如此很好
25779213, 8.4, 743, 蒋勋说文学
21346610, 7.6, 2086, 莫失莫忘
26584387, 7.7, 1791, 一个人的朝圣2
4255002, 7.6, 2074, 日光微澜
6440324, 8.4, 735, 人各有异
10739735, 7.6, 2061, 鲤・变老
19899834, 7.2, 3921, 只愿你曾被这世界温柔相待
10564102, 8.1, 1033, 单身（50周年典藏纪念版）
3667783, 6.9, 6840, 月
26648238, 7.7, 1720, 且将生活一饮而尽
23780847, 8.8, 468, 民企江湖
1145593, 9.1, 350, 哥本哈根
1071597, 8.0, 1120, 慢慢微笑
25788697, 7.6, 1942, 一切都是最好的安排
4215678, 7.9, 1273, 我城
2253751, 7.9, 1259, 我最美好的回忆
3647875, 8.1, 959, 读库0901
6900570, 8.3, 755, 诗的时光书
1038449, 7.9, 1229, 朗格汉岛的午后
10530128, 7.7, 1611, 晚秋
3791732, 8.4, 668, 花与爱丽丝III grail
3325973, 8.4, 666, 爱丽丝・仲夏夜之梦
5423777, 8.1, 933, 睡觉大师
10601655, 8.1, 928, 台北爸爸，纽约妈妈
26237097, 7.6, 1803, 尔本
6784996, 8.3, 726, 声音乐团
11587591, 7.7, 1536, 想念你的陌生人
2382542, 9.2, 295, 毕希纳全集
10522600, 8.2, 799, 文艺风象・零嘴儿
1963674, 7.7, 1510, 陈丹青 艾未未：非艺术访谈
5288326, 7.3, 2778, 流经存在的邂逅
25836825, 7.3, 2759, 你是最好的自己
1072368, 7.5, 2003, 我爱比尔
10618099, 8.5, 557, 奇迹集
10468951, 8.0, 988, 她她
21322534, 8.5, 556, 姥爷
3806309, 7.6, 1693, 如何写影评
6998803, 8.2, 772, 文艺风象・哈罗，查菲克！
1823052, 8.4, 612, 在土星的标志下
10451782, 7.5, 1922, 鲤・写信
26431215, 8.3, 676, Lens・目客002：我这样爱你
10862171, 7.9, 1091, 云深处
1432443, 8.5, 535, 存在之难
11505946, 7.3, 2559, 剩者为王Ⅱ
26631518, 8.6, 477, 孤单，是一个人的狂欢
25802595, 7.3, 2506, 灵魂有香气的女子
6524117, 7.6, 1565, 鲤・偶像
24839756, 8.1, 810, 死亡如此多情
25933841, 7.2, 2884, 蔡康永的说话之道2
10774185, 8.0, 896, 文艺风象・毕业即胜利
20424613, 7.6, 1486, 南法航线
6067966, 8.1, 773, 文艺风赏・失败者之书
2567398, 8.6, 448, 写作的零度
10555459, 7.7, 1268, 始终不聪明
1016336, 8.3, 600, 三诗人书简
25699117, 8.1, 750, 都是遗风在醉人
7050981, 8.1, 746, 飞蛾特快
26791617, 8.0, 832, 大好河山可骑驴
2135140, 8.0, 826, 英国式谋杀的衰落
1056390, 8.3, 583, 重点所在
5321896, 8.3, 582, 危险的关系
1050951, 8.2, 642, 米沃什词典
1823785, 7.9, 918, 误读
6985557, 7.6, 1368, 有些事现在不做，一辈子都不会做了.4，要工作，也要生活
11593284, 7.5, 1579, 鲤・文艺青年
25850737, 7.2, 2518, 想得美
26426662, 8.3, 560, 你看见我男朋友了吗？
25811785, 7.4, 1786, 莫奈和他的眼睛
10569615, 8.0, 788, 文艺风象・信达雅之烦恼
26639786, 8.1, 696, 舍得，舍不得
10618254, 8.0, 776, 文艺风象・雨天爱好者
19944233, 8.2, 610, 四十九日告别
23780549, 7.8, 979, 愿你的道路漫长
22790094, 8.5, 437, 玛丽娜・阿布拉莫维奇传
2380826, 7.4, 1689, 整形日本
25852665, 7.6, 1249, 孤独的人都要吃饱
25921293, 6.8, 4699, 愿有人陪你颠沛流离
3567384, 8.9, 293, 聊斋志异
1052065, 8.8, 319, 张爱玲
4805128, 7.5, 1397, 你好，陌生人
25799286, 8.2, 569, 博尔赫斯的面孔
1963629, 7.9, 805, 密语者
1320297, 8.8, 308, 文艺心理学
4199677, 7.6, 1181, 安妮宝贝  彼岸花
6456211, 8.4, 452, 塔莎的花园
1078516, 7.9, 796, 心灵史
11613687, 7.5, 1331, 我是爬行者小江
25786283, 6.8, 4293, 女王乔安
23715318, 8.7, 330, 激素少年
24871971, 8.6, 361, 然而，很美
1871590, 7.1, 2437, 爱你就像爱生病
1372679, 9.1, 226, 如糁
1940960, 8.7, 320, 历代大师
7916066, 7.6, 1110, 欲爱书
25837146, 7.3, 1687, 倾我所有去生活
20452319, 8.0, 650, 让“死”活下去
10494251, 8.6, 339, 塔莎的世界
24754564, 7.9, 710, 葬我以风
26274801, 7.5, 1180, 沉默也会歌唱
10564563, 7.1, 2162, 闺蜜
25912887, 6.8, 3675, 练习一个人
2146824, 7.7, 884, 新人生
24297906, 6.7, 4441, 不畏将来 不念过去
20386247, 7.3, 1554, 趁，此身未老
25696884, 8.4, 394, 读库1304
1315165, 7.6, 1000, 维纳斯的诞生
3889951, 7.4, 1319, 我就乐意这样寂寞了
10537662, 8.0, 600, 世上的光
6002030, 7.6, 989, 最大的一场大火
25660015, 6.9, 2904, 以自己喜欢的方式过一生
1051175, 7.9, 659, 艺术概论
26710670, 8.9, 239, 呐喊
26313575, 8.2, 468, 各自爱
10515067, 8.0, 584, 杨德昌的电影世界
11586903, 7.9, 656, 夏目漱石的百合
25872094, 7.5, 1101, 如何看一幅画
25712697, 7.5, 1100, 一个自己的房间
24860561, 7.4, 1264, 且以永日
1802079, 8.7, 281, 余光中精选集
26671435, 7.2, 1688, 我们
6806555, 7.7, 811, 苹果笔记本
26215044, 7.4, 1207, 我们台湾这些年2
5906023, 7.6, 908, 最糟也最棒的书店
26892411, 8.8, 247, 人类要是没有爱情就好了
26810629, 8.4, 357, 岁月如风小少年
6845414, 6.5, 5771, 去，你的旅行
10429652, 7.2, 1559, 因为懂得 所以慈悲
26882320, 8.9, 221, 嗨，好久不见
20496074, 8.1, 477, 文艺风象
2372855, 8.3, 384, 小夫妻天天恶战
25797357, 8.6, 284, 夏墅堰
25895467, 7.6, 859, 鲤・一间不属于自己的房间
10768980, 7.9, 586, 月亮短歌
3574690, 7.6, 851, 小导演失业日记
10512240, 7.9, 583, 燕巢与花事
1030164, 7.1, 1752, 石榴图
25978608, 7.1, 1693, 再美也美不过想象
11535667, 8.6, 272, 青鸟
24849840, 8.0, 497, 静默有时，倾诉有时
6100940, 7.9, 553, 岁时记
25933442, 7.0, 1893, 不散的宴席
1322227, 7.5, 865, 七曜日
10508059, 7.5, 860, 屋顶长的一棵树
25901703, 8.1, 416, 只有时间不会撒谎
26480625, 7.9, 516, 午夜降临前抵达
1017506, 7.4, 975, 当世界向右的时候
5394463, 9.1, 165, 那b斑R
24743163, 7.3, 1117, 世界将我包围
20450061, 7.3, 1111, 鲤・与书私奔
11443072, 7.7, 640, 三国志男
11533225, 7.7, 634, 文艺风象
3722954, 7.3, 1082, 醒来，在地球的一个角落
1043551, 7.6, 714, 中国文学史话
25931540, 6.6, 3480, 告白与告别
10607700, 7.4, 917, 有些事现在不做-一辈子都不会做了-两个人的生活-5
11639610, 7.9, 486, 文艺风象
25864000, 7.1, 1419, 台湾这些年所知道的祖国
1066762, 8.7, 215, 伟大的书
1041888, 8.0, 423, 巴黎的瞬间
5407722, 7.3, 1019, 世间所有相遇都是久别重逢
26282087, 7.8, 530, 把所有失眠的夜都给你
26368561, 8.3, 307, 薄薄的故乡
6017133, 6.8, 2245, 下一站・神奈川
25945941, 7.1, 1350, 日和手帖001：我们终究是一个人
26262056, 7.4, 868, 有生之年
20278327, 6.0, 12976, 谁的青春不迷茫
11603396, 7.9, 462, 无边世界
2063076, 8.0, 413, 跟踪8
24858340, 7.6, 661, 鲤・旅馆
5245585, 7.9, 452, 词家有道
26924424, 9.2, 138, 喜欢我也没关系
25831196, 7.4, 842, 知日・设计力
20427058, 7.9, 450, 文艺风象
25845649, 7.6, 644, 亲爱的闺蜜
1319714, 7.8, 504, 小说家的十三堂课
1045192, 8.4, 267, 林徽因文集?文学卷
23765239, 8.2, 323, 世界停在我吻你的时候
25760217, 8.2, 323, 乌托有个帮
1871155, 8.0, 389, 汪曾祺说戏
25886895, 7.0, 1433, 如何成为一个妖孽
6507045, 7.6, 609, 无尽意
25820165, 8.6, 212, 田园之秋
25800339, 7.6, 602, 唐诗风物志
6735584, 7.5, 683, 1985
11540438, 7.4, 773, 漂游放荡
6856711, 7.8, 466, 不许流光入梦来
1080828, 7.3, 881, 小城之恋
6130631, 7.1, 1168, 像艳遇一样忧伤
1040053, 9.1, 137, 中午的黑暗
25807523, 7.3, 862, 唯爱与美食不可辜负
26853566, 8.2, 291, 出家
20501664, 7.7, 498, 荒潮
20471507, 7.9, 395, 九种忧伤
24706897, 7.4, 724, 我这一代香港人
24870163, 7.6, 556, 万物皆有伤心处
2224959, 8.7, 181, 塔莎老奶奶的美好生活 2 造你的生活啡
26598482, 7.3, 809, 密林中
20393127, 6.9, 1455, 请把我留在最好的时光里
2253778, 7.8, 417, 皮娜・鲍什
26043286, 7.4, 682, 孤单星球
6429287, 7.0, 1205, 独立书店，你好！
3118822, 7.4, 672, 阑珊纪
26286364, 9.0, 135, 剪辑之道
20391459, 7.8, 409, 一觉睡到小时候
26882355, 8.2, 267, 去别处
1068259, 8.1, 295, 美学四讲
1918325, 8.6, 183, 荒凉山庄
3689523, 7.0, 1164, 口红集
26108423, 7.3, 723, 你看起来很美味
24530394, 7.9, 345, 缓慢但到来
1084365, 8.2, 253, 维也纳情感
1826982, 8.8, 149, 中国诗学
5910921, 6.8, 1501, 坦白说，亲爱的
1038957, 8.6, 173, 萨特小说集（上下）
21327874, 8.0, 303, 倾慕
1069204, 7.8, 371, 当代西方文艺理论
3012244, 7.7, 415, 汪国真诗集
24298657, 6.7, 1712, 永远热泪盈眶
6874075, 7.8, 359, 文艺风赏・华彩
6784039, 5.9, 9544, 你若安好便是晴天
25746084, 7.0, 1015, 这个世界上的一切都是瘦子的
25958461, 6.5, 2398, 一人食
26595964, 7.2, 740, 当一切在我们周围暗下来
10831436, 7.4, 563, 文艺风象・闪开！让专业不对口的来
25844486, 7.5, 493, 我的旅行哲学
26782113, 7.3, 638, 筑巢记
1027758, 8.0, 279, 印象派绘画史（全二册）
25799030, 7.3, 628, 莫急，你要的岁月都会给你
20279510, 7.7, 382, 文艺风象
20366457, 6.0, 6835, 香蕉哲学
26177823, 6.6, 1846, 在这复杂世界里
25962890, 7.5, 469, 我愿生命从容
26358169, 7.3, 600, 那时，我们还不怕相爱
26702273, 9.0, 112, 女汉子大改造
1194965, 8.1, 239, 为什么真爱需要等待
1045574, 8.6, 152, 梦想的诗学
26782781, 7.6, 403, 不必交谈的时刻
10773363, 7.1, 771, 我喜欢当年喜欢你的我
4195910, 7.8, 317, 为了灵魂的自由
25902999, 7.2, 661, 永远不要找别人要安全感
1074258, 7.4, 506, 女贞汤
25832152, 8.8, 125, 自尊的力量
19975637, 7.5, 438, 如果在巴黎，一个旅人
1024814, 7.9, 278, 爵士春秋
2060498, 7.2, 642, 我要成为世界的一部分
1465074, 7.7, 344, 八月的忧愁
1221021, 7.5, 433, 你不可不知道的欧洲艺术
24754142, 7.6, 381, 柔软的距离
7175251, 7.5, 425, 念及她名
3036890, 9.4, 80, 我爱我家
19995776, 6.9, 952, 我和这个世界不熟
1088968, 8.0, 239, 电影的元素
25755529, 7.9, 261, 一把盐
3258977, 9.1, 94, 同情中噤
26220133, 7.2, 589, 把时间浪费在美好的事物上
4196771, 7.1, 670, 书店之美
20254538, 7.6, 351, 文艺风象
26614208, 6.6, 1461, 恋爱口语
5449276, 7.6, 349, 别了，我的文艺女青年
1679588, 8.8, 114, 那儿
26686744, 8.4, 157, 春天 得以安葬
23765279, 7.8, 278, 爱的基本语法
10535671, 7.3, 498, 性情男女
1009177, 7.8, 277, 戏剧艺术十五讲
1063059, 7.3, 497, 你活着，因为你有同类
20507391, 7.7, 302, 明天醒来，还有青春
1823476, 8.1, 200, 背影
26359009, 6.5, 1664, 和喜欢的一切在一起
26611551, 7.6, 336, 一瞬的光线、色彩和阴影
26220763, 7.0, 729, 鲤・不上班的理想生活
2160510, 8.0, 219, 中国往事
6048038, 7.5, 374, 这杯咖啡的温度刚好
2079387, 8.3, 165, 猿猴世界
25849381, 7.8, 265, 世界是自己的，与他人无关
24716155, 7.3, 473, 一个人流浪，不必去远方
6969706, 8.9, 101, 朱光潜人生九论
24860806, 6.4, 1945, 薄荷日记
25948155, 7.3, 470, 每一个优秀的人，都有一段沉默的时光
20436041, 7.8, 263, 文艺风象
1442490, 8.1, 189, 中国建筑艺术二十讲
24738573, 6.4, 1827, 论文艺女青年如何培养女王气场
10443508, 7.5, 350, 空间在时间里流淌
3638756, 7.6, 310, 未竟之蓝
25905288, 7.9, 225, 30岁后，给自己开家咖啡馆
26383724, 8.0, 202, 在追求梦想的路上，我们都一样
6124301, 7.0, 649, 赫本啊赫本
1114091, 6.8, 877, 中国电影史
25985699, 7.4, 381, 爱就是在一起，吃好多好多顿饭
26314759, 7.2, 485, 食帖02：只为喝杯好咖啡
10529737, 7.9, 217, 美丽失败者
24755180, 7.3, 424, 因为有你
21328688, 7.7, 266, 最后一场雪
25981846, 7.4, 369, 这世上的美好，唯你而已
20366374, 7.1, 540, 老麦咖啡馆
24752435, 8.8, 98, 甜蜜生活 LA DOLCE VITA
10761718, 8.2, 157, 苏北利亚
24720316, 7.7, 253, 末日那年我21
25808167, 7.0, 595, 你就这样吧，挺好的
1449314, 7.5, 314, 天哪，书！
4709323, 7.9, 205, 不散场的公路电影
25730234, 7.1, 496, 17
3198420, 8.4, 126, 假如生活欺骗了你（普希金卷）
26576531, 7.6, 268, 爱的阳台
24089617, 6.6, 1045, 世界这么大，还是遇见你
26394852, 8.4, 125, 读城
23752074, 7.8, 215, 文艺风象・甜点再甜点
20412099, 8.0, 174, 书店时光
5914514, 7.5, 291, 假装读过
10509455, 7.4, 325, 对你是离别 对我是等待
25909313, 7.3, 365, 阳光猛烈，万物显形
25905855, 7.0, 540, 青梅竹马，去哪儿啊
26266562, 7.6, 257, 所念人，所感事
1364088, 8.5, 111, v史c怪F：v史，暴力，⑹
26293762, 7.1, 461, 食帖01：Brunch吧!没那么赶时间
26428516, 6.7, 805, 我只是敢和别人不一样
26394906, 8.0, 165, 凤囚凰 漫画壹
1202580, 9.3, 62, 中国民间故事大全(1-4)
26739005, 9.3, 62, 中国茶书: 第2版
10490197, 6.9, 586, 在路上，放下他
2255712, 8.7, 92, 日本围棋故事
10557585, 8.4, 115, 女编导的魔幻世界
4905952, 7.6, 240, 恋人
25837989, 6.8, 663, 别闹，少年
20513013, 8.1, 146, 亲爱的，我不会把你交给绝望
6885367, 7.8, 193, 安娜贝尔
24720019, 8.3, 122, 比时间更短
4314116, 8.9, 77, What We Talk About When We Talk About Love (Vintage Classics)
4288643, 6.7, 749, 沙城
1060822, 7.5, 254, 说吧，房间
26269094, 6.7, 724, 文艺女青年这种病，生个孩子就好了
25975473, 7.4, 282, 幸好，没有在一起
21323691, 8.7, 86, 室内静物・窗外风景
10581487, 7.6, 223, 凯撒们的星空下
19935519, 9.0, 69, 谈美 文艺心理学
1076066, 8.2, 125, 孤岛访谈录
25839525, 7.3, 308, 鲤・宿命
26902009, 8.7, 84, BBC世界史
19928953, 6.9, 508, 春，夏，然后是冬
2364779, 8.7, 83, 熊秉明美术随笔
1780792, 8.1, 133, 武林外传
26266672, 7.3, 298, 你以为没有的，可能在来的路上
23164345, 7.8, 174, 幸福，一手“煲”办
26448151, 6.6, 778, 离开前请叫醒我
20503984, 7.1, 376, 中国独立书店漫游指南
25785796, 7.0, 421, 既然爱情留不住
7162508, 6.5, 893, 孤独要趁好时光
20453368, 8.6, 86, 《玩具屋》九讲
26276406, 7.4, 253, 如何看一幅画Ⅱ
25941678, 6.8, 543, 他爱的是玫瑰，而你是蔷薇
26298016, 7.5, 224, 你在世界的每一处
25857495, 7.6, 201, 未来不迎 过往不恋
2332444, 8.8, 73, The Ones Who Walk Away from Omelas
4038710, 7.9, 149, 行话
26475184, 8.0, 136, 不存在的女孩
25819940, 7.4, 245, 寂寞的公因数
25717086, 8.2, 113, 把最好的自己留在最好的是时光里
25735954, 7.0, 397, 最美：唯有时间了解爱
5410256, 7.2, 300, 迷恋・咒
20428807, 8.2, 110, 低处盛开
10491690, 6.7, 587, 文艺犯
25806128, 8.1, 119, 安妮宝贝文集
26456769, 9.0, 60, 达洋猫
3033313, 6.9, 423, 女人的艺术
10741920, 7.0, 368, 再见苏丝黄
1462193, 7.7, 165, 处处有音乐
6510594, 7.2, 282, 你是那人间的四月天
26335804, 7.2, 281, 相遇是比爱更美好的事
4221077, 6.7, 542, 方道・文山流
24839438, 8.9, 62, 告诉狼们我回家了
6020985, 9.7, 39, 九成宫醴泉铭
23164585, 6.9, 399, 爱自己，好好吃早餐
4729377, 7.0, 348, 雨天的7毫米
1425822, 7.4, 215, 红楼启示录
24758531, 7.0, 344, 世上没有人比你更重要
25811764, 6.1, 1473, 樱桃之书
26243027, 7.0, 333, 你配得上更好的世界
25733641, 6.9, 379, 我爱你，时间没什么了不起
25977760, 7.0, 331, 我们都是突然长大的
20371004, 7.5, 185, 生命咖啡馆
25772471, 6.8, 432, 唯美食与爱不可辜负
1144242, 7.5, 184, 爵士圣经
24748934, 7.0, 327, 人群中
25722032, 7.5, 183, 流经我们内心的风景
19930309, 7.4, 201, 最远的旅行，是从自己的身体到自己的心
26813986, 8.0, 112, 如果可以这样做农民
10537384, 9.2, 48, 蕙兰瑜伽1
10532407, 7.1, 281, 达令是外国人
1162944, 8.4, 81, 大海啊，大海
25832879, 7.3, 221, 愿你与这世界温暖相拥2
25914678, 8.3, 87, 每个小小的人都是一个世界
25839850, 7.8, 132, 继续走，继续失去的青春
6795839, 7.3, 219, 一如玫红色的蔷薇之于夏日
6813252, 7.3, 217, 圆寂
11587597, 7.4, 192, 植物记
4052394, 7.7, 139, 宋代诗画中的政治隐情
3427474, 8.3, 83, 夜莺颂
1056288, 7.6, 151, 品园：良辰美景奈何天
11534102, 7.3, 206, 清晨，如故
4230153, 7.6, 150, 经典躺着读
26049541, 7.5, 163, 你是人间的四月天
10574948, 7.3, 199, 你是那一树一树的花开
1265476, 8.2, 86, 艺术
25898114, 7.4, 177, 与雨日肇事的爱
25815846, 8.3, 79, 治愈系的水彩慢生活
26716119, 7.9, 109, 民国男闺蜜
4005749, 9.0, 49, 在黑夜里经过万家灯火
11614503, 9.4, 39, 20世纪中外散文经典
1045325, 8.2, 84, 地狱中的独行者-读书书系
26298713, 8.5, 66, 我还爱着你，比想象中更深
4032981, 8.1, 89, 通往天堂的最后那一段路程
19934144, 7.9, 105, 迷路的云
1046571, 8.7, 57, 思辨录
1283154, 7.8, 113, 当代叙事学
25969866, 8.0, 95, 巴黎腔调
1805523, 9.2, 42, 近代私法史（上下册）
1654942, 8.3, 75, 审美现代性批判
25958241, 7.8, 112, 梦里水乡
1025210, 8.0, 94, 吃的艺术
7061365, 7.6, 132, 错宴
2025849, 9.0, 46, 观察者的幻象
26302587, 9.2, 41, 第一次做面包
6431899, 6.7, 370, 时光与少年都已沉旧
26842849, 9.1, 43, 法国往事3：荣誉与警察
25923473, 8.1, 84, 世界上你最疼爱的那个人，还在吗
26843309, 8.1, 84, 过去现在，一并深爱
6920282, 8.0, 91, 孤身一人
19963066, 7.5, 141, 不停邂逅
1274149, 9.5, 34, 历代诗歌选（四册）
26916869, 8.8, 50, 去他的戒律
6795816, 8.3, 70, O致挑逗：p人共崛D解120招
26369001, 8.2, 74, 一起来吃早午餐
1141042, 9.4, 35, 东坡乐府
21348669, 8.0, 86, 我的文学奖
1196878, 8.7, 52, 新世纪水彩画技法
11587598, 7.4, 148, 植物记
26328820, 7.6, 121, 名捕夫人
26363916, 7.7, 110, 李英爱的晚餐
26883163, 8.5, 58, 好一座浮岛
19957140, 7.2, 178, 没有人是一座孤岛
26732329, 9.1, 40, 弄瞎我的眼睛，我还能看见你
1355186, 8.1, 77, 爵士群像2
6791425, 7.7, 107, 导师、缪斯和恶魔
25882262, 7.2, 173, 蟠虺
25896113, 6.8, 278, 眼眶会红的人，一辈子都不会老
25716112, 7.5, 126, 时光印痕：唐诗宋词中的节气之美
1052478, 7.9, 88, 我的无产阶级生活
25780643, 7.3, 154, 最好的厨房
25824613, 8.4, 60, 当时只道是寻常
26827563, 8.4, 60, 胡椒树上的鹦鹉
1227326, 7.3, 153, 影视美学
1275453, 8.3, 64, 共悟人间
26580125, 7.1, 188, 路上有微光
25779437, 7.4, 136, 岁月的童话
26791217, 8.9, 43, 我是因为你，爱上这世界
20450684, 7.0, 210, 光与专属少年
4731143, 7.4, 135, 美得不寒而栗
26692621, 7.2, 165, 猫可以作证
1597366, 8.8, 45, 印痕
24383252, 7.3, 147, 就想开家咖啡馆
25898013, 5.9, 1133, 硬糖手册
5918947, 7.8, 90, 金鲤鱼的百裥裙
25862237, 8.8, 44, 我们要好好的，吃晚餐
26786558, 8.5, 53, 灯火夜微明
20398455, 9.0, 39, 蝙蝠c告e者
1459248, 8.1, 70, 千年悖论
25885764, 7.4, 128, 当我放过自己的时候
26637112, 7.1, 175, 身不在场
1910259, 8.6, 49, 傅雷文集（文艺卷）
26393947, 8.1, 69, 刺客信条：遗弃
26597968, 7.3, 139, 在薄情的世界里深情地活着
26369033, 7.2, 154, 一起来吃轻晚餐
23710056, 8.0, 74, 文艺风赏 ・ 一次别离
26115710, 6.9, 214, 最孤独的冰箱和有故事的远方
23217344, 7.3, 136, 睡在悬崖上的人
26640118, 8.3, 58, 蛀空
1002451, 7.9, 78, 艺术复仇
26810559, 8.9, 39, 愿有时光收藏爱
24700921, 6.3, 470, 关于这个世界，你不快乐什么
26416036, 7.4, 118, 你不必逞强，时间会为你疗伤
25720193, 8.5, 49, 清新彩铅微笔记. 花草集
25923177, 7.0, 179, 你有权以自己的方式长大
2332055, 8.2, 60, 当代叙事理论指南
1220835, 7.0, 177, 情欲
24737171, 6.7, 256, 53种离别
1546478, 8.1, 64, 海滩
1368668, 8.6, 45, 摇滚乐狂躁的历史
10737455, 8.6, 45, 锦书云中来
24523622, 6.8, 221, 孤独要趁好时光Ⅱ香港的前后时光
7564240, 6.7, 251, 直到四季都错过
24869221, 8.9, 37, 民国的四月天
22283912, 8.5, 47, {香日
26164866, 7.2, 136, 谁的青春不腐朽2
22523434, 8.0, 66, 民国时期的爱情
25911611, 7.4, 110, 就这样慢热地活着
25928115, 7.6, 90, 在所有的风景里，我最喜欢你
26586159, 8.2, 56, 美丽是心底的明媚
25930725, 7.9, 70, 一人搞|搞西
25925755, 7.1, 146, 重返文艺复兴
25718740, 7.7, 82, 小心轻放的光阴2
20390891, 7.2, 130, 半生素衣
26847843, 8.0, 64, 等待提拉米苏
1180393, 7.6, 88, 中国当代电影史
10446306, 7.1, 143, 靠谱
24871656, 8.3, 51, 青山七惠小说集
25692392, 7.4, 105, 唯爱与梦想不可辜负
26696600, 7.7, 80, 遇见台湾：我曾听过你的歌
25720194, 9.4, 27, 清新彩铅微笔记. 动物集
1089445, 7.8, 73, 走向诺贝尔・余华卷
26738816, 7.8, 73, 莫过如此
1806717, 6.8, 197, 带电的肉体
26219107, 8.7, 39, 如花美眷，终不敌逝水流年
2066696, 7.9, 67, 十七堑幕孟
26271333, 7.3, 113, 小故事
26876489, 9.1, 31, 做一个自己喜欢的女子：温柔且坚定
10825206, 6.7, 220, 代表作・新女性
1012544, 8.0, 61, 雅典娜神殿断片集
6077762, 7.3, 111, 第二届“THE NEXT・文学之新”优秀入选作品集
26528499, 7.7, 76, 野孩子的梦
25903084, 7.1, 132, 藏地情人
7001022, 7.7, 75, 情调苏州
25947912, 8.5, 42, 物质时代的爱情
7004259, 7.5, 88, 盐之书
26299190, 7.7, 74, 托尔斯泰与紫绒椅
25831881, 6.4, 308, 时光不老，我们不散
19977593, 7.2, 116, 在延安文艺座谈会上的讲话
1322345, 7.4, 95, 小二，再来一杯咖啡：巴黎文艺咖啡馆
25813274, 6.4, 305, 我想和这个世界不一样
25986171, 7.4, 94, 愿你成为自己喜欢的样子
26361806, 7.4, 94, 若无相欠，怎会相见
25899478, 8.1, 53, 年华似水，有你最美
26594612, 6.2, 404, 犀牛字典
24863313, 7.7, 70, 与上帝的契约
6965761, 8.2, 48, 在最美的时光遇见你
1737639, 8.6, 37, 诺贝尔文学奖全集
1419043, 7.6, 75, 身体笔记
26803573, 8.9, 31, 文艺青年的自我修养
20285577, 8.1, 50, 昔年种柳
3423197, 6.9, 145, 超新星
1155418, 7.7, 67, 后现代叙事理论
3930406, 7.7, 67, 电影艺术观念
25862240, 8.8, 32, 我要的甜蜜“汁”味
1082232, 9.2, 26, 文明的历程（上、下）
24741417, 7.5, 77, 不要吵醒青春的悲伤
26761470, 8.3, 42, 唯有香如故
26775569, 6.5, 225, 别生气，我又不是在说你
25886511, 7.7, 64, 文艺风象・你好
1945847, 9.1, 26, 文艺鉴赏大成
26611793, 7.5, 73, 人长大了，开心都想哭
25766559, 8.1, 45, 中流自在心
25754417, 6.7, 159, 碎前故事
23122598, 7.3, 84, 孤独是心的猎手
26847342, 8.3, 39, 撒野
4775076, 7.8, 55, 另类的表述者
26184209, 7.1, 101, 暖男
26140381, 8.4, 36, 永远的情人杜拉斯
1144739, 7.6, 63, 茶禅一味
26611854, 7.7, 58, 咸咸海的味
25896079, 6.8, 134, 我实在不想看你再受折磨了
26748297, 7.6, 62, 我让女人更美丽
26823978, 7.3, 80, 倔强榴莲
25858208, 7.5, 67, 偷心人
25885561, 7.0, 106, 我们都是爱过的：萧红传
25900962, 7.9, 47, 致不会说爱的你
26108020, 6.7, 141, 你若懂我，该有多好
26148885, 6.3, 234, 没有动力的时候，一个人发发呆也好（2）
25865217, 7.5, 63, 面朝大海，春暖花开
26208383, 6.7, 138, 我的世界很小，但刚刚好
20387315, 7.1, 88, 我快要碎掉了
19944113, 6.9, 107, 竖琴，白骨精
1064164, 8.0, 42, 论文学艺术
26307071, 8.0, 42, 微笑是最好的天气
26639669, 7.9, 45, 失眠症患者的夜晚
26426846, 8.6, 29, 暗恋古董衣
25825572, 7.0, 96, 你若不来，我怎敢老去
26327547, 7.2, 79, 单词的历史
20492930, 7.2, 78, 小喜
25887472, 6.6, 147, 愿你的选择配得上你的苦
3704368, 7.9, 44, 性格卡片
25808849, 7.5, 59, 空，欢喜
25725860, 7.4, 64, 我们没疯！一起回到1900年生活吧
26801419, 8.9, 24, 故园无此声
26677881, 7.9, 43, 有时孤独比拥抱实在
26220427, 7.5, 58, 我是女王
26827381, 8.8, 25, 晚安，住在我心里的人
25998266, 7.1, 82, 一切坚固的都烟消云散
25778296, 7.7, 49, 云的南方
26817186, 7.2, 74, 我们始终独自行走在这个世界
1559634, 8.5, 29, 晕眩
26682134, 5.7, 545, 我想要两颗西柚
11599188, 7.6, 52, 安妮宝贝小说集
3428806, 8.6, 27, 刘宾雁报告文学选
26769704, 8.2, 34, 早安，早餐
5918531, 7.0, 87, 一百个我想你
26598486, 8.4, 30, 致命的策略
6892010, 7.5, 55, 这是我的人生，不是别人的
26329767, 8.0, 38, 小清新
26785881, 8.0, 38, 和风帖001：草间弥生与100种文艺日本
25902007, 6.4, 168, 南风知我意
26258868, 7.6, 50, 只为途中与你相见
10527508, 6.4, 166, 你若安好
20406527, 7.9, 40, 小阳台大园艺
2207863, 8.6, 26, t羧宋锪Ⅲw
25723119, 7.9, 39, 我的童年在台湾
25909484, 7.2, 67, 真历史在民间
20365363, 7.5, 52, 床
2962787, 8.0, 36, Cracks
26392252, 6.5, 138, 如果有一件小事是重要的
1087570, 7.7, 44, 篆刻技法
26253912, 7.1, 72, 尼泊尔很美
26646595, 6.6, 119, 失眠书
25922042, 7.8, 40, 让我在路上遇见你
1917360, 8.5, 26, 境界-关于围棋文化的思索
25958104, 7.1, 70, 相逢如初见，回首是一生
6861902, 6.6, 117, 跟理想主义者喝茶
26780654, 8.9, 21, 美味岁时记
25728123, 6.8, 92, 台北咖啡时光
24879944, 7.5, 48, 原来你也在这里
26787112, 7.7, 41, 那些细碎却美好的时光
25920777, 7.2, 60, 隐蔽的脸
26727427, 6.6, 109, 在最深的红尘里重逢：仓央嘉措诗传
25922845, 7.3, 54, 趁年轻，开家小小咖啡馆
1013822, 8.6, 23, 中国戏曲选（上、中、下）
25744232, 7.6, 42, 命运之人（上下册）
26816694, 8.0, 32, 一个人的涂鸦时光
26148786, 7.7, 39, 幸福一定会不请自来
1477422, 7.8, 36, 看不见的声音
26866433, 7.4, 48, 不期而遇的温暖
6557794, 8.1, 29, 文艺范儿
25879563, 8.1, 29, 小鸡为什么过马路
1442302, 7.3, 50, 毕加索传
20023562, 7.2, 54, 不一样的咖啡店@杭州
1980998, 8.1, 28, 艺术新概念
26755738, 7.9, 31, 乌托有个帮2，我们终将抵达
6799046, 7.4, 44, 船菜・花酒・蝴蝶会
1678756, 6.3, 131, 公共建筑设计原理
26903964, 8.4, 23, 风物历2017
1552986, 7.1, 55, 当代电影理论文选
25870391, 7.6, 37, 青花里的乡愁
25891328, 8.0, 28, @w行星上所有的酒^
25985738, 7.3, 45, 何必珍珠慰寂寥Ⅱ
10617085, 7.1, 53, 劳伦斯性爱小说
1872887, 8.2, 24, mSf事c南海十三郎
1997485, 7.8, 30, 文艺小百科
3409295, 8.4, 21, 生命宴
26381771, 6.9, 59, 和喜欢的一切在一起
7163022, 7.3, 42, 罗兰・巴特
26611152, 8.0, 26, 不曾爱过，怎会懂得
25743165, 8.2, 23, 海洋:深水探秘
26682821, 8.2, 23, 浮光掠影
26729822, 7.7, 31, 深夜面包房・凌晨2点的转校生
26652402, 7.8, 29, 花好月圆
3146189, 7.3, 41, 迷上当代艺术的20个人
25846860, 7.5, 35, 念我旧时光：在越南的光影中旅行
25813070, 7.4, 37, 写给旧时光，写给回不去的自己
1079113, 7.8, 28, 记忆的神话
10484207, 6.7, 65, 保罗・麦卡特尼
10762881, 8.0, 24, 陶渊明的幽灵
1529561, 6.9, 52, 我的生活与你无关
26394068, 7.5, 32, 谈到世界充满爱
11517054, 7.1, 43, 失眠书
6439650, 6.4, 83, 蔷薇纷飞一路向北
25765455, 7.2, 39, 宅人的东京
26579612, 7.2, 39, 深深
26806954, 7.9, 24, 爱你的某食某刻
26904472, 7.9, 24, 谷物04
25928092, 6.9, 49, 愿你在平淡的日子里，不忘美好
1164405, 8.1, 21, 水木年华
25781230, 7.9, 23, 当她十八岁的时候
26743404, 7.9, 23, 趁时光未老，去旅行
26774931, 6.7, 56, 想开一个店：造梦者
11453819, 7.3, 33, 小城o故事
26779207, 8.0, 21, 藏在小日子里的慢调台湾
26836593, 7.7, 25, 爱与不爱，不将就
24695364, 7.0, 41, 性瘾
26756644, 7.9, 22, 最后的模特
26455818, 6.5, 63, 许多美好的仗，仍需从头打过
6966565, 7.7, 24, 月光花藤
26369018, 7.6, 25, 一起来吃下午茶
26702586, 8.1, 18, 来自地球的一个餐桌：潘潘猫的幸福家宴
26833830, 7.9, 20, 每一个努力的姑娘，都是有翅膀的天使
25750038, 7.7, 22, 书屋小记
6843816, 7.4, 26, 我是天空里的一片云
23164735, 5.7, 144, 好菜知时节
1956181, 7.8, 20, 教育的本质
2026966, 8.1, 17, 因果
25741603, 7.7, 21, 自然而然
26354312, 8.2, 16, 伪造夜行
26434373, 7.1, 31, 我们都被忘了
26589022, 7.1, 31, 一个人，也好
25864822, 6.1, 76, 在路上，遇见最好的自己
26356465, 7.6, 21, 我不能让每个人都喜欢
26668676, 7.6, 21, 折腾吧，小青年
26615541, 7.5, 22, 从此余笙没有你
25854689, 7.1, 28, 在世界尽头相遇
3245939, 6.3, 56, 从此
26745230, 7.3, 24, 如果可以去流浪
25942216, 6.1, 69, 请你温暖，无论这世界多冷漠
26881046, 7.7, 18, 生命该如何寄托
26825422, 7.6, 19, 《做喜欢的事，爱想爱的人》
1010299, 7.5, 20, 播音主持训练280法
26591055, 7.4, 21, 《最美的时光》绘本
26258267, 6.1, 62, 仓央嘉措：我是凡尘最美的莲花
26691481, 7.0, 27, 文艺女王养成手册
26280748, 6.0, 65, 和你喜欢的一切在一起
1002033, 6.8, 29, 成为你想成为的人
20023561, 7.1, 23, 不一样的旅店@杭州
26674058, 7.8, 15, 祝文艺女青年终成眷属
25863494, 7.2, 21, 你若安好，那还得了
3567354, 7.9, 14, 现代性的幻象
26852417, 7.9, 14, 用你的名字，写个故事
1084275, 7.5, 17, 文学台湾
26381438, 7.4, 18, 待我相思放下，许你浪迹天涯
10618132, 7.3, 19, 插画世界
2257590, 7.7, 15, 碧鸡漫志校正
1780063, 7.2, 20, 一个郁郁寡欢的国王
26263561, 6.6, 30, 偷你的心情，写情歌
20365779, 6.4, 35, 人是会动的树，都有看不见的根
3023653, 7.9, 13, 中外文学名著描写辞典
1033006, 7.4, 16, 半农谈影
26869969, 7.5, 15, 草木有本心――最文艺植物笔记
26654610, 7.4, 15, 小说少年
5347340, 7.0, 19, 意林：小小姐（2010.05-07）（合订本第2卷）
11597360, 7.5, 14, 戏剧・诗歌・散文
26806126, 7.5, 14, 霜雪覆盖来时路
11601213, 6.5, 27, 中国美女地理
26891429, 7.8, 12, 初啼 2017行事历
26856065, 8.2, 10, 外星人的手指有多长
26770707, 7.8, 11, 爱人们都消失在餐桌上
2081456, 7.4, 13, 作为表现科学和一般语言学的美学的理论
10766650, 7.0, 16, 只怪我们爱得太汹涌
25780722, 7.1, 15, 甜点
26851632, 7.9, 10, 不想和你谈人生，只想和你谈恋爱
26685094, 7.6, 11, 心宁归处是幸福
26263863, 7.5, 11, 从前没有情人节
26903963, 7.3, 12, 遇见台湾：邂逅在岛屿的火车上
26776297, 7.3, 11, 我想住进你心里
24700121, 7.1, 12, 开家自己的疗愈沙龙
3519861, 7.4, 10, 风格与服饰搭配
25952482, 7.2, 11, 挣扎
4208998, 7.0, 12, 服装穿着与搭配技巧
20412340, 6.7, 14, 相声的有限元
20506061, 5.5, 39, 像森女一样去生活
1025705, 6.4, 10, 亚马逊网络书店传奇
25984875, 3.4, 235, 从矫情小公主到欢乐老母鸡
