2017-01-23 16:17:59
Tag: 方法
The number of books: 902 

ID, rating, votes, title
1013208, 8.5, 26335, 如何阅读一本书
3609132, 8.5, 23212, 把时间当作朋友
1322025, 8.8, 8110, 卓有成效的管理者
1048007, 8.2, 19074, 高效能人士的七个习惯（精华版）
6709809, 8.4, 9953, 暗时间
4180711, 8.2, 11387, 拖延心理学
1320282, 9.1, 2863, 什么是数学
3748247, 8.4, 6551, 把你的英语用起来！
1504957, 8.6, 4388, 学会提问
5320866, 8.3, 5951, 重来
3533221, 8.5, 4428, 非暴力沟通
25986341, 8.4, 4956, 万万没想到
3558629, 8.4, 4946, 小强升职记
1115353, 8.3, 5410, 奇特的一生
10747883, 8.0, 8159, 怦然心动的人生整理魔法
3888123, 8.6, 3217, 写作这回事
3688489, 7.8, 9635, 异类
1472946, 8.4, 3467, 《华尔街日报》是如何讲故事的
2345548, 8.2, 4388, 学习之道（第2版）
1045862, 8.5, 2824, 第五项修炼
1071023, 8.6, 2399, 谈谈方法
1874488, 8.1, 4802, 别做正常的傻瓜
5916234, 7.7, 8832, 番茄工作法图解
24749465, 7.5, 12274, 断舍离
1193621, 8.5, 2382, 决策与判断
1152111, 8.6, 2010, 程序员修炼之道
11505704, 9.1, 1102, The Ph.D. Grind
1868698, 8.3, 2895, 为什么读经典
1020644, 8.1, 3650, 金字塔原理
4326057, 8.9, 1304, Excel图表之道
20507212, 8.0, 4025, 习惯的力量
3682204, 7.6, 7501, 佐藤可士和的超整理术
26761696, 7.8, 5339, 精进
20492550, 7.8, 5128, 清醒思考的艺术
1799984, 8.6, 1654, 家庭收纳1000例
2124114, 8.8, 1284, 怎样解题
2060491, 8.9, 1140, 逻辑学导论
1803504, 8.2, 2607, 17天搞定GRE单词
1961913, 8.3, 2160, 太傻十日谈
3284547, 9.0, 915, 文心
2307720, 8.2, 2345, 幸福的方法
1135754, 8.1, 2685, 你的灯亮着吗?
3313363, 8.5, 1511, 演说之禅
1084435, 8.5, 1476, 策略思维
3644095, 7.9, 3190, 越读者
1022938, 8.4, 1575, 中国历史研究法
1055088, 8.3, 1729, 像艺术家一样思考
1183730, 8.4, 1512, 谈话的力量
6100919, 9.1, 683, 治史三书
1436707, 7.6, 4639, 如何掌控自己的时间和生活
6313277, 8.9, 828, 学术训练与学术规范
1399297, 8.9, 783, 社会研究方法
1085660, 8.0, 2294, 尽管去做
5372651, 8.3, 1536, 程序员的思维修炼
2156168, 8.4, 1284, 书读完了
6712457, 8.3, 1441, 你早该这么玩Excel
5913475, 8.2, 1628, 高难度谈话
2969410, 8.8, 798, 与本科生谈：论文与治学
26692468, 8.6, 974, 智识分子
4010185, 8.0, 1997, 哪来的天才？
3138847, 7.9, 2274, 思考的技术
4035330, 8.7, 805, 研究是一门艺术
1984347, 8.3, 1238, Power Sleep
25783654, 7.5, 3865, 如何高效学习
4726323, 7.5, 3845, 一万小时天才理论
10586741, 8.3, 1197, 关键对话
1059490, 7.7, 2709, 麦肯锡方法
2382433, 8.7, 753, 罗伯特议事规则
1070897, 8.5, 927, 十九札
1322336, 8.9, 567, 控制论与科学方法论
3691437, 7.4, 3909, 思维导图
5326883, 8.3, 1083, 如何读，为什么读
1322324, 8.8, 620, 思想史研究课堂讲录
10773362, 8.2, 1210, 随机漫步的傻瓜
3910220, 7.5, 3169, 十四堂人生创意课Ⅱ
3171735, 9.3, 363, 行为科学统计
11516567, 8.7, 618, 四步创业法
7057936, 8.4, 855, 批判性思维
11522125, 8.4, 822, 找对英语学习方法的第一本书
4243135, 7.4, 3173, 别告诉我你懂PPT
2054246, 8.0, 1313, 你的误区
6519759, 7.5, 2679, 记事本圆梦计划
5038750, 9.1, 390, 读书指南
3006483, 7.7, 1934, 每周工作4小时
3005076, 8.7, 567, 再活一次
25747852, 8.8, 506, 世界上最简单的会计书
4164024, 8.2, 966, 高效程序员的45个习惯
26305561, 8.0, 1177, 如何阅读一本小说
3006742, 8.5, 638, 改变
1418669, 8.6, 562, 社会学方法的准则
3741218, 8.6, 558, 项目管理知识体系指南
26789567, 7.7, 1657, 如何有效阅读一本书
1790456, 7.5, 2187, 专业主义
3595095, 7.5, 2169, 统计数字会撒谎
4198078, 8.4, 652, The Pomodoro Technique
1824592, 9.1, 327, The Elements of Style
1193565, 8.6, 485, Word排版艺术
1454393, 8.6, 483, 21世纪的管理挑战
3550398, 7.5, 1862, 时间管理幸福学
1500045, 8.7, 433, 猜想与反驳
1979199, 8.5, 525, 批判性思维
4604592, 7.5, 1832, 说服力 让你的PPT会说话
1958394, 7.8, 1195, 工作DNA
5336008, 8.3, 646, 瞬变
3729173, 7.5, 1774, 时间投资法
4229525, 7.4, 2052, P女王的手せ钣眯g
6064502, 7.9, 994, 超级快速阅读
1423818, 7.9, 990, 如何在大学里脱颖而出
1000972, 8.1, 772, 一生的忠告
3744041, 7.1, 3165, 晨间日记的奇迹
26676528, 8.7, 388, 如何阅读一本文学书
25843908, 7.7, 1172, 怦然心动的人生整理魔法2
25881855, 8.5, 439, 大教堂与集市
4630664, 7.2, 2347, 你的知识需要管理
25885179, 9.3, 213, 我为青春狂
1134230, 9.0, 272, 数学与猜想（第一卷）
5359838, 8.0, 751, 快速阅读
3717183, 7.5, 1452, 餐巾纸的背面
3251585, 9.0, 270, slide:ology
4860526, 7.5, 1446, 乔布斯的魔力演讲
6687032, 8.8, 315, 经验的疆界
1041028, 8.4, 462, 社会研究方法教程（重排本）
4012040, 8.5, 417, 妙趣横生博弈论
24745639, 7.8, 924, 麦肯锡教我的写作武器
1019959, 7.8, 898, 精力管理
20258506, 7.8, 889, 怎样读书
2117279, 7.7, 1012, 教授为什么没告诉我
3518087, 8.5, 394, 给研究生的学术建议
1050510, 7.3, 1694, 六顶思考帽
1283295, 8.2, 506, 平衡的智慧
7001106, 7.4, 1351, 时间管理
2986872, 7.3, 1541, 简单的逻辑学
20493042, 7.3, 1541, 这样读书就够了
3875750, 7.8, 766, 完美伴侣
26799348, 8.5, 352, 演讲的力量
11528220, 8.1, 534, 系统之美
1238685, 8.6, 313, 统计与真理
4187225, 7.6, 962, 59秒
26738797, 8.0, 583, 小说课（壹）
5335800, 8.3, 419, 吾意独怜才
4837333, 8.2, 463, 写给大家看的设计书
26662600, 8.2, 463, 哈佛非虚构写作课
1964884, 7.4, 1224, 为什么幸运的人总幸运倒霉的人老倒霉
6710983, 8.1, 502, 我最想要的记忆魔法书
1042702, 8.3, 405, 钦差大臣
2032347, 8.8, 249, 怎样欣赏音乐
4923179, 7.9, 619, 我编程，我快乐
1232071, 8.5, 322, 如何求解问题
3822285, 8.7, 264, 自我导向行为
4137809, 7.8, 680, 让大脑自由
1867455, 7.9, 600, 像外行一样思考，像专家一样实践――科研成功之道
10529731, 8.9, 220, 你的朋友
1311874, 8.4, 344, 说服
26260187, 7.7, 749, 零秒思考
21364188, 7.2, 1495, 书都不会读，你还想成功
6077688, 6.8, 2912, 别告诉我你会记笔记
3042524, 8.4, 334, 李天命的思考艺术
4924164, 8.3, 365, 软件开发者路线图
1137278, 8.5, 299, 系统化思维导论（银年纪念版）
4247329, 8.5, 298, 致青年学者
1157631, 8.0, 500, 哈佛家训
3815992, 6.9, 2308, 白骨精学习法
26771587, 8.4, 315, 坚持，一种可以养成的习惯
1230437, 8.1, 421, 咨询的奥秘
1008501, 7.9, 524, 千万别学英语
4201552, 7.8, 586, 用户体验草图设计
2169896, 8.4, 300, 企业参谋
1018820, 7.5, 820, 谈美书简
2252637, 8.0, 445, 诱惑的艺术
4087655, 7.9, 494, 注意力曲线
4159753, 9.3, 137, Your Brain at Work
22993407, 7.7, 622, 跑步，该怎么跑？
1466672, 8.6, 240, How to Stop Worrying and Start Living
25742296, 8.1, 387, 有限与无限的游戏
1541591, 8.3, 315, 质的研究方法与社会科学研究
3711433, 8.2, 346, 五轮书
6011734, 7.6, 688, 说服力
25779342, 7.7, 606, 麦肯锡教我的思考武器
2049392, 8.9, 181, 社会研究方法
3598279, 9.2, 143, 价格理论及其应用
1319820, 7.1, 1352, 大脑使用说明书
10588814, 8.4, 274, 魏斯曼演讲圣经1
4243207, 7.8, 504, 悠游度过一天的24小时
26586771, 7.5, 727, 神奇手账
1552290, 8.5, 241, 诤语良言
10441244, 6.8, 2096, 整理的艺术
1132623, 8.4, 261, 成为技术领导者
25827340, 7.7, 548, 战胜拖延症
3162523, 9.3, 124, Mostly Harmless Econometrics
2004425, 8.1, 347, 小的是美好的
2985995, 8.1, 347, 爱上统计学
5063384, 7.6, 595, 思考的艺术
2261591, 8.3, 267, 怎样写作
1498757, 8.2, 294, The Art of Deception
1156866, 8.0, 358, 系统思考
5399343, 7.8, 436, 论证是一门学问
4169488, 7.7, 489, 思维导图系列丛书（全五册）
3185166, 7.7, 488, 世界最简单解决问题的方法
26649850, 7.9, 387, 深度学习的艺术
10793304, 8.1, 310, 读书的“风景”
4933040, 9.3, 111, 回归分析
2334078, 8.6, 190, 混序：维萨与组织的未来形态
7154320, 7.5, 588, 与爱因斯坦月球漫步
25838004, 8.8, 157, 法学论文写作
3852697, 7.5, 578, 少的力量
1253894, 7.1, 1003, 习惯的力量
1023813, 9.6, 88, 英语词汇轻松学
26782094, 7.9, 360, 解决冲突的关键技巧
1314996, 8.2, 263, 论经济学方法
3916049, 7.3, 747, 快速阅读
6801742, 7.5, 570, 人生定位
3733148, 7.7, 435, 知性力II
2486955, 8.4, 210, How to Write a Lot
1703433, 8.8, 149, 探求真理的指导原则
10679501, 7.1, 914, 为什么读书
1926932, 8.1, 268, 有了博士学位还不够
4169625, 7.1, 895, 杠杆阅读术
1854768, 8.6, 168, 社会学方法与定量研究
2128625, 7.3, 666, 即战力
3130904, 7.3, 665, 影响力2
5431185, 8.5, 181, 像设计师一样思考
1021456, 8.5, 179, 我怎样设计飞机
1429301, 8.5, 178, 十年光阴
1853209, 8.4, 192, 政治学研究方法指南
1445816, 8.3, 209, 不必火星撞地球
2343561, 8.1, 246, 演讲的艺术
25846315, 9.2, 99, The Sense of Style
4760725, 7.4, 531, 演讲之禅：一位技术演讲家的自白
2300690, 8.5, 168, 为学十六法
1443526, 8.2, 220, 新工具
1022147, 7.6, 414, 管道的故事
4905927, 7.6, 414, 职场软实力，人生硬道理
3761236, 7.3, 602, 启动大脑
3865389, 7.4, 524, 超级记忆
26430442, 7.1, 785, 秋叶：如何高效读懂一本书
26743071, 7.6, 404, 学会学习
4157223, 7.1, 775, 效率提升10倍的google化知性生产技巧
6828163, 6.6, 1708, 4点起床
3137159, 7.4, 502, 用图表说话
1077279, 7.8, 312, 读书的艺术
10788371, 6.9, 1009, 清单革命
20284332, 8.9, 116, 学术研究，你的成功之道
1774940, 7.8, 311, 修炼
6526308, 7.8, 311, 怎样做文献综述
26293220, 7.7, 347, 像TED一样演讲
1288912, 7.6, 389, 阅读的风貌
4902493, 7.6, 389, 我这样考上东大和哈佛
5341077, 6.8, 1137, P女王的手せ钣眯g 2
26628237, 7.5, 424, 哪有没时间这回事
4177311, 7.5, 420, 创造商业头脑的7种框架力
3773007, 7.6, 369, PPT演义
3729187, 7.3, 533, 博赞学习技巧
4246477, 7.5, 414, 问题解决力
11636270, 8.4, 165, 最简单的小户型收纳整理术
4860462, 7.5, 412, 打开餐巾纸
1454371, 8.5, 151, 广告创意完全手册
25879534, 7.7, 326, 学会独立思考
25733593, 8.0, 236, 沃顿商学院最实用的谈判课（原书第2版）
26590171, 7.3, 523, 做事的常识
2337704, 8.2, 193, BCG视野假说驱动管理的魅力
4200631, 7.3, 510, 麦肯锡工具
2033945, 7.3, 483, 定见
22513668, 8.3, 165, 逻辑要义
3038761, 7.4, 420, 80/20法则
4736469, 8.2, 178, 21天掌握当众讲话诀窍
10593781, 8.2, 176, 如何做田野笔记
3349509, 8.4, 147, 科学发现的逻辑
1051507, 6.9, 803, 10倍速影像阅读法
4171040, 7.5, 355, 再启动
1065156, 8.0, 207, 我生活的种种模式
4861820, 8.1, 187, 简明逻辑学导论
25873066, 7.1, 573, 麦肯锡工作法
1599035, 8.4, 141, 简捷启发式
1824306, 7.2, 496, 学习的艺术
5296839, 7.5, 340, 一日学习法
1059198, 8.7, 110, 心灵地图
24298931, 7.2, 489, 专注力
26615680, 8.5, 127, 暖暖的女人不生病
10600374, 7.6, 298, 拖延心理学2
26379069, 7.2, 473, 麦肯锡入职培训第一课
4165362, 7.4, 366, 尼采的锤子
1118984, 7.2, 460, 给讨厌数学的人
1173463, 8.2, 155, 比知识还多
21868971, 8.8, 95, 隐藏的自我
24699306, 6.9, 678, 整理的艺术2：时间是整理出来的
1973934, 8.7, 102, 聪明在于勤奋天才在于积累（华罗庚专辑）
2151335, 8.6, 110, 科学哲学导论
5946563, 7.5, 308, 学习要像加勒比海盗
2255378, 7.4, 345, 学习这回事
11523251, 6.6, 1078, 超级时间整理术
6731605, 7.3, 388, 思维导图使用手册
26853123, 7.7, 245, 深阅读
26413204, 6.4, 1517, 聪明人用方格笔记本
11160553, 7.2, 436, 你的第一本思维导图操作书
4204194, 7.0, 571, 杠杆时间术
1225971, 7.4, 338, 谁在操纵你？
1823970, 7.7, 240, 思考的力量
3115238, 7.8, 216, 如何听如何说
4249895, 7.1, 487, 考上第一志的P本：|大合格生P大公_
3903009, 7.2, 423, 不上火的生活
4292525, 8.8, 91, 进化思维
3031961, 7.4, 327, 六顶思考帽
1043571, 7.9, 191, 杜子华英语成功学
6896089, 9.2, 68, 论方法
4130904, 8.2, 142, 社会学精要
1000687, 6.2, 2067, 学习的革命
4042144, 7.3, 359, 每天坚持30分钟
10570885, 8.6, 101, 芝加哥学术生涯规划
25841476, 9.0, 76, 经济解释卷四：制度的选择（神州增订版）
3567390, 8.2, 139, 艺术史方法与理论
19935180, 7.9, 180, 保护才能
1283433, 8.7, 91, 科学研究纲领方法论
26683846, 8.2, 135, 如何学习
4289861, 8.4, 113, 没有标准答案的哲学问题
1964207, 7.5, 260, 社交商
6011081, 6.9, 550, 冥想5分钟，等于熟睡一小时
1006134, 8.1, 142, 识途篇
4818690, 7.9, 166, 用户体验面面观
1002718, 8.0, 150, 做自己想做的人
1971530, 8.5, 98, 中国古代史史料学
26809387, 7.5, 245, 印象笔记留给你的空间
25927569, 8.5, 97, 设计方法与策略
3296364, 8.4, 104, Zen To Done
6869702, 6.7, 679, P女王的超效率rg管理攻略
1153026, 7.5, 239, 麦肯锡卓越工作方法
11517171, 8.6, 89, 创意，是一笔灵魂交易
4988498, 8.1, 132, 地头力
3869715, 7.8, 173, 社会学研究方法
25850118, 8.2, 120, 日本读书论
5322674, 6.9, 492, 思考的整理术
1005930, 8.1, 129, 决策的艺术
1030243, 8.8, 75, 孙子三论
2155336, 8.5, 93, 经济学方法论探究
4074927, 7.4, 257, 完美陈述
3111359, 8.1, 128, 社会学论文写作指南
7067213, 9.1, 61, 多外语学习的语言习得原理、认知规律及学习方法研究
5944388, 7.5, 226, 开始写吧！-非虚构文学创作
1007562, 5.9, 2896, 哈佛女孩刘亦婷
1022460, 7.6, 203, 抢在时间前面的7条捷径
6810303, 7.2, 319, 终结拖延症
6517366, 7.7, 182, 我在高盛的经济预测法
20471897, 8.4, 98, 学思答问
2024263, 7.6, 200, 怎样发现设计创意
2296004, 8.3, 105, The Mystery Method
1482413, 8.0, 135, 水平思考
5985030, 8.4, 96, The Google Resume
25984449, 8.1, 122, 到法学院学什么
1950985, 8.3, 103, 励耘书屋问学记
10740449, 8.2, 111, 关键冲突
4169626, 7.1, 342, 杠杆思考术
1102490, 7.9, 143, 卡耐基成功之道全书
1001972, 7.4, 232, 奥美有情
26734564, 7.7, 169, 产品经理面试攻略
2032314, 9.0, 60, 从宪法规范到规范宪法
11578220, 9.3, 50, 量化数据分析
1065165, 7.8, 149, 我怎样读书
25755879, 7.5, 201, 最简单的图形与最复杂的信息
1444100, 8.5, 83, 实验心理学教程
26365491, 8.0, 123, 程序是怎样跑起来的
26851693, 9.1, 55, 单点突破
1965596, 8.7, 71, 科学与方法
3414390, 7.9, 133, 超越哈佛
1770609, 7.6, 177, 建筑设计的构思方法
1038663, 7.4, 218, 10倍速学习法
1100070, 8.1, 109, 踏踏实实学英语
1319080, 8.9, 60, 说什么 怎么说
6104554, 7.5, 188, 金字塔原理2
10518101, 7.1, 296, 袁腾飞讲历史
4050762, 7.2, 260, 那些不想做又必须做的事
5361413, 7.1, 290, 天才是训练出来的
1083989, 7.3, 228, 吃掉那只青蛙
3032726, 7.1, 287, 有趣的制造
1410179, 8.0, 113, 现代社会调查方法
21214033, 8.0, 112, 大手笔是怎样炼成的
2296845, 6.9, 363, 专注力
26695338, 8.0, 111, 麦肯锡教我的谈判武器
1083104, 7.6, 160, 如何通过考试
1898711, 8.1, 101, 要把金度c人
26761558, 6.9, 355, 日常生活中的思维导图
1467043, 6.9, 350, 相信中国
1020671, 6.5, 626, 麦肯锡意识
26694945, 7.8, 129, 抗压力
26692612, 7.6, 155, 思考的要诀
3800835, 8.2, 91, 博士论文写作技巧
24524405, 6.4, 723, Evernote超效率数字笔记术
1313247, 7.9, 116, 学习英语与从事英语工作的人生历程
3249335, 7.5, 167, 女性心灵成长经典
26828205, 7.4, 183, 一本小小的蓝色逻辑书
1071767, 8.1, 95, 社会统计分析方法
6510686, 6.5, 583, Google时代的工作方法
26760391, 7.7, 133, 冷眼观爱
1084126, 7.3, 199, 思考的利器
11445560, 7.3, 197, 天才的基因
3225526, 7.3, 196, 英语，非学好不可
1422161, 8.0, 100, The One Minute Manager
10600373, 8.0, 100, 魏斯曼演讲圣经2
4039365, 7.9, 108, 爱的最佳距离
1320151, 8.1, 91, 人是如何学习的
4836530, 8.8, 55, 剑桥学习科学手册
1956618, 8.4, 72, 政治科学的理论与方法
6990093, 6.1, 1097, 超级整理术
10726537, 8.2, 83, 魏斯曼演讲圣经3
3149460, 7.2, 211, 用演示说话
3729518, 8.1, 89, 深入搜索引擎
1910297, 7.6, 137, 批判性思维教程
2327354, 8.5, 65, 古今名人读书法
2172516, 6.5, 513, 5分钟和陌生人成为朋友
4770564, 8.7, 56, 心理学研究方法
1872065, 8.1, 86, 政治学理论与方法
25712581, 7.0, 246, 整理的艺术3：创意是整理出来的
26681681, 7.8, 107, 深度案例思考法
1142301, 7.6, 128, 不成熟不要紧
26711164, 8.2, 76, 再也不怕跟人打交道
11600030, 8.6, 57, 烟草经纪人（全两册）
6558345, 7.1, 213, 信任代理
1059416, 7.0, 234, 超右脑英语学习法
1193544, 6.9, 264, 超右脑照相记忆法
1836097, 8.6, 55, 通过翻译学英语
3287271, 8.2, 72, 怎样做理论
5364020, 7.8, 99, 逻辑的力量
1032870, 8.4, 62, 集中精力做重要的事
3985853, 8.1, 77, 心理，千古伤心事
6969703, 6.9, 249, 文具@高效率
1849893, 7.5, 128, 我生命中的书
10771463, 7.8, 96, 激活你大脑的“图解思考”术
20434546, 8.5, 55, 人文与社会科学学术论文写作指南
24869618, 8.5, 55, 通用设计方法
1470313, 8.1, 73, The 80/20 Principle
3866434, 8.1, 73, 社会调查自白
26655043, 8.6, 51, 会读才会写
4062636, 8.4, 58, 天文学新概论（第四版）
2287720, 8.1, 72, 如何成为卓越的大学教师
2338531, 8.5, 54, 我的哲学思考方法与逻辑
4035683, 7.7, 99, 魔术记忆
11632285, 7.7, 99, 52周记忆魔法实战手册
1912888, 8.0, 77, 谁想成为科学家
25940387, 8.1, 71, 怎样阅读照片
1322091, 7.9, 83, 天才的13个思维工具
4917103, 7.8, 90, 记忆的魔术
26613055, 8.5, 53, 超级快速阅读
1061710, 7.0, 199, 看清你的思维图谱
25870402, 7.0, 198, 整理的艺术4：升职从整理开始
3568779, 7.7, 97, 解Q100赖100NO
4221674, 7.4, 128, 记忆导图
3518082, 8.0, 75, 如何撰写与发表社会科学论文
3596216, 8.0, 74, 改变思维
24732529, 7.0, 191, 逻辑思维简易入门
1151672, 6.9, 215, 代码阅读方法与实践
2075767, 6.7, 276, 海马记忆法
2516411, 8.0, 72, How to Become a Straight-A Student
3106569, 9.0, 37, 商务动态分析方法
1451000, 7.7, 91, 用好时间做对事
1009087, 8.0, 71, 读书与治学
3151772, 6.8, 233, 一页纸项目管理
26390909, 8.4, 53, 小fnⅡ：偷故事的人
2682605, 7.0, 181, 名流
2305235, 8.1, 65, 心理学职业发展之路
21365497, 6.3, 469, 创造公共价值
2339353, 8.3, 56, 质性研究设计
1396395, 6.8, 225, 美化你的声音
2531958, 8.9, 38, A Manual for Writers of Research Papers
1223940, 7.6, 96, 考无不胜
1124033, 9.1, 34, GRE &amp; TOEFL核心词汇实验教程
3095115, 8.8, 40, 历史语言学中的比较方法
25940548, 6.6, 287, 阅读整理学
3696747, 6.2, 522, A4纸工作法
2280296, 8.3, 54, 普通心理学研究故事
3221869, 7.6, 93, 蔡博士超强记忆法
1620154, 8.5, 47, 解决问题的策略
1082635, 8.6, 44, 数据、模型与决策
11228565, 8.8, 39, 101 Design Methods
1016090, 7.4, 111, 一生要做的99件事
26844051, 7.5, 101, 高效人士用超级笔记术
1764990, 7.2, 135, 圈套玄机
25894673, 8.7, 41, Make it Stick
1858082, 8.2, 56, 什么是思想史
1973569, 8.2, 56, 大X操作手册――N.L.P.概
1943106, 7.9, 70, 诚实做学问
4243081, 7.7, 82, 小老板的生意经
1080338, 7.4, 107, 方法
3852284, 8.7, 40, 分类数据分析的统计方法
1028357, 7.2, 129, 哈佛书架
1319819, 6.6, 262, 唤醒创造天才的10种方法
4919901, 6.6, 261, A6全能Pg
1128415, 8.6, 42, 影响力的本质
20556231, 7.7, 80, “日本收纳教主”近藤典子助你打造一个井井有条的家
2376316, 8.1, 58, 历史社会学的视野与方法
1216206, 8.4, 47, 工具论(上下)
10581483, 8.4, 47, 影响大脑的7个坏习惯
2149444, 7.9, 67, 哲学
2008066, 8.5, 44, 通向大学之路
1073663, 7.5, 91, 我怎么没想到？
2970298, 7.7, 76, 图解数学学习法
25870261, 7.3, 109, 练习的力量：把事情做到更好的42法则
1289052, 6.9, 166, 不要只做我告诉你的事，请做需要做的事
1448392, 8.4, 45, 把握你的职业发展方向 （第五版）
1760889, 7.9, 64, Triple Your Reading Speed
26391279, 6.6, 239, 如何高效阅读
20429193, 7.5, 89, 期货投资的艺术
1444098, 8.0, 59, 心理学研究手册
2150490, 8.0, 59, 领导者的秘诀
3542657, 8.2, 51, 思维与决策（第四版）
5990177, 7.9, 63, Change Anything
1107040, 7.6, 80, 大学生如何写毕业论文
5415964, 7.6, 80, 知道力
1449834, 8.6, 39, 统计学方法与数据分析引论(上下)
1751786, 7.7, 73, 英语高手是这样炼成的
2657460, 6.4, 299, 王者速读法
6758642, 8.7, 36, 怎样做研究
25806793, 6.9, 155, 提问的艺术
1029936, 6.8, 173, 躺着学英语
4144438, 8.0, 56, E-Prime 实验设计技术
1058022, 8.5, 40, 外企高薪职位面试指导
26688084, 6.8, 170, 互联网运营之道
1524558, 8.4, 42, 创新启示录
6895676, 7.6, 75, 英语的原理∶用美国人的思维学英语
22994105, 6.3, 327, 1分钟能做什么
6557872, 8.5, 39, 好O，第一次就上手
4710205, 7.8, 63, 建筑设计方法
1462696, 8.8, 32, Advice to a Young Scientist
3042530, 7.0, 128, 水平思考法
3576464, 8.2, 46, 平衡计分卡战略实践
11599335, 6.8, 158, 大量阅读的重要性
1312934, 7.0, 126, 6色荧光笔学习法
1056589, 7.3, 93, 我是天才优等生
25967933, 7.5, 77, 丹尼尔斯经典跑步训练法
1474184, 8.6, 35, A Technique for Producing Ideas
1006277, 8.1, 48, 俗物与天才
1043427, 7.4, 83, 领导力21法则
2099620, 8.0, 51, 如何成为尖子生
2247519, 6.7, 172, 记忆力的革命
25867002, 6.4, 252, 解决问题最简单的方法
26639456, 6.4, 252, 万达工作法
4191390, 7.8, 58, 优势薪酬谈判
1291265, 6.3, 286, 提高语言智能的10种方法
2153776, 6.5, 214, 海马记忆训练
1319817, 6.5, 213, 获取精神力量的10种方法
2294522, 8.2, 43, o青年知R追求者的信
1278842, 8.3, 40, 朱光潜:出世的精神与入世的事业
24881104, 6.4, 240, 像间谍一样思考
1792032, 7.6, 66, 共好
24531914, 7.9, 52, 写给全人类的数学魔法书
1487698, 8.5, 35, 创造力手册
26670648, 6.5, 205, 关键20小时，快速学会任何技能！
20444462, 7.6, 64, 完美咨询
3056110, 7.2, 91, 专为中国人写的超右脑开发训练
2011219, 8.2, 41, 定性研究（第1卷）：方法论基础
20282795, 6.6, 174, 史上最简单的问题解决手册
3860404, 7.2, 90, 图解10倍速影像阅读法
2172371, 7.6, 63, 新平行阅读法
23008781, 6.8, 136, 天天25小时
1101502, 7.3, 81, 软件工程：实践者的研究方法（原书第 5 版）
7163815, 8.1, 43, 肯定
6938192, 7.5, 67, 书与书话
1803574, 9.2, 23, 英语论文成功写作
3042495, 6.7, 148, 完美的混乱
25985178, 8.4, 35, 设计的方法
1289041, 6.5, 189, 超右脑波动速读法
10038670, 9.0, 25, Stylish Academic Writing
10514062, 8.2, 39, 如何管理设计流程
1189784, 6.8, 128, 狼道
3116103, 7.7, 55, 逻辑学
6851967, 7.2, 84, 六个思考框
26424383, 8.3, 36, 新知?学习的革命（精华版）
2297026, 7.6, 58, 说话的力量
3165777, 8.0, 43, 研究设计与方法
4905882, 7.4, 68, 改变命运的17个考试准则
1265725, 7.7, 53, 案例研究
4241893, 8.4, 33, 人类学的询问与记录
5410569, 7.5, 61, 我能让你睡
10453371, 7.5, 61, 罗拉的奋斗
5390794, 8.6, 29, 山野式头部SPA
20372707, 7.4, 66, るもo惨
1080304, 7.6, 56, 出口成章
5253765, 6.9, 105, 高效人士的116个IT秘笈
3528295, 8.3, 34, 结构方程模型的原理与应用
2005518, 7.0, 94, 压力管理
5331946, 7.9, 44, 批判性思维原理和方法
1488842, 6.6, 146, 深度访谈
3029844, 8.0, 41, 让数据告诉你
3925812, 7.8, 47, 学习贵在开窍
3527850, 7.6, 54, 跟奥巴马学演讲
2393667, 8.0, 40, How to Start a Conversation and Make Friends
24859840, 8.0, 40, 为自己工作
5258515, 7.6, 53, 大学应该这样读
2010562, 7.7, 49, 家学与师承（全三卷）
1028131, 7.5, 57, 天才是怎样思考的
10550579, 7.0, 88, 大脑活用学习法
1491186, 7.4, 61, 怎样写论文
22015413, 7.4, 61, 管好自己就能飞
5372470, 6.1, 269, 高效人士四小时熟睡法
24855882, 6.8, 108, 逻辑思考力
4174612, 8.3, 32, 名师论建筑史
6952570, 7.1, 79, 这才是思维
2181341, 7.5, 55, 阅读、写作和推理：学生指导手册
4857344, 6.3, 194, 话语操纵术
7015839, 8.0, 38, This Will Make You Smarter
1070963, 7.0, 85, 杰出的头脑
1173461, 7.6, 50, 平行思维
26802252, 5.9, 353, 为什么精英都是清单控
26808162, 6.3, 189, 聪明人用方格笔记本・进阶图解
4256596, 8.3, 31, 心理统计导论
3698056, 8.4, 29, 量化研究与统计分析
1313832, 7.5, 53, 系统思考
3069998, 7.0, 82, 博恩・崔西完美飞行
1042461, 6.8, 100, 有效阅读
1185298, 7.9, 39, 薪酬管理原理
1008242, 8.9, 22, 席殊3SFM实用硬笔字60小时训练
2224310, 8.9, 22, 景观设计理论与技法
1872340, 9.2, 19, The Cambridge Handbook of Expertise and Expert Performance
21255072, 6.3, 179, 逻辑十九讲
1054775, 7.7, 44, 由此，踏上成功之路
26712869, 6.5, 135, 正解
2181842, 7.2, 65, 超学习法
4180019, 8.2, 31, 如何提高你的洞察力
25869802, 8.5, 26, 顺利完成硕博论文
4780693, 7.4, 54, 记忆的窍门
2193810, 7.9, 37, 统计学（第二版）
1017904, 6.7, 103, 右脑革命
1314930, 7.4, 53, NGO领导、策略与管理：理论与操作
1687852, 7.4, 53, 怎样做研究
3879031, 7.3, 57, 大脑训练法
1485521, 8.0, 34, 心理咨询师的工具箱
3169656, 7.5, 48, 成功自我管理的29个工具
1541636, 8.3, 28, 生活体验研究
2343964, 7.2, 61, 访谈的艺术
1137642, 7.6, 44, 严肃的创造力
6960890, 6.7, 98, 思维导图的三招十八式
5263597, 6.7, 95, F一生粝氲墓P本
1189884, 8.0, 32, 问题解决心理学
5367118, 7.1, 63, 图谋职场
3132018, 7.3, 53, 走进经济学
3028954, 8.1, 30, 人性的弱点（中英文对照）
6256438, 7.5, 45, 口述史读本
3538057, 7.2, 57, 态度决定高度
25916588, 6.8, 83, 向上汇报
3529590, 7.8, 36, 文化研究
26677547, 8.4, 25, 微信公众营销
6892013, 7.0, 68, 职场，好学才能上位
25894706, 6.6, 101, 用系统来工作
1258952, 7.7, 38, 建筑学研究方法
6558297, 6.7, 90, 别说你记不住
1843850, 8.3, 26, 人文地理学研究方法
3117227, 7.9, 33, 质性资料的分析
5288488, 6.8, 80, 外语是怎样学会的
26703731, 7.1, 60, 超效率手册
26427491, 7.5, 43, 高效阅读法
4274795, 6.8, 79, 8周健康减肥计划
1193664, 7.9, 32, 不确定性管理
1018630, 8.0, 30, 北大学者谈读书
1474641, 7.5, 42, 打败“麦肯锡”
5283558, 7.6, 39, 鲍尔学习法
3881990, 7.3, 49, 不换思想就换人
1126102, 7.7, 36, 科学的社会功能
2989175, 7.7, 36, 叙事研究
26338127, 6.6, 93, 最强大脑
26786607, 8.6, 21, 人生岂能辜负
4882152, 8.5, 22, 理解科学推理
2984773, 8.0, 29, 美国心理协会写作手册
1098834, 8.3, 24, 硕士论文写作
6266467, 7.6, 37, 美国学生社会技能训练手册
1082595, 8.0, 28, 旅行者的礼物
3187123, 8.0, 28, 观察儿童
20502586, 6.7, 75, 看完就用的超凡记忆术
3529582, 8.0, 27, 质性研究中的访谈
26658608, 8.1, 25, 服务设计微日记
6758667, 7.7, 32, 怎样做好一项研究
1982670, 7.9, 28, 张中行作品集1
1881697, 6.6, 80, 专为中国人写的记忆书
1168904, 8.6, 19, 新学者融入世界科坛
1880983, 7.4, 39, 今日就读百万英语
1220357, 8.3, 22, 学会批判性思维
1265029, 8.3, 22, 英语学习经验谈/英语好学系列
1910697, 8.3, 22, 孙维刚谈立志成才
5275007, 7.5, 36, 怎样撰写建筑学学位论文
26801390, 7.1, 49, 有道云笔记：记录，成为更好的自己
1479080, 8.8, 17, Philosophical Writing
3909786, 7.6, 33, 商业竞争分析
2976114, 6.5, 86, 我的免费纽约
2223702, 8.1, 24, 思想方法五讲新编
3555821, 7.4, 37, 参与观察法
6532340, 7.4, 37, 销售截拳道
6526181, 7.6, 32, 学术写作手册
2115304, 8.6, 18, 定性研究（第3卷）
26839363, 7.1, 46, 请用数据说话
1024601, 6.7, 66, 头脑风暴
26595702, 7.6, 31, 脱口而出，妙语连珠――令人终生难忘的即兴演说术
3419308, 7.0, 49, 水平思考的力量
1197911, 7.7, 29, 维也纳学派
6121032, 7.5, 33, 日语词汇新思维
4254702, 8.0, 24, 高效学习
2115302, 7.8, 27, 质的研究设计
3529583, 7.8, 27, 如何做质性研究
1879062, 7.2, 41, SPSS for Windows统计分析
3064243, 7.9, 25, 社会研究中的研究设计
4074877, 7.9, 25, 如何撰写研究计划书
1559339, 8.3, 20, 伦理学方法
2845839, 8.5, 18, The Psychology of Problem Solving
24740377, 7.3, 37, 带团队就这么容易
1869984, 6.2, 108, 超右脑快速记忆法
7004414, 7.4, 34, Academic Writing
1233330, 7.2, 39, 一分钟的你自己(Ⅱ)
4012013, 7.2, 39, Magic勺子美颜小脸书
1143953, 8.2, 20, 产生式编程
5340485, 8.0, 22, 我这样做到“月收入增长10000倍”
1142825, 7.6, 28, 美国学习法
4052738, 7.7, 26, 如何解读统计图表
10809150, 6.9, 47, 会工作的人，不会工作的人
1290490, 7.3, 34, 善用大脑高效学习
26658658, 7.2, 36, 微信运营手册：入门版
4139677, 6.7, 55, 内向者无敌
4842765, 6.8, 50, 开启智慧
5312492, 8.1, 20, 成功EQ密码
1945658, 7.7, 25, 引爆记忆潜能-世界上最有效的记忆方法
4908992, 7.7, 25, 如何拿博士学位
5033755, 7.0, 41, 创业有啥了不起
26438772, 7.4, 30, 超级记忆力训练法
1398301, 7.6, 26, 大学生阅读指导
1322231, 7.2, 34, 大学生学习方法十二讲
25963662, 6.9, 43, 手账女王的手绘生活
10564941, 7.7, 24, Social Research Methods
1066211, 6.3, 77, 做一个高效的阅读者
4255637, 7.0, 39, 规划你的学术生涯
25858769, 8.2, 18, 怎样利用图书馆做研究（第三版）
1009888, 6.0, 109, 这样学习最有效
4211785, 7.6, 25, 如何写好科研项目申请书
3036808, 7.4, 28, 新情感笔记
1490912, 7.6, 24, 社会调查方法与技术
2004496, 7.6, 24, 定性研究（第2卷）：策略与艺术
1409405, 8.1, 18, 经销商管理（上下）
1957514, 6.8, 43, 高效能方法
4823648, 7.3, 29, 淫笑う看oD 普及版
1869111, 7.8, 21, 实验心理学的理论.方法与技术
5387129, 6.9, 39, 思维导图 大全集
3300144, 7.3, 28, 比较政治学
4246508, 6.5, 54, 山木方法
26413286, 6.5, 54, 快速阅读
4209039, 7.8, 20, 管中窥“道”
3932335, 7.7, 21, 心理学研究方法
1150276, 8.3, 15, 扑克牌双升实战技巧
2309503, 7.5, 23, 专为中国人写的新记忆书
6001850, 7.9, 18, 行动中的心理学
20444878, 7.9, 18, 从史实性到虚构性
26612610, 7.4, 24, 赵迎光说韩都衣舍
5367408, 6.8, 37, 迷失
24534927, 6.4, 53, 画出你的世界
10828554, 7.5, 22, 慢生活
4733766, 7.3, 25, 冷读术
1754965, 7.8, 18, 丹尼尔.肯尼迪思考工具
1961697, 7.9, 17, 控制你的愤怒
3416054, 7.9, 17, 发现的种子
4649542, 7.9, 17, The Five Love Languages
5349779, 7.9, 17, 现代日本民俗学的理论与方法
25827918, 7.6, 20, 当众讲话的艺术（插图修订第8版）
3518960, 8.0, 16, 生物进化与分类原理
5373796, 8.1, 15, 自然科学中确定性问题的应用数学
7064741, 8.1, 15, 古典研究方法导论
1484623, 7.0, 29, 辛雷学习方法.高考
25832688, 7.2, 25, 玫瑰帝国・黑羽蝶之翼
4930002, 7.7, 18, 孩子动不动就哭闹，妈妈怎么办？
1261115, 6.6, 39, 超右脑照相记忆训练
2160341, 7.6, 19, 叫我记忆王
6749877, 7.6, 19, 想到做到
1396521, 7.9, 16, 怎样获得研究生学位
2242636, 7.3, 22, 专为中国人写的单词密码
1952723, 8.1, 14, 改生命的教W
1396462, 7.4, 20, 谈判的力量
26565190, 7.1, 24, 微商这样做至少月入过万(双色)
20516539, 6.1, 57, 畅销书浅规则
25755867, 7.0, 25, 成功者的大脑
26637069, 7.0, 25, 高效能工作整理术
3923359, 5.8, 80, 20堂神奇的专注力训练课
1056001, 6.6, 34, 策划学
2099049, 7.5, 18, 科学研究的途径
1262189, 7.7, 16, 企业研究方法
1518430, 7.7, 16, 绝境求生
4826032, 6.4, 40, 玩转ETF基金
1290088, 7.3, 20, 创新者的工具箱
21359341, 7.3, 20, 中国求职面试中的潜规则
7016057, 7.8, 15, Smart Thinking
25869219, 7.8, 15, 白蕉讲授书法
1426505, 6.7, 30, 英语真相
1734015, 7.9, 14, 行为科学统计学入门
2401850, 7.9, 14, Politeness
3218779, 7.9, 14, 大魔法书/The Grand Grimoire
1391168, 6.4, 38, 怎样当一名研究生
1894611, 7.5, 17, 范畴论
10799024, 7.3, 19, 演讲达人的图解思考术
20255371, 8.1, 12, 博恩・崔西销售思想精粹大全
3240034, 7.4, 17, 高质量读书法
25762625, 7.5, 16, 终极营销
1712356, 7.9, 13, 行为科学研究方法
4880486, 7.9, 13, 进化树
21354736, 7.9, 13, Karel The Robot Learns Java
4054728, 7.2, 19, 快速阅读法
6852453, 7.2, 19, 跳出思想的盒子
3026363, 7.6, 15, 思考的技g
6077752, 7.6, 15, 内心的天籁
3107446, 7.7, 14, 现象学研究方法与步骤
1085937, 8.0, 12, 面向全体美国人的科学
1180466, 8.0, 12, 如何成为质的研究者
1168554, 6.6, 28, 埃森哲方法
10440535, 6.4, 33, 只为成功找方法，不为失败找借口
1035503, 6.1, 44, 民族学理论与方法
1264151, 6.5, 30, 一生只做一件事
4111117, 7.8, 13, 科学哲学-以问题为导向的科学方法论导论
1225195, 7.5, 15, 脑与学习
26705367, 6.7, 25, 多米尼克的记忆魔法书
3290125, 7.0, 20, 软性制造
3525026, 7.0, 20, 真是一个好创意!
1289686, 7.6, 14, 外语学习策略与方法
2248473, 7.6, 14, 语言研究方法导论
25978001, 7.9, 12, How We Learn
2837050, 7.7, 13, Guide to Methods for Students of Political Science
3022966, 7.7, 13, Who&#39;s Your City?
1430904, 6.5, 28, 提问的艺术
1010542, 7.2, 17, 超级学习力训练
26705874, 7.2, 17, 思维导图实践版
24872080, 7.3, 16, 会图解思考的人最厉害
3791548, 6.8, 22, 四年改变四十年
5301545, 6.6, 25, 打破坚冰的深度访谈
1619267, 7.5, 14, 科学方法实践
5260169, 7.5, 14, 如何v史
3317617, 8.0, 11, 读词常识
26320422, 7.8, 12, 做中国哲学
26668453, 7.6, 13, 超级时间倍增术
25890023, 5.6, 66, 神奇的眼脑直映快读法
10486873, 6.9, 19, 夫妻性生活1000问
2907756, 7.7, 12, Learning From Strangers
25451742, 7.7, 12, 社会科学研究：从思维开始（第10版）
4282389, 5.9, 43, |大生不藏私
1424641, 7.1, 16, 分析的艺术
2341372, 7.0, 17, 一生受用的分技巧
1682612, 6.2, 31, 全脑速读记忆
2374426, 8.0, 10, Bounded Rationality
26654694, 6.3, 28, 快速阅读训练法
1090278, 7.4, 13, 超级学习法2000
5502889, 7.4, 13, 最伟大的二十四堂课
10734780, 7.4, 13, 图解心理暗示术
4916246, 6.3, 27, 谁动了我的时间
2307762, 7.7, 11, 如何为学术刊物撰稿
20507465, 7.7, 11, 不凶不吼教出好孩子
21329707, 7.7, 11, 顶尖营销核心利器
5408326, 7.1, 15, 配色创意全攻略
1044452, 7.5, 12, 快速记忆技巧
6266279, 6.0, 34, 你的优雅价值无限
11615684, 7.3, 13, 蓝狮子经理人2012.03创刊号
26805298, 7.3, 13, 一就豳u
6717502, 7.6, 11, 考上就靠心智D
3528294, 7.8, 10, 阶层线性模型的原理与应用
26351831, 6.8, 17, 哈佛记忆课
24396614, 6.5, 21, 哈佛谈判课
22303840, 7.1, 14, 高学历未必成功 低学历未必失败
25788033, 7.1, 14, 12堂思维课
3987122, 6.7, 18, 超右脑快速记忆法
1232989, 7.2, 13, 学会怎样学习
1059689, 7.5, 11, 培训学习手册
1823637, 7.5, 11, 随心所欲的工作艺术
3083312, 7.5, 11, 社会科学研究的思维要素
1127614, 7.3, 12, 图形沟通高手
6002209, 7.3, 12, 沟通的力量
1066965, 6.6, 18, 最优理念
4885305, 5.7, 40, 20几岁
4161782, 5.6, 45, 事半功倍读书法
1331677, 7.6, 10, s格心`地D
10483179, 7.2, 12, 研究生论文写作技巧
26772837, 6.7, 16, 区块链 2.0
5908748, 6.8, 15, 法学论文写作与资料检索
1934232, 6.5, 18, 做人要有心眼做事要有手腕
1490223, 7.0, 13, 神奇会议
1084667, 7.5, 10, 竞争对手分析
6815771, 7.5, 10, Living Language
1443176, 7.3, 11, 专家指点提问的技巧
3533534, 7.1, 12, 怎样做读书笔记
4453956, 7.1, 12, 101 Great Answers to the Toughest Interview Questions
1106475, 6.1, 23, 图形思考
2995491, 6.9, 13, 银行个人业务营销技巧
25847655, 6.9, 13, 说话的艺术
13221361, 5.7, 34, 找个有缺点的人结婚
2890396, 7.4, 10, How to Get Ideas
3673359, 7.4, 10, 追求卓越
6878710, 7.4, 10, 地理学方法论
10764945, 6.4, 18, 我的第一本声音教练书
1288378, 7.2, 11, 调查研究方法
25963327, 6.2, 21, Evernote超效率滴还Pg【Best技巧提升版】
6516335, 7.0, 12, 分心的孩子这样教
4326862, 7.3, 10, 高蛄骱
3199215, 7.1, 11, 法律实证研究方法
4937358, 7.1, 11, 跟l都能聊不停
26418334, 7.1, 11, 三大思考工具，p氐捉Q各N}：以色列物理W家@W全球的思考法
20423552, 6.9, 12, 量化
26270942, 6.2, 19, 过目不忘的图像记忆法
2179490, 7.2, 10, 让交际与口才成就你
11625973, 5.2, 51, 时间整理术
1065680, 6.3, 16, 中国早期叙事文研究
1252217, 7.0, 10, 管理是什么
25729128, 7.0, 10, 哇！害的人@幼龉P
2243018, 6.9, 10, 读书术
10725378, 6.7, 11, 歌词写作十八讲
3427723, 6.2, 15, 先学说话后闯天下
6522946, 5.9, 13, 借力
6805221, 5.1, 19, 心智D超工作g
