2017-01-23 16:17:59
Tag: 方法论
The number of books: 930 

ID, rating, votes, title
1013208, 8.5, 26335, 如何阅读一本书
3609132, 8.5, 23212, 把时间当作朋友
6709809, 8.4, 9953, 暗时间
1320282, 9.1, 2863, 什么是数学
3748247, 8.4, 6551, 把你的英语用起来！
1504957, 8.6, 4388, 学会提问
6952036, 9.2, 2013, 对伪心理学说不
25986341, 8.4, 4956, 万万没想到
1115353, 8.3, 5410, 奇特的一生
3888123, 8.6, 3217, 写作这回事
2345548, 8.2, 4388, 学习之道（第2版）
1071023, 8.6, 2399, 谈谈方法
4163938, 8.7, 2112, 软件随想录
5916234, 7.7, 8832, 番茄工作法图解
1123740, 9.5, 764, 科学革命的结构
11505704, 9.1, 1102, The Ph.D. Grind
1020644, 8.1, 3650, 金字塔原理
3682204, 7.6, 7501, 佐藤可士和的超整理术
26761696, 7.8, 5339, 精进
2124114, 8.8, 1284, 怎样解题
2060491, 8.9, 1140, 逻辑学导论
1961913, 8.3, 2160, 太傻十日谈
1135754, 8.1, 2685, 你的灯亮着吗?
1438147, 9.0, 872, 让数字说话
3644095, 7.9, 3190, 越读者
1022938, 8.4, 1575, 中国历史研究法
10590856, 8.9, 838, 统计学习方法
6100919, 9.1, 683, 治史三书
6313277, 8.9, 828, 学术训练与学术规范
1399297, 8.9, 783, 社会研究方法
1085660, 8.0, 2294, 尽管去做
5372651, 8.3, 1536, 程序员的思维修炼
2969410, 8.8, 798, 与本科生谈：论文与治学
26692468, 8.6, 974, 智识分子
4740002, 9.1, 570, On Writing Well
4010185, 8.0, 1997, 哪来的天才？
3138847, 7.9, 2274, 思考的技术
4035330, 8.7, 805, 研究是一门艺术
25783654, 7.5, 3865, 如何高效学习
4726323, 7.5, 3845, 一万小时天才理论
22994632, 9.0, 561, 成功，动机与目标
1059490, 7.7, 2709, 麦肯锡方法
1070897, 8.5, 927, 十九札
4199741, 8.5, 924, 代码整洁之道
1322336, 8.9, 567, 控制论与科学方法论
3691437, 7.4, 3909, 思维导图
1322324, 8.8, 620, 思想史研究课堂讲录
10773362, 8.2, 1210, 随机漫步的傻瓜
3171735, 9.3, 363, 行为科学统计
7057936, 8.4, 855, 批判性思维
11522125, 8.4, 822, 找对英语学习方法的第一本书
5038750, 9.1, 390, 读书指南
6507059, 8.1, 1101, 10堂量子创意课
4164024, 8.2, 966, 高效程序员的45个习惯
26305561, 8.0, 1177, 如何阅读一本小说
3550249, 8.9, 432, 科学哲学
3006742, 8.5, 638, 改变
1418669, 8.6, 562, 社会学方法的准则
3741218, 8.6, 558, 项目管理知识体系指南
26789567, 7.7, 1657, 如何有效阅读一本书
4198078, 8.4, 652, The Pomodoro Technique
26895993, 8.2, 794, 刻意练习
1500045, 8.7, 433, 猜想与反驳
4263247, 8.4, 589, 为什么大猩猩比专家高明
6064502, 7.9, 994, 超级快速阅读
4864832, 9.4, 217, 为什么学生不喜欢上学?
3744041, 7.1, 3165, 晨间日记的奇迹
1211972, 8.5, 480, 博弈论
26676528, 8.7, 388, 如何阅读一本文学书
3558788, 8.0, 802, 卓有成效的程序员
2301904, 9.2, 241, Case in Point
26850526, 8.3, 559, 追时间的人
4909716, 7.5, 1504, 谁说这辈子只能这样
4630664, 7.2, 2347, 你的知识需要管理
5942569, 7.7, 1110, 成为作家
1134230, 9.0, 272, 数学与猜想（第一卷）
5359838, 8.0, 751, 快速阅读
6687032, 8.8, 315, 经验的疆界
1074822, 9.0, 263, 法学方法论
1041028, 8.4, 462, 社会研究方法教程（重排本）
4012040, 8.5, 417, 妙趣横生博弈论
24745639, 7.8, 924, 麦肯锡教我的写作武器
1019959, 7.8, 898, 精力管理
20258506, 7.8, 889, 怎样读书
2117279, 7.7, 1012, 教授为什么没告诉我
3874395, 8.9, 273, 思想的力量
26605978, 8.4, 439, 超越智商
3518087, 8.5, 394, 给研究生的学术建议
1448727, 8.4, 430, 博弈论基础
1050510, 7.3, 1694, 六顶思考帽
1043650, 8.6, 343, 中国历史研究法
7001106, 7.4, 1351, 时间管理
20493042, 7.3, 1541, 这样读书就够了
11528220, 8.1, 534, 系统之美
1238685, 8.6, 313, 统计与真理
26662600, 8.2, 463, 哈佛非虚构写作课
1315775, 8.4, 373, 知性改进论
1588297, 9.0, 215, 统计学
1850407, 9.1, 197, 数学的发现
26761859, 7.9, 635, 精要主义
1188729, 8.8, 252, 产权与制度变迁
6710983, 8.1, 502, 我最想要的记忆魔法书
1232071, 8.5, 322, 如何求解问题
3822285, 8.7, 264, 自我导向行为
1867455, 7.9, 600, 像外行一样思考，像专家一样实践――科研成功之道
10531723, 8.5, 314, 爱因斯坦传
26260187, 7.7, 749, 零秒思考
6077688, 6.8, 2912, 别告诉我你会记笔记
4924164, 8.3, 365, 软件开发者路线图
1137278, 8.5, 299, 系统化思维导论（银年纪念版）
4247329, 8.5, 298, 致青年学者
26890188, 8.6, 271, 大师们的写作课：好文笔是读出来的
24753011, 9.3, 152, 葛传擞⒂镄醋
1022915, 8.5, 296, 思想史的写法
20036150, 9.1, 175, Principles
3815992, 6.9, 2308, 白骨精学习法
2155338, 9.1, 171, 货币、方法与市场过程
5068097, 8.8, 218, 计量经济学导论
11529133, 8.9, 199, GRE阅读制胜法则
1230328, 9.0, 182, 数学（第一卷）
2169896, 8.4, 300, 企业参谋
2124368, 8.7, 221, 证明与反驳
4159753, 9.3, 137, Your Brain at Work
5417235, 7.9, 489, 失败的逻辑
26779688, 8.4, 289, 做出好决定
10484712, 7.7, 616, 驱动力
25742296, 8.1, 387, 有限与无限的游戏
1541591, 8.3, 315, 质的研究方法与社会科学研究
25779342, 7.7, 606, 麦肯锡教我的思考武器
26286306, 9.2, 144, 葛传讼蜓习英语者讲话
2049392, 8.9, 181, 社会研究方法
1836616, 8.5, 254, 写文化
5500869, 7.8, 525, 小说写作教程
1442238, 8.1, 368, 学习改变命运
4243207, 7.8, 504, 悠游度过一天的24小时
26586771, 7.5, 727, 神奇手账
2979192, 8.6, 220, 矛盾论
10441244, 6.8, 2096, 整理的艺术
1132623, 8.4, 261, 成为技术领导者
3162523, 9.3, 124, Mostly Harmless Econometrics
1608312, 8.5, 235, 呻吟语
26873486, 8.5, 235, 运营之光
2985995, 8.1, 347, 爱上统计学
24527462, 8.6, 214, 人类学入门
19945741, 8.0, 382, 趋势的力量
2356843, 8.9, 164, 控制论
1959062, 8.7, 193, 历史学家的修养和技艺
5063384, 7.6, 595, 思考的艺术
1022739, 8.0, 371, 从牛顿、达尔文到巴菲特
1073626, 8.7, 190, 社会研究的统计应用
25741447, 7.1, 1172, 小通鉴
1393623, 8.3, 270, 实验心理学
1255317, 8.6, 204, 韦伯作品集Ⅶ ：社会学的基本概念
2261591, 8.3, 267, 怎样写作
1156866, 8.0, 358, 系统思考
3024461, 8.4, 238, 摩洛哥田野作业反思
5399343, 7.8, 436, 论证是一门学问
4169488, 7.7, 489, 思维导图系列丛书（全五册）
3185166, 7.7, 488, 世界最简单解决问题的方法
26649850, 7.9, 387, 深度学习的艺术
4933040, 9.3, 111, 回归分析
10769835, 8.8, 160, 历史学十二讲
1430203, 8.8, 159, 系统的哲学
7154320, 7.5, 588, 与爱因斯坦月球漫步
25838004, 8.8, 157, 法学论文写作
3168355, 8.8, 156, Data Flow
1256169, 8.7, 169, 真理与方法（上卷）
1824153, 8.7, 168, 天资与修养
1314996, 8.2, 263, 论经济学方法
3916049, 7.3, 747, 快速阅读
21372237, 8.4, 210, 极客与团队
1703433, 8.8, 149, 探求真理的指导原则
26839427, 8.1, 274, 慢思考：大脑超载时代的思考学
24902403, 9.2, 108, 忙总管理笔记
1926932, 8.1, 268, 有了博士学位还不够
4169625, 7.1, 895, 杠杆阅读术
1854768, 8.6, 168, 社会学方法与定量研究
26753478, 7.3, 644, 神逻辑
1853209, 8.4, 192, 政治学研究方法指南
26677905, 8.0, 281, 打破自我的标签
25780952, 7.9, 307, 职场解释系
3132014, 9.3, 94, 组织与管理研究的实证方法
4201118, 8.0, 273, 我们如何思维
1426502, 8.8, 133, 青年与学问
25858710, 8.2, 222, 为什么？
25846315, 9.2, 99, The Sense of Style
4760725, 7.4, 531, 演讲之禅：一位技术演讲家的自白
2300690, 8.5, 168, 为学十六法
1443526, 8.2, 220, 新工具
3761236, 7.3, 602, 启动大脑
20445391, 8.5, 167, 思想史研究课堂讲录续编
3865389, 7.4, 524, 超级记忆
26430442, 7.1, 785, 秋叶：如何高效读懂一本书
3075468, 8.9, 120, 哲学史方法论十四讲
26743071, 7.6, 404, 学会学习
4157223, 7.1, 775, 效率提升10倍的google化知性生产技巧
3208050, 7.6, 401, 知道做到
5406042, 7.7, 353, 设计原本
3137159, 7.4, 502, 用图表说话
26897266, 8.6, 147, 考拉小巫的英语学习日记
1077279, 7.8, 312, 读书的艺术
10788371, 6.9, 1009, 清单革命
20284332, 8.9, 116, 学术研究，你的成功之道
6526308, 7.8, 311, 怎样做文献综述
4902493, 7.6, 389, 我这样考上东大和哈佛
1494299, 8.9, 115, 经济科学的性质和意义
2331448, 9.0, 106, 作文三书（全三册）
6761174, 7.6, 379, 身边的逻辑学
4062798, 7.6, 375, 别让猴子跳回背上
4177311, 7.5, 420, 创造商业头脑的7种框架力
3729187, 7.3, 533, 博赞学习技巧
4246477, 7.5, 414, 问题解决力
3354596, 8.8, 119, 创新算法
25879534, 7.7, 326, 学会独立思考
4200631, 7.3, 510, 麦肯锡工具
26652812, 7.4, 440, 匠人精神
25744065, 8.3, 169, 决断力
4736469, 8.2, 178, 21天掌握当众讲话诀窍
20501255, 8.6, 126, 朱光潜谈读书
2372323, 8.9, 100, 科学研究的艺术
10593781, 8.2, 176, 如何做田野笔记
11615069, 7.8, 260, 好工作是设计出来的
1051507, 6.9, 803, 10倍速影像阅读法
5063383, 7.9, 229, 我为什么看不懂你
3430960, 9.0, 91, IDEO Method Cards
25871818, 8.6, 122, 讲理
4886012, 9.2, 79, 问卷统计分析实务
26099295, 7.6, 310, 番茄工作法图解
25873066, 7.1, 573, 麦肯锡工作法
2178389, 8.8, 103, 如何撰写和发表科技论文
1599035, 8.4, 141, 简捷启发式
1824306, 7.2, 496, 学习的艺术
1273804, 8.4, 140, 法学方法论
24298931, 7.2, 489, 专注力
4882100, 8.6, 118, 人类知识原理
3234797, 8.8, 101, 应用STATA做统计分析
3892590, 8.6, 117, 面向对象分析与设计
25963469, 8.5, 126, 好好讲道理
1766670, 9.5, 63, Instructor&#39;s Manual t/a Structure and Interpretation of Computer Programs
1938119, 8.3, 148, 自然科学的哲学
4165362, 7.4, 366, 尼采的锤子
6806468, 9.3, 70, 英文疑难详解
20261700, 8.0, 189, 好战略，坏战略
26422177, 7.6, 281, 轻松学会独立思考
1173463, 8.2, 155, 比知识还多
2123587, 8.5, 119, 作文杂谈
5946563, 7.5, 308, 学习要像加勒比海盗
11523251, 6.6, 1079, 超级时间整理术
2255378, 7.4, 345, 学习这回事
26853123, 7.7, 245, 深阅读
26145094, 7.8, 220, 结构思考力
26413204, 6.4, 1517, 聪明人用方格笔记本
11160553, 7.2, 436, 你的第一本思维导图操作书
26895988, 8.0, 179, 学习之道
25871630, 8.6, 107, 作文七巧
1823970, 7.7, 240, 思考的力量
3115238, 7.8, 216, 如何听如何说
2386085, 9.0, 80, Designing Social Inquiry
4249895, 7.1, 487, 考上第一志的P本：|大合格生P大公_
10570075, 7.6, 265, 找到人生的好感觉
4292525, 8.8, 91, 进化思维
25818674, 8.4, 123, 创意的生成
1043571, 7.9, 191, 杜子华英语成功学
3069880, 7.9, 189, BCG视野
1288848, 9.3, 64, 社会研究方法基础
26747250, 8.6, 103, 开发故事创意（第2版）
6896089, 9.2, 68, 论方法
4042144, 7.3, 359, 每天坚持30分钟
2999515, 8.3, 130, 论十大关系
20272125, 8.0, 168, 选择卓越
10570885, 8.6, 101, 芝加哥学术生涯规划
4257259, 8.1, 152, 设计是什么
3567390, 8.2, 139, 艺术史方法与理论
5297434, 8.5, 108, 要件审判九步法
10485205, 7.9, 178, 搞定Ⅲ
1283433, 8.7, 91, 科学研究纲领方法论
26685458, 7.5, 267, 用户力：需求驱动的产品、运营和商业模式
3918519, 7.9, 175, Super Freakonomics
6802217, 8.5, 104, 没有边界的教室
1964207, 7.5, 260, 社交商
7564081, 8.8, 81, 人类学
5424508, 9.4, 55, 高级计量经济学及Stata应用
26809387, 7.5, 245, 印象笔记留给你的空间
25830853, 7.3, 305, 如何把事情做到最好
11517171, 8.6, 89, 创意，是一笔灵魂交易
10508053, 8.0, 145, 孟子趣说3
1173944, 9.1, 63, 管理研究方法论
4817904, 9.1, 63, 以人为中心心理咨询实践
4988498, 8.1, 132, 地头力
3359555, 7.7, 192, 像经济学家一样思考
25850118, 8.2, 120, 日本读书论
5322674, 6.9, 492, 思考的整理术
4097785, 9.3, 55, Principles and Practice in Second Language Acquisition
4257314, 9.1, 62, 形式综合论
1228801, 8.0, 141, 国际关系研究实用方法
1005930, 8.1, 129, 决策的艺术
1976236, 8.3, 109, 入世心法
1030243, 8.8, 75, 孙子三论
2155336, 8.5, 93, 经济学方法论探究
3111359, 8.1, 128, 社会学论文写作指南
20485924, 8.4, 100, Give and Take
25919337, 8.3, 108, 冲突与悬念
26895836, 9.4, 51, 不发表 就出局
1070879, 7.8, 167, 中国研究的范式问题讨论
26358914, 7.8, 167, 正义的成本
6019667, 7.5, 227, 选择的艺术
5248004, 8.2, 116, 设计思维
1660351, 9.3, 53, 20世纪中国语言学方法论（1898-1998）
3059144, 9.3, 53, Fundamentals of Piano Practice
1828739, 8.3, 105, 史学方法论
1482413, 8.0, 135, 水平思考
1265007, 8.3, 104, 社会科学方法论
25984449, 8.1, 122, 到法学院学什么
26148763, 8.6, 82, 计算的本质
11629000, 8.2, 111, 怎样读古书
2777962, 9.0, 62, Economical Writing 2ed
5408891, 7.4, 236, 反常识经济学
3347618, 7.4, 235, 高绩效人士的五项管理
2563318, 9.8, 39, Passion
20507211, 7.4, 232, 创新者的基因
11578220, 9.3, 50, 量化数据分析
3164127, 8.3, 98, 就这样享用Word
1065165, 7.8, 149, 我怎样读书
26851693, 9.1, 55, 单点突破
1965596, 8.7, 71, 科学与方法
3414390, 7.9, 133, 超越哈佛
1038663, 7.4, 218, 10倍速学习法
10567201, 9.7, 39, Writing Science
1041513, 8.8, 65, 思想与方法
3198652, 8.3, 93, 大观念
1843363, 8.4, 86, 政治科学研究方法
1100070, 8.1, 109, 踏踏实实学英语
25828086, 8.2, 100, 我们怎样读书
4735991, 9.1, 53, 语言兴衰论
26169876, 7.4, 210, 逻辑思维，只要5步
6104554, 7.5, 188, 金字塔原理2
1966688, 8.7, 68, 经济学的哲学
1492601, 7.8, 139, 媒介与文化研究方法
1507312, 8.2, 95, 结构方程模型及其应用
10433731, 8.0, 112, 视觉会议
2296845, 6.9, 363, 专注力
1216637, 8.3, 87, 系统设计的一般原理
1083104, 7.6, 160, 如何通过考试
26649613, 8.7, 65, Deep Work
26761558, 6.9, 355, 日常生活中的思维导图
1466083, 9.5, 40, The Craft of Research
26749968, 7.2, 240, 超预测
3800835, 8.2, 91, 博士论文写作技巧
26320047, 8.7, 63, 浪漫主义宣言
24524405, 6.4, 723, Evernote超效率数字笔记术
1226635, 8.3, 83, 思维方式
26150495, 8.3, 83, 论历史
1176933, 8.0, 105, 探索需求
26828205, 7.4, 183, 一本小小的蓝色逻辑书
5362356, 8.1, 95, 思维
24529592, 8.3, 81, 论著与生活
6510686, 6.5, 583, Google时代的工作方法
26828718, 8.8, 57, 社群营销
1490634, 8.4, 74, 大家来做口述历史
3069835, 8.4, 74, 数学领域中的发明心理学
3576048, 7.6, 144, 创业圣经
6848172, 8.5, 68, 政治哲学史讲义
5940650, 7.4, 174, 简单的力量
3319177, 9.5, 37, 语法调查研究手册
1420947, 9.1, 46, 逻辑与语言
1320151, 8.1, 91, 人是如何学习的
3129101, 8.8, 55, 萨维尼法学方法论讲义与格林笔记
4836530, 8.8, 55, 剑桥学习科学手册
1956618, 8.4, 72, 政治科学的理论与方法
6990093, 6.1, 1097, 超级整理术
3597412, 7.9, 105, 人类学的四大传统
1910297, 7.6, 137, 批判性思维教程
4031959, 7.6, 137, 软件开发沉思录
1510740, 8.1, 88, 全部知识学的基础
1547285, 8.1, 88, 中层理论
3934265, 8.4, 70, 像艺术家一样思考系列
2327354, 8.5, 65, 古今名人读书法
1849836, 8.2, 80, Get Things Done
4770564, 8.7, 56, 心理学研究方法
1872065, 8.1, 86, 政治学理论与方法
20493300, 8.0, 93, 高效能人士的执行4原则
3033504, 8.9, 49, 课程与教学的基本原理
10801087, 8.2, 79, 项目计划、进度与控制
1273675, 9.2, 41, 不对称和标记论
4817217, 8.1, 85, 全能记者必备
26419762, 8.1, 85, 成为技术领导者
5423049, 8.4, 67, 如何学习研究世界史
4820229, 8.9, 48, 法学方法论
25712581, 7.0, 246, 整理的艺术3：创意是整理出来的
26681681, 7.8, 107, 深度案例思考法
1101174, 8.5, 62, 理论、方法、发展趋势
26214776, 7.6, 128, 实力、运气与成功
25932254, 8.1, 82, 故事工程
25931208, 7.2, 189, 反直觉思考
20499157, 7.0, 238, 笨蛋！重要的是逻辑！
2995495, 9.2, 39, W的最後基A
3287271, 8.2, 72, 怎样做理论
26611866, 9.3, 36, 曾国藩治学方法
26605738, 8.9, 45, 做孩子最好的英语学习规划师
26628012, 7.4, 144, 人生总会有办法
1032870, 8.4, 62, 集中精力做重要的事
26616951, 7.7, 108, WOOP思维心理学
1740511, 8.0, 83, 我们关于外间世界的知识
25906968, 8.0, 82, 治学的门径与取法
10771463, 7.8, 96, 激活你大脑的“图解思考”术
2369058, 8.7, 49, 色彩形象坐标
20434546, 8.5, 55, 人文与社会科学学术论文写作指南
24869618, 8.5, 55, 通用设计方法
3866434, 8.1, 73, 社会调查自白
1903035, 9.2, 36, Exploratory Social Network Analysis with Pajek
26655043, 8.6, 51, 会读才会写
2287720, 8.1, 72, 如何成为卓越的大学教师
3733129, 8.3, 62, 论法学研究方法
1912888, 8.0, 77, 谁想成为科学家
2009919, 7.4, 131, 社会网络分析法
3752414, 8.1, 71, 市场的本质
20442526, 8.7, 47, 裁判的方法
1322091, 7.9, 83, 天才的13个思维工具
4917103, 7.8, 90, 记忆的魔术
25873525, 9.1, 37, 哲学的邀请：问题与选择
26613055, 8.5, 53, 超级快速阅读
1842736, 9.2, 35, Game Theory
25976937, 8.2, 65, 德州扑克小绿皮书
4221674, 7.4, 128, 记忆导图
3518082, 8.0, 75, 如何撰写与发表社会科学论文
1410525, 8.6, 49, 法律推理与法律理论
2342873, 8.6, 49, 经验与理论
4847071, 8.6, 49, 结构─制度分析，还是过程─事件分析？
6773572, 8.7, 46, 人类学讲义稿
3596216, 8.0, 74, 改变思维
2838817, 9.1, 36, The Logic of Political Survival
21346161, 9.0, 38, 法学方法论
24732529, 7.0, 191, 逻辑思维简易入门
1151672, 6.9, 215, 代码阅读方法与实践
10560041, 7.8, 86, 社会不教，精英不讲，坎儿还得自己过
25769201, 6.6, 316, 你体内的囤积欲
26709039, 8.0, 73, 画出你的答案：用思维导图理清思路、解决问题、达成目标
1041532, 7.9, 79, 艺术史写作原理
26771798, 7.5, 111, 凸法则
26417277, 7.0, 186, 思考力：潮爆东京大学的思维公开课
25916832, 7.1, 165, 麦肯锡问题分析与解决技巧
1256394, 8.6, 47, 真理与方法（下卷）
3106569, 9.0, 37, 商务动态分析方法
26823158, 8.7, 44, 能量：9个能量场实验激活不可思议人生
3151772, 6.8, 233, 一页纸项目管理
26381898, 7.6, 99, 中层领导力
26390909, 8.4, 53, 小fnⅡ：偷故事的人
1399790, 7.7, 90, 美术史的观念
26794863, 7.6, 97, 如何打造超级IP
4159397, 8.7, 43, 政治博弈论
2013757, 7.9, 75, 电子商务管理视角
1324676, 8.4, 52, 法律思维导论
26711191, 8.4, 52, 简单的哲学
1396395, 6.8, 225, 美化你的声音
2531958, 8.9, 38, A Manual for Writers of Research Papers
3655164, 8.9, 38, 战略
1223940, 7.6, 96, 考无不胜
25881590, 7.9, 74, 拆出你的沟通力I
25901055, 7.7, 87, 野蛮进化
25940548, 6.6, 287, 阅读整理学
1042631, 8.7, 42, 哲学与人文地理学
25872118, 7.1, 154, Evernote 100个做笔记的好方法
26598910, 7.9, 73, 跑步革命
3696747, 6.2, 522, A4纸工作法
25953019, 7.3, 124, 6个月学会任何一种外语
10573746, 9.3, 30, The Politics of Authoritarian Rule
1783551, 9.0, 35, Conceptual Blockbusting
24713754, 9.0, 35, 汪博士解读PMP考试
1620154, 8.5, 47, 解决问题的策略
2272848, 7.9, 72, 大众传播学研究方法导论
4850509, 8.6, 44, 现场改善
11503789, 7.3, 122, 整理术
1276939, 8.3, 53, 中国人学英语
25894673, 8.7, 41, Make it Stick
1973569, 8.2, 56, 大X操作手册――N.L.P.概
1943106, 7.9, 70, 诚实做学问
25804969, 7.5, 98, 思维导图宝典
5292982, 9.1, 32, Turning Pages
1277913, 8.7, 40, 传播统计学
3852284, 8.7, 40, 分类数据分析的统计方法
26338839, 7.9, 69, 风险与好的决策
24863461, 7.7, 81, 商业就是一场秀
25788807, 7.8, 74, 看板方法
26770285, 8.6, 42, 中层领导力（自我修行篇）
26841235, 8.6, 42, 我要内脏变年轻
21346605, 8.9, 35, 数学之英文写作
3673767, 8.8, 37, 问题就是答案
1937407, 9.4, 27, 狂热的追求
2376316, 8.1, 58, 历史社会学的视野与方法
25660771, 8.2, 54, 为什么读书：胡适演讲集（三）
4240893, 7.5, 94, 选对色彩穿对衣
26107892, 8.0, 62, 创新自信力
19897923, 8.5, 43, 世界史的构造
26429719, 7.1, 134, 麦肯锡工作法
25870261, 7.3, 109, 练习的力量：把事情做到更好的42法则
1760889, 7.9, 64, Triple Your Reading Speed
5326182, 7.9, 64, 测试驱动开发的艺术
26391279, 6.6, 239, 如何高效阅读
1444098, 8.0, 59, 心理学研究手册
25756491, 8.5, 42, 稻盛和夫的实学
3542657, 8.2, 51, 思维与决策（第四版）
26344722, 8.8, 35, How to Write a Thesis
1400210, 7.5, 88, 社会人类学方法
5990177, 7.9, 63, Change Anything
26883144, 8.3, 47, 清晰表达的艺术：打造高效的职场沟通
1337312, 8.4, 44, Writing for Social Scientists
1281790, 7.9, 62, 官僚制
1418452, 8.1, 53, 解释学 美学 实践哲学 伽达默尔与杜特对谈录
26043897, 8.1, 53, 想象
2657460, 6.4, 299, 王者速读法
6758642, 8.7, 36, 怎样做研究
2090855, 8.9, 32, 一门捉摸不定的科学
26653173, 8.9, 32, 游戏设计的236个技巧
25736551, 7.4, 92, 王者速读法（2013年新版）
1010700, 8.0, 56, 思考的玩具
20496158, 8.5, 40, 心理学质性研究导论
6834148, 8.3, 45, 法学思维小学堂
1524558, 8.4, 42, 创新启示录
1162355, 7.4, 90, 语言家
2300541, 8.7, 35, 法学方法与现代民法
3110687, 8.5, 39, 方法：语言学的灵魂
25881592, 8.5, 39, 拆出你的沟通力II
26723536, 7.4, 88, 争辩力
4321340, 9.0, 29, A First Course in Bayesian Statistical Methods
3042530, 7.0, 128, 水平思考法
1071111, 7.9, 57, 经济学的认识论问题
11599335, 6.8, 158, 大量阅读的重要性
3803280, 8.4, 40, 承诺的策略
1312934, 7.0, 126, 6色荧光笔学习法
3329332, 7.2, 102, 我对你错
1889768, 8.7, 33, Social Network Analysis
21676595, 8.4, 39, 狐狸与刺猬
26600414, 9.2, 25, 去情绪化管教
25867002, 6.4, 252, 解决问题最简单的方法
4063315, 8.9, 29, 父-那些我在n堂外W的本事
20416707, 6.8, 149, 优雅与权势
1035759, 8.6, 34, 社会理论的基础（上、下册）
1955839, 9.1, 26, 城市设计手册
1497763, 8.5, 36, 旅居者和“外国人”
1392052, 8.7, 32, 社会科学
7154659, 8.7, 32, 经济学之路
6938514, 7.5, 73, 重塑你的大脑
25818133, 7.5, 73, 比较政治学理论与方法
2294522, 8.2, 43, o青年知R追求者的信
26271352, 7.4, 79, 分析的力量
26836278, 8.0, 49, 和秋叶一起学职场技能
10829607, 7.7, 61, 历史研究导论
24881104, 6.4, 240, 像间谍一样思考
1792032, 7.6, 66, 共好
1226129, 8.5, 35, 经济学的结构
1278389, 8.5, 35, 选择健康
1797658, 8.9, 28, All the Mathematics You Missed
6133476, 7.5, 71, 装修不上当，省心更省钱
26670648, 6.5, 205, 关键20小时，快速学会任何技能！
10587660, 7.2, 92, 创意不是想出来的
3056110, 7.2, 91, 专为中国人写的超右脑开发训练
2011219, 8.2, 41, 定性研究（第1卷）：方法论基础
20282795, 6.6, 174, 史上最简单的问题解决手册
3860404, 7.2, 90, 图解10倍速影像阅读法
23008781, 6.8, 136, 天天25小时
25816572, 8.7, 30, 人与知识
26580132, 8.0, 46, 学习的本质
4863581, 8.2, 40, 质性访谈方法
2815306, 9.3, 22, Art History
1803574, 9.2, 23, 英语论文成功写作
4010217, 8.6, 31, 任性总裁的成功创业法则
1946159, 8.1, 42, 经济学方法论
1392008, 9.0, 25, 社会研究方法基础
10038670, 9.0, 25, Stylish Academic Writing
25886282, 9.0, 25, 传播学内容分析研究与应用
26808540, 8.2, 39, 战略的本质
24807529, 7.8, 51, Data Science for Business
3117354, 8.1, 41, 如何撰写和发表SCI期刊论文
5311619, 8.1, 41, 整合思维
7064376, 8.5, 32, 范式与沙堡
26424383, 8.3, 36, 新知?学习的革命（精华版）
1398032, 8.2, 38, 史学方法与历史解释
24307340, 7.3, 75, 洞察力的原点
3165777, 8.0, 43, 研究设计与方法
1265725, 7.7, 53, 案例研究
4241893, 8.4, 33, 人类学的询问与记录
1140149, 7.8, 49, 社会学方法的新规则
3058224, 7.8, 49, 质问力 大前研一
2005400, 8.5, 31, 经济史：历史观与方法论
26772461, 6.4, 195, 我们为什么总是看错人
1885260, 8.0, 42, 发明是这样诞生的
3354528, 7.5, 61, 规则与潜规则
26911425, 7.7, 52, 练习的心态
1420605, 7.4, 66, 人类学定位
4050601, 8.8, 26, 译者的隐形
20437999, 8.8, 26, Intuition Pumps and Other Tools for Thinking
10517643, 6.5, 166, 搞定Ⅱ
5331946, 7.9, 44, 批判性思维原理和方法
1997584, 8.7, 27, Rapid Contextual Design
3029844, 8.0, 41, 让数据告诉你
26729803, 6.7, 129, 沃顿商学院自我管理课
3248624, 7.8, 47, 学术论文写作手册
25969319, 7.8, 47, 秘笈
26392294, 7.0, 93, 绝佳提问
5503004, 7.6, 54, 我是怎样学外语的
1116341, 8.9, 24, 实验医学研究导论
3865983, 8.9, 24, 罗雪尔与克尼斯
4621289, 7.8, 46, 全球文化工业
24859840, 8.0, 40, 为自己工作
21351876, 8.4, 31, 吾思鱼所思
1217075, 8.1, 37, 必要的张力
1028131, 7.5, 57, 天才是怎样思考的
26236962, 7.5, 57, 改变提问，改变人生（原书第2版）
25963553, 8.0, 39, 创新十型
10550579, 7.0, 88, 大脑活用学习法
1491186, 7.4, 61, 怎样写论文
5372470, 6.1, 269, 高效人士四小时熟睡法
24855882, 6.8, 108, 逻辑思考力
25881407, 7.7, 48, 如何写学术论文
25702395, 6.2, 230, 复盘
3301640, 7.3, 66, 能人学习法
26592897, 8.3, 32, 对知识的恐惧
1054724, 9.1, 21, 论语言接触与语言联盟
3884889, 9.1, 21, 当代语言学
3979167, 9.1, 21, How Life Imitates Chess
1753410, 9.0, 22, Visions of Politics (Volume 1)
1414931, 8.1, 36, 社会调查中的问卷设计
26823428, 8.1, 36, 趋势红利
2181341, 7.5, 55, 阅读、写作和推理：学生指导手册
7015839, 8.0, 38, This Will Make You Smarter
1508299, 8.7, 25, You Can Negotiate Anything
26268755, 8.7, 25, 中国传统书信鉴赏与写作
1173461, 7.6, 50, 平行思维
26802252, 5.9, 353, 为什么精英都是清单控
3898441, 7.8, 43, 怎样写学术论文
20493879, 7.9, 40, 新文化史
26241857, 7.9, 40, 啤酒圣经
26808162, 6.3, 189, 聪明人用方格笔记本・进阶图解
26135832, 8.1, 35, 写我人生诗
3698056, 8.4, 29, 量化研究与统计分析
26253728, 8.0, 37, 精酿啤酒赏味志
26774358, 8.0, 37, 阅读的力量
1313832, 7.5, 53, 系统思考
25812961, 7.2, 68, 博赞速读术
26809099, 7.6, 48, 视界・无界
1872340, 9.2, 19, The Cambridge Handbook of Expertise and Expert Performance
21255072, 6.3, 179, 逻辑十九讲
1445600, 8.7, 24, 经济学中的经验建模
1995152, 8.7, 24, Writing Your Dissertation in Fifteen Minutes a Day
10605480, 7.4, 55, 批判性思维训练手册
2181842, 7.2, 65, 超学习法
26639151, 6.8, 95, 图解整理术
2144470, 8.1, 33, 逻辑与演绎科学方法论导论
3633476, 8.1, 33, 建构扎根理论
26780215, 6.2, 198, 你的团队需要一个会讲故事的人
6116278, 7.8, 40, 锻炼“地头力”
25869802, 8.5, 26, 顺利完成硕博论文
5311621, 7.2, 64, 美第奇效应
4780693, 7.4, 54, 记忆的窍门
2900642, 8.9, 21, Explaining Social Behavior
24696855, 7.1, 69, 意志力是训练出来的
1489189, 8.8, 22, 科学发现纵横谈
1687852, 7.4, 53, 怎样做研究
26823419, 8.4, 27, 20岁，我们创业吧
10617887, 7.6, 45, 在中国做田野调查
1164146, 8.1, 32, 治学方法与论文写作
4820641, 8.3, 28, 社会科学的哲学
4124620, 8.5, 25, 中国禅学研究入门
4952676, 7.7, 41, 学习高手的三驾马车
5419170, 7.7, 41, 三种文化
11403349, 7.7, 41, To Sell Is Human
26836223, 7.0, 73, 腾讯之道
6960890, 6.7, 98, 思维导图的三招十八式
26362196, 6.0, 243, 聪明人是如何思考的
3282725, 6.9, 79, 你需要一个系统
3879227, 8.9, 20, 中国社会学经典导读（套装上下册）
1073845, 7.8, 37, 横向思维（上下）
6982475, 7.8, 37, 科学离我们有多远
2227952, 8.6, 23, Methods of Discovery
5263597, 6.7, 95, F一生粝氲墓P本
3929678, 8.3, 27, The Art of Community
1189884, 8.0, 32, 问题解决心理学
26769282, 8.0, 32, 如何作出正确决策
2187853, 7.5, 45, 政治学定量分析入门
2330282, 6.5, 116, 完美间谍手册
26147335, 7.2, 57, 创造力：跳出盒子思考
3529590, 7.8, 36, 文化研究
1163316, 7.4, 48, 原因与结果法则
1538552, 7.7, 38, 历史学家的思想和方法
1843850, 8.3, 26, 人文地理学研究方法
4762880, 8.3, 26, 谈中国古代文学的学习与研究
3117227, 7.9, 33, 质性资料的分析
1851247, 8.8, 20, In the Bubble
2984432, 8.8, 20, 书法精论
3062643, 9.3, 16, 社会政治理论的重构
5976095, 7.0, 66, 牛津剑桥的59道思考题
26703731, 7.1, 60, 超效率手册
22522659, 8.5, 23, 麦肯锡教我的思考武器
26664338, 6.7, 88, 别告诉我你会记笔记
25864539, 7.1, 59, 博赞学习术
5283558, 7.6, 39, 鲍尔学习法
3724899, 8.3, 25, 中国思想史方法论文选集
25841255, 8.1, 28, 读书法
2989175, 7.7, 36, 叙事研究
26936065, 8.6, 21, 请停止无效努力
4882152, 8.5, 22, 理解科学推理
1261130, 8.0, 29, 理论后勤学
11623343, 8.0, 29, Academic Writing for Graduate Students
25961421, 8.4, 23, 情绪自控力：把消极变积极的力量
1083780, 7.2, 51, 对弈
2315922, 8.3, 24, 辩证理性批判（上下）
25823750, 7.3, 46, 写出心灵深处的故事
25831389, 7.8, 32, 你的写作教练（第二版）
25851706, 7.8, 32, 牙齿有毛病，身体一定出问题
5996657, 8.2, 25, 解析社会
10757668, 7.6, 36, 方法论・情志论
4445797, 8.5, 21, Writing Your Journal Article in Twelve Weeks
1318736, 8.1, 26, 创造性问题求解的策略
5362355, 8.1, 26, 21世纪学习的革命
6896041, 8.1, 26, 人件集
1458471, 8.4, 22, The Foucault Effect
4810028, 8.4, 22, 探索复杂性
1197169, 6.5, 95, 奥卡姆剃刀
25816647, 8.3, 23, 云的理论
3417167, 7.7, 33, 自然英语学习法
26237108, 7.3, 44, 资本的选择：一个民营企业家的并购之旅
3040668, 6.9, 62, 知识论导论
3529582, 8.0, 27, 质性研究中的访谈
10466016, 8.0, 27, 领袖之辨
26270774, 6.8, 67, 我们要自学
2275771, 7.7, 32, 病因何在
6758667, 7.7, 32, 怎样做好一项研究
3557131, 9.0, 16, The Shape of Time
1702781, 8.4, 21, 葛兆光自选集
1168904, 8.6, 19, 新学者融入世界科坛
26598457, 7.0, 54, 复盘+:把经验转化为能力
6313759, 8.7, 18, 中国古代史研究导引
26831650, 8.0, 26, 转向：用工程师思维解决商业难题
10607715, 7.5, 36, 一图胜千言
25756636, 6.7, 71, 你为什么总焦虑？
26801390, 7.1, 49, 有道云笔记：记录，成为更好的自己
3864860, 8.2, 23, x的力量
1032048, 7.7, 31, 地理学中的解释
1147264, 8.1, 24, 哇……发明家诞生了
4721340, 7.6, 32, 医生该如何思考
6526181, 7.6, 32, 学术写作手册
2968191, 8.5, 19, Case Studies And Theory Development In The Social Sciences
1147916, 8.3, 21, 有效商务写作
22483011, 7.5, 34, 法科学生必修课
2115304, 8.6, 18, 定性研究（第3卷）
26839363, 7.1, 46, 请用数据说话
3419308, 7.0, 49, 水平思考的力量
1895447, 7.1, 45, 如何提问
25697574, 7.5, 33, 社会中的国家
26894686, 8.0, 24, 棉花糖实验
3529583, 7.8, 27, 如何做质性研究
1072996, 7.1, 44, 全脑速读记忆
4074877, 7.9, 25, 如何撰写研究计划书
10590640, 7.9, 25, 视觉原理
25875519, 8.3, 20, 时间中的政治
26602146, 7.6, 30, 程序员之禅
3624729, 7.3, 37, 出类拔萃的IQ
5944564, 7.2, 39, 研究方法的第一本书
5380561, 7.5, 31, 问卷设计手册
20499195, 7.9, 24, 运动拉伸实用手册
26288123, 6.8, 54, 知性力
4742321, 7.7, 27, 解厄鉴
1173460, 8.1, 21, 首要能力
4772340, 7.5, 30, Contemporary Chinese Politics
26657348, 7.2, 37, 未知
25721762, 7.1, 40, 其实你还不懂女人
3388093, 7.9, 23, 比较政治
1290490, 7.3, 34, 善用大脑高效学习
10773366, 7.1, 39, 索罗斯的救赎
26783732, 7.8, 24, Algorithms to Live By
11538738, 7.2, 36, 记忆魔法工具箱
1067766, 7.4, 31, 社会科学的观念及其与哲学的关系（第2版）
25737097, 7.6, 27, 服务的细节013：会切西红柿，就能做餐饮
5312492, 8.1, 20, 成功EQ密码
1945658, 7.7, 25, 引爆记忆潜能-世界上最有效的记忆方法
10354223, 7.7, 25, 领导力的5个层次
1060230, 7.9, 22, 卓越的神话
2307783, 7.5, 28, 给大学新教员的建议
26818159, 7.5, 28, 不做
6720805, 7.3, 32, 政治科学中的制度理论
10564941, 7.7, 24, Social Research Methods
4255637, 7.0, 39, 规划你的学术生涯
4109572, 7.5, 27, 改变世界的十大地理思想
10679154, 7.5, 27, 学习技术手册
25858769, 8.2, 18, 怎样利用图书馆做研究（第三版）
4211785, 7.6, 25, 如何写好科研项目申请书
11608710, 7.6, 25, 看懂世界本质的思考术
2108265, 7.8, 22, 反映的实践者
3802514, 8.7, 14, 佛教研究法 佛学概论
20442386, 7.7, 23, 说话的魅力
25914626, 8.5, 15, Knowledge
2004496, 7.6, 24, 定性研究（第2卷）：策略与艺术
10760848, 8.0, 19, 法伯睡眠宝典
1876787, 8.1, 18, Comparative Historical Analysis in the Social Sciences
3677371, 8.1, 18, Causality
1957514, 6.8, 43, 高效能方法
2211971, 7.3, 29, 族群社会学
6709736, 8.3, 16, 英国文化研究
26413286, 6.5, 54, 快速阅读
26693423, 7.9, 19, 给予者
3081764, 8.0, 18, 叙事探究
4291826, 8.1, 17, 社会科学写作指导手册
26789270, 8.1, 17, 独立思考
26931364, 8.1, 17, 如何听懂音乐
6850880, 7.7, 21, 如何成为高效能教师
26364597, 6.7, 43, 博赞学习技巧
25958885, 7.4, 25, 一分钟经理人?遇见猴子
26747797, 6.5, 51, 如何改变习惯
26789037, 7.1, 30, 让全世界都看见你
1939755, 7.9, 18, 法律中的因果关系
1971534, 7.9, 18, 怎样成为发明家
10343056, 7.7, 20, 自我同情
3569165, 6.4, 54, 提高记忆力的秘密
6868613, 7.6, 21, A Passion for Facts
24534927, 6.4, 53, 画出你的世界
1423176, 7.5, 22, 大学论文写作12讲
4832037, 6.6, 43, 日常生活的现象学社会学分析
5250826, 7.4, 23, 七步掌握业务分析
1421223, 7.1, 28, 有效的工作分解结构
4244388, 7.8, 18, 25q前一定要W的拒^力
6002758, 8.3, 14, 数学的思维方式与创新
1239765, 7.9, 17, 现代地理学中的数学方法
3416054, 7.9, 17, 发现的种子
7060934, 7.9, 17, 科学史方法论讲演录
26348885, 7.9, 17, 训诂方法论
1425734, 8.0, 16, 知识之锚
11583939, 8.0, 16, 行动科学
1088351, 8.1, 15, 迷失的范式
3342559, 8.1, 15, 儿童与艺术/美术教育学系列译丛
25932595, 6.8, 34, 输赢心理学
26713251, 6.3, 53, 爱情数学
10830565, 7.7, 18, 倾向值分析
1486318, 7.6, 19, 足球技巧图解
4453914, 7.8, 17, Understanding Arguments
4852806, 7.3, 22, 口述史研究方法
25883301, 8.1, 14, 艺术理论基本文献・西方当代卷
10758004, 7.6, 18, 民族志方法要义
26734769, 7.6, 18, 演讲的基本
3555360, 7.2, 23, 历史比较研究导论
26599323, 7.7, 17, 历史中的战略行为
26703541, 7.5, 19, 重新定义创新
1443030, 7.8, 16, 物流与供应链管理
26952718, 8.4, 12, 好好学习
2548614, 7.9, 15, Tricks of the Trade
11600265, 7.9, 15, Human-Centered Design Toolkit
20444643, 8.2, 13, Ace Your Case 中文版 咨询公司面试全解
25870506, 8.0, 14, How to Read a Book
26637069, 7.0, 25, 高效能工作整理术
3444036, 7.7, 16, 类型学导论
26579315, 7.5, 17, 10天掌握快速阅读
1126221, 8.2, 12, 论证与分析
3261135, 7.4, 18, 教你的孩子如何思考
26609468, 7.4, 18, 萝卜计划
25711145, 6.1, 51, 预见的力量
1484389, 7.6, 16, Contextual Design
3120058, 7.6, 16, 学术部落及其领地
26383940, 6.6, 31, 知识与权力
26411002, 7.8, 14, T.E.T.教师效能训练
26230578, 7.4, 17, 史料五讲
26852111, 7.4, 17, 异想，天开：极富创造力的人做的10件与众不同的事
10434393, 7.5, 16, 肯a作技gc思考
10772858, 7.5, 16, 个人发展手册
26121296, 7.5, 16, 学习树
26270867, 5.7, 76, 怎样有逻辑地说服他人
4880486, 7.9, 13, 进化树
25840808, 7.6, 15, 历史地理学的理论与方法
26876510, 7.6, 15, 你为什么而工作
25832026, 7.1, 20, 不懂汇报工作，你就默默干到老
1661426, 7.7, 14, 组织学习
3216943, 7.7, 14, :科技c文化形式
26545528, 8.0, 12, 手把手教你玩脱口秀
1033601, 6.8, 24, 西方美术史学中的中国山水画
11516592, 6.2, 40, 短!微讯息时代写作的艺术
4111117, 7.8, 13, 科学哲学-以问题为导向的科学方法论导论
10732572, 7.4, 16, 演讲的艺术
1008948, 7.6, 14, 如何做个成功者
5347730, 7.9, 12, 批判性思考
3393375, 7.7, 13, 实验设计与分析
25693097, 7.2, 17, 品牌传播战略
26283018, 7.3, 16, 民族志纪录片创作
2281087, 7.1, 18, 营销策划
1446636, 6.3, 33, 快速阅读力训练手册
26778731, 6.4, 30, 麦肯锡教我的工作方法
5260169, 7.5, 14, 如何v史
24737823, 7.5, 14, 学术引注规范指南（第二版）
4213243, 7.6, 13, 心灵的炼金术
12280509, 7.6, 13, A Tale of Two Cultures
6805235, 7.1, 17, 困境中的决策力
25890023, 5.6, 66, 神奇的眼脑直映快读法
2370835, 7.9, 11, A System of Logic
25451742, 7.7, 12, 社会科学研究：从思维开始（第10版）
7564971, 6.6, 23, 装修前不看会哭的50堂课
2341372, 7.0, 17, 一生受用的分技巧
3698055, 7.6, 12, 分析社会情境
21325155, 7.6, 12, 博弈论经典
25891014, 7.6, 12, 经济史
1267911, 7.3, 14, 哲学的社会学（上下册）
5250848, 7.3, 14, 高等写作思维训练教程
25885174, 7.3, 14, 积极达成
2141014, 8.0, 10, 现代史学的挑战
6078821, 8.0, 10, 如何写研究论文与学术报告
26629064, 8.0, 10, 芝加哥大学论文写作指南
26836326, 6.8, 19, 快节奏
6861218, 7.7, 11, 田野工作的艺术
2910867, 7.9, 10, The Historic Turn in the Human Sciences
25723254, 7.9, 10, 循环提问
1008209, 7.5, 12, 狗日的工作
6800187, 7.5, 12, APA格式
26730449, 7.5, 12, 学会学习
2070146, 7.6, 11, 定性研究（第4卷）：解释、评估与描述的艺术及定性研究的未来
2137516, 7.8, 10, 法医学鉴定实用全书
6061475, 7.8, 10, 田野的技
6433198, 7.0, 15, 游戏设计师修炼秘笈
10809031, 7.4, 12, 诠释学与人文科学
25788033, 7.1, 14, 12堂思维课
26680315, 5.9, 35, 透过结构看世界
6801129, 7.5, 11, 知识生产的新模式
25935981, 7.7, 10, 金字塔原理
25886278, 6.9, 15, 如何做好文献综述（第3版）
10483179, 7.2, 12, 研究生论文写作技巧
1288378, 7.2, 11, 调查研究方法
26902114, 7.0, 12, 乱读术
26713437, 7.3, 10, 年轻的设计师
7057421, 7.1, 11, 脑力奥林匹克训练全书
1289557, 7.2, 10, 怎样写书评
25771190, 7.2, 10, x的技法
20443518, 7.0, 11, 观念、史料与视野
26365297, 5.5, 36, 给你1天72小时
25868234, 7.0, 10, 让内心强大的8个方法
25887461, 5.4, 29, 创新设计
