2017-01-23 16:17:59
Tag: 日本漫画
The number of books: 971 

ID, rating, votes, title
1221515, 9.5, 26483, 灌篮高手31
1474773, 9.5, 25263, 海贼王
1204889, 9.4, 27541, 机器猫哆啦A梦23
1389960, 9.2, 22053, 七珠 34
1337297, 9.6, 9965, 篮球飞人
1102403, 9.6, 9235, 机器猫哆啦A梦（共45册）
1474842, 9.1, 16288, NANA（1-13）
2064977, 8.9, 21467, 死亡P 1
1421921, 8.9, 20555, 幽游白书（全19册）
20470917, 9.0, 13984, 深夜食堂 01
1474688, 9.1, 10735, C器娃娃(1)
1226062, 8.9, 13921, 棋魂・光之棋（1）
1475477, 9.3, 7925, y魂
1180102, 8.9, 13764, 恐怖宠物店（10）
1937357, 9.4, 6603, 萤火之森
1388169, 8.6, 20392, 乱马1/2
1853785, 8.7, 17064, 天是红河岸
1424555, 8.9, 11341, HUNTER X HUNTER 1
20470916, 9.1, 8101, 深夜食堂 02
1418297, 9.1, 8041, 蜂蜜c四~草 1
1440589, 8.7, 14195, 浪客剑心
1364773, 8.9, 9934, 之金g 1
1452610, 9.2, 6442, x (1)  アフタヌ`ンKC (255)
1440468, 8.9, 9665, 漩涡
1459623, 9.4, 4772, 20世o少年01
20470913, 9.1, 6752, 深夜食堂 03
1419736, 9.4, 4529, MONSTER-怪物-02
1138986, 8.7, 10808, 名侦探柯南42
1180108, 9.0, 6985, 恐怖宠物店1
1394253, 8.7, 10702, デスノ`ト 5
1424694, 8.9, 8006, 天堂之吻 (Vol. 1)
1370274, 9.2, 5351, Level E
2043313, 9.2, 5242, 妖怪Bj簿 1
20470914, 9.1, 5937, 深夜食堂 04
1369777, 9.0, 6476, NANA 12
2285572, 8.7, 9711, 圣传
2025999, 9.8, 2382, 灌篮高手（全31卷）
1329941, 8.6, 10851, |京BABYLON (Vol. 1)
2360269, 9.3, 4087, タッチ 完全版（1）
1439216, 8.6, 10489, 伯爵[ ~ 诅咒之子
3095638, 9.2, 4481, 同生
1581547, 8.6, 9820, }L士星矢 1
1467333, 8.6, 9481, 圣传画集
1439894, 8.7, 8063, CLOVER（VOL.1--4）
1006639, 9.2, 3720, 蜡笔小新（全32册）
10529412, 9.2, 3684, 深夜食堂 06
2065597, 9.3, 3123, 浪客行 1
1481362, 8.5, 9010, 城市猎人
1456831, 8.9, 4951, GTO Vol. 1
23780875, 9.1, 3690, 深夜食堂 05
2067269, 9.4, 2558, MONSTER-怪物-01
1442678, 8.6, 6988, ~
10759773, 9.2, 3082, 深夜食堂 07
1873281, 8.7, 5813, 少年残像
1442680, 8.7, 5642, 伊藤二恐怖漫精x【1】
1595910, 9.5, 2101, 机器猫哆啦A梦1
1436657, 8.9, 4185, 寄生F (完全版) (Vol. 1)
1401840, 8.2, 11385, 天使禁C^
1416964, 9.2, 2800, H2 好逑p物Z 32
1458192, 8.3, 9101, 犬夜叉01
1082404, 8.4, 7312, X.1
1392604, 8.6, 5448, 金田一少年事件簿①
3114959, 8.9, 3572, 至死不渝的
21349346, 9.1, 2753, 坂本ですが? 1
3114952, 9.2, 2372, 漩u2
1424695, 9.1, 2659, 天堂之吻 (Vol. 2)
2350079, 9.1, 2615, 婆娑罗
1467239, 9.1, 2599, 铳梦
1424754, 9.2, 2300, 天堂之吻 (Vol. 4)
1210303, 8.9, 3289, 名侦探柯南1
1753798, 8.5, 5626, Zetsuai 01
23780881, 9.1, 2404, 深夜食堂 08
3714244, 9.6, 1366, 十日后
3215305, 9.1, 2359, どうしても触れたくない
1424696, 9.1, 2358, 天堂之吻 (Vol. 3)
2130986, 8.2, 7976, 美少女战士（全18卷）
1428691, 9.1, 2333, GON
1440553, 9.0, 2560, 淘庑∮HH01
1410555, 9.4, 1620, 20世o少年18
3114975, 9.0, 2543, 人^馇
1891870, 8.9, 2835, 蹦蹦跳跳的仙太郎(1)
20390101, 9.1, 2220, 深夜食堂 10
11639625, 9.1, 2219, 深夜食堂 09
1918720, 8.8, 3197, 毒伯爵(13)
1180105, 9.3, 1720, 恐怖宠物店(2)
1814127, 8.4, 5331, 樱兰高校男公关部 vol.02
1848193, 9.3, 1675, PLUTO 001
1427788, 8.1, 8214, 死神01
1481371, 8.6, 3919, 封神演x 1
1764915, 8.3, 5960, I&#34;s
1369776, 8.7, 3317, 近所物Z
1798557, 8.5, 4339, BOY圣子到
6890451, 9.2, 1770, 外天楼
1921479, 8.2, 6497, FF公子
1947668, 8.9, 2459, 纽约纽约
1193821, 8.0, 8777, 最游记
1351652, 8.5, 4099, 路德S希革命1
1582541, 9.2, 1707, 樱桃小丸子（全20册）
1442697, 8.9, 2413, 伊藤二恐怖漫精x【7】
1458186, 8.6, 3526, 人~之
1458188, 8.7, 3062, 人~之森
1441241, 8.5, 3959, 富江
2361442, 9.1, 1864, 骨の音
1442681, 8.8, 2626, 伊藤二恐怖漫精x【2】
1499152, 8.9, 2317, KISS
3091122, 9.0, 2053, 百鬼夜行抄1 [|立]
3114955, 8.8, 2577, ~2
1436862, 9.3, 1429, バガボンド (20)
2063819, 8.0, 7925, 偷偷爱着你
1271510, 9.4, 1281, 棒球英豪（21-26）
1964044, 8.4, 4273, 新撰组异闻录
2267648, 9.1, 1755, 天堂之吻
1458194, 8.9, 2195, 相聚一刻（1）
1499186, 9.5, 1132, MONSTER-怪物-18
1478505, 8.6, 3188, 小甜甜
1431880, 8.7, 2768, CLOVER(01)
1458193, 8.8, 2387, Cipher 1
1773419, 8.8, 2386, 近所物语
3395865, 9.1, 1640, 北O熊 café
1418053, 9.1, 1633, 思考少年1
2257902, 9.0, 1815, 只想告V你01
10543300, 9.3, 1296, 月刊少女野崎くん 01
1467599, 8.8, 2261, JOJO的奇妙冒U(01)
1442682, 8.8, 2207, 伊藤二恐怖漫精x【3】
1389535, 9.0, 1740, 百鬼夜行抄12
1830208, 8.3, 4261, 尼罗河的女儿（第一部）
2065208, 9.1, 1533, 女神的圣斗士
1481622, 8.8, 2131, Skip Beat! (Vol. 1)
1424330, 9.2, 1345, NANA (Vol. 13)
1874974, 8.5, 3112, 火影忍者1
2078991, 8.7, 2384, 绝爱-BRONZE-
5906052, 8.5, 3073, M舻木奕 01
1457226, 9.2, 1323, ROUGH
1947471, 8.0, 6290, nの封印
2038238, 8.4, 3463, 戒音
1898609, 8.1, 5341, 吉祥寺咖啡屋
3854850, 9.4, 1059, 阿拉蕾全集
1431629, 8.6, 2620, xxxHOLiC(01)
1875227, 8.9, 1810, 交情人(07)
1470133, 8.5, 2940, 福星小子（1）
1337279, 8.6, 2568, 之
1844449, 9.0, 1574, 日出Iの天子 1
2344128, 9.2, 1255, 21世纪少年上
1873268, 7.8, 8262, ふしぎ[
1449957, 9.1, 1353, 烙印勇士1
2003176, 8.9, 1664, 秘密 －トップ?シ`クレット－ 1
3334382, 9.0, 1468, 世界第一的初恋
7058064, 9.4, 941, y之匙 01
2068527, 9.0, 1433, P小新1
1774584, 8.6, 2281, 微忧青春日记
1495303, 7.8, 7120, 魔卡少女樱
1417577, 8.7, 1934, 庸才 1
1370245, 8.8, 1715, o限之住人 12
1386229, 8.7, 1925, 漂流教室(1)
2170341, 8.2, 3687, 白木mA舞曲 01
1918707, 9.2, 1076, BASARA 15
3545614, 9.1, 1195, 爆漫王。(01)
1439687, 9.6, 724, Monster
2270386, 9.5, 792, MONSTER-怪物-03
1458341, 8.6, 2112, 禁
1364772, 8.9, 1466, 怪t秦博士
4055487, 8.3, 3051, 伊藤二的日
1436656, 9.1, 1140, 寄生F (完全版) (Vol. 2)
3059083, 9.0, 1266, LIAR.GAMEⅠ
4846010, 9.4, 829, 百姓F族(01)
1418826, 8.4, 2577, 西洋骨董洋果子店
1763364, 8.7, 1730, 新恐怖物店1
1857022, 8.8, 1529, 大剑 1
3113728, 9.3, 880, REAL(04)
1436653, 9.0, 1191, 寄生F (完全版) (Vol. 5)
2975917, 9.2, 955, MAGIC
1945030, 8.3, 2754, 冰之魔物语(24)
3213367, 9.0, 1166, 昨日的美食 01
2244267, 9.2, 935, 少年同盟 1
1049463, 9.1, 1033, 神奇宝贝特别篇（全23册）
1927748, 8.9, 1280, 新世o福音鹗01
1437653, 8.5, 2033, 下弦之月1
3114973, 8.6, 1788, 快返氖罴
2132095, 8.4, 2296, 我和她的xxx
1424501, 9.2, 906, 四~妹妹
2138225, 8.6, 1756, 白雪公主
1432956, 8.4, 2246, 禁入空g
25701102, 9.0, 1100, 深夜食堂  11
1522230, 8.0, 3923, 魔影紫光
2209776, 9.4, 728, 竹光侍 1
2975856, 9.2, 879, 22XX
1927869, 7.8, 5253, 完美小姐进化论 7
2078609, 8.9, 1202, SKIP?BEAT！─A的挑皓01
2066868, 9.4, 716, 火B(1)
1983031, 8.9, 1196, 大奥 (第1)
3313342, 9.0, 1069, 3月的{子(01)
1389456, 8.2, 2828, 火影忍者26
1999037, 7.7, 6067, 薄荷关系
1935818, 8.1, 3255, 水果篮子1
1253459, 8.3, 2449, 尼罗河女儿（第2部上下）
1689108, 9.1, 945, 名侦探柯南原画全集
1788132, 9.0, 1048, ノアの宇宙船D清水玲子茏骷
3150093, 9.5, 637, 色短篇集1-牛面人的大餐
1456203, 9.0, 1034, y河F道999 （1）
1779134, 8.9, 1151, 人鱼传说 高桥留美子
2039490, 7.9, 4236, 灵猫
2147002, 9.3, 758, 死亡P 2
2066962, 9.1, 915, 麻辣教GTO(01)
1417778, 8.8, 1259, 17青春遁走 (Vol. 1)
1872739, 9.1, 893, v史之眼(01)
1467592, 9.3, 731, JoJo冒险奇遇
3004200, 9.1, 882, Orso e intellettuale
3000192, 9.2, 797, 荒川アンダ`ザブリッジ 1
3135034, 8.4, 1956, GANTZ⒙径际(01)
1467492, 9.0, 945, Blame! 1
1417225, 9.1, 836, 五星物Z(10)
4739494, 9.3, 684, 姊嫁物Z 01
3570406, 9.0, 919, うさぎドロップ 1
1904671, 8.1, 2729, 水果篮子2
2222523, 7.9, 3657, 恋爱中毒的仙术师
1758437, 8.1, 2707, 流星花园
2244357, 9.0, 895, 亚历山大 05
1830205, 9.3, 657, Cipher
1467506, 9.0, 883, 怪医秦博士
5906059, 8.7, 1226, M舻木奕 03
3048059, 9.6, 493, 龙珠(全42册)
2170344, 8.2, 2248, 傥镎Z 01
3195114, 8.8, 1056, 富江－The complete comics of Tomie
1466494, 8.7, 1180, 天然少年
3122422, 9.3, 631, 五星物Z(01)
4241767, 8.7, 1173, 邻座的怪同学 1
3408092, 9.4, 568, LEVEL E（全3册）
2072259, 8.7, 1157, A札
1416955, 9.2, 683, 和3
1455527, 9.4, 565, L之谷1
1424570, 8.6, 1267, 多重人格探丧单ぅ (10)
2059300, 8.5, 1427, 彼男彼女的故事
6517431, 9.1, 735, 北O熊 café 草莓味
1948849, 8.0, 2730, 星座宫神话
2075935, 8.1, 2340, 酷的童
2003012, 8.8, 980, 美女是野兽
3135677, 9.1, 714, 寄生F01
1800714, 9.0, 789, 东京80年代
1425207, 9.4, 532, 龙珠1
4061279, 9.5, 483, 怪物特e篇：]有名字的怪物
1582254, 8.5, 1352, 奏家族01
10443588, 9.1, 700, 孤高之人 the climber 1
4047026, 8.8, 950, 世界末日c黎明前
2158831, 8.7, 1058, MARS 1
2382074, 9.2, 625, 画集 百鬼夜行抄
1436997, 9.1, 689, 17青春遁走 (Vol. 6) (完)
1439891, 8.6, 1157, 阳光少女
20390735, 9.3, 559, ワンパンマン 1
3413429, 9.6, 427, 钢之炼金术师16-20
1476003, 8.8, 919, 者1
6856422, 9.1, 661, }☆哥 01
1855531, 7.5, 5272, 橘子酱男孩
3626715, 9.7, 377, x10
3533014, 9.4, 483, 20世o少年(ビッグコミックス)全22+21世o少年 上?下
3129820, 9.2, 580, 超智[(01)
3232092, 8.8, 861, 樱兰高校男公关部 vol.01
2975943, 8.7, 958, 月之子（全13卷）
4847858, 9.5, 436, 浪客行 2
3421741, 8.9, 770, 王黑
1439199, 8.0, 2267, x夜姬(01)
1003486, 8.8, 841, 腊笔小新.第2辑9
1483797, 8.8, 832, 多重人格探丧单ぅ (1) (角川コミックス?エ`ス)
1946382, 9.0, 676, SOLANIN(01)
3091126, 9.4, 461, 百鬼夜行抄2 [|立]
1812618, 7.7, 3393, 电影少女
1906406, 9.2, 525, 甜甜私房 (全彩色漫) (Vol.1)
4847861, 9.5, 401, 浪客行 3
3004203, 9.1, 572, amato amaro
2975867, 9.0, 630, 异星奇龙（全5卷）
3176553, 9.1, 568, 博默示(01)
4066638, 9.4, 431, 宇宙兄弟1
1467535, 7.5, 4316, 猫眼三姐妹
2972043, 8.6, 943, ⒉菁
3172176, 9.2, 509, F魔都(01)
4174072, 9.1, 559, 召耗 01
1968420, 8.7, 837, 魔音少年
3373890, 8.9, 673, ネムルバカ
10946062, 9.1, 546, ホリミヤ（1）
5992519, 9.3, 452, 乒乓 VOL.1
25895602, 9.5, 375, 月刊少女野崎くん(5)
3176893, 9.0, 589, 豪生死Y(01)
2059409, 9.0, 587, 庸才 4
1210338, 9.0, 581, 名侦探柯南8
2135529, 8.2, 1419, 凡玫瑰(10)
2040646, 9.0, 578, 银河铁道999
2127207, 8.6, 865, 杀手阿一
5908855, 9.0, 565, 炎热的日子
25829389, 8.9, 620, 深夜食堂 12
2994137, 8.6, 849, 深海鱼男
3071150, 9.1, 506, 江舯I\F五~ 1
1477227, 8.0, 1757, D.Gray-Man
1776127, 8.6, 837, |京鄣墓适 1
2077187, 9.1, 502, 交情人
1821423, 8.9, 608, 燕京伶人抄
1370244, 8.3, 1168, 末日(10)
2976542, 8.9, 597, 圣斗士星矢 1
1442676, 8.4, 1020, U柴同盟 1
1941703, 8.7, 720, 限制⑹(01)
10468362, 9.5, 339, 百姓F族 02
1872343, 8.5, 893, ^望先生 01
2228794, 8.8, 645, 西[奇 大猿王 (1)
2143465, 8.7, 715, 我的存在 1
1471532, 8.9, 582, 去吧！！稻中桌球社(01)
2067064, 8.5, 888, I”S(01)
2256243, 8.0, 1644, L是女W大人 Vol.01
3223666, 9.4, 365, 郅工伽娘たち
1964300, 9.1, 477, | Last Order 9
4882453, 9.1, 477, 甜甜私房猫1
1975743, 9.3, 396, 色短篇集6-KYC器人
2242254, 9.3, 396, 花漾人生1
2238936, 8.5, 871, 簸韦もちゃ工
3789596, 9.0, 514, BILLY BAT 1
2058580, 8.9, 565, 庸才 2
6790841, 9.1, 465, 水域（上）
19949958, 8.4, 962, 暗⒔淌 1
19974860, 8.6, 765, 孤的美食家
3373869, 9.2, 419, 女W咖啡d(01)
1962711, 7.8, 2051, 地z星
2150267, 7.4, 3766, 东京茱丽叶
1937582, 9.2, 411, 父之
3819053, 8.8, 601, 少年よ耽美を描けDBOYS BE TAMBITIOUS (1)
1256840, 8.8, 599, 犬夜叉
1763759, 8.7, 664, N薇色ノ怪物
6790843, 9.2, 405, 水域（下）
1437776, 8.9, 533, 哆啦A梦秘密道具完全大事典
2059407, 8.9, 533, 庸才 3
2038822, 8.8, 586, 玫瑰花丛的依恋
4319106, 8.6, 720, 元气少女缘结神 Vol_1
5367332, 8.4, 889, 请叫我英雄 Vol.1
3094201, 8.9, 520, 晚安，布布(01)
5393797, 9.0, 472, 道少女漫画
1010128, 8.1, 1259, 源氏物语（共七册）
3183363, 9.4, 328, 火鸟
2209798, 9.5, 301, 竹光侍 2
1995171, 9.1, 424, 魅 1
3634292, 8.7, 626, Fh 1
1419484, 8.9, 509, 笑@漫大王1
3176767, 9.5, 298, 夏目友人 6
3114957, 8.7, 618, 隧道奇T
1506882, 8.9, 504, 高蛄裘雷茏骷  Pの悲
3590397, 9.0, 457, flat 1
5293819, 8.4, 850, _R浴 Ⅰ
4858823, 8.6, 668, 人g失格 01
3134191, 8.5, 733, 少女椿
2050761, 9.2, 365, 怪医黑杰克1
2978969, 8.4, 794, 守o她的51N方法01
1432578, 8.0, 1285, 吸血鬼骑士(1-2)
3059928, 9.4, 298, LIAR.GAMEⅡ
3394204, 9.0, 422, 天堂餐^
1978295, 9.2, 352, `E接|1
3824857, 8.5, 692, べるぜバブ 1
1873240, 8.8, 503, 北条司短集D天使のりもの
3840429, 9.0, 415, 花牌情 1
1351614, 7.9, 1414, 不安的N子1
20382353, 9.3, 314, 排球少年 1
1353654, 8.2, 944, 殖b甲05
1440378, 9.1, 370, 秀逗方程式
2978823, 8.8, 489, 成人的}
5263544, 9.0, 401, 昨日的美食 02
2229614, 9.1, 362, 铁臂阿童木（1）
3138879, 9.1, 362, 三阿道夫(01)
3376908, 8.2, 917, 图解日本妖怪大全（上下）
6393901, 9.4, 280, 豪生死Y(15)
5941664, 8.5, 651, [蛲01
6856423, 9.3, 302, }☆哥 02
4827468, 9.6, 237, 钢之炼金术师24
1922807, 8.1, 1023, 洗Y 第1卷
3278722, 8.2, 903, 未砣沼 01
1482289, 8.5, 638, 地雷震（6）
1417102, 9.4, 274, 手V治虫短篇漫
2038865, 8.6, 571, 爱在午夜呢喃时
1462444, 8.5, 634, 平
3111922, 9.5, 252, REAL #03
6864195, 9.3, 296, eva re-take
3420999, 9.2, 318, ウホッ！！いい男たち~ヤマジュン?パ`フェクト
2988334, 9.2, 314, 莉的音泛#下
3199473, 8.2, 855, FAIRY TAIL
1859849, 9.0, 371, 医龙-Team Medical Dragon
19976976, 9.1, 339, 回郜z
2160939, 8.4, 676, 噬魂师 1
3068623, 9.0, 369, 和 1
3122531, 9.0, 368, |01
1467657, 8.3, 745, 羊のうた 1
5349693, 9.0, 361, 男子高校生の日常 1
2988328, 8.8, 435, 莉的音泛#上
2380177, 8.7, 479, DETROIT METAL CITY~重金uLp面人~(01)
10730026, 8.7, 477, ひるなかの流星 1
3288934, 8.6, 526, 只有你得到
3113720, 9.2, 300, REAL(01)
1996593, 9.4, 252, 新世o福音鹗柯画版集篇
1931090, 8.8, 426, 太的鹤
1915765, 7.9, 1149, 家庭教HITMAN REBORN!(01)
2057551, 8.4, 628, 入侵(01)
3196103, 9.1, 317, 日常 1
6511015, 9.2, 290, 昭和元禄落Z心中 1
1867482, 9.0, 344, 酷小黑的生活日 6
2159569, 8.9, 374, 多美好的人生(01)
25745052, 9.0, 341, 坂本ですが? 2
10466756, 8.6, 496, 狂怪t芙m1
2158150, 8.5, 547, 稻作
3172206, 8.8, 405, 凡玫瑰(01)
1483645, 9.0, 336, t色花束
3788360, 8.7, 445, 火影忍者46
5402057, 9.6, 205, 钢之炼金术师 25
3996036, 8.6, 490, 少年啊！要光耀耽美2
2264004, 9.0, 334, 光速蒙面b(01)
1982075, 7.4, 2224, 夜型爱人专门店
2154973, 8.9, 364, 森林小天使
2092629, 8.6, 481, 猫ラ`メン
4136799, 8.8, 395, フラクション
5245537, 8.4, 592, 手冢治虫：原画的秘密
6025719, 9.6, 201, 钢之炼金术师26
2301159, 8.4, 590, 超幻パラタクシス
5960874, 7.8, 1202, 褐A 01
1894749, 9.2, 273, 7 SEEDS~幻海奇情~(01)
3998345, 9.1, 295, 毒伯爵(01)
1436864, 8.7, 423, 童
1932095, 9.0, 319, bh的小（上）
2380369, 8.7, 421, 光之城
10430786, 9.0, 316, 北O熊 café 芒果味
1094169, 8.7, 411, 恋泉
1916634, 8.9, 338, MI物o行01
1812682, 7.6, 1472, 伯爵千金
10567902, 8.1, 766, |京蟹Nト`キョ`グ`ル 1
11501462, 8.9, 333, orange 1
3263846, 8.7, 396, 美食之乐更胜恋爱
1776250, 8.5, 483, ExistD崎武士画集
1418032, 9.0, 300, BECK uL新F (Vol. 19)
6856424, 9.3, 231, }☆哥 03
2039755, 8.2, 656, 请别太过分
2062869, 8.5, 474, 神之水滴08
2081433, 8.7, 388, 纽约美女
3259511, 8.7, 386, 人g昆x 1
1892624, 7.9, 924, DNA?
1784458, 8.9, 315, 佛陀(1)
3026511, 8.8, 345, 死亡A告 1
6396386, 9.2, 242, oの学校は山の上 九井子作品集
1964045, 7.7, 1169, 推理之绊
4823479, 8.6, 409, ウツボラ 1
3187898, 8.6, 406, ⒉菁 大江o残十三苦
3176592, 8.9, 304, 博破戒(01)
3034386, 9.0, 278, o限住人1
4051727, 9.2, 234, 魔偶RF 27
6745542, 9.0, 276, GANGSTA.（1）
6727803, 9.0, 275, 元气少女缘结神 5
4028418, 8.9, 298, 浪客π耐耆版 01
3438468, 8.9, 297, 幻月楼奇谭
25799687, 8.4, 480, 人 01
1916248, 8.6, 392, Lと木の/风与木之诗
1832435, 8.5, 431, 雨柳堂梦语
3015614, 9.0, 269, 砂r1
2999686, 8.7, 350, 男
2147980, 8.8, 317, 艾 1
1932275, 9.0, 264, 死刑执行中脱狱进行中
6129268, 8.6, 379, アオハライド 1
3287766, 8.7, 344, 油爆老妈 1、2
1463651, 9.1, 239, 花男 #1
6308035, 8.9, 283, 星守犬
25811761, 8.9, 283, 只有我不存在的城市 01
1811844, 8.7, 337,  1
6853624, 8.2, 559, 神さまの言うとおり 1
3125625, 9.1, 235, 魁!!天兵高校01
2143443, 8.8, 304, 奇子 1
3336414, 8.7, 333, MW 1
5321859, 8.8, 302, 狂怪t芙m 5
3025985, 9.0, 253, パノラマu_T
3067732, 8.0, 690, 不思议游戏――玄武开传
3142383, 9.1, 232, bh的小（下）
3339919, 9.0, 250, 多美好的人生(02)
3007832, 9.2, 210, GENTE 1
3057239, 8.4, 431, 吸血鬼骑士 3
1998020, 9.2, 207, 手V治虫恐怖短篇集
4254422, 9.6, 151, 神[少女故事
11627794, 9.4, 172, 姊嫁物Z 04
3056022, 8.3, 454, Present for me~C器人的}QY物~
3920160, 9.6, 148, 超智[(19)
2063519, 8.6, 334, 地球防l少年 1
2078611, 8.7, 301, 多重人格侦探
3057111, 9.5, 154, 藤子・F・不二雄SF短篇完全版 1
3190177, 8.7, 293, 少年犯之七人 1
25868407, 8.6, 319, 之形 01
1948769, 8.9, 243, 沃木
19894442, 8.8, 261, 式の前日
25982649, 8.8, 261, 深夜食堂 13
1428451, 8.7, 285, 危U{查T(01)
1777861, 8.7, 281, 殖b甲 01
1485937, 9.4, 158, 元祖!抓狂一族
5341592, 8.1, 510, アナモルフォシスの冥
1777722, 8.5, 336, 橙路
10738226, 8.7, 278, 鬼灯的冷 01
3162434, 8.0, 564, 不安的N子 3
3852554, 8.5, 327, 王永 1
2079027, 8.1, 492, 放n後保健室
5293424, 9.1, 192, 海F之子 1
6718193, 9.5, 141, Sunny 1
6001310, 8.9, 223, ねこだらけ
1919878, 8.4, 349, 14q
11507997, 8.6, 285, 俺物Z!! 1
3153771, 8.5, 313, 吸血鬼T士 #4
25872631, 8.0, 527, All You Need Is Kill 1
3040228, 9.3, 159, Under the Rose (1) 冬の物Z
4047749, 8.0, 526, 死亡清呷(1)
1482019, 8.6, 284, ナムジD大国主
1782294, 9.2, 171, 2001夜物Z(01)
26634871, 9.0, 200, 迷m 1
4000102, 8.0, 524, 自u 1
5367334, 8.6, 282, 请叫我英雄 Vol.2
25762729, 8.7, 256, 四月是你的e言 01
3638202, 8.3, 374, 虹之原
10536672, 8.8, 231, 我家的街 01
2244655, 8.2, 409, 敏行快跑!(01)
3230662, 9.1, 180, 天w鹗(01)
3117896, 9.2, 165, 传染 2
4707630, 8.8, 228, 子と父さん
2066883, 9.1, 176, 桐人髌 (1)
1840479, 8.9, 206, 不文狂想曲
1467905, 7.3, 1201, 孔雀王01
3195112, 9.0, 187, 富江replay
3187987, 9.0, 185, 石王牌(01)
3126669, 9.4, 136, C鹗Gundam The Origin(01)
25738452, 9.1, 168, へんなねえさん
1212858, 8.8, 214, 小狼的心意
25745889, 7.2, 1327, 知日・太喜欢漫画了
10563593, 9.4, 134, ぼくらの☆ひかりクラブ 下 [中学生篇]
1481652, 9.3, 144, AKIRA (Part 1)
3139044, 9.2, 155, CROWS(クロ`ズ完全版)　第1
2253766, 8.5, 279, 快乐人生/新快乐人生
2995054, 9.2, 154, 玻璃假面(01)
6725364, 8.5, 276, 坂道上的阿波_ 1
1000933, 9.1, 165, 蜡笔小新?第一辑（2）
1798552, 9.1, 165, Banana Fish
1927757, 8.1, 410, ZETMAN 1
1856128, 8.9, 190, 雪之崖・χ舞
4824168, 9.0, 174, 西[奇 大猿王 (2)
4072852, 8.7, 222, 芋虫
22171973, 9.2, 148, ひきだしにテラリウム
1763484, 8.6, 240, }堂教父(1)
19948883, 9.3, 136, 九井子作品集 oのかわいい七つの子
3193774, 7.7, 614, ブラッドハ`レ`のR
1471904, 9.1, 157, 惑星奇航 1
4129558, 8.8, 199, 嗓我簧 1
3014067, 8.2, 347, 黑博物馆弹簧腿杰克
6075229, 8.6, 236, 请叫我英雄 Vol.3
5423692, 9.1, 155, 王牌酒保 Vol.1
3091214, 8.7, 212, 海街diary~sQ盒r~
2030747, 9.2, 142, 花田少年史(01)
7052763, 9.2, 142, 元忄钭 1
3173236, 9.0, 165, 月亮的距x(01)
1927104, 8.8, 194, 爱情白皮书
5966668, 9.1, 152, 伊藤二茏骷2  富江 下
1950269, 9.4, 122, 残酷な神が支配する 1
3196706, 9.3, 130, F拳浪子(01)
10559793, 8.9, 176, ハイスコアガ`ル 第1
1996536, 8.3, 300, 士道1
10587941, 9.3, 129, 火之B 涂贪 01
23717403, 9.4, 120, 星屑c妮娜1
1876711, 8.7, 206, ZERO
6334344, 8.7, 206, のY婚 1
6860117, 8.8, 183, 请叫我英雄 Vol.5
3036559, 8.9, 168, 神秘王子 01
26393035, 8.4, 259, 四代目?大和辰之
10758686, 9.1, 143, 北极熊 café 蜜瓜味
3262679, 8.8, 181, CAT SHIT ONE越鹂裣肭(01)
3227340, 9.1, 142, 情人的吻
4176728, 8.5, 232, 海月 1
1945466, 9.2, 131, ト`マの心
1511257, 9.4, 113, Hellsing
3153710, 8.8, 177, 放浪息子 01
6886409, 9.6, 97, 小恐龙阿贡（1-7）
3138136, 7.8, 454, π－A周率－01
11507849, 8.4, 242, Spica~羽海野千花初期短篇集~
1975756, 8.9, 157, 攻C雨 1
1778420, 8.5, 219, 昨日之歌 (01)
25946370, 9.3, 116, |京タラレバ娘 1
4195825, 8.8, 167, 星之
1951011, 9.1, 132, 那年的夏天很笛子
1967149, 9.0, 141, 天餐^(01)
3150677, 9.5, 99, BLAME!探索者(02)
1838312, 8.7, 178, fetish (Feelコミックス 345)
7060214, 7.5, 616, 日本漫画为什么有趣
3142127, 9.0, 139, 神之山X01
3289922, 8.4, 228, 大|京玩具箱(01)
1937598, 8.0, 333, 神之左手恶魔之右手
1838256, 9.0, 136, 昔の
3126587, 8.9, 146, 王道之狗1
2065617, 8.1, 297, 末日(01)
2216837, 8.3, 244, 克?浈楗芝攻醛`リ`スペシャル
6025243, 9.2, 116, 烙印鹗 19
2226757, 8.4, 219, ハピネス
3144132, 9.1, 121, 阿基拉01
3000175, 8.9, 140, 害羞强尼
3233743, 8.2, 256, バトル?ロワイアル 1
3559917, 8.4, 210, 思春期诱惑 03
24847411, 8.2, 251, 日本漫画60年
25739928, 8.1, 277, 累 1
3218461, 8.4, 207, 魔王(01)
6753540, 8.8, 147, FRONT MISSION DOG LIFE &amp; DOG STYLE 1
3915753, 9.1, 117, ヴィンランド?サガ（1）
4706391, 8.9, 135, Waltz 1
4237387, 8.9, 133, キングダム / KINGDOOM / 王者天下
26367556, 8.7, 155, 深夜食堂 14
3204343, 9.1, 114, 天上之弦
3267480, 8.9, 132, yと金 1
3408872, 8.9, 132, 群青W舍 01
3631241, 9.2, 106, チェ`ザレ（1）
3832690, 8.6, 167, 最新漫画色彩使用技巧
3127875, 8.2, 239, 博天(01)
4199619, 8.3, 217, 神之~
3137552, 8.7, 153, 紊硭奚徇Bh泡01
3006160, 9.0, 121, bartender(Vol.1)
5312958, 7.9, 319, 失偾煽肆β人 1
2344082, 7.7, 397, 怪
11499114, 8.4, 195, 呼出之一
1884390, 9.1, 111, Palepoli
10545441, 8.1, 257, 幽塔 1 (ビッグコミックス)
3842567, 9.0, 119, 我的乖乖女 1
2981774, 7.2, 731, B少年
3929780, 8.9, 126, {的旋律 1
1877863, 8.9, 125, 青い春
2378697, 7.8, 339, ワ`ルドアパ`トメントホラ`
3439738, 8.4, 187, 新快啡松(01)
25799703, 9.1, 107, Tf日 01
3686135, 8.7, 143, OS町一丁目 (嫁姑地z篇)
2567821, 8.8, 131, ショ`トカッツ
2137505, 8.7, 141, 神奇宝贝特别篇
3150009, 8.5, 166, 耗人01
1945470, 9.4, 85, 半神(文)
20388106, 9.0, 111, スピリットサ`クル 魂h 1
4022411, 8.6, 151, yのA 上
3243212, 7.8, 319, MD一雄恐怖 上集
2135407, 8.7, 138, Blue
1849458, 8.9, 118, |大特班(01)
2051171, 9.2, 95, llO果
1937583, 9.4, 83, 少的r代
5998228, 8.4, 175, 通灵王
10744844, 8.1, 229, n的拉斯普金 01
5949213, 8.0, 252, 大叔上等
3118450, 8.4, 173, 潮c虎(01)
1340079, 8.6, 146, nLu耕作1
4878168, 9.0, 107, HER
5293036, 8.3, 188, 漂流世界─地球下n後─(01)
1337145, 8.9, 115, LONG1
24859164, 7.9, 276, 食戟之` 01
1822210, 8.0, 249, u
4906035, 8.9, 114, Ctrl+T
1953951, 6.9, 971, kiss魔法（1-9）
3895628, 9.0, 105, しゅごキャラ！ (7)
3137612, 8.0, 244, 14q(01)
2380037, 8.5, 154, k前花嫁
6309804, 8.5, 154, 老的提包1
21348348, 8.5, 153, 我不受g迎，怎N想都是你的e！ 01
1918006, 8.9, 111, 溺水小刀（01）
6078059, 8.2, 196, いびつ 1
3021613, 8.4, 163, B山明漫教室
2378683, 7.5, 407, 海⒕
3365165, 8.7, 127, 光之海
5410446, 8.1, 211, ココロ?ボタン 1
3177223, 7.6, 354, 三角草的春天(01)
1440461, 8.1, 209, ⑻的鬯01
2078679, 7.1, 664, 超快感指令
25811454, 8.0, 228, |京蟹N (1)
24876143, 9.2, 86, 银与金
3410291, 8.5, 144, 料理仙姬(01)
2244812, 8.2, 186, 老男的春天(01)
3177055, 8.2, 186, 搬家
3118506, 8.7, 121, 傀儡RF1
3172225, 9.1, 90, W佛士之窗(01)
20437563, 8.5, 141, LAST GAME─青春角力─ 01
25815862, 9.2, 84, 百姓F族 03
4262616, 8.4, 152, 妖精的尾巴
2380004, 8.3, 165, 奇人画
3373884, 8.0, 216, 探删_T
5292888, 8.5, 138, 美少女u造C
2181084, 9.2, 82, i狐怪童(01)
3167231, 8.4, 148, 怪奇n案
6894976, 8.6, 125, 仁t (1)
1937607, 7.3, 462, 座敷女
4022426, 8.7, 115, yのA 下
26580316, 8.9, 98, 在下坂本，有何F郑 03
1212862, 9.1, 85, 小樱手上的伤痕
3082471, 8.8, 104, F路便之旅(01)
2262282, 8.6, 121, 故事说不停-1
2354860, 8.5, 131, 魔女 1
1436665, 7.9, 224, 沙流_ (新版) (Vol. 1)
3173456, 8.5, 130, 哈!大根君(01)
3156193, 8.1, 184, 纫陆谈(01)
3276262, 8.6, 119, PRIDE
3137938, 9.4, 68, 人~森林
5332802, 7.8, 243, 狼口 01
3034355, 8.4, 138, 地雷震1
10606490, 8.5, 127, o限食女 01
2137661, 7.6, 294, キンランドンス
3785183, 8.8, 99, PRIDE (下) (爆男COMICS)
1828218, 8.3, 144, |方奇T秘(01)
2977245, 7.9, 206, 号}01
3765218, 7.6, 279, 18禁(01)
3895639, 8.4, 130, しゅごキャラ！ (9)
10518721, 8.2, 154, e位的青春 1
2301755, 7.5, 310, 恐怖桃源
3035497, 8.4, 128, DDT　W、耳なし芳一です
5913297, 8.4, 128, 惑星公主蜥蜴T士 01
1937594, 8.8, 94, 不思h少年 (1)
2029617, 8.8, 94, 岸和田博士科W的矍01
3636515, 8.6, 109, G-Taste 01
19972249, 7.7, 244, 江舸y步人^ 01
3037520, 8.9, 87, 一休和尚(01)
3439722, 8.4, 126, 快啡松(01)
10576304, 7.7, 239, 予告犯 1
3134967, 8.1, 161, 神之~01
3156049, 8.4, 124, 夕M之街阎
3148553, 8.7, 98, 小h名探丧偿圣 工藤新一の突 工藤新一の突
4022422, 8.7, 98, yのA 中
2046995, 7.4, 330, 17q 1
1427372, 9.1, 74, 天才柳山淌
5411307, 9.0, 79, 日本漫画大师讲座2
3229590, 8.5, 113, 噬谎者VOL1
2286559, 8.3, 133, ６际肖
25975447, 8.0, 173, 扭曲的同居生活 1
6803165, 9.3, 64, 青之花
26286422, 8.4, 120, 高台家的成T (1)
26763069, 9.2, 67, ひだまりがこえるD幸福D
7052661, 9.0, 75, 少女椿
1351000, 8.9, 80, 青春巧克力1.
3163625, 8.9, 80, t界L(01)
2229574, 8.1, 149, 潮骚传说(全七册)
1864537, 8.8, 85, 荒芜世界
3113807, 8.7, 91, 功夫旋L1
10440168, 8.0, 160, 走R灯株式会社(1)
2344089, 7.1, 431, 裂口女髡f
3078146, 9.1, 68, 波族传奇
3160869, 8.3, 120, 神通小商(01)
5906141, 8.4, 109, 漂流武士 01
1917520, 7.7, 203, 吉祥天女
26345261, 8.8, 80, 小森食光 1
1783014, 8.7, 85, Ultra-Gash Inferno
3571963, 9.2, 61, 草莓棉花糖（1-5）
3172479, 7.8, 177, 星星公主(01)
1439098, 8.2, 123, 同班同学
6429365, 8.3, 112, 咖啡时间
25735006, 8.7, 82, 神くんには友_がいない 1
26592288, 8.7, 82, 百万ラビリンス 上
3126586, 9.3, 54, 恶女 1
3017840, 8.4, 99, 南瓜c美乃滋
3137343, 8.7, 79, C泳察PATLABOR(01)
25724425, 9.6, 45, 四叶妹妹 12
4169211, 8.0, 136, 摔角少年牛蒡男
2252423, 7.7, 176, 花@的旋D木R
25799704, 9.3, 52, Tf日 02
1951983, 9.1, 58, 名侦探柯南剧场版通往天国的倒计时下
1507458, 8.7, 75, 佐伯俊男最初期画集
25799749, 7.8, 155, 再了，魔法 01
26232758, 8.9, 65, 北极熊Café 核桃味
2074004, 8.1, 117, 大都
6872556, 7.0, 374, 朝5晚9 1
2295448, 8.1, 116, 宗像教授考(01)
5332988, 7.6, 183, @爆[ 01
3655474, 8.7, 72, 海街diary~白之月~
10725380, 8.6, 76, 不的漫家 01
3079504, 8.3, 95, Forget-me-not (1)
25817203, 9.0, 58, 我很好
26845623, 9.7, 39, 胜滕Bは羽ばたかない 4 小宰痈断薅ò
26396730, 8.3, 93, 犬屋敷1
10731928, 8.4, 86, 帝一之 01
23709479, 7.5, 186, 文豪ストレイドッグス -1
20375367, 8.9, 59, 壬生x士 1
6810869, 7.7, 151, ogp (第1集)
2978493, 8.2, 96, 人自徘徊~N田山^火外~(01)
3426139, 7.3, 225, 好色吉田家(01)
26800398, 9.0, 54, ジャッカス!
26290373, 8.4, 81, ヲタクに恋はyしい 1
24522011, 8.9, 57, r空建B幻T 01
10774849, 9.7, 36, 五十勾蠼榛集?海とタマシイ
10345003, 7.5, 174, 企w派 Blood Covered 01
4243855, 9.4, 42, BRUTUS特e集井上雄彦
19972251, 7.9, 118, 江舸y步人^ 02
19938216, 8.6, 68, 拍鹃雄のサイy 1
2382060, 7.9, 117, 人g以上
1877866, 8.7, 62, 花
4028302, 8.9, 54, 月光l例 01
2227472, 7.9, 113, 诽镏笑
5260248, 7.4, 182, 怪、刺す
2073989, 7.5, 162, 幕01
3310167, 7.2, 224, 异教主(全四册)
25700563, 8.4, 74, 重版出来! 1
26611159, 8.7, 60, 深夜食堂 15
6382789, 9.0, 49, 天国餐馆(02)
2335111, 7.2, 216, 真?F代d奇
1931059, 8.4, 72, 双子座的女人
11595913, 8.1, 90, 思春期诱惑 01
6394332, 7.9, 102, 中国嫁日 一
2282127, 6.7, 382, 非法侵入(01)
25838507, 8.5, 64, ストレッチ 1
3252229, 7.2, 201, 人g失控(02)
25888290, 9.2, 41, 橙は、半透明に二度寝する 1
10776060, 7.0, 250, 最底xの男-Scumbag Loser- 1
2282130, 6.8, 322, 非法侵入(02)
2969215, 9.3, 38, 亚特兰提斯之谜~入矢堂见闻录~1
5944757, 8.4, 65, 星川y座四丁目 1
3191890, 7.8, 104, 血まみれ天使
3192909, 8.5, 60, Spirit of Wonder
2305834, 7.2, 186, まいちゃんの日常
21362229, 7.5, 135, クズの本 1
3038316, 8.7, 52, 名侦探柯南VS怪盗基德
25821700, 8.7, 52, Bread &amp; Butter 1
4937343, 9.5, 33, 超U百人一首 うた恋い。
3410948, 8.5, 59, ウィルトゥ`ス
5283526, 8.6, 55, 横滨故事ヨコハマ物语
20645097, 8.6, 55, ベアゲルタ` 1
2136006, 8.0, 85, ゆれつづける
1948761, 8.2, 72, 夏子的酒(01)
2264724, 8.2, 72, C.M.B森_博物^之事件目(01)
3286081, 8.9, 45, G-Taste
2259557, 8.6, 54, ヘンゼルとグレ`テル
21329809, 8.3, 66, 隐藏的另一面
3152186, 6.9, 245, _德候爵-古典色名作集1
5320757, 8.1, 75, 神の子供
25814660, 8.7, 49, レビウス 1
1875667, 7.7, 103, 花
3035118, 8.5, 55, ё永(1)
24713836, 8.5, 55, 村田雄介 漫画教室R
25819616, 8.1, 73, M舻木奕朔外篇~o悔的x 01
5245513, 7.7, 100, 青空呐喊
3895637, 8.1, 71, しゅごキャラ！ (8)
3177616, 8.5, 53, 石之花(01)
3174235, 7.4, 128, 出包王女(01)
5404584, 7.6, 105, 毕业以后怎么办？
26561125, 9.1, 36, 小森食光 2
25756815, 9.2, 34, Wは}ありません
3153713, 8.7, 45, BEAST of EAST：|方眩(1)
3623908, 7.9, 79, Comics Underground Japan
26669222, 8.8, 42, 伊藤二自x茏骷
3021702, 6.8, 238, 爱情关卡
5907491, 8.9, 39, 簸位石
7056396, 9.2, 33, ねこだらけ ナイス
4185145, 7.0, 179, P照你的花蕾
26051194, 8.7, 43, e位的青春 2
1956579, 9.0, 36, トラベル
3138214, 8.1, 64, 螺zb(01)
3157839, 6.9, 198, 成人酷童（上）
3061871, 8.3, 55, 新世纪卡通漫画技法5
26709997, 8.8, 40, 幻想女人 1
3443833, 8.7, 42, 鬼才 01
20390713, 7.6, 94, ぼくは麻理のなか
26828629, 8.2, 58, のゆめ 上
3252233, 7.3, 124, 人g失控(04)
26723103, 9.6, 26, Sunny 06
3233688, 9.3, 29, トライガンマキシマム 01
26582524, 8.7, 40, 坊主と蜘蛛
3179137, 9.5, 26, アカギ 1
6840131, 8.7, 39, 激漫11：跟日本名家学插画！漫画与插画技法入门
10493048, 8.9, 34, 公@z好1
26325778, 8.1, 56, 黑男友的鄯椒 2
3169783, 8.6, 40, 小狗汪汪 1
25849524, 9.3, 27, 日本超级漫画课堂：人物素描与写实
26392457, 8.2, 51, 耗蛙男 1
3161235, 8.8, 35, 美味大挑(01)
25774415, 8.7, 37, 少女
26733615, 8.7, 37, ネガ
25879164, 7.3, 106, 天空侵犯 (1)
25918470, 7.8, 68, 田中くんはいつもけだるげ 1
3176836, 7.6, 80, 那是不能吃的
3184483, 7.7, 73, ヘルタ`スケルタ`
3862483, 8.8, 34, 手V治虫的漫之旅
2353912, 8.6, 38, 工作狂人
4164380, 7.1, 124, 鬼糁u(1)
2268711, 6.7, 192, 非法侵入(03)
1342642, 8.8, 33, 痴虫
4277448, 8.4, 41, 天守にむ鬼/次D田w源五郎短集
26617587, 8.4, 40, 朋友[
3104881, 9.1, 27, B地~河岸三代目(01)
26839689, 8.4, 39, 俺と上司のかくしごと
2078697, 6.5, 217, 爱的侵犯
26305393, 8.7, 32, o限之住人 1
3102905, 6.9, 130, 黄龙之耳
3146548, 7.5, 72, 最不良髡f(01)
3158081, 9.2, 24, 天才柳山淌(01)
2153180, 9.1, 25, 画集「花と蛇」
3420730, 7.6, 64, 黑之契s者
1975872, 8.5, 34, ねじ式
25811487, 7.4, 72, 人g失控(01)
25698238, 9.0, 25, y味人生 01
26641341, 8.7, 29, GRANDBLUE 碧{之海 01
26734020, 8.4, 34, 冬目景作品集 空中庭@の人々
5043537, 7.2, 82, 趑|u造C(01)
4317960, 6.7, 133, 战后漫画50年史
4709803, 8.8, 26, 乱iパノラマ 丸尾末诨集
4197993, 7.8, 47, 花粉少女2! (WANI MAGAZINE COMICS SPECIAL)
6094586, 7.2, 76, 叟c欲望之螺旋 1
26733668, 8.1, 37, ポジ
3646652, 6.8, 109, Y式解体新
4782808, 8.0, 39, 想い想われスリスラレ
2344199, 8.2, 33, 怪奇人形^
25932192, 6.8, 98, 鬼畜u 1
4000137, 6.7, 108, SWEET 他的甜蜜滋味
3433540, 8.6, 25, A Drifting Life
26757188, 8.5, 26, 恋友トライアングル
2123707, 7.8, 39, 新宿夜啼鸟
26718910, 8.3, 28, ^妄想少年 2
5592200, 8.0, 33, 号本(上)
1876637, 8.4, 26, 吾
3012091, 6.3, 156, 性犯罪搜查班vol.1
26380290, 7.3, 54, 橘さん家ノ男性事情
26658541, 9.1, 18, Levius/est 1
10532679, 7.8, 36, しゅんニャン
2374218, 8.4, 25, さよならにっぽん
10862680, 7.4, 48, 童地z?父子地z
26292525, 8.9, 19, 巴士四c
3714465, 8.2, 27, AX Volume 1
26641078, 8.4, 24, ROMEO  1
4724495, 7.9, 32, 君よ知るや南のz（上）
4229838, 8.0, 30, はんぶん娘
25844772, 7.8, 34, 全是喵
2078655, 6.2, 153, 激情无禁忌
3294640, 8.6, 21, Red Colored Elegy
25821708, 7.6, 38, N薇王の葬列 1
4045448, 8.5, 20, 丸尾末ONLY?YOU
4724485, 7.7, 31, 柔g教
3603811, 8.8, 17, 横山裕一カラ`画集
4009523, 7.8, 29, 淫W校
25961582, 8.4, 20, 鸵339年 1
25946467, 8.6, 18, デッドデッドデ`モンズデデデデデストラクション 1
11632755, 6.7, 64, 最近，妹妹的幼佑悬c怪？ 01
3286216, 7.6, 30, 汁男
25878089, 6.8, 56, 何かいいのつけた!
4018128, 6.8, 53, 女忍者魔(01)
26774499, 8.4, 18, それに名前をつけるなら
25913265, 7.5, 30, 巍亮单堠`イフレンド
3184478, 8.9, 14, 黄色い本
1945286, 8.1, 20, 失踪日
6426745, 6.5, 65, 最强女神传说 Vol.1
4823648, 7.3, 29, 淫笑う看oD 普及版
5363436, 8.2, 17, OPUS（オ`パス） 上
3650078, 8.0, 18, 漫画家超残酷物语
26716292, 7.8, 19, とつくにの少女 1
2301097, 7.2, 27, 淫兽传说鬼狩り
10770708, 7.0, 31, 之空 1
4156903, 7.9, 17, 巨女f
25887816, 8.0, 16, xx你，在@世界的一隅找到我（上）
25698146, 6.5, 45, ニシキくんのなすがまま
4164243, 7.9, 15, 虫と歌
3321537, 8.2, 13, 赤タイツ男
3716306, 7.4, 19, 怪人o礼vララバイ
2282012, 7.7, 16, MANGA FEVER
23090057, 7.3, 20, 巨女f 春川ナミオ妖美画集 Ｖｏｌ．２
6817035, 8.1, 13, 漫画密技
26328074, 7.0, 24, ビッチな猫は好奇心に伽皮胜
26227933, 7.6, 16, 悠悠哉哉
26413130, 7.6, 16, 町田くんの世界 1
4922614, 8.0, 13, さよならもいわずに
26713246, 7.7, 15, Wと君の大切な 1
26786860, 7.7, 15, 孤的美食家2
24748969, 6.9, 24, 溺壅{教
3240224, 7.6, 15, 色Pおろし
20450967, 7.7, 14, 少女×少女×少女
24882243, 8.1, 11, Baby
20369621, 5.6, 71, 不で不埒な兄ですが
5401359, 8.2, 10, 森山中教所
26586998, 6.8, 21, 咬みつきたい
26178662, 7.4, 14, 彼のI性具有独占欲
3074202, 8.1, 10, 大友克洋「x」映画g
26919356, 7.8, 11, 不绀韦なたへ 1
26683420, 7.6, 12, ヤリチン☆ビッチ部 １
3091624, 7.7, 11, 梦回绿园
3258477, 7.5, 11, 淫花
26264781, 7.3, 11, ヒミツの催眠教室
26600839, 6.4, 19, デキちゃうまで、しよ。
26277543, 6.3, 20, 童膜少年
26583050, 6.9, 12, 欲ポルノ
5375821, 5.6, 29, 鄣奶P特集
26373412, 6.8, 11, ?人外BL
5401809, 5.0, 29, 少年メイドク`ロ君
