2017-01-23 16:17:59
Tag: 日本
The number of books: 979 

ID, rating, votes, title
3259440, 9.1, 173407, 白夜行
3211779, 8.9, 119485, 嫌疑人X的献身
25862578, 8.6, 170108, 解忧杂货店
1007914, 8.7, 54498, 窗边的小豆豆
1046265, 8.0, 178835, 挪威的森林
1080370, 8.6, 45106, 情书
4742918, 8.3, 73878, 1Q84 BOOK 1
3646172, 8.4, 58893, 恶意
4885241, 8.4, 47386, 1Q84 BOOK 2
20470917, 9.0, 13984, 深夜食堂 01
1346815, 8.4, 33793, 一人住第5年
1059419, 8.1, 58699, 海边的卡夫卡
2297697, 8.6, 23191, ZOO
1941558, 8.6, 20930, 设计中的设计
1291809, 8.5, 24104, 世界尽头与冷酷仙境
4011670, 8.3, 33443, 人间失格
3369600, 8.1, 42017, 当我谈跑步时我谈些什么
20470916, 9.1, 8101, 深夜食堂 02
5038409, 9.0, 8991, 金色梦乡
2008284, 8.7, 13142, 佐贺的超级阿嬷
1257365, 8.9, 9347, 活了100万次的猫
1459623, 9.4, 4772, 20世o少年01
20470913, 9.1, 6752, 深夜食堂 03
3920130, 8.6, 13676, 告白
3187737, 8.4, 18678, 占星术杀人魔法
1022238, 8.2, 25107, 菊与刀
1026035, 9.1, 6275, 你看起来好像很好吃
3136271, 8.6, 12523, 罗生门
1001193, 8.6, 12193, 再见了，可鲁
20470914, 9.1, 5937, 深夜食堂 04
1015452, 8.2, 22873, 国境以南 太阳以西
3316422, 8.9, 7268, 猫国物语
2250587, 7.6, 67390, 一个人的好天气
25733470, 8.3, 17608, 村上春树：没有色彩的多崎作和他的巡礼之年
1005521, 8.1, 24872, 伊豆的舞女
4074636, 7.6, 65617, 放学后
4618225, 8.2, 20287, 不去会死！
1418999, 9.2, 4609, 银河英雄传说
1020670, 8.2, 19246, 舞！舞！舞！
1039752, 7.8, 39423, 且听风吟
3391248, 8.6, 9656, 金阁寺
3162527, 8.7, 7973, 魍魉之匣（下）
1336968, 8.4, 12382, 一人上|京
2376570, 9.3, 3536, 浪漫的逃亡
3162513, 8.5, 9942, 魍魉之匣（上）
6746289, 8.4, 11549, 新参者
10529412, 9.2, 3684, 深夜食堂 06
1031740, 8.1, 18271, 寻羊冒险记
1056868, 8.5, 9458, 河童旅行素描本
1758767, 8.2, 14666, 人气绘本天后高木直子作品典藏（全6册）
1053759, 8.3, 12202, 雪国 古都
4780102, 8.4, 10131, 一个人住第9年
1220219, 8.6, 7477, 阴阳师
1212080, 8.4, 10065, 奇鸟行状录
1914636, 8.4, 10014, 蛤蟆的油
23780875, 9.1, 3690, 深夜食堂 05
2067269, 9.4, 2558, MONSTER-怪物-01
3140801, 8.1, 15505, 姑获鸟之夏
1926700, 7.7, 32206, 关于莉莉周的一切
4038672, 8.9, 4580, 络新妇之理（上）
4038673, 9.0, 3990, 络新妇之理（下）
4067621, 8.2, 12732, 暗黑童话
10759773, 9.2, 3082, 深夜食堂 07
6387054, 8.6, 6690, 一个人住的每一天
1079440, 8.1, 14242, 遇到百分之百的女孩
4009552, 7.6, 35144, 幻夜
1436657, 8.9, 4185, 寄生F (完全版) (Vol. 1)
1318126, 8.4, 8478, 雪国
6114392, 9.1, 3175, 奈良美智横滨手稿
1418707, 8.6, 5991, Goth.嗾剖录
2070012, 8.2, 10654, 一个人的第一次 第一次一个人旅行
2317974, 8.4, 7765, 德川家康（第一部）
4127527, 8.2, 10509, 厨房
5502995, 7.6, 31194, 1Q84 BOOK 3
4906101, 8.4, 7667, 一个人旅行2
1270150, 9.3, 2321, 风与树的歌
1848256, 8.0, 14136, 东京奇谭集
3191044, 7.8, 20169, 华莱士人鱼
1421975, 8.7, 4782, 只有你到 Calling You
2297706, 8.2, 9991, 平面狗
4049269, 9.4, 1973, 狐狸的窗户
2258803, 8.3, 7788, 一人去旅行
1020959, 8.1, 10634, 斯普特尼克恋人
1069059, 8.1, 10630, 雪国
1467239, 9.1, 2599, 铳梦
3774884, 9.1, 2585, 子猫絮语
2150240, 8.8, 3758, 我讨厌妈妈
3765620, 8.7, 4235, 在漫长的旅途中
3102324, 7.7, 21055, 秘密
4580972, 7.7, 20887, 流星之绊
1400059, 8.7, 4189, 心
4152754, 7.7, 20736, 时生
25752955, 9.0, 2840, 来自新世界 （上下）
3987362, 8.8, 3578, 春雪
23780881, 9.1, 2404, 深夜食堂 08
3715833, 8.6, 4516, 铁鼠之槛（上）
1158934, 8.5, 4938, 钟表馆幽灵
5269222, 8.5, 4713, 一朵桔梗花
3801097, 7.8, 14273, 夏天・烟火・我的尸体
3715844, 8.6, 4032, 铁鼠之槛（下）
3713327, 7.7, 16606, 圣女的救济
1006113, 7.8, 13624, 源氏物语
26210487, 9.1, 2033, 强风吹拂
2336093, 7.8, 13155, 池袋西口公园
5940434, 8.3, 5754, 一个人的美食之旅
6249670, 8.8, 2886, 首无・作祟之物
1436586, 9.1, 2006, 你真好
4105411, 8.1, 7763, 第八日的蝉
3615048, 8.2, 6595, 异邦骑士
1035362, 7.9, 10730, 神的孩子全跳舞
3089661, 9.1, 1984, 永远永远爱你
6890451, 9.2, 1770, 外天楼
1962124, 8.5, 4226, 东京塔
1440345, 7.8, 12651, 燕尾蝶
1008074, 7.5, 22099, 失乐园
1310673, 9.3, 1560, 遥远的野玫瑰村
3259587, 8.6, 3614, 我与狗狗的十个约定
1474343, 9.1, 1941, 手绢上的花田
5408858, 8.9, 2458, 建筑家安藤忠雄
10440130, 8.8, 2764, 家庭日记
6003067, 9.5, 1240, 未来ちゃん
3259428, 8.5, 4007, 斜阳
10747883, 8.0, 8159, 怦然心动的人生整理魔法
3615061, 7.5, 19832, 宿命
3890174, 7.7, 13503, 信
4034009, 8.3, 5034, 剪刀男
5252666, 8.8, 2521, 一个人漂泊的日子2
5939312, 8.2, 5740, 超・杀人事件
5395724, 8.5, 3705, 华丽人生
6392683, 8.6, 3230, 小星星通信
4173403, 7.7, 13036, 温柔的叹息
1000856, 7.9, 8947, 我是猫
3277199, 8.1, 6323, 多田便利屋
5380266, 8.0, 7265, 怪笑小说
3395865, 9.1, 1640, 北O熊 café
3391246, 8.2, 5181, 潮骚
10543300, 9.3, 1296, 月刊少女野崎くん 01
3449759, 8.3, 4442, 一个人漂泊的日子①
4067626, 8.1, 5989, 重力小丑
4213995, 7.7, 11528, 黑笑小说
5347699, 7.8, 9468, 彷徨之刃
3391245, 8.4, 3715, 假面自白
3227126, 8.2, 4882, 30分老妈
3785741, 8.0, 6648, 死神的精确度
1011662, 7.9, 7750, 再袭面包店
3842847, 8.6, 2709, 深河
6731566, 8.6, 2709, 一个人去跑步
5906052, 8.5, 3073, M舻木奕 01
1072126, 9.1, 1465, 我是霸王龙
24736899, 8.0, 6204, 雪国
6392685, 8.2, 4532, 奈良美智・用小刀划开
1009094, 8.6, 2607, 古都
4718973, 7.8, 8435, 毒笑小说
4928387, 7.5, 14428, 单恋
4151117, 8.5, 2919, 阴翳礼赞
1448645, 8.8, 1932, 鳄鱼怕怕牙医怕怕
1949925, 8.1, 4876, 沉落的黄昏
4898712, 8.3, 3606, 奇想・天动
6794021, 7.8, 7729, 红手指
25982254, 8.1, 4733, 大萝卜和难挑的鳄梨
26413027, 7.5, 12921, 虚无的十字架
1874782, 9.1, 1301, 苍井优 - Travel Sand
1937939, 8.3, 3496, 河童杂记本
3813194, 7.9, 6363, 火车
4151180, 8.0, 5426, 巷说百物语
1457542, 9.2, 1145, 芥川龙之介全集
1059330, 8.3, 3395, 午夜凶铃
20473089, 8.6, 2274, 有顶天家族
3181927, 7.6, 10287, 大便书
24749465, 7.5, 12275, 断舍离
26118072, 7.7, 8489, 祈祷落幕时
3267934, 8.4, 2883, 日本四季
3316174, 8.0, 5119, 狂骨之梦
2238320, 8.4, 2867, 版式设计原理
1417577, 8.7, 1934, 庸才 1
24538715, 8.6, 2189, 艾比斯之梦
4753783, 7.4, 14161, 分身
4277347, 7.9, 5842, 解体诸因
25822105, 8.4, 2719, 无缘社会
5395162, 9.0, 1308, 天人五衰
1091904, 9.1, 1172, 丰饶之海（上下）
6041089, 8.3, 3044, 家鸭与野鸭的投币式寄物柜
4101013, 8.2, 3416, 设计的觉醒
1441488, 8.4, 2574, 宫本武藏・剑与禅（上下）
6028977, 8.5, 2251, 零ZEЯRO
4898551, 8.2, 3314, 四叠半神话大系
3640304, 8.5, 2201, 萤火虫之墓
4264003, 7.4, 12384, 名侦探的守则
11498200, 8.3, 2868, 寂寞的频率
2118032, 8.2, 3284, 窥视工作间
21460732, 8.3, 2846, 秒速五厘米
25892399, 7.9, 5115, 余生皆假期
21692813, 7.6, 8438, 眠
10594781, 8.6, 1915, 模仿犯BOOK3
10580802, 8.2, 3238, 模仿犯BOOK1
1257325, 8.2, 3213, 安藤忠雄论建筑
5326849, 8.1, 3674, 奥杜邦的祈祷
3213367, 9.0, 1166, 昨日的美食 01
3187750, 7.7, 6813, 斜屋犯罪
3286829, 8.0, 4138, 脑髓地狱
1855231, 8.6, 1818, 银河铁道之夜
2160230, 8.5, 2053, 细雪
3114973, 8.6, 1788, 快返氖罴
1035517, 7.6, 7696, 男人这东西
25944034, 8.6, 1762, 菊次郎与佐纪
1156994, 8.7, 1556, 永远是孩子
2284574, 8.3, 2572, 织田信长――菊与刀
6719724, 8.1, 3401, 死了七次的男人
1455138, 8.8, 1375, 白色巨塔（第一部）
3682204, 7.6, 7501, 佐藤可士和的超整理术
2209776, 9.4, 728, 竹光侍 1
3206270, 8.9, 1205, 拥抱战败
1799984, 8.6, 1654, 家庭收纳1000例
4823788, 8.8, 1306, 奔马
3865832, 7.1, 18010, 变身
10587562, 8.2, 2698, 东京日和
4011668, 8.5, 1803, 女生徒
3864342, 7.9, 4144, 69
3866885, 8.5, 1798, 沉默
2330383, 8.4, 2041, 一日江户人
3683898, 7.5, 7908, 向日葵不开的夏天
2062557, 9.1, 894, 地狱变
3678694, 7.4, 9301, 窗灯
10580803, 8.4, 1918, 模仿犯BOOK2
4626090, 8.4, 1837, 奔跑吧！梅勒斯
26613052, 8.7, 1271, 我的造梦之路
24736900, 8.2, 2374, 千只鹤
3920144, 8.6, 1423, 春宵苦短，少女前M吧！
6885715, 7.7, 4994, 蓝另一种蓝
19963049, 8.5, 1596, 留住手艺
2382994, 8.0, 3107, 负建筑
26286208, 7.7, 4923, 没有女人的男人们
6265779, 8.3, 2042, 地下
10768064, 8.0, 3059, 涡虫
1438461, 7.8, 4131, 窥视日本
4842475, 8.7, 1231, 新选组血风录
2242467, 7.3, 9643, 湖边凶杀案
3499317, 9.3, 645, 芥川龙之介精选集
6391166, 7.8, 4002, 碎片
3053207, 7.2, 11399, 侦探伽利略
6126821, 8.4, 1692, 远方的鼓声
1937346, 8.5, 1488, 亚洲的书籍、文字与设计
1067710, 9.0, 843, 造型的诞生
26261735, 8.5, 1451, 编舟记
11516079, 7.9, 3234, 知日・猫
3786755, 7.2, 10774, 每天懂一点色彩心理学
5348044, 8.0, 2759, 敦煌
6517431, 9.1, 735, 北O熊 café 草莓味
2119536, 7.8, 3698, 砂器
2055004, 8.5, 1418, 七C人
19985027, 8.6, 1255, 御伽草纸
24153181, 7.6, 5065, 从前我死去的家
5919999, 7.6, 5061, 赎罪
17724327, 7.4, 7141, 盛夏的方程式
2372026, 7.8, 3630, 哀愁的预感
3926665, 7.3, 8476, 伽利略的苦恼
2135803, 8.7, 1085, 今天运气怎么这么好
7154688, 8.1, 2281, 知日・书之国
1030054, 7.3, 8131, 水知道答案
4152750, 7.7, 4037, 杀戮之病
4152764, 7.8, 3438, 点与线
4140396, 8.5, 1326, 黄昏清兵卫
6728876, 8.1, 2214, 知日・ HI! 美术馆
4850641, 8.6, 1170, 燃烧吧！剑（上）
6101342, 8.1, 2173, 知日・制服uniforms
5416915, 7.5, 5441, 杀人之门
3025613, 8.6, 1150, 赤朽~家的髡f
1476003, 8.8, 919, 者1
2118293, 9.3, 547, B山石燕 画戆俟硪剐腥画集
3866397, 7.7, 3797, 鹿男
26285818, 8.7, 994, 虹のnブラシ 上木らいちk散
5980581, 8.3, 1589, 十三夜
4274472, 8.2, 1790, 茶之书
3606804, 8.2, 1781, 徒然草
1937756, 8.8, 869, 疾风迅雷
1982120, 9.0, 692, 向着明亮那方
20473505, 8.8, 847, 山月记
4920062, 7.3, 6962, 别跟我说你懂日本
1868623, 8.4, 1335, 在黑暗中等待
10738211, 8.2, 1713, 直到长出青苔
5366440, 8.6, 1051, 禁色
4882050, 8.5, 1177, 竹久梦二：画与诗
3068553, 8.7, 936, 被z忘的故事
26819477, 9.0, 675, 东京本屋
3347929, 8.8, 829, 《德川家康》
20473093, 8.5, 1160, 大逃杀
4732175, 7.6, 4012, 阿根廷婆婆
3391242, 8.0, 2154, 爱的饥渴
4746128, 7.7, 3341, 家
4311472, 8.4, 1275, 后来的事
5372422, 8.1, 1870, 末日的愚者
5423775, 8.2, 1628, 隔壁女子
26367364, 8.2, 1627, 爱吃沙拉的狮子
4732427, 7.8, 2812, 十二味生活设计
6558046, 8.1, 1836, 人间椅子
5423899, 7.9, 2416, 乌鸦的拇指
5502934, 7.8, 2794, 荒木经惟的天才写真术
10810687, 8.5, 1090, 一个人的42公里
4908871, 7.9, 2356, 用洗脸盆吃羊肉饭
10594788, 7.6, 3694, 谁杀了她
5290498, 8.6, 957, 自然的建筑
4617900, 8.4, 1207, 萨德侯爵夫人
11537640, 8.4, 1206, 一个人的美食之旅2
25913413, 8.2, 1531, 四季便当
1434435, 8.3, 1326, 春琴抄
25814725, 8.8, 748, 人间失格・斜阳
26367367, 8.6, 926, 宵待草夜情
3525047, 7.9, 2217, 无影灯
4282049, 8.3, 1303, 三四郎
24319078, 7.7, 2954, 我心中尚未崩坏的部分
4152763, 8.0, 1909, 零的焦点
1980992, 8.3, 1291, 孩子
4149893, 7.0, 10194, 每天懂一点好玩心理学
4191699, 8.3, 1286, 午后曳航
1869711, 8.0, 1890, l死之G
5957787, 9.1, 535, 我爱你
26735064, 7.3, 5596, 孤独小说家
10345560, 7.8, 2461, 离别之音
4746130, 7.8, 2457, 家
1357843, 9.1, 526, Cui cui
25737793, 8.5, 980, 阳光劫匪
4827423, 8.4, 1099, 浩瀚大洋是赌场
6084703, 7.3, 5468, 独立，从一个人旅行开始
6558049, 8.1, 1599, 阴兽
26280924, 8.4, 1098, 看海的人
25744411, 8.6, 871, 被嫌弃的松子的一生
5988624, 8.2, 1397, 远山淡影
26889236, 8.6, 867, 我的职业是小说家
4823789, 8.4, 1090, 晓寺
26242908, 7.6, 3214, 如果世上不再有猫
26698598, 8.2, 1372, 有如走路的速度
19912126, 7.9, 2046, 知日・铁道
3135743, 8.7, 765, 川端康成精品集
1478882, 9.1, 511, OH MY GOD! I MISS YOU
20267987, 7.4, 4431, 孤独美食家
26687879, 8.1, 1550, 一首小夜曲
2214337, 8.9, 618, 星新一微型小说选
2119843, 6.9, 11334, 钝感力
24226728, 8.5, 938, 人间失格
1776127, 8.6, 837, |京鄣墓适 1
5299766, 8.4, 1050, 青梅竹马
1207339, 8.4, 1042, 青春的证明
26046043, 8.3, 1172, 人类灭绝
1316584, 8.7, 742, 玩具修理者
5914563, 8.1, 1504, 边走边啃腌萝卜
1914625, 7.7, 2635, 老师的提包
25836269, 9.0, 544, 西文字体
4882013, 8.1, 1483, 异常
1013058, 7.8, 2215, 武士道
4311471, 8.3, 1130, 门
4104794, 8.3, 1129, 有一类战犯叫参谋
10473576, 7.5, 3462, 替身
4887589, 8.0, 1650, 梦侦探
5415719, 7.6, 2943, 知日・奈良美智
7063932, 8.2, 1268, 东京散步
10834769, 7.7, 2513, 门外汉的京都
5988636, 7.8, 2165, 雏菊人生
25858068, 7.6, 2908, 100个基本
5326846, 7.7, 2494, 一首朋克救地球
26733854, 8.7, 703, 明天也是小春日和
5341225, 8.3, 1101, MUJI o印良品
6967980, 7.4, 3957, 然后，我就一个人了
6890672, 8.7, 693, 这一生，至少当一次傻瓜
24529164, 8.1, 1394, 楼兰
19974860, 8.6, 765, 孤的美食家
25799716, 8.6, 763, 一日一花
25935074, 8.1, 1379, 文・雅人：憧憬的日子
24736901, 8.3, 1074, 山音
19900003, 8.0, 1567, 迈向另一个国度
6731202, 8.3, 1071, 恋文
3054127, 7.7, 2383, 十宅论
20267980, 8.3, 1060, 大手笔
25713168, 8.2, 1180, 摩登时代
10581659, 8.3, 1038, 老妓抄
4320806, 8.8, 598, 关原之战
26389520, 8.4, 921, 肚子饿万岁
20449829, 7.5, 3135, 我杀了他
3071759, 8.0, 1500, 百物语
4726738, 9.1, 442, 小狐狸买手套
25808738, 9.1, 442, 阴阳师典藏合集
4145428, 8.2, 1156, 为什么设计
4220357, 7.7, 2271, 沙漠
1068907, 7.8, 1961, 如果我们的语言是威士忌
3418469, 7.6, 2635, 怪谈
6549536, 8.1, 1303, 恋文的技术
1043814, 7.8, 1955, 午夜凶铃2：复活之路
1149495, 8.2, 1142, 梦十夜
26760976, 8.4, 894, 怒
1387819, 8.4, 891, 青之炎
5367332, 8.4, 889, 请叫我英雄 Vol.1
6902164, 7.2, 4969, 平行世界・爱情故事
4218911, 7.7, 2178, 理由
5924289, 8.3, 982, 窥视厕所
6404040, 8.1, 1254, 三行情书
3700734, 7.6, 2515, 字解日本
26314930, 8.6, 694, 杀手界・疾风号
26698223, 9.2, 383, 永恒的时光之旅
11511204, 7.4, 3360, 悖论13
6001119, 8.0, 1379, 两分铜币
1939594, 7.7, 2086, 京都一年
3404723, 7.7, 2049, 虹
2300813, 8.7, 595, 收割电影
3287650, 8.0, 1336, 白
3134191, 8.5, 733, 少女椿
1427754, 8.8, 535, 侏儒的话
1732999, 8.5, 729, 哥儿
10518843, 8.0, 1326, 刺青杀人事件
25935075, 8.1, 1163, 文・雅人：健康的日子
22638036, 8.4, 810, 百器徒然袋 : 雨
3624464, 9.4, 306, 斫猊トリエ?ワン
6719661, 8.4, 804, 仲夏之死
6952187, 8.2, 1014, 宵山万华镜
11615173, 7.2, 4422, 假面饭店
6885726, 9.1, 394, 疑惑
1485501, 7.6, 2261, 全部成为F
10600119, 8.2, 1000, 尽头的回忆
5340646, 8.0, 1279, 十四岁
24722098, 9.2, 355, 少年H
22542435, 7.6, 2237, 我是开豆腐店的，我只做豆腐
6517150, 7.6, 2226, 31岁又怎样
2129831, 8.2, 986, 美与暴烈
10282578, 7.7, 1908, 村上广播
4772537, 8.4, 775, 窥看舞台
25903198, 7.8, 1631, 做衣服
6006497, 8.6, 618, 诸神的微笑
23196321, 8.3, 855, 林竹闯关西
25923985, 9.0, 413, 我心中的美好世界
3744657, 8.5, 681, 人g失格
25803556, 7.8, 1607, 山本耀司：我投下一枚炸弹
1042586, 8.4, 756, 个人的体验
3605216, 8.3, 844, 小津
25811516, 8.4, 739, 日本的八个审美意识
5951252, 8.7, 531, 圆与方
3376908, 8.2, 916, 图解日本妖怪大全（上下）
25954353, 7.6, 1974, 所罗门的伪证
6393733, 7.4, 2679, 当我们聊起日本时
25923427, 8.6, 562, 河童
3681571, 7.7, 1678, 巴提斯塔的荣光
25892396, 8.0, 1102, 有翼之暗
1394395, 7.6, 1908, 歌舞伎町案内人
25787364, 8.6, 551, 京都古书店风景
19976976, 9.1, 339, 回郜z
5921793, 7.6, 1873, 我这一代东京人
1059378, 8.5, 604, 花未眠
4067806, 8.2, 842, 流星旅行车
6781800, 7.9, 1220, 回忆，扑克牌
3535792, 7.6, 1846, 日本料理
5275474, 8.2, 831, 反造型
20381888, 8.3, 739, 坏女人
5317129, 7.9, 1201, 魔法师俱乐部
5939321, 8.8, 436, 坂本龙马 第一部
10439099, 9.0, 361, 旅之绘本（全六册）
25844017, 8.5, 588, 讲谈社・中国的历史（十卷本）
25732311, 9.0, 360, 64
11507833, 8.4, 655, 深夜食堂料理特
25777461, 8.4, 653, 日日是好日：茶道带来的十五种幸福
20428304, 8.5, 583, 天平之甍
4720817, 7.9, 1174, 消解设计的界限
23316673, 7.7, 1537, 知日・日本禅
6047527, 8.6, 520, 恍惚的人
10746325, 8.2, 802, 犬的记忆
25714740, 7.3, 2790, 起风了
6560666, 8.4, 634, 忧国
24696662, 8.0, 1003, 爱猫奇洛
11621662, 7.7, 1487, 新娘
4191733, 8.3, 692, 寄物柜婴儿
24851599, 7.2, 3167, 知日・断舍离
26759579, 8.7, 449, 事物的味道，我尝得太早了
20386243, 9.1, 310, 复眼的影像
1050083, 8.1, 862, 我就喜欢你这样的地方
10467105, 8.1, 862, 感动，如此创造
26264956, 7.3, 2657, 袭击面包店
26787931, 7.7, 1447, 精神科的故事：在游泳池
26686802, 8.7, 447, 真幌站前狂骚曲
5408843, 7.7, 1435, 旅行从客房开始
3034068, 7.9, 1096, 神保町书x
4208765, 7.8, 1247, 浅草小子
25851888, 8.3, 674, 都市传说
25794334, 7.5, 1909, 知日!知日！这次彻底了解日本 01
24871460, 8.4, 600, 幻之光
4811121, 8.8, 399, 夏目漱石小说选
6889351, 8.7, 438, 建筑的诗学
20389191, 8.4, 595, 冰点
1449688, 7.7, 1404, 白河夜船
5245537, 8.4, 592, 手冢治虫：原画的秘密
1033561, 8.8, 394, 文明论概略
21324173, 8.6, 479, 第三时效
1048364, 8.8, 393, 日本现代文学的起源
25883054, 8.6, 478, 草枕
3894806, 8.2, 735, 等云到
6814968, 8.3, 655, 虞美人草
6714442, 8.8, 390, 井原西鹤选集
25886172, 7.6, 1587, 幻想图书馆
3517503, 8.2, 730, 高野圣僧
1468393, 7.2, 2965, 无限近似于透明的蓝
26327314, 8.2, 729, 胚胎奇谭
1262809, 8.8, 388, 近代的超克
2153299, 8.7, 426, 小仓百人一首
26770145, 8.5, 521, 菊与刀（精装插图版）
20379212, 7.0, 4158, 不如去死
5423785, 8.1, 805, 千年繁华
10598176, 8.2, 712, 树屋
4836688, 7.4, 2070, 最危险的厕所和最美丽的星空
4231214, 7.8, 1151, 恶人
26171593, 7.5, 1745, 今天也要用心过生活
25723797, 7.6, 1484, 知日・家宅
20503618, 8.6, 446, 褐教典 (上)
10827882, 7.9, 981, 悉尼！
25808336, 7.6, 1466, 知日・了不起的推理
6831051, 8.4, 541, 泥河・萤川
5290239, 8.1, 755, 这一生再也不会有的奇遇
6126817, 7.8, 1090, 边境 近境
4262654, 7.4, 1919, 我的男人
1451520, 7.7, 1237, 沙门空海之大唐鬼宴・卷之一・入唐
25870757, 8.3, 592, 现代日本
26314932, 8.4, 526, 言叶之庭
4857031, 7.6, 1392, 钥匙
3338929, 9.2, 247, パタ?ンマジック vol.2
25836270, 8.6, 423, 厌女
25732157, 8.2, 644, 玻璃之锤
1559728, 8.3, 570, 方丈记 徒然草
25843908, 7.7, 1172, 怦然心动的人生整理魔法2
4903188, 8.3, 564, 叶隐入门
26685539, 8.1, 705, 有鹿来
4759591, 8.2, 621, 入殓师
25815415, 8.0, 783, 后巷说百物语
10345553, 7.0, 3425, 为了N
5954632, 8.4, 496, 寿司品鉴大全
26425881, 8.2, 612, 真幌站前番外地
26712094, 8.2, 612, 汽油生活
19944233, 8.2, 610, 四十九日告别
26735085, 7.7, 1121, 奇迹
25819593, 8.1, 669, 会做饭的孩子走到哪里都能活下去
1927377, 6.6, 7170, 毕业前杀人游戏
6802423, 7.7, 1092, 哦！爸爸们
25918073, 7.9, 842, 独眼少女
6861465, 7.7, 1085, 羔羊的盛宴
25904933, 8.4, 470, 我的母亲手记
10794337, 8.6, 384, 神之病历1
3215829, 8.3, 522, 住宅读本
20561931, 8.2, 577, 恋爱中的建筑
6718283, 8.3, 516, 版面设计的原理
26654687, 8.0, 724, 你是我的命运
11639946, 7.6, 1194, 百鬼夜行－阴
4850848, 7.5, 1369, d
25953928, 8.6, 369, 植田正治小传记
24839341, 7.6, 1144, 紫罗兰
20645157, 7.2, 2076, 知日・妖怪
26769999, 7.8, 865, 死神的浮力
25829361, 7.9, 760, 花花饭
22182576, 7.5, 1291, 中国缺什么 日本缺什么
26417643, 7.4, 1490, 歪笑小说
1205778, 7.7, 970, 睡美人
26258977, 8.8, 291, 四季花传书
6797947, 8.5, 386, 茶之书・“粹”的构造
6790598, 8.1, 588, 文字设计的原理
25732461, 7.9, 733, 住宅设计解剖书
6001114, 8.1, 577, 猫的事务所
24272636, 8.1, 575, 音乐使人自由
25829049, 7.8, 822, 挽歌
1593819, 8.3, 458, 砂女
26821903, 7.9, 721, 精神科的故事：空中秋千
4086725, 7.3, 1636, 不持有的生活
3662234, 8.6, 334, 日本的思想
2974652, 8.7, 304, 樱花与武士
11498195, 7.6, 1042, 人格转移杀人事件
2037101, 8.6, 332, |京u造
5423779, 7.9, 704, 食桌情景
22404951, 9.0, 232, 建筑：S原一男
25747597, 7.5, 1165, 不能不去爱的两件事
3360615, 8.2, 489, 日本
4160509, 7.6, 1005, 疯癫老人日记
5988637, 8.5, 356, 镜子之家
6903035, 8.4, 392, 柠檬
25927233, 7.6, 999, 杀手界
25852538, 7.4, 1314, 知日・料理之魂
5043454, 7.9, 674, 盛开的樱花林下
1084385, 9.1, 205, 川端康成小说经典（全三册）
6873348, 8.9, 241, 竹久梦二名作原寸复刻集
26832913, 8.0, 588, 二十亿光年的孤独
5936610, 8.2, 469, 工艺之道
11586903, 7.9, 656, 夏目漱石的百合
5942644, 8.6, 310, 武藏野
5312099, 7.5, 1091, 对岸的她
26638267, 8.4, 375, 变调二人羽织
25885021, 8.3, 413, 砂女
5907515, 8.3, 410, 浮云
1062476, 8.3, 408, 万延元年的足球队
1530882, 9.0, 213, 恶魔的饱食
1227920, 8.1, 504, 日本古典俳句选
26846483, 8.5, 331, 不然你搬去火星啊
25811057, 8.1, 499, 在建筑中发现梦想
10618121, 8.1, 498, 扮鬼脸
3886583, 9.3, 166, Hokkaido Daido Moriyama
26840568, 9.2, 179, 草疯长
5906023, 7.6, 908, 最糟也最棒的书店
21690242, 8.4, 358, 拿破仑狂
5439620, 7.9, 615, 艺术创业论
6039397, 8.0, 546, 哪啊哪啊神去村
1837549, 7.7, 781, 日本电影100年
3406206, 7.9, 609, 日本的手感O
6751045, 8.2, 429, Wabi-Sabi
24872489, 8.1, 476, 小鸟在天空消失的日子
6039418, 8.6, 287, o限的W
20507419, 7.0, 2127, 东野圭吾的最后致意
11639553, 7.7, 758, 代号D机关Ⅰ
26797395, 8.1, 472, 夏日启示录
26877827, 8.4, 345, 合适
26612919, 7.9, 592, 东大爸爸写给我的日本史
3654912, 8.4, 344, 小津安二郎周游
10539159, 8.0, 522, 欲望的教育
7058699, 8.1, 461, 东京下町职人生活
6513841, 8.6, 274, LIFE家庭味
1434314, 9.0, 192, 父H的道歉信
11533530, 8.0, 498, 十一张牌
5938073, 7.4, 1051, 活尸之死
3038328, 8.6, 265, 浮世绘
26357269, 7.2, 1383, 京都山居生活
1939267, 7.8, 609, 日本手工艺
24890744, 7.7, 687, 人为什么会淹死在沙漠里？
6021094, 7.9, 538, 喜乐京都
2119511, 8.0, 479, 再造魅力故乡
26235467, 7.5, 877, 你不懂咖啡
26576518, 7.0, 1860, 我的晃荡的青春
26348121, 8.4, 311, 由内向外看世界
19967320, 8.1, 416, 远野物语・日本昔话
25752981, 7.8, 582, 你所不知道的日本名词故事
25938704, 8.4, 303, 一弦琴
26297985, 6.8, 2534, 梦幻花
26184241, 7.7, 651, 鄣某扇耸
4292120, 7.0, 1774, 低智商社会
10439096, 8.0, 451, 出帆
26856953, 7.7, 631, 夏目友人帐
2122399, 7.8, 557, 叶隐闻书
3399440, 8.6, 242, 原研哉的O
26805083, 9.4, 128, 心理治疗之路
10515231, 7.4, 926, 献给虚无的供物
25871639, 8.1, 393, 广岛
26315820, 8.4, 287, 火花
25736470, 8.7, 217, 素材与身体
1069210, 7.6, 691, 痴人之爱
3711433, 8.2, 346, 五轮书
6526468, 8.1, 383, 引人兴趣的媒介
5423692, 9.1, 155, 王牌酒保 Vol.1
1150862, 8.8, 197, 星新一短篇小说集
26737694, 8.0, 424, 西风东土
1772580, 9.2, 143, sr雨
4129099, 8.8, 194, 森山大道 NORTHERN
6387179, 8.9, 178, 近松门左卫门选集
10519359, 7.4, 860, 日本边境论
4191741, 7.9, 459, 图说日本住居生活史
25853088, 8.0, 407, 美丽之星
25831196, 7.4, 842, 知日・设计力
10539160, 7.8, 506, 建筑诞生的时刻
2025723, 8.7, 204, 超越极限
6073423, 8.3, 294, 歌行灯
10825459, 8.1, 359, 东京记
5323630, 7.9, 445, 日本物哀
4106403, 7.6, 634, 羔羊的}Q夜
1839508, 9.2, 135, 石川啄木诗歌集
26658841, 8.6, 218, 走进建筑师的家
1330007, 7.9, 438, 平家物语
25836027, 7.6, 616, 献给死者的音乐
25731397, 7.2, 1057, 漫步东京
26697311, 8.4, 255, 重新发现日本
1907859, 8.2, 308, 今昔物语
26842937, 8.9, 164, 全怪谈（全三册）
26412327, 8.0, 374, 八口小锅
25842278, 7.6, 585, 奈良美智48个女孩
26762263, 8.1, 331, 我被封杀的抒情
6430503, 8.8, 173, 万叶集精选
25832600, 8.1, 329, 冬至草
25923418, 8.1, 329, 猫与庄造与两个女人
3035211, 8.0, 363, 日本帝国的衰亡（上下册）
25887244, 8.1, 326, 异恋
25946370, 9.3, 116, |京タラレバ娘 1
19956847, 7.6, 555, 请偷走海报！+3
24863442, 7.4, 710, 无印良品生活研究所
25790070, 7.4, 705, 移动的帝国
26681392, 8.1, 310, 去山里盖座小屋吧
20299643, 7.9, 383, 乐园
7060214, 7.5, 616, 日本漫画为什么有趣
3149697, 7.8, 428, 日本史
26318944, 7.8, 426, 绘画是一个人的旅行
3056906, 8.3, 251, 夏日的庭院
1186348, 8.1, 302, 谷川俊太郎诗选
5290496, 8.4, 224, 日本近代建筑
26538428, 7.6, 523, 造物有灵且美
24737655, 8.4, 222, 字型之不思h
3517501, 7.8, 405, 金色夜叉
25849608, 8.0, 323, 艺术的起源
10759723, 8.1, 289, 箱庭D^
1608543, 8.3, 237, 原研哉的设计世界
10486206, 8.5, 197, 教养与文明
1962680, 7.0, 1127, 下流社会
24847411, 8.2, 251, 日本漫画60年
26723427, 8.3, 227, 西巷说百物语
1923012, 8.7, 159, 清俗纪闻
26309151, 7.4, 609, 昼颜
3273300, 8.1, 273, 日本的起起落落
26776393, 9.2, 107, 故乡，心里的风景
1563556, 8.2, 242, 日本蛋糕名店的私藏秘方
4045081, 7.7, 410, 美利坚物语
26279028, 7.8, 366, 面包和汤和猫咪好天气
6391211, 8.7, 155, 给未来的记忆
26763747, 8.8, 142, 永山裕子的水彩课
26673853, 7.4, 583, 庭守之犬
26435483, 7.8, 358, 邪魅之~（上）
26534897, 8.6, 165, 百器徒然袋――风
1205392, 7.8, 356, 古事记
25953656, 7.4, 572, 写真的话
6864274, 8.8, 139, 我圻^的那r代
4818181, 8.0, 284, 近世日本的日常生活
26666408, 8.3, 212, 东大爸爸写给我的日本史2
1010197, 8.3, 211, 金融战败
26782113, 7.3, 638, 筑巢记
26681333, 7.4, 553, 日日100
25947743, 7.4, 551, 少女的港湾
5283571, 9.2, 101, 宛如阿修_
26614576, 7.6, 421, 知日・太宰治
26022685, 8.2, 219, 现象
26646201, 7.5, 462, 葡萄柚
10439880, 8.4, 181, 不道德教育v座
26289340, 8.4, 181, 东京人
26819925, 8.5, 165, 君の名は。
25967777, 7.2, 672, 知日・杂货
26755284, 7.6, 403, 献给折颈男的协奏曲
4117904, 6.8, 1223, 绷带俱乐部
25977518, 8.0, 259, 和谐
26628823, 6.7, 1427, 图书馆奇谈
3701687, 8.4, 176, cO向前行
3141528, 8.8, 125, 不樵O而O=最好的O
5949213, 8.0, 252, 大叔上等
3884424, 8.9, 115, 料理Da
26431631, 8.3, 186, 春天与阿修罗
26797269, 8.5, 156, 表情不错的人
26673156, 7.8, 302, 关于山本耀司的一切
6789166, 8.9, 113, 伪满洲国首都规划
4075352, 8.4, 168, 消失！
26476959, 8.2, 200, 我青春漫游的时代
26548374, 7.0, 819, 好物100
25977519, 7.7, 331, 屠杀器官
26688691, 8.3, 179, 美物抵心
26148097, 7.3, 525, 不知死，焉知生
26890264, 9.0, 102, 不畏风雨
26742634, 8.1, 212, 白昼的死角
26301626, 7.6, 358, 谢谢你
26756741, 8.3, 176, 胆小别看画 1
26674136, 7.9, 257, 京都手艺人
24866081, 8.9, 107, QY真
26848972, 8.1, 208, 这里是没有我们存在的地方
26415843, 8.7, 124, 亚洲的叛逆
26789264, 7.4, 441, 极简生活：简而美地活
26652812, 7.4, 440, 匠人精神
24708303, 7.5, 388, 横道世之介
26253700, 8.9, 105, 城塞
26585457, 8.6, 132, 海与毒药
5936372, 8.2, 185, 民艺四十年
26362040, 7.5, 382, 解密无印良品
4893079, 8.2, 184, 原研哉。Ex-formation植物：Xg想集
26850007, 8.2, 183, 一幅画开启的世界
24527645, 8.1, 200, 心的处方笺
3067460, 8.8, 110, 伊|S雄建B文x：衍生的秩序
26581565, 7.3, 471, 亿男
5245627, 8.2, 178, |京．村上春洌旅
1877890, 9.0, 94, 风姿花传
26638269, 8.7, 117, 寿司之神
26431643, 8.4, 148, 吉卜力的风
26258910, 9.2, 80, 昨夜的咖哩，明日的I包
21966358, 7.8, 253, 就在你所在的地方生根开花
26825826, 7.6, 314, 同栖生活
7916119, 8.2, 171, 手锁心中
26593188, 8.9, 97, 一日一果
26680306, 7.8, 250, 时髦鬼必须知道的东京
1122417, 8.9, 96, 日语概说
26847933, 8.2, 168, 茶书
26345929, 7.5, 344, 崭新的理所当然
26774091, 8.3, 153, 唐草物语
20506299, 7.4, 384, 中国化的日本
26757433, 7.4, 383, 来信勿拆
2003229, 8.1, 182, 禅与日本文化
10461698, 8.5, 127, |京肉肉
26613047, 7.6, 296, 时间停止的校园（上、下）
26701099, 8.3, 148, 伴月共生
26893634, 9.0, 85, 树之生命木之心
26723425, 8.3, 145, 前巷说百物语
1066538, 7.8, 231, 万叶集
25942396, 7.4, 356, 日本味道
24879729, 7.6, 279, 再见，天使
25962185, 8.0, 184, 明治维新的国度
25912807, 7.9, 200, 和服之韵
26608084, 7.5, 303, 满愿
26271992, 8.1, 164, 写真物语II：日本摄影1969―1989
2381209, 8.8, 92, 纵向社会的人际关系
10760882, 8.6, 106, 金子美铃物语
26369908, 7.4, 332, 北野武自述
26577701, 8.0, 176, 我的美的世界
26865865, 8.7, 98, 深泽直人
26304071, 8.1, 160, 京都人生
26834548, 9.3, 65, 西文排版
3022902, 9.0, 78, RE-DESIGN
20507377, 8.1, 157, 永a如新的日常O
26389380, 8.5, 112, 捕风者宫崎骏
26663098, 8.2, 143, 第二次世界大战在亚洲及太平洋的起源
3653870, 8.8, 88, M山家之味
26148067, 6.4, 1365, 知日・手账最高
26760898, 7.8, 202, 花与爱丽丝
26706772, 8.2, 139, 你知不知道我很担心你啊
7052661, 9.0, 75, 少女椿
26828738, 8.0, 163, 霹雳队长
26312905, 8.8, 85, 炮声中的电影
26180267, 7.1, 439, 我们是不是该结婚了
26433665, 7.7, 217, 古怪的身体
5906085, 7.8, 196, 穿着min?去旅行
2151785, 8.7, 91, 宫泽贤治杰作选
24879730, 6.5, 1082, 日本AV影像史
2184349, 9.1, 69, 日本开国五十年史（上下）
26671358, 8.2, 132, 周末田舍生活
26865490, 8.7, 89, 明日的便当
11534101, 9.1, 67, 星星和蒲公英
25777862, 7.9, 170, 何者
26276398, 7.1, 414, 自在的旅行
26653018, 7.5, 254, 一切终将远去
10572016, 7.3, 318, 失去的二十年
26345261, 8.8, 80, 小森食光 1
25767395, 6.9, 526, 神的拉面
25834552, 9.1, 65, 正}院考古
26762116, 7.9, 162, 疯癫老人日记
26265818, 7.4, 271, 电影食堂
26721353, 8.1, 134, 遇见怦然心动的小书店
26593509, 7.6, 216, 酒友 饭友
24381378, 8.4, 104, 森山大道，我的真全貌
26756742, 8.5, 96, 胆小别看画 2
26645313, 8.0, 144, 不正常人类研究所
25850118, 8.2, 120, 日本读书论
26826894, 8.8, 76, 我们是穷得开朗，所以不用担心
26392734, 7.4, 257, 到处存在的场所，到处不存在的我
1421479, 8.9, 70, 六十年来中国与日本
26782538, 7.0, 418, 这幅画原来要看这里
25727687, 8.2, 117, 日日之器
6817768, 9.0, 65, 日本文学史序说（上下）
19954650, 9.1, 61, 日本古店的手L旅行
26770916, 7.2, 318, 毛茸茸
26327552, 8.5, 91, 殉教
26431623, 7.6, 201, 灯之湖畔
26490949, 7.9, 149, 皇家酒店
2997015, 9.3, 53, 法隆寺
26610898, 8.4, 96, 竹久梦二画集
26127475, 7.6, 196, 住宅格局解剖图鉴
26717937, 7.6, 194, 女人的食指
26422715, 8.6, 80, 我所在的地方
25783249, 8.9, 65, o用的日子
26794518, 7.8, 154, 25岁，如何规划你的人生
1316444, 7.7, 165, 舞姬
26692203, 8.8, 67, 日本电影史
3830725, 7.5, 199, 世界M卡托投影地D的白
26662018, 7.5, 198, 甜蜜的房间
26711136, 8.5, 81, 星野道夫的北地之梦
26785388, 7.2, 273, t者之
1790553, 8.0, 119, 江羲氖八手：浮世L的色c
26662226, 8.9, 60, 不要，不要，妈妈不要！
26435482, 7.5, 187, 博物馆行星
25696534, 8.1, 106, 日本史
26281415, 7.5, 185, 早餐礼赞
26910743, 8.8, 62, 京都漫步
26928533, 8.8, 62, 日本料理神髓
6401117, 8.1, 103, 日本幽玄
26703717, 8.0, 112, 我Q定蔚纳活
26303058, 7.5, 179, 我是怎样拍电影的
25857963, 8.7, 65, 汉字百话
26291110, 8.7, 62, 日本造园心得
26879049, 8.8, 56, 和果子
26276634, 7.4, 174, o印良品的四季食谱
26201890, 8.0, 99, 第四消费时代
26628827, 7.3, 193, 宫崎骏和他的世界
26755786, 8.1, 91, 耕食生活
26874773, 8.4, 72, 黑夜的空白
6714443, 8.8, 54, 东亚乐器考
4884761, 7.9, 104, 旅行的所在
26890247, 8.6, 61, BEAMS AT HOME 2
2967922, 8.4, 70, 大东亚战争全史（全四册）
1547410, 8.2, 81, 浮世澡堂
26603648, 7.2, 194, 少即是多：北欧自由生活意见
20453500, 8.7, 54, 海海人生！！
26879048, 9.1, 42, 京料理
1794795, 7.8, 105, 跪下硖蛭业哪_
26671170, 7.1, 208, 神圣懒汉的冒险
26902280, 9.5, 33, 田野调查.被遗忘的村落
5283526, 8.6, 55, 横滨故事ヨコハマ物语
26665581, 8.6, 55, 料理全书
26860752, 8.1, 78, 妖怪
26412739, 8.2, 72, 家徽里的日本史
26843917, 8.9, 43, 和食十品
26606521, 7.3, 150, 日本第一
26802430, 8.3, 63, 诚实的手艺
26745439, 8.0, 78, 纸之月
24294868, 7.4, 132, 百合心
25779312, 8.1, 71, 插花册子
6967521, 8.7, 47, 幸福便rg
1794803, 8.0, 74, 做r的眼神
26652938, 8.4, 55, 日本陆军的轨迹（1931―1945）
26771731, 8.1, 68, 朱q
26809302, 7.7, 94, 食器之美
25737715, 8.2, 63, COMME des GAR?ONS 研究
4098006, 8.4, 52, 数学女孩
24319356, 7.7, 88, 左京都男子休日
26648683, 6.9, 198, 我所创造的怪物
26578129, 7.9, 74, 何有此生
26717185, 7.9, 74, 日本古书店的手绘旅行
26774041, 8.3, 53, 日本建筑解剖书
1227807, 7.0, 159, 离婚的条件
20556231, 7.7, 80, “日本收纳教主”近藤典子助你打造一个井井有条的家
2997011, 8.9, 35, 京都千二百年(上)
26323550, 8.8, 37, 世界建筑旅行地图：日本
26898387, 8.3, 50, 虚伪的真心话
2134697, 8.1, 57, 落
26221734, 7.6, 84, 维他命F
26898505, 9.0, 31, 奢侈的滋味
26580252, 7.6, 79, 小而美的家
26603305, 8.8, 34, 日本推理100年
2266203, 9.1, 28, 平城京奈良
26827019, 7.5, 81, 旅之良品
3070464, 8.3, 44, 日本料理神髓
11499200, 6.8, 163, 浪花少年商F
26370384, 7.7, 67, 淫夜 ～二人の花嫁～
25962759, 7.3, 94, 模仿的技术
26015657, 8.0, 52, 玻璃J
26278203, 7.5, 76, 鬼父
26711251, 8.7, 32, 新藤兼人传
26786571, 7.7, 62, 日本，隐逸的日常
26667280, 7.6, 67, 虽然没有遇到什么困难，但我就是要逃避
26315997, 8.2, 43, 茶之书
3035592, 9.0, 27, 有栖川有栖の密室大龛a
26910030, 8.5, 35, 无法言说的秘密
26720709, 7.0, 114, 恋物物语
26280776, 8.2, 41, 设计修辞法
26834528, 7.7, 57, 佐藤大:用设计解决问题
26731424, 7.5, 67, 买不到的味道
26688137, 7.4, 73, 人歌人哭大旗前
26706379, 7.8, 50, 我们生活的时代
26829778, 9.0, 23, 赤木家的食器柜
10458519, 6.6, 141, オオカミどものしつけ方
25854087, 8.2, 35, 路上^察W入T
26919685, 8.4, 31, 365日
26250111, 8.1, 36, 成濑巳喜男的电影
26854560, 8.1, 36, 巨匠的技与心
26711494, 8.4, 29, 爱欲日本
26790752, 8.3, 30, 第六大陆
26869147, 7.2, 62, 最后的大队
26844050, 8.2, 30, 器物帖
26380290, 7.3, 54, 橘さん家ノ男性事情
2033312, 8.6, 23, 当代日本人
26892231, 7.9, 34, 早安，生活2017（蓝）
26418522, 8.9, 19, 鲁迅 救亡之梦的去向
24550625, 7.3, 49, 战争时期日本精神史
26898190, 8.3, 24, 日本制造
26763480, 7.6, 35, 千年古都：京都
26856952, 8.0, 27, 简素
26913980, 8.4, 21, 阿部智幸的水彩笔记
26593673, 8.3, 22, 图说日本美术史
3002163, 7.4, 37, 寺蓉太郎一家
20512930, 7.4, 37, O致 1
26911451, 8.2, 22, 小津安二郎美食三昧
26940567, 7.4, 30, 理想之书
26929201, 8.1, 19, 聪明女人背小包
26704408, 7.9, 19, 春琴抄
26856151, 8.1, 17, 北斋漫画
26868554, 8.2, 16, 小津安二郎美食三昧・关东篇
26852419, 7.4, 25, 物语日本史
5949122, 6.6, 45, 三浦敦子写真集
26717928, 8.3, 14, 咬一口昭和回忆
25975764, 7.3, 21, 睡在豌豆上
26853355, 7.6, 17, 真相凶猛
26800340, 7.9, 13, 神风特攻队、樱花与民族主义
26857701, 7.8, 13, 北野武的伟大旅程
26874199, 7.7, 13, 恋人们的森林
26882820, 7.2, 17, 天皇与日本国命
26841204, 7.8, 11, 100の东京大人味发现
26311918, 7.9, 10, 我可不@N想
