2017-01-23 16:17:59
Tag: 日本推理
The number of books: 974 

ID, rating, votes, title
3211779, 8.9, 119485, 嫌疑人X的献身
25862578, 8.6, 170111, 解忧杂货店
3646172, 8.4, 58894, 恶意
2297697, 8.6, 23191, ZOO
5038409, 9.0, 8992, 金色梦乡
3920130, 8.6, 13676, 告白
3187737, 8.4, 18679, 占星术杀人魔法
4074636, 7.6, 65617, 放学后
3162527, 8.7, 7973, 魍魉之匣（下）
3162513, 8.5, 9942, 魍魉之匣（上）
6746289, 8.4, 11549, 新参者
3140801, 8.1, 15505, 姑获鸟之夏
4038672, 8.9, 4580, 络新妇之理（上）
4038673, 9.0, 3990, 络新妇之理（下）
4067621, 8.2, 12732, 暗黑童话
4009552, 7.6, 35144, 幻夜
1418707, 8.6, 5991, Goth.嗾剖录
3102324, 7.7, 21055, 秘密
4580972, 7.7, 20887, 流星之绊
4152754, 7.7, 20736, 时生
3715833, 8.6, 4516, 铁鼠之槛（上）
1158934, 8.5, 4938, 钟表馆幽灵
5269222, 8.5, 4713, 一朵桔梗花
3801097, 7.8, 14273, 夏天・烟火・我的尸体
3715844, 8.6, 4032, 铁鼠之槛（下）
3713327, 7.7, 16606, 圣女的救济
6249670, 8.8, 2886, 首无・作祟之物
3615048, 8.2, 6595, 异邦骑士
3615061, 7.5, 19832, 宿命
3890174, 7.7, 13503, 信
4034009, 8.3, 5034, 剪刀男
5939312, 8.2, 5740, 超・杀人事件
5395724, 8.5, 3705, 华丽人生
5380266, 8.0, 7266, 怪笑小说
4067626, 8.1, 5989, 重力小丑
4213995, 7.7, 11528, 黑笑小说
5347699, 7.8, 9468, 彷徨之刃
3785741, 8.0, 6648, 死神的精确度
4718973, 7.8, 8436, 毒笑小说
4928387, 7.5, 14429, 单恋
4898712, 8.3, 3606, 奇想・天动
6794021, 7.8, 7729, 红手指
26413027, 7.5, 12922, 虚无的十字架
3813194, 7.9, 6363, 火车
4151180, 8.0, 5426, 巷说百物语
26118072, 7.7, 8489, 祈祷落幕时
3316174, 8.0, 5119, 狂骨之梦
4753783, 7.4, 14162, 分身
4277347, 7.9, 5842, 解体诸因
6041089, 8.3, 3044, 家鸭与野鸭的投币式寄物柜
4264003, 7.4, 12384, 名侦探的守则
11498200, 8.3, 2868, 寂寞的频率
25892399, 7.9, 5115, 余生皆假期
10594781, 8.6, 1915, 模仿犯BOOK3
10580802, 8.2, 3238, 模仿犯BOOK1
5326849, 8.1, 3674, 奥杜邦的祈祷
3187750, 7.7, 6813, 斜屋犯罪
3286829, 8.0, 4138, 脑髓地狱
1156994, 8.7, 1556, 永远是孩子
6719724, 8.1, 3401, 死了七次的男人
5395155, 8.5, 1851, 涂佛之宴・宴之支度（下）
5395153, 8.4, 2095, 涂佛之宴・宴之支度（上）
3865832, 7.1, 18010, 变身
1032762, 8.0, 3608, 狱门岛
1263186, 7.9, 4187, 恶魔吹着笛子来
3683898, 7.5, 7908, 向日葵不开的夏天
1977815, 8.1, 2934, 犬神家族
10580803, 8.4, 1918, 模仿犯BOOK2
1158930, 7.7, 5176, 十角馆杀人预告
4199431, 7.8, 4319, 天帝妖狐
1263250, 7.9, 3674, 八墓村
2242467, 7.3, 9643, 湖边凶杀案
5994810, 8.5, 1539, 涂佛之宴・宴之始末（下）
1794287, 8.5, 1511, 厥籽h
3053207, 7.2, 11399, 侦探伽利略
2119536, 7.8, 3698, 砂器
2055004, 8.5, 1418, 七C人
24153181, 7.6, 5066, 从前我死去的家
5919999, 7.6, 5061, 赎罪
17724327, 7.4, 7141, 盛夏的方程式
3926665, 7.3, 8476, 伽利略的苦恼
4152750, 7.7, 4037, 杀戮之病
4152764, 7.8, 3438, 点与线
5994808, 8.3, 1667, 涂佛之宴・宴之始末（上）
1089949, 7.8, 3352, 本阵杀人事件
5416915, 7.5, 5441, 杀人之门
3025613, 8.6, 1150, 赤朽~家的髡f
26285818, 8.7, 994, 虹のnブラシ 上木らいちk散
1094487, 8.4, 1410, 人性的证明
3852439, 7.8, 3003, 反自杀俱乐部
2335749, 8.1, 1924, 点与线・零的焦点
20473093, 8.5, 1160, 大逃杀
3753043, 7.6, 3940, 北方夕鹤2/3杀人事件
5372422, 8.1, 1870, 末日的愚者
6558046, 8.1, 1836, 人间椅子
5423899, 7.9, 2416, 乌鸦的拇指
10594788, 7.6, 3694, 谁杀了她
1437683, 8.0, 1999, 黑暗馆不死传说
4191594, 7.3, 6049, 绑架游戏
1103644, 8.0, 1964, 罪恶的拍球歌
26367367, 8.6, 926, 宵待草夜情
1088672, 7.7, 3013, 女王蜂
7063845, 7.8, 2573, 失踪HOLIDAY
4152763, 8.0, 1909, 零的焦点
1980992, 8.3, 1291, 孩子
25737793, 8.5, 980, 阳光劫匪
10494248, 8.3, 1241, 阴摩罗鬼之瑕（下）
6558049, 8.1, 1599, 阴兽
26687879, 8.1, 1550, 一首小夜曲
4181156, 8.4, 1044, 双曲线的杀人案
1207339, 8.4, 1042, 青春的证明
26046043, 8.3, 1172, 人类灭绝
3787195, 7.6, 3071, 黑暗坡食人树
4882013, 8.1, 1483, 异常
10473576, 7.5, 3462, 替身
5326846, 7.7, 2494, 一首朋克救地球
20267980, 8.3, 1060, 大手笔
25713168, 8.2, 1180, 摩登时代
10485010, 8.1, 1337, 阴摩罗鬼之瑕（上）
20449829, 7.5, 3135, 我杀了他
5975566, 8.6, 732, 牺牲
4220357, 7.7, 2271, 沙漠
26760976, 8.4, 894, 怒
1387819, 8.4, 891, 青之炎
24384165, 7.6, 2559, 麒麟之翼
6902164, 7.2, 4969, 平行世界・爱情故事
2242461, 7.0, 7247, 预知梦
4187219, 7.6, 2542, 眩晕
4218911, 7.7, 2178, 理由
26314930, 8.6, 694, 杀手界・疾风号
11511204, 7.4, 3360, 悖论13
6001119, 8.0, 1379, 两分铜币
10518843, 8.0, 1326, 刺青杀人事件
22638036, 8.4, 810, 百器徒然袋 : 雨
4133164, 7.8, 1723, 盘上之敌
1158932, 7.5, 2676, 迷宫馆的诱惑
11615173, 7.2, 4422, 假面饭店
1485501, 7.6, 2261, 全部成为F
4903440, 7.1, 5165, 名侦探的诅咒
1158935, 7.5, 2543, 黑猫馆手记
25954353, 7.6, 1974, 所罗门的伪证
3681571, 7.7, 1678, 巴提斯塔的荣光
25892396, 8.0, 1102, 有翼之暗
6251398, 7.6, 1850, 螺丝人
1033364, 7.7, 1597, 恶灵岛
20381888, 8.3, 739, 坏女人
25732311, 9.0, 360, 64
3615041, 7.3, 2878, 御手洗洁的问候
1207338, 8.2, 815, 野性的证明
25737796, 8.9, 390, 库特利亚芙卡的排序
6060436, 7.7, 1519, D坂杀人事件
6985652, 8.1, 882, 山魔・嗤笑之物
3647887, 7.3, 2681, 寝台特急1/60秒障碍
4191587, 6.7, 8234, 十一字杀人
6817749, 7.4, 2263, 倒错的死角
2087398, 8.2, 765, 神ゲ`ム 神的游戏
2242381, 7.5, 1937, 雾越邸杀人事件
6556841, 7.7, 1442, 继父
25851888, 8.3, 674, 都市传说
21324173, 8.6, 479, 第三时效
5038408, 7.5, 1851, 算计
3033932, 8.0, 934, 她死去的那一晚
26327314, 8.2, 729, 胚胎奇谭
2242430, 7.6, 1571, 咚咚吊桥坠落
6889834, 7.4, 2121, 往复书简
20379212, 7.0, 4158, 不如去死
4903190, 6.9, 4881, 没有凶手的杀人夜
5436811, 8.0, 892, 幻色江户历
4231214, 7.8, 1151, 恶人
6151649, 7.6, 1509, W的悲剧
6719708, 7.9, 987, 百舌呐喊的夜晚
24383185, 8.0, 868, 冰
20503618, 8.6, 446, 褐教典 (上)
25808336, 7.6, 1466, 知日・了不起的推理
4934360, 7.4, 1938, 神的逻辑，人的魔法
26184369, 8.6, 434, 所罗门的伪证 第Ⅲ部
4262654, 7.4, 1919, 我的男人
10594783, 7.0, 3694, 沉睡的森林
7067983, 7.2, 2568, 黎明之街
4882014, 7.6, 1384, 残虐记
25732157, 8.2, 644, 玻璃之锤
25815415, 8.0, 783, 后巷说百物语
10345553, 7.0, 3425, 为了N
10549916, 7.7, 1145, 紫丁香庄园
26712094, 8.2, 613, 汽油生活
3052810, 7.3, 2027, 使命c心的O限
6151379, 7.3, 1984, 鸦
1927377, 6.6, 7170, 毕业前杀人游戏
6802423, 7.7, 1092, 哦！爸爸们
25918073, 7.9, 842, 独眼少女
4723740, 6.7, 5750, 回廊亭杀人事件
6861465, 7.7, 1085, 羔羊的盛宴
3537837, 7.6, 1240, 银座幽灵
7047148, 6.8, 4591, 同级生
1127253, 7.9, 808, 黑屋吊影
11639946, 7.6, 1194, 百鬼夜行－阴
7047217, 7.4, 1573, 倒错的轮舞
24358626, 8.0, 697, 古书堂事件手帖 01
2257133, 7.9, 774, 天才匪ID地球
1158931, 7.1, 2428, 水车馆幻影
19951341, 7.7, 987, 完美无缺的名侦探
26769999, 7.8, 865, 死神的浮力
6967992, 7.7, 982, 孤岛之鬼
19929422, 8.2, 535, 体育^の⑷
26417643, 7.4, 1490, 歪笑小说
3070843, 7.3, 1710, 龙眠
3723863, 7.2, 1976, 出云传说7/8杀人事件
10527654, 7.7, 950, 鼠男
25841848, 8.2, 516, 续巷说百物语
21347638, 7.2, 1937, 只差一个谎言
25829049, 7.8, 822, 挽歌
11498195, 7.6, 1042, 人格转移杀人事件
19959650, 9.0, 232, 密室L集家
4715390, 8.1, 553, K格m[
3178651, 7.7, 895, 黑色笔记
1864553, 7.0, 2567, 雪地C
25722935, 7.5, 1159, 魔王
4711239, 7.3, 1539, 水晶金字塔
25927233, 7.6, 999, 杀手界
20432186, 7.0, 2502, 布鲁特斯的心脏
5340645, 7.7, 869, 十六岁
1130033, 8.4, 388, 13级台阶
6903025, 7.9, 669, 恐怖分子的洋伞
3101617, 8.4, 384, 日本短篇推理小说选
5395173, 7.4, 1283, 影子
4124393, 7.1, 2042, 开膛手杰克的百年孤寂
26638267, 8.4, 375, 变调二人羽织
2370447, 7.3, 1453, 樱的圈套
3634566, 8.5, 336, 鼠之夜
24853056, 8.3, 409, 愚者的片尾
1103643, 7.9, 636, 梦游
6961052, 7.5, 1060, 光媒之花
20503620, 8.4, 366, 褐教典 (下)
26846483, 8.5, 331, 不然你搬去火星啊
6265791, 8.3, 404, 克R因
21979042, 8.0, 559, 半落
10618121, 8.1, 498, 扮鬼脸
5951352, 7.3, 1380, 御手洗洁的旋律
21690242, 8.4, 358, 拿破仑狂
5401957, 7.7, 782, 沉睡在森林里的鱼
6249667, 7.5, 1020, 厌魅・附体之物
4286244, 6.4, 7129, 濒死之眼
20507419, 7.0, 2127, 东野圭吾的最后致意
11639553, 7.7, 758, 代号D机关Ⅰ
26797395, 8.1, 472, 夏日启示录
24853063, 8.4, 341, 古书堂事件手帖 02
10594728, 7.2, 1508, 推理要在放学后
10567859, 7.6, 845, 幸福之书
5326850, 6.7, 3575, 白马山庄杀人事件
1018192, 7.5, 959, 医院坡血案
1821566, 7.6, 833, 名琅庄
6434440, 7.4, 1094, 寻狗事务所
11533530, 8.0, 498, 十一张牌
5938073, 7.4, 1051, 活尸之死
3996700, 7.9, 550, 放学后的侦探队
20468729, 8.1, 434, 革命者
26184367, 8.0, 482, 所罗门的伪证 第Ⅱ部
1119051, 7.8, 600, 越界(上下)/日本最新获奖推理小说
20449827, 7.4, 1010, 再见，黑鸟
25808629, 8.4, 311, 绕远路的雏人偶
5380419, 7.4, 994, 匣中失乐
2058096, 7.9, 522, 吸血之家
26297985, 6.8, 2534, 梦幻花
7916085, 7.7, 651, 泪流不止（上、下）
26184241, 7.7, 651, 鄣某扇耸
6901136, 6.9, 2103, 夜行观览车
7056767, 7.4, 947, 御手洗洁的舞蹈
25726109, 7.7, 634, 不夜城
5395176, 7.5, 819, 追想五断章
1820014, 8.3, 323, 夺取
10515231, 7.4, 926, 献给虚无的供物
6889894, 7.9, 489, 鹭与雪
25734194, 8.3, 318, 古书堂事件手帖 03
24538716, 8.6, 239, 幻影城主
3926674, 7.1, 1421, 被诅咒的木乃伊
4881997, 7.7, 604, 坏人们
5441089, 8.5, 256, 垂直极限（上）
6510996, 8.1, 375, 震度0
5326884, 7.2, 1162, 独眼猴
10546184, 7.2, 1158, 夏与冬的奏鸣曲
6903029, 8.4, 275, 邂逅之森
26672742, 8.8, 192, ^の⑷
1431704, 7.5, 753, 爱的病理
10802805, 7.7, 579, 冤罪者
5442028, 8.8, 190, 垂直极限（下）
5939295, 6.7, 2606, 鸟人计划
2025723, 8.7, 204, 超越极限
3203159, 7.4, 834, 他人事
1890955, 7.6, 640, 高层的死角
10537626, 7.2, 1109, 倒错的归结
6042376, 7.9, 444, 哀悼人
4106403, 7.6, 634, 羔羊的}Q夜
1263550, 7.2, 1089, 第十三种人格的恐怖
25813874, 8.4, 260, 古书堂事件手帖 04
25836027, 7.6, 616, 献给死者的音乐
6429267, 6.6, 2935, 美丽的凶器
6966299, 8.0, 382, 向日葵的祭典
10740043, 7.3, 909, 白光
1817370, 8.1, 341, 天使的呢喃
6723021, 6.9, 1647, 推理要在晚餐後
5326847, 7.3, 887, 龙卧亭杀人事件（上）
4126839, 7.0, 1380, 灰之迷宫
25779594, 7.2, 994, 魔球
4903189, 6.5, 3307, 怪人们
22606953, 7.5, 650, 雾之旗
1940811, 8.0, 359, o]的T扉
5326848, 7.3, 840, 龙卧亭杀人事件（下）
3231137, 8.3, 262, 溶於F中
6019121, 7.9, 395, 真相
4212247, 7.3, 831, 青玉狮子香炉
4887596, 7.5, 635, 下妻物语
11621649, 7.2, 955, 无止境的杀人
10746421, 7.4, 716, 能面杀人事件
6151652, 7.7, 490, 天使在消失
11607283, 7.1, 1095, 萤
1391584, 7.6, 547, 孤独的歌声
20299643, 7.9, 383, 乐园
3795856, 6.9, 1467, 消失的“水晶特快”
25756926, 7.1, 1054, 禁忌魔术
4191724, 7.5, 603, 玉岭的叹息
25897664, 8.2, 274, 今昔续百鬼：云
6712851, 7.0, 1219, 只有猫知道
3885914, 8.5, 206, 恶意
3744289, 7.6, 521, 人的^
6025528, 7.4, 665, 再见了，德彪西
5347701, 7.0, 1184, 魔术的耳语
10467108, 7.2, 865, 蜘蛛男
4753522, 7.6, 507, 尸体长发之谜
10759723, 8.1, 289, 箱庭D^
4824566, 9.5, 93, Caged
11639557, 7.6, 502, 代号D机关Ⅱ
25754002, 7.0, 1145, 虚像小丑
1158933, 6.6, 2257, 偶人馆之谜
26283162, 7.1, 973, 单挑
6848987, 7.5, 561, 一个背叛日本的日本人
4821212, 6.9, 1315, 所罗门之犬
10563941, 7.0, 1120, 请勿在此丢弃尸体
5607827, 7.5, 555, 夏光
25885612, 7.9, 346, 两人距离的概算
2027672, 7.4, 624, 东京空港杀人案
4893053, 7.2, 812, 诗般的杀意
25985359, 8.6, 174, 古书堂事件手帖 05
26723427, 8.3, 227, 西巷说百物语
26534879, 7.7, 419, 夜之国的库帕
6249669, 7.2, 786, 凶鸟・忌讳之物
26435488, 7.9, 331, 邪魅之~（下）
3926245, 6.8, 1443, 展望塔上的杀人
2373289, 8.6, 168, _O
3865852, 6.7, 1699, Y之构造
5290397, 6.4, 3008, 布谷鸟的蛋是谁的
1894966, 7.8, 362, 动机
6556835, 6.9, 1204, 少女
26435483, 7.8, 358, 邪魅之~（上）
26534897, 8.6, 165, 百器徒然袋――风
5395167, 7.5, 506, 龙卧亭幻想・下
4882015, 7.1, 865, 杀心
4893052, 7.1, 857, 不会笑的数学家
3838030, 7.7, 393, 夏季限定水果}代事件
19928954, 7.5, 499, 喜鹊的四季
5315019, 8.4, 193, 大T拐
19964966, 6.7, 1618, 侦探俱乐部
6985661, 7.3, 642, 失控的玩具
10549915, 7.5, 495, 黑色皮箱
11521606, 7.6, 435, 婚纱
1872224, 7.7, 382, 天使之刃
10799276, 7.8, 340, 临场
10794338, 7.1, 823, 脑男
2146316, 8.2, 224, 夜的声
6903028, 7.6, 423, 杀手餐厅
6386708, 7.7, 376, 鬼的足音
4191462, 7.8, 336, 阿文的魂魄
24846465, 7.9, 299, 水族^の⑷
19954848, 7.3, 605, 十万分之一的偶然
10565084, 7.4, 530, 双头恶魔（上、下）
4781305, 7.2, 689, “断头台城”杀人事件
3877063, 7.3, 593, 不m合少女的I
26755284, 7.6, 403, 献给折颈男的协奏曲
25977518, 8.0, 259, 和谐
6861478, 7.3, 582, 龙神之雨
6736444, 7.7, 355, 最后时光
6892576, 7.3, 576, 逃亡者
7015545, 7.0, 876, 花之链
1370163, 8.2, 210, 嗤笑伊右lT
10755064, 7.8, 314, 城市之光
20559358, 7.0, 870, 啤酒之家的冒险
3841014, 8.2, 209, 秋期限定栗きんとん事件 下
4703925, 7.8, 309, 洗钱
10594327, 8.5, 158, 孤宿之人（下）
10763925, 7.9, 277, 恐怖的人狼城・第四部：完结篇
4206214, 8.2, 205, 垡焕傻睦仟N
6019120, 7.6, 383, 看守眼
23780663, 7.4, 487, 假面山f⑷耸录
24357706, 7.4, 481, 杀意
25786883, 7.7, 336, 追捕
4075352, 8.4, 168, 消失！
3189689, 7.5, 418, 摩天堑墓秩
11615543, 7.5, 415, 完全恋爱
5349518, 7.6, 368, 恋爱曲线
26703641, 7.0, 808, 假面前夜
3052805, 7.5, 409, 空中wR
26742634, 8.1, 212, 白昼的死角
20488769, 7.5, 401, 人面疮
4766952, 6.9, 907, 东京岛
6903030, 7.6, 352, 思念
1277091, 7.5, 392, 魔镜
5395819, 7.4, 435, 兽之道
24840351, 7.3, 492, 时间的习俗
25816899, 7.1, 644, 怪胎
2054816, 8.4, 154, 江舸y步茏鬟x
24696262, 7.5, 380, 无名之毒
25892391, 7.5, 375, 今夜不宜犯罪
4282068, 7.5, 369, 卡迪斯红星・第一部
4282077, 7.7, 292, 卡迪斯红星-第二部
21693092, 7.5, 366, 隐花平原
5038410, 6.8, 956, 俄罗斯幽灵军舰之谜
25854936, 7.2, 531, 完全犯罪需要几只猫
21692858, 7.0, 694, 沉默的教室
2878262, 7.4, 405, 求生oT
5395168, 7.2, 521, 龙卧亭幻想・上
11620651, 7.2, 520, 蜜
25713184, 7.7, 285, 交错的场景
11612561, 7.9, 230, 死者的留言
6522858, 7.1, 589, 蒸发
6967993, 7.2, 513, 帕诺拉马岛奇谈
5394606, 7.1, 585, 封印再度
3996668, 6.9, 781, 两人变成两只
3390177, 7.5, 349, 日本推理名作选・梦野久作（卷一）
25814402, 7.0, 667, 王者
5377714, 7.2, 504, 守护天使
6006584, 7.4, 389, 我的日常推理
26284402, 7.0, 660, 奇面馆事件
6060381, 9.2, 78, メルカトルかくZりき
26757433, 7.4, 384, 来信勿拆
1275343, 7.6, 299, 虚线的恶意
6019124, 7.6, 298, 穷追不舍
24723002, 7.0, 636, 贵族侦探
26613047, 7.6, 296, 时间停止的校园（上、下）
6424024, 7.1, 547, 失踪者
4836926, 6.8, 849, 推理小说
10591693, 7.4, 370, 苍白的轨迹
6015716, 6.9, 721, 兔子强尼
11597307, 7.8, 235, 玻璃天
26723425, 8.3, 145, 前巷说百物语
1817261, 7.5, 316, クリムゾンの迷m
4191759, 7.6, 281, 春天雪融时
24879729, 7.6, 279, 再见，天使
24384167, 7.5, 310, 球体之蛇
10594782, 7.1, 508, 邻人的犯罪
6314045, 6.2, 2291, 以眨眼干杯
5293928, 8.7, 101, 六之m公主
6844009, 7.8, 220, 蓝色圈套
19972249, 7.7, 244, 江舸y步人^ 01
5387468, 7.2, 437, 世界怪奇实话（上）
26608084, 7.5, 303, 满愿
6844007, 7.5, 302, 黑色回廊
2301604, 8.4, 126, 日本推理小说选
24859818, 7.2, 433, 诅咒之家
4912703, 8.5, 115, 怪
4246535, 7.5, 297, 蝴蝶合战
4836925, 7.1, 487, 不公平的月
10594326, 8.1, 160, 孤宿之人（上）
24696300, 7.3, 369, 地下街的雨
6984836, 7.4, 326, 同屋
19928994, 7.3, 366, 欺诈师与空气男
4836935, 6.8, 726, 冰冷密室与博士们
10578493, 7.4, 324, 憎恶的化石
10522821, 7.0, 538, 推理要在晚餐後2
24532237, 7.7, 228, 死亡螺旋
1481928, 7.5, 283, 永劫回w
6952335, 7.3, 357, 骸之爪
26232714, 7.8, 204, 偷窥者小平次
11533540, 7.6, 250, 影子的控诉
11504987, 7.1, 451, 天使的伤痕
10491582, 7.3, 347, 恐怖的人狼城 第一部・德国篇
1103645, 6.8, 682, 幽灵男
3920059, 8.3, 126, 秋花
26828738, 8.0, 163, 霹雳队长
19949179, 7.3, 341, 怪
26920165, 7.1, 439, 拉普拉斯的魔女
4246531, 6.6, 912, “钟城”杀人事件
25858573, 7.7, 215, 镇魂歌
26692195, 7.6, 237, 物语终焉
6435773, 6.8, 653, 异位
6892578, 7.2, 375, 草莓之夜
25897079, 7.3, 330, 水魑・沉没之物
1869823, 7.7, 209, 三色推理
26422109, 7.3, 326, 人偶为何被杀
1950643, 7.8, 188, 本所深川怪髡f
25900789, 7.3, 324, 上锁的房间
6966739, 7.2, 366, 歪斜的复印
11612777, 7.6, 229, 微笑的尸体
10483270, 7.9, 168, 阿里阿德涅的子弹
4246534, 6.7, 725, “琉璃城”杀人事件
24873019, 7.3, 317, 肃清之门
1992457, 7.5, 251, 破戒裁判
24847111, 7.4, 280, 鬼
24845435, 7.5, 250, D之复合
10535905, 7.2, 355, 一的悲剧
20471652, 7.4, 279, 小暮写真馆
21956109, 7.4, 277, 有人不见了
20266047, 8.1, 137, 乱反射
26136927, 7.4, 276, 今日诸事大吉
26264953, 6.8, 601, 天空之蜂
3359281, 8.1, 136, 夜s
2027691, 7.6, 220, 终点站杀人案
1147413, 7.2, 345, 恐怖的夏夜
1783343, 7.7, 196, 有限c微小的I包（上册）
3617705, 6.9, 508, 春季限定草莓塔事件
19928953, 6.9, 508, 春，夏，然后是冬
11533541, 7.8, 176, 赤的组曲
25918962, 8.1, 133, 榱速子
1043016, 7.3, 298, 女人阶梯
3591762, 8.2, 121, 深t
6026290, 7.0, 431, 死亡幻术的门徒
10801045, 7.0, 429, 魔术师
5355711, 8.5, 94, 折れたo骨
11533538, 7.3, 291, 危险的童话
3293600, 6.1, 1880, 黑死馆杀人事件
10527656, 7.3, 285, 恐怖的人狼城 第二部・法国篇
1829667, 7.9, 152, 蒲生邸事件
10746368, 7.7, 184, 天狼星之路
5326348, 8.2, 116, 四季 秋
23010385, 6.2, 1511, 空中杀人现场
2255401, 7.3, 281, 99%诱拐
5288501, 6.5, 865, 羽衣传说的记忆
26383131, 8.2, 115, 古书堂事件手帖 06
10446308, 6.8, 539, 孤岛之谜
1947607, 7.5, 220, 隔墙有眼
11533532, 7.1, 350, 密室・自闭之物
7153418, 7.0, 398, 富士山禁恋
3841002, 7.5, 218, 秋期限定栗きんとん事件 上
6125408, 7.5, 216, 女孩
6797402, 7.6, 194, 花隈街的迷途
26136929, 7.2, 302, 没有钥匙的梦
1034416, 6.7, 591, 二重身宫
26253242, 6.7, 590, 杀意集结之夜
2974209, 7.9, 142, 天才匪面面俱I
3584147, 7.5, 209, 日本推理名作选・小栗虫太郎卷
25976713, 7.4, 233, 蓝宝石
2025724, 7.5, 208, 阴暗的季节
10760350, 6.6, 670, 怪盗二十面相
11533531, 7.2, 291, 第十三位名侦探
4047721, 7.5, 207, 鬼火之家
3996670, 7.0, 371, 怪盗格里芬
4780334, 6.4, 917, 深夜鸣响的一千只铃
4074687, 6.8, 485, 火车站深处的深处
6061479, 8.4, 90, 垡焕傻奶油
26383897, 7.2, 283, 依存
11533542, 7.6, 181, 针的诱惑
3121778, 9.0, 59, メルカトルと美袋のための⑷
26325343, 7.3, 250, 代号D机关Ⅲ
3830725, 7.5, 199, 世界M卡托投影地D的白
1481934, 7.2, 278, 夏的}u品
6249673, 6.7, 541, 模拟密室
4845480, 7.4, 220, 妖狐传
25805272, 8.4, 88, 密室推理杰作选――日本卷2
20275734, 6.8, 464, 再也不绑架了
5380449, 7.6, 177, 死了三次的喝
26277997, 7.7, 159, 岛和我们
26733609, 8.4, 87, 出版禁止
26390248, 6.8, 458, 酷酷的代课老师
4038572, 6.2, 1235, 乱鸦之岛
11503107, 6.7, 521, 魔神的游戏
6903026, 7.4, 213, 十八之夏
4745419, 7.5, 191, 紫鲤鱼
1939144, 7.2, 263, 莫札特不唱u@曲
5288321, 7.4, 209, 小笛事件
25897073, 6.9, 382, UFO大道
26840135, 8.4, 84, 死亡邮递
25892386, 7.1, 291, P的密室
11533528, 6.9, 375, 湖底的祭典
10454467, 7.6, 166, 东京散步
5387469, 7.4, 204, 世界怪奇实话（中）
4626206, 7.5, 182, 雷兽与蛇
3610120, 6.8, 423, 不连续杀人事件
24358660, 7.1, 284, 万能鉴定士Q的事件簿 01
25951036, 6.8, 421, 星笼之海
3837958, 7.5, 180, OZ的迷m
6797407, 6.8, 419, 新宿鲛
6438551, 8.5, 75, 朝F
19949177, 7.0, 315, 黑祠之岛
25919835, 7.5, 177, 尊严
7060213, 7.2, 246, 急电：北方四岛的呼叫
26356943, 7.3, 219, 猿丸幻视行
10618123, 7.5, 176, 信长之棺
11533543, 7.5, 174, 盲目的乌鸦
3616594, 8.8, 60, アルファベット?パズラ`ズ (ミステリ?フロンティア)
1794129, 7.0, 307, R龛F道之i
25923416, 7.0, 307, 密室的钥匙借给你
6889873, 7.0, 306, 背之眼
1781077, 6.9, 348, 眼球特e料理
2041034, 7.4, 191, 长安日记
26616958, 7.9, 117, 樱花秘密基地
6844008, 7.3, 212, 白色魔术师
6731187, 6.4, 729, 月光游戏
4725222, 6.3, 867, 地狱奇术师
3130288, 8.0, 107, 红`公^
1950934, 7.6, 154, 最初物Z
4246532, 6.2, 1027, “爱丽丝・镜城”杀人事件
6844352, 7.0, 295, 幻之翼
1858378, 7.6, 151, 三月的t色深Y
11534102, 7.3, 206, 清晨，如故
25805270, 8.1, 96, 密室推理杰作选――日本卷1
25782707, 7.2, 230, 死之枝
5288591, 8.1, 95, 垡焕傻幕y
25875825, 6.8, 376, 齐天大圣
4772304, 6.7, 432, 肢解尸体之谜
1770048, 7.3, 202, 太阳黑点
2206575, 7.4, 181, 瑞士手l之i
6920281, 6.9, 326, 命运的模型
4891189, 7.5, 162, プラチナデ`タ
22774900, 7.5, 162, 使者
1334718, 6.8, 370, e告V左手
6902965, 6.6, 489, 朋克刑警的冒犯
4780339, 6.2, 942, 字谜杀人事件
24737035, 6.6, 480, 七口棺材
3154633, 6.9, 315, 再，妖精
5288323, 7.6, 142, 白蝶怪
1922654, 6.5, 554, 阿基米德借刀⑷
26874773, 8.4, 72, 黑夜的空白
4106408, 7.9, 106, tG黑白
6249671, 6.7, 397, 堪忍箱
26411416, 7.4, 168, 强蚁
25772948, 7.8, 114, 手掌上的黑暗
11621647, 6.7, 391, 谁?
4168620, 6.9, 298, 三个人的双胞胎
25748799, 7.0, 259, Level 7
25841847, 5.7, 2450, 疾风回旋曲
24859813, 6.8, 332, 以“我”为名的变奏曲
5367293, 7.4, 163, 黑色记事本
25897071, 6.9, 287, 最后的一球
6048827, 6.7, 375, 唯一正确的时钟
10529959, 8.8, 52, 日本四大推理奇书（套装共4册）
25717661, 7.3, 178, 写乐・闭锁之国的幻影
24847108, 8.2, 78, 加贺探案集
4821061, 6.6, 427, 天使之耳
4047710, 8.1, 84, 秘密
5988626, 7.0, 247, 不安的童话
3783143, 7.3, 175, 日本推理名作选・梦野久作（卷二）
3830422, 5.9, 1450, 死亡概率2/2
10535918, 7.0, 244, 二的悲剧
24283495, 6.3, 671, 虚言少年
6758145, 7.1, 216, 敬告犯人
4711254, 6.1, 959, 灵魂离体杀人事件
25927870, 6.8, 310, 不完整的密室
3278380, 8.6, 57, i・商健ね评恚喝毡就评碜骷遗c作品
1756736, 7.2, 189, JOKERfs商缴裨-
24538694, 6.4, 552, 夏天
25770230, 7.8, 104, 剖_您是我的s幸
26129697, 7.2, 188, 讨厌的小说
4855923, 8.2, 75, 琅邪の鬼
6851290, 7.3, 168, 灵魂之匣
26165829, 7.1, 208, 蝴蝶杀人事件
1348517, 7.4, 150, C捕史奈克
2372484, 6.8, 301, 勒之掌
3650146, 7.8, 102, 不完全犯罪
1920810, 7.3, 165, @一夜，l能安睡
3267794, 7.7, 111, 神[的雷季
1753755, 7.0, 230, 黑的三角
6849770, 7.1, 204, 少年z官
6516560, 7.5, 133, 伊底帕斯症候群
6844006, 7.2, 181, 红色诱惑
26299925, 6.8, 293, 动机之后
1898144, 6.8, 290, 去人^吧
19928955, 6.6, 381, 少年侦探团
25883043, 6.9, 252, 向密室开枪！
24877401, 7.5, 128, 冻花
1364418, 7.1, 193, 瑞典^之i
20516787, 6.7, 316, 推理要在晚餐後3
5387470, 7.2, 171, 世界怪奇实话（下）
6527139, 6.4, 490, 光之鹤
4266725, 7.0, 214, 四季 春
1794843, 9.0, 41, 永h的仔(下)
26715310, 7.6, 112, lもWを裁けない
5367368, 6.2, 663, 飞鸟的玻璃鞋
3204346, 8.0, 78, 富豪刑事
24695292, 7.3, 147, 荫桔梗
6797408, 7.2, 163, 花叶死亡之日
2030565, 7.6, 109, 少年u崎不思h事件簿
24294868, 7.4, 132, 百合心
3666873, 7.1, 179, 日本推理名作选・黑岩泪香、小酒井不木卷
4715387, 7.4, 130, 四季 夏
3133802, 7.8, 90, 糊Tx 上
3359253, 8.5, 53, @（上）
10544765, 7.3, 141, 毒猿
3292919, 8.5, 52, i 3
26771720, 8.2, 64, 迷宫馆事件
6001276, 6.3, 508, 火刑都市
2301586, 9.1, 36, 食人魔窟．日本关东军细菌战部队的恐怖内幕
4891525, 6.6, 319, Jの神
3133804, 7.8, 86, 糊Tx 下
10468785, 6.7, 275, 朋克刑警的狂想
26279690, 7.0, 189, 母性
25790817, 7.4, 123, 太坐落之
2370475, 6.0, 814, 红楼梦杀人事件
21349005, 7.2, 147, 所_T的巫CⅠ：事件
6989180, 6.1, 675, 月与蟹
19964356, 6.2, 565, 倒错的物体
20257030, 6.3, 476, 透明人的小屋
6999115, 6.4, 402, 黄昏杀人耳语
20513018, 7.0, 180, 错身而过的街道
6854474, 6.1, 651, 搜索杀人来电
11632510, 7.0, 176, 冥
3982505, 7.4, 115, 日本推理名作选・梦野久作（卷三）
6012776, 7.0, 173, 天才的价值
4067792, 6.9, 194, 暗杀丰臣秀吉
10518846, 6.3, 442, 绯色杀人耳语
3210605, 7.4, 112, 七q小孩
24749065, 6.9, 190, 首
1232638, 7.5, 101, 千里眼
4106371, 7.2, 135, ]有出口的房g
20514816, 6.4, 367, 蛙镜男怪谈
10805627, 8.0, 65, t色密室
24720957, 5.7, 1292, 雪国之劫
21692857, 6.5, 307, 黑蜥蜴
10618187, 6.7, 232, 忌馆
26302565, 8.7, 40, 百年法(上)
11533539, 6.9, 180, 天狗面具
1227807, 7.0, 159, 离婚的条件
4074960, 7.2, 128, 明治开化安吾捕物帖（下）
25717631, 6.5, 298, 不爱学习的校园侦探
10763927, 6.6, 254, 恐怖的人狼城・第三部：侦探篇
24538698, 6.9, 173, 无可救药的青春
3608270, 6.7, 221, 明治开化安吾捕物帖（上）
25858574, 7.2, 123, 漫溢之爱
25978762, 6.7, 218, 望乡
4074689, 6.7, 216, 怪盗罗宾之古埃及档案
25715214, 7.6, 83, |京下町古店.VOL.1
26430273, 7.5, 89, 画布下的乐园
26022100, 7.3, 107, 长恨歌
25772952, 7.4, 97, 离别的火焰
26302569, 8.9, 33, 百年法(下)
4725223, 6.0, 591, 恶魔迷宫
4191761, 6.4, 305, 完全犯罪
24861172, 6.4, 304, 三首塔
26277996, 6.8, 178, 八七
21336077, 6.8, 176, 长颈龙的完美一天
26603305, 8.8, 34, 日本推理100年
6433713, 6.5, 257, 图书馆之海
11604616, 6.9, 155, 愚人之毒
10759724, 6.6, 223, 幽
6540695, 6.3, 333, 祸家
25908530, 6.1, 456, 替身S
26603307, 9.1, 28, 日本侦探作家论
25785294, 7.0, 132, 桃色东京塔
25825155, 6.8, 165, W生街⑷
5043370, 8.2, 47, 黑色天Z
11499200, 6.8, 163, 浪花少年商F
1523720, 8.2, 46, 柔嫩的a
10802768, 6.8, 160, 孔雀祭
26876999, 7.3, 94, 爱的告别式
3996727, 6.3, 308, 魔女消失的房间
11531715, 6.3, 308, 王妃的遇难船
5288324, 6.3, 307, 犯罪十二宫Ⅰ
1939527, 7.9, 56, 黑c褐的幻想
26015657, 8.0, 52, 玻璃J
25764186, 7.7, 65, 阴兽
4826681, 6.6, 199, 球形季节
25918067, 6.3, 300, 恶魔岛幻想
24538713, 6.6, 197, 女王国之城
2030568, 7.2, 100, 完美的{
26696676, 7.7, 64, 鹕辖袢兆拥渫
10594324, 6.5, 221, 凶宅
25799933, 5.8, 681, 闺密
26854754, 7.5, 74, 佩特罗夫事件
5063561, 8.6, 34, 利休之死
10518845, 6.1, 389, 暗黑杀人耳语
4202548, 7.7, 62, ボトルネック
1364312, 6.8, 147, 俄_斯t茶之i
26337148, 7.5, 73, 和子的杏
3035592, 9.0, 27, 有栖川有栖の密室大龛a
25842587, 7.6, 66, Lヶ丘五十矣窦坤辘沃i
26910030, 8.5, 35, 无法言说的秘密
26834937, 8.6, 33, 名侦探柯南88
2126760, 8.2, 42, LAST 最後的…
4282164, 8.3, 39, 叫びと祈り
24737040, 6.5, 202, 天国的子弹
10594330, 6.5, 200, 抱着黄金飞翔
26892808, 8.1, 44, 诱饵搜查官 1 ・ 触觉
24316426, 7.1, 100, 绯色的记忆
26673854, 7.5, 69, 陨落的星星
25922662, 6.7, 154, 十字屋的小丑
19949181, 7.0, 110, 奇术侦探曾我佳城・秘之卷
24858358, 6.6, 174, 核与蟹
26288966, 7.8, 54, ⑷斯硖僮拥男n
26676112, 7.7, 58, 晓英・赝说・鹿鸣馆
26616264, 6.9, 121, 告别世界的最佳方式
2296693, 7.3, 81, 阿正家
25905326, 7.1, 98, 白雪公主⑷耸录
24851694, 7.0, 107, 如果九月可以永存
25892730, 7.5, 67, 普叩牡
5349519, 6.5, 187, 仙人掌之花
3727160, 7.2, 85, 密室犯罪W教程
24744372, 6.1, 329, 异邦人
25912375, 7.8, 51, 渴望
6440404, 6.7, 142, 蚀罪
26220777, 7.7, 54, 落牙_
1779972, 7.4, 68, 米返那舴
1918475, 7.1, 89, 我⒘四少女
25830621, 6.7, 135, 杀人鬼
11577425, 6.5, 172, 日本杀人事件
20497539, 6.8, 117, 写乐杀人事件
25867963, 6.7, 130, 恶魔的圣诞节
10794339, 6.2, 249, 朋克刑警的骄傲
2301455, 8.1, 38, 分水岭
26580031, 6.4, 185, 旧怪谈
20444987, 6.9, 102, 起飞：柏林的指令
11533535, 6.4, 184, 赫眼
2146304, 8.6, 28, 最
19949180, 6.9, 101, 奇术侦探曾我佳城・戏之卷
10537623, 6.0, 329, 六月六日诞生的天使
24852484, 8.2, 35, 百蛇堂
3987297, 7.1, 81, 利比_寓言
4743023, 7.9, 42, 樱花乡神秘复仇事件
26669236, 6.9, 98, 逃出地球的猫
26816962, 7.6, 52, D坂杀人案
25784302, 5.5, 818, 惊吓馆事件
5989869, 6.1, 266, 魔术王事件（第一部）
5043452, 6.7, 119, 人外魔境
24316424, 7.0, 86, 物狂
26771723, 7.2, 71, 水车馆事件
10439794, 9.3, 19, w上天空的胎
10739303, 6.5, 149, 迪斯科侦探星期三（上、下）
24859046, 7.4, 59, 好想s快成槊商
1090876, 8.0, 37, “女王”行动
2265693, 6.7, 113, R.P.G.
5383722, 6.9, 91, 草祭
6785995, 5.6, 602, 梦回都灵
5995736, 8.5, 27, 私たちが星座を盗んだ理由
5410404, 9.2, 19, 作者不（下）
1900613, 7.4, 56, 沉向海的果
26262612, 8.0, 36, 教
25909416, 7.3, 59, 冻结的香气
25659917, 7.4, 54, ダンガンロンパF切１
5395170, 5.8, 372, 绝望的废墟
3557728, 8.8, 22, 浮文I 4 side-A
22606943, 6.8, 92, 加大拉的神迹（全二册）
4743017, 7.8, 39, 学园节神秘咒语事件
26265813, 6.8, 91, 与黑夜嬉戏的孩子们（上、下）
7047219, 6.4, 144, 白夜之城
25813595, 6.4, 142, 咖啡馆推理事件簿
6386707, 8.3, 28, R克斯之山
25726110, 6.1, 212, 犬坊里美的冒险
10548806, 5.6, 502, 最后记忆
20270803, 6.4, 136, 深水长眠
4047654, 8.6, 23, 重生
5402464, 8.0, 32, 图绘
26755381, 7.5, 45, \埯z
6006517, 8.4, 25, 眠りの牢z
5957614, 6.6, 102, 制服搜查
25816889, 5.5, 546, 杀人鬼 觉醒篇
24876486, 7.9, 33, GOTH番外篇
25837534, 6.9, 73, 咖啡馆推理事件簿 2
26585092, 8.6, 22, 赤い博物^
6782213, 5.8, 299, 雪盲
6963479, 7.5, 43, {色密室
26702564, 7.9, 32, 小邦人
5387461, 6.5, 107, 地底兽国
25928666, 7.1, 56, 贞子的救赎
25714107, 7.8, 32, 袖套商
10453427, 8.6, 20, マツリカ?マジョルカ
1476710, 6.4, 108, Σ黄穑
5288322, 6.0, 182, 抱茗荷之说
26279025, 7.7, 33, 北斋事件
26634706, 7.7, 33, 天久央的推理病v表
25713155, 5.5, 428, 侦探一上来就死了
26281060, 6.8, 68, c巧克力
5367295, 6.3, 118, 魔都
25784039, 7.0, 56, 新宿鲛4：无间人形
26357733, 7.7, 32, ⑷斯硖僮拥恼
26683132, 7.3, 42, 二钱铜币
6853466, 8.1, 24, 东野圭吾精选集
26653977, 6.6, 76, 高校入试
20057030, 6.4, 91, 再了，忍老
1357452, 6.3, 102, 巴西蝴蝶之i
3032378, 7.1, 45, 皴Φ男
10491585, 6.4, 88, 冻土密约
3905416, 7.3, 38, 漂流街
26278016, 6.5, 77, 独静加
25934736, 7.6, 30, ○○○○○○○○⑷耸录
20003425, 7.2, 40, 浅草有色不良少年团
10748163, 6.8, 56, 日本最好的推理小说
20559357, 6.8, 56, 假想者的仪式
20381042, 6.6, 68, 千代子
10545712, 5.7, 211, 月之恋人
24695288, 6.9, 49, 邪魔（上）
24521849, 7.2, 38, 蛇棺葬
26308260, 6.4, 80, 摩洛哥水晶之谜
5367292, 6.2, 101, 十字街
25844029, 8.0, 22, 生n的心
26421651, 7.7, 26, 颚十郎捕物帐(上册)
26362244, 8.2, 19, Bm⑷斯砬嗤苣
26711275, 7.3, 33, Q伺之眼
20507571, 8.4, 17, [蔽搜查
11442783, 6.2, 90, 夜想
26320486, 7.9, 21, 偶然到的
26416966, 7.6, 25, 广重事件
26644404, 6.9, 41, 人~の眠る家
26261236, 6.1, 93, 双胞胎在私语
25859803, 5.3, 332, 妄想代理
5312882, 8.0, 19, \と
26421650, 8.1, 18, 颚十郎捕物帐（下册）
26821432, 7.4, 27, 拂c之雨
10729686, 5.5, 208, 废园杀人事件
6516556, 7.4, 26, 死亡的L景
5410402, 8.0, 18, 作者不（上）
3033026, 7.8, 20, 白色的像
5402014, 6.2, 73, 日本精彩推理小说选2
4706425, 8.1, 17, 十三回忌
24697784, 6.0, 92, 魔法使粢完全犯罪?
5470011, 5.0, 555, 日本灭绝计划
26755285, 6.1, 80, 进进堂，世界一周
26445296, 7.5, 23, H罪奏Q曲
25868713, 7.0, 30, 七人捉迷藏
26599493, 6.2, 61, 骷髅方丈
3722735, 7.0, 28, (改版)
25757299, 6.5, 42, 桑幸一副教授的r尚生活
25816896, 5.0, 395, 杀人鬼 逆袭篇
26824351, 7.2, 24, 分裂者
25982653, 8.0, 15, 野F之城
26286209, 7.3, 22, 少女魔术师
11584030, 6.8, 31, 转世
26754332, 7.7, 17, 踏影而行
25975764, 7.3, 21, 睡在豌豆上
26705484, 7.2, 22, 鼻
4115132, 8.0, 14, 七つの海を照らす星
20423816, 6.8, 28, 人g游@
11629310, 8.0, 13, 别姬小姐系列
5312884, 7.7, 15, 夜想曲
26845668, 6.9, 24, 最后的计谋
11529485, 5.5, 105, 续・日本杀人事件
25958042, 6.6, 30, 2：KY於2
26100137, 7.3, 18, 暗黑女子
26769725, 6.8, 25, 流
25958041, 6.5, 31, 2：0_始
26416968, 6.7, 26, 歌O杀赝事件
5254288, 8.0, 12, アルバトロスは羽ばたかない
26769629, 7.2, 18, 鹕辖袢兆拥耐扑]文
26414496, 7.5, 15, 王とサ`カス
26653123, 7.5, 15, 追夜想曲
26582222, 5.5, 91, 帝都卫星轨道
6973963, 5.6, 78, 岛田庄司的神秘教室
3634074, 8.1, 11, 官能的
26686004, 7.1, 18, 死亡十字路
26334807, 7.4, 15, 古店阿的企w
24747464, 8.0, 11, 新?本格推理03 りらPの相A人
25980198, 5.9, 48, 幽灵心理学
3632253, 7.6, 13, 六つの手欷
6114853, 5.4, 80, 十五层地狱
26776941, 7.6, 12, 幻想即d曲 商巾季姊妹：邦篇
26301856, 7.3, 14, 黑色皮革手册
26825833, 7.3, 14, 鹕辖袢兆拥奶
1859535, 6.8, 18, 世界以密室楸
2055051, 7.3, 13, 星降り山Pの⑷
26775328, 6.9, 16, 橡皮`魂
3121834, 7.5, 11, ８の⑷
5377776, 7.5, 11, 3652D伊坂幸太郎エッセイ集
26892938, 6.8, 16, 诱饵搜查官 2 ・视觉
3622900, 7.1, 13, 密室⑷衰博`ム王手w取り (v社ノベルス)
26264067, 7.1, 13, ST警d科W特搜班: 青色{查n案
26685999, 7.4, 11, 恐怖三角馆
26640852, 7.2, 12, 巴黎警察1768
26720073, 6.3, 21, 停在三
26892937, 7.0, 13, 诱饵搜查官 3 ・听觉
26320495, 7.3, 11, 向背L的e言
25900037, 7.2, 11, 黑孤u
26686002, 7.2, 11, 绿衣人
26715805, 7.2, 11, 沙漠之花
6869394, 7.3, 10, A先生の名推理
26683135, 6.8, 13, 魔术师
26762710, 7.2, 10, 荒神
4170420, 7.0, 11, \のFD人
26715395, 5.6, 27, 操v彩虹的少年
26722786, 5.8, 21, 后妻业
