2017-01-23 16:17:59
Tag: 时间管理
The number of books: 544 

ID, rating, votes, title
4820710, 9.3, 28317, 1984
6798611, 8.7, 25147, 史蒂夫・乔布斯传
1034282, 8.8, 19407, 时间简史
3609132, 8.5, 23214, 把时间当作朋友
5375620, 8.8, 11258, 失控
1048007, 8.2, 19074, 高效能人士的七个习惯（精华版）
6709809, 8.4, 9955, 暗时间
4180711, 8.2, 11387, 拖延心理学
25717097, 8.7, 3486, 囚徒健身
3558629, 8.4, 4947, 小强升职记
1115353, 8.3, 5410, 奇特的一生
1919072, 7.7, 10605, 长尾理论
1045862, 8.5, 2824, 第五项修炼
1874488, 8.1, 4802, 别做正常的傻瓜
1083403, 8.0, 5426, 世界上最伟大的推销员
5916234, 7.7, 8832, 番茄工作法图解
20429677, 7.5, 12044, 大数据时代
2225735, 7.9, 4683, 谁动了我的奶酪？
10476698, 7.5, 7744, 因为痛，所以叫青春
1464593, 8.7, 1347, 目标
1961913, 8.3, 2160, 太傻十日谈
1436707, 7.6, 4639, 如何掌控自己的时间和生活
1085660, 8.0, 2294, 尽管去做
5372651, 8.3, 1536, 程序员的思维修炼
4722180, 7.7, 2938, 谁动了我的奶酪?
1984347, 8.3, 1238, Power Sleep
2147562, 8.6, 844, 棋与人生
20389192, 7.2, 5453, 30岁前的每一天
6519759, 7.5, 2679, 记事本圆梦计划
2157629, 8.2, 1005, 平常禅
3006483, 7.7, 1934, 每周工作4小时
5980113, 8.8, 502, 伯恩斯新情绪疗法
4198078, 8.4, 652, The Pomodoro Technique
2216703, 8.6, 491, 伯恩斯新情绪疗法
4214217, 7.5, 1898, 女人明白要趁早
3550398, 7.5, 1862, 时间管理幸福学
3729173, 7.5, 1774, 时间投资法
4229525, 7.4, 2052, P女王的手せ钣眯g
3744041, 7.1, 3165, 晨间日记的奇迹
26850526, 8.3, 559, 追时间的人
26590267, 7.5, 1480, 工作前5年，决定你一生的财富
25885179, 9.3, 213, 我为青春狂
11509401, 6.9, 3773, 正能量
2253513, 8.2, 576, 时间管理
1019959, 7.8, 898, 精力管理
1283295, 8.2, 506, 平衡的智慧
23708491, 7.7, 906, 设计师要懂心理学
1028372, 7.9, 694, 要事第一
7001106, 7.4, 1351, 时间管理
25817021, 8.1, 516, 20岁，光阴不再来
26893033, 8.4, 368, 把小日子收进手帐里
26761859, 7.9, 635, 精要主义
26798857, 7.9, 600, 让未来现在就来
6077688, 6.8, 2913, 别告诉我你会记笔记
3815992, 6.9, 2308, 白骨精学习法
1031207, 7.6, 786, 执行
26771587, 8.4, 315, 坚持，一种可以养成的习惯
1779404, 8.8, 213, Seven Habits of Highly Effective People
5246820, 7.5, 842, 津巴多时间心理学
4087655, 7.9, 494, 注意力曲线
4159753, 9.3, 137, Your Brain at Work
25775696, 7.9, 487, 金字塔原理
25779342, 7.7, 606, 麦肯锡教我的思考武器
2144413, 7.7, 586, 简单法则
4243207, 7.8, 504, 悠游度过一天的24小时
26586771, 7.5, 727, 神奇手账
10441244, 6.8, 2097, 整理的艺术
25827340, 7.7, 548, 战胜拖延症
1963552, 8.6, 215, Made to Stick
26434719, 6.8, 1990, 你一年的8760小时
26649850, 7.9, 387, 深度学习的艺术
25772550, 7.4, 705, 你的灯亮着吗?
3852697, 7.5, 578, 少的力量
1253894, 7.1, 1003, 习惯的力量
25743907, 7.0, 1125, 断舍离
26839427, 8.1, 275, 慢思考：大脑超载时代的思考学
25855770, 8.1, 269, 就因椤]rg」，才什N都能k到
1220597, 7.7, 413, 高效能人士的第八个习惯
4169625, 7.1, 895, 杠杆阅读术
25747577, 6.9, 1141, 7天治愈拖延症
4157223, 7.1, 775, 效率提升10倍的google化知性生产技巧
6828163, 6.6, 1708, 4点起床
10788371, 6.9, 1009, 清单革命
1015610, 7.2, 647, 鱼
4902493, 7.6, 389, 我这样考上东大和哈佛
26628237, 7.5, 425, 哪有没时间这回事
5341077, 6.8, 1137, P女王的手せ钣眯g 2
4062798, 7.6, 375, 别让猴子跳回背上
4177311, 7.5, 420, 创造商业头脑的7种框架力
4246477, 7.5, 414, 问题解决力
26425651, 6.3, 2671, 你只是看起来很努力
6109327, 8.8, 111, 活法套装版
21331220, 7.1, 624, 简单就好生活可以很德国
3038761, 7.4, 420, 80/20法则
26099295, 7.6, 310, 番茄工作法图解
3371165, 7.1, 572, 吃掉那只青蛙
24298931, 7.2, 490, 专注力
7001105, 7.4, 377, 毅力
10600374, 7.6, 298, 拖延心理学2
10535830, 7.1, 534, 另外8小时
26656532, 7.4, 362, 最重要的事，只有一件
24699306, 6.9, 678, 整理的艺术2：时间是整理出来的
3466066, 8.0, 183, 毕业不失业职业生涯步步高
11523251, 6.6, 1079, 超级时间整理术
4204194, 7.0, 571, 杠杆时间术
6970804, 7.6, 269, 活用一子的Pg
4249895, 7.1, 487, 考上第一志的P本：|大合格生P大公_
25984823, 7.3, 364, 你的时间有限，不要为别人而活
4042144, 7.3, 359, 每天坚持30分钟
1318944, 8.3, 130, 效率专家爸爸
10485205, 7.9, 178, 搞定Ⅲ
25798964, 7.4, 301, 把每一天，当作梦想的练习
25762577, 7.7, 216, 高效能人士的时间和个人管理法则
26603444, 8.8, 84, 时间海 2
26809387, 7.5, 245, 印象笔记留给你的空间
24531573, 7.1, 395, 自制力
3296364, 8.4, 104, Zen To Done
6869702, 6.7, 679, P女王的超效率rg管理攻略
1153026, 7.5, 239, 麦肯锡卓越工作方法
1022460, 7.6, 203, 抢在时间前面的7条捷径
6810303, 7.2, 319, 终结拖延症
4169626, 7.1, 342, 杠杆思考术
6717149, 8.3, 101, 分心也有好人生
3347618, 7.4, 235, 高绩效人士的五项管理
20507359, 7.5, 208, 不要一大早就刷微博
1044846, 7.9, 140, 关键点
4179375, 8.1, 115, 收集幸福的手作P
5259532, 7.4, 226, 把时间留给最重要的事
26828557, 8.0, 125, 从行动开始
3640008, 7.6, 179, 时间力
1194180, 8.2, 102, 神秘的睡眠
4050762, 7.2, 260, 那些不想做又必须做的事
1083989, 7.3, 228, 吃掉那只青蛙
26874593, 7.3, 228, 技巧
24708172, 7.4, 204, 自控力2
24871240, 9.0, 54, 安息日的真谛
26649613, 8.7, 65, Deep Work
20283438, 7.5, 172, 工具
24524405, 6.4, 723, Evernote超效率数字笔记术
2041429, 8.9, 54, 注意缺陷障碍
6510686, 6.5, 583, Google时代的工作方法
20445340, 6.6, 488, 16型人格的自我修炼
6711978, 7.7, 131, 不懂拒绝的老好人
6892012, 7.2, 215, 时间，会用才能身价倍增
6990093, 6.1, 1097, 超级整理术
10461392, 6.4, 626, P女王的手せ钣眯g3
1849836, 8.2, 80, Get Things Done
20493300, 8.0, 93, 高效能人士的执行4原则
10801087, 8.2, 79, 项目计划、进度与控制
25712581, 7.0, 246, 整理的艺术3：创意是整理出来的
6510689, 7.6, 128, 哈姆雷特的黑莓
26921601, 8.4, 66, 人生的84000种可能
1080019, 8.1, 82, 生命中最重要的
1228284, 7.7, 112, 别太苛求
4254228, 9.2, 38, Self-Discipline in 10 Days
21381630, 6.6, 381, 断舍离
1032870, 8.4, 62, 集中精力做重要的事
21359772, 7.4, 143, 战拖有术
6969703, 6.9, 249, 文具@高效率
11505842, 7.0, 218, 整理是一切的开始
1260387, 7.4, 140, 80/20定律
2890924, 8.5, 56, The 7 Habits of Highly Effective People
24706568, 7.4, 136, 时间，快与慢
25729086, 8.5, 55, 我槲木咧了迷！
1470313, 8.1, 73, The 80/20 Principle
4744680, 7.5, 119, 大象的时间，老鼠的时间
24152664, 6.9, 225, 善用佳软
26613055, 8.5, 53, 超级快速阅读
25870402, 7.0, 198, 整理的艺术4：升职从整理开始
11587510, 8.1, 70, 髌婀P本MOLESKINE
1891590, 7.3, 141, 生活尉褪窍硎
20492080, 6.7, 279, 每天节省2小时
26709039, 8.0, 73, 画出你的答案：用思维导图理清思路、解决问题、达成目标
11907918, 8.4, 54, Daily Rituals
3353904, 7.3, 134, 每周工作4小时
1451000, 7.7, 91, 用好时间做对事
2340014, 7.2, 145, 高效冠军
21365497, 6.3, 469, 创造公共价值
1129051, 8.3, 56, 聚焦法则
26787167, 7.0, 178, 每天最重要的2小时
25740201, 7.5, 106, 文具手帖Season 03：燃手せ辏
25872118, 7.1, 154, Evernote 100个做笔记的好方法
3696747, 6.2, 522, A4纸工作法
26844051, 7.5, 101, 高效人士用超级笔记术
11503789, 7.3, 122, 整理术
6808956, 6.5, 312, Moleskine「髌婀P本」的活用g
3371942, 7.4, 108, 第五代时间管理
4919901, 6.6, 261, A6全能Pg
4891530, 7.8, 74, 干劲的开关
25720194, 9.4, 27, 清新彩铅微笔记. 动物集
3711542, 9.0, 33, 养生书
1312914, 8.0, 60, 目标
1289052, 6.9, 166, 不要只做我告诉你的事，请做需要做的事
24703762, 6.9, 166, 文具手帖Season 01: 旅行去!
1033902, 7.8, 68, 学会站着睡觉 
3265968, 7.7, 73, 和失眠说再见
25834771, 7.8, 67, 活得优雅
26286458, 7.6, 78, “懒人”统治世界
6872567, 7.1, 125, o我看你的手ぐ桑
26366813, 8.4, 43, 管理者的10堂战略课（修订第4版）
1012151, 7.7, 71, 一生的资本
25736551, 7.4, 92, 王者速读法（2013年新版）
26148779, 7.2, 110, “戒掉”的技术
26330196, 6.4, 288, 断舍离
3608389, 8.7, 35, The Power of Less
26703405, 7.3, 98, 少做一点不会死
22994105, 6.3, 327, 1分钟能做什么
10570591, 7.1, 118, 万恶的拖延症
25852650, 8.0, 54, 高效管理的80/20法则
5505171, 6.6, 205, 青小B的A`手ばg
4238345, 7.5, 78, 弘兼宪史教你活用记事本
24383231, 7.3, 93, 超效率时间整理术
20268318, 7.6, 71, 时间心理学
6807583, 6.7, 170, 休活
25867002, 6.4, 252, 解决问题最简单的方法
1007432, 7.8, 57, 培养高效能人士7个习惯的方法
1106008, 7.3, 84, 一生的计划行动手册
3036145, 8.3, 39, 全力以赴－让进取战胜迷惘
26890725, 7.4, 76, 给你自由
1698655, 7.8, 54, How to Simplify Your Life
2977447, 6.9, 122, 24小时改变你的一生
23008781, 6.8, 136, 天天25小时
1040484, 8.2, 40, 创建你的未来
3042495, 6.7, 148, 完美的混乱
26842762, 8.0, 45, 聪明人都是清单控
1083452, 7.1, 94, 时间管理
1102459, 8.2, 39, 寻找你的北极星
1792601, 7.5, 65, 你可以不那么累
11232769, 6.6, 157, 待办清单
2274657, 7.2, 81, 建立你的时间资产-倍增财富.开创有闲人生的5天法则
24846275, 7.5, 61, 每天学点时间整理术
20471142, 6.4, 194, 比特素养
5253765, 6.9, 105, 高效人士的116个IT秘笈
1174496, 6.6, 147, 时间管理
10517643, 6.5, 166, 搞定Ⅱ
1914739, 7.0, 94, 请记住
2005518, 7.0, 94, 压力管理
25795553, 7.5, 59, ADD的人生整理术
26647330, 7.1, 82, 从三分钟热度到一万个小时
26357104, 8.4, 31, 挑战拖延症
25840552, 7.3, 67, 时间都去哪儿了
5372470, 6.1, 269, 高效人士四小时熟睡法
2211767, 7.5, 56, 时间推销员
1359569, 9.0, 22, 但以理x法
3146570, 7.9, 41, 意P本: 概念力
7163493, 7.0, 85, 执行力是训练出来的
2058435, 6.5, 148, 仓鼠革命
26802252, 5.9, 353, 为什么精英都是清单控
26313645, 6.5, 146, 一流成功人士早餐前都做什么
26808162, 6.3, 189, 聪明人用方格笔记本・进阶图解
26617315, 8.4, 29, 懒人总是有借口
20412324, 7.4, 56, 百问知识管理
4046060, 7.2, 66, 不抱怨时间
1974056, 6.3, 178, 早上10点之前完成工作
26307617, 7.8, 41, 心想事成的创意整理术
26639151, 6.8, 95, 图解整理术
4247561, 6.9, 83, 杠杆经营术
3169656, 7.5, 48, 成功自我管理的29个工具
1058799, 7.4, 51, 态度决定一切!
25727425, 7.3, 55, 微博控 控微博
1947163, 7.9, 35, 快乐工作精彩生活
24307331, 7.4, 50, 让问题到你为止
5263597, 6.7, 95, F一生粝氲墓P本
6758226, 6.5, 117, 简化你的时间
25743717, 8.1, 30, 什么是管理
24714658, 7.2, 57, 改变人生的15分钟超级整理术
6892013, 7.0, 68, 职场，好学才能上位
25762256, 7.1, 62, 暂停：有些事只有停下来，才能想得更清楚
25894706, 6.6, 101, 用系统来工作
1392714, 7.5, 44, 老板要你在大学里学的10件事
3267007, 7.5, 44, 早上3小r完成一天工作
1049865, 6.8, 80, 注意力经济
26599014, 7.2, 55, 善用时间
26703731, 7.1, 60, 超效率手册
1412315, 8.5, 23, 不可能的事情只需要时间
22522659, 8.5, 23, 麦肯锡教我的思考武器
26664338, 6.7, 88, 别告诉我你会记笔记
4881100, 7.4, 46, 优秀儿童的黄金时间表
5283558, 7.6, 39, 鲍尔学习法
1014349, 7.4, 45, 21世纪超级成功学
10435511, 6.9, 69, 时间管理幸福学
21346608, 6.2, 151, 会简化工作的人升职更快
19986215, 7.6, 38, 成功自我管理的29个工具
26903964, 8.4, 23, 风物历2017
25857944, 6.6, 91, 掌控：如何规划自己的时间和生活
25813440, 6.8, 71, 80/20法则
1085409, 5.6, 360, 上下班路上能做的95件事
3465508, 6.7, 77, 简约工作
24845513, 7.7, 33, 这样工作最高效
3302940, 6.6, 84, 8小时+
1765386, 7.4, 40, OFFW
22138186, 7.5, 37, Manage Your Day-to-Day
1963389, 7.9, 28, o生存不安的年p人
1808517, 7.6, 34, 有效的时间管理
1178940, 6.6, 80, 时间管理
11601325, 8.7, 18, 《时间小管家训练宝典》（③④册）
6902586, 7.1, 49, 职场交谈这样说就对了
26801390, 7.1, 49, 有道云笔记：记录，成为更好的自己
26372189, 6.9, 57, 别说你懂思维导图
25811495, 7.0, 52, 为什么我们总缺钱
2189524, 6.5, 84, 30种大脑训练方法
1281940, 7.6, 32, 时间舵手
5363922, 7.0, 50, 运筹时间
20506595, 6.4, 91, 超级整理术2
25797567, 6.4, 90, 神奇的手ふ理魔法
1852693, 6.8, 59, 人生审计
21361161, 7.6, 31, 权力最终属于有自控力的人
25846810, 5.7, 236, 早晨型人更容易成功!
10825213, 6.1, 123, 最不需要意志力的时间管理法
1002266, 7.1, 43, 二八法则
1143219, 7.8, 26, 平衡
4062813, 6.6, 67, 加薪不加班
10799027, 6.8, 54, 瞬间改变自己
5377952, 6.7, 59, 整理习惯
5962908, 8.3, 19, 每天早上只要30分
5340485, 8.0, 22, 我这样做到“月收入增长10000倍”
3617958, 6.8, 52, 时间管理
2991602, 7.4, 32, 时间管理
1290490, 7.3, 34, 善用大脑高效学习
1852198, 7.1, 39, 个人平衡计分卡
1490835, 7.0, 42, 时间管理
25755525, 5.8, 163, 戒了吧，拖延症
4830724, 6.6, 60, 清晨3分钟改变你一生
1870266, 6.4, 74, 在餐厅遇见巴菲特
1958547, 8.2, 19, How to get things done
4164932, 8.0, 21, 方法不ΓW什N都]用
3878851, 7.7, 25, 时间社会学
3926054, 7.8, 23, 匍g和代 我的人生]有偶然
5500871, 6.9, 43, 慢的力量
26747779, 7.1, 36, 在办公室外思考：活用另外8小时，做自由空间里的高产者
1287527, 8.0, 20, 把1天变成26小时
11608710, 7.6, 25, 看懂世界本质的思考术
3234501, 6.8, 45, 时间检索
3874518, 6.2, 81, 早上10点之前完成工作
1809804, 6.9, 40, 熊法则
1957514, 6.8, 43, 高效能方法
1677332, 7.3, 29, 自律
20271921, 7.4, 27, 生命尽头，谁将为你哭泣
11505941, 6.6, 50, 提早六小时下班的高效工作术
25840553, 6.9, 38, 我就想一个人去远行
4170329, 7.0, 35, @铀伎迹人生就不一
4885340, 6.4, 60, 华为时间管理法
4742704, 5.9, 108, 省时省力的二八法则
24249532, 7.9, 19, 金钱创造历史
24771054, 7.5, 24, The Miracle Morning
1033274, 7.8, 20, 成功是一种态度
6072794, 7.8, 20, 健脑五法
4860451, 7.2, 29, 减速工作，加速成功
25958885, 7.4, 25, 一分钟经理人?遇见猴子
4860514, 5.7, 137, 谁偷走了我的时间
26747797, 6.5, 51, 如何改变习惯
20473866, 6.2, 70, 最手じ脑煨g
5430019, 7.3, 26, Focus
3687010, 5.9, 99, 8小时工作24小时思考
2061720, 7.9, 18, The 4-Hour Workweek: Escape 9-5
4214296, 6.6, 45, 如何高效管理你的时间和空间
1410018, 7.7, 20, 早点离开办公室
1144103, 7.4, 24, 放慢生活的速度
6310315, 6.5, 49, rg密度管理g
2216988, 7.0, 31, P成功g
1000049, 6.6, 43, 掌握时间
4915655, 6.7, 39, 加速实现目标的5×5法则
3165505, 7.0, 30, 时间管理
25900959, 6.7, 38, 丰田高效工作法
6990288, 7.3, 24, The Information Diet
1274489, 8.0, 16, 为生活做计划
10600379, 8.1, 15, 时间小管家训练宝典（①②册）
6892581, 6.2, 60, 思维导图
1779073, 6.6, 40, 时间终于多出来了
22303858, 7.3, 23, “狡猾”工作术
11615749, 6.5, 43, 下午吃块巧克力
6990212, 6.8, 33, 人生目标清单
23858605, 7.0, 28, 清新的早晨
26747778, 7.5, 20, 博恩・崔西的时间管理课
25815204, 6.9, 30, 巧利用更高效
25785503, 6.2, 56, 人生需要整理
10520831, 5.9, 79, 我们都有拖延症
26784655, 7.3, 22, 知乎周刊 Plus・再琐碎也不怕
20504670, 7.1, 25, 成功来自日记本
2302455, 7.5, 19, 活用事本O定工作目
6753668, 5.7, 94, 拖延心理学
1091412, 7.2, 22, 个体软件过程
1704863, 6.9, 27, 通向成功的习惯
25801500, 5.9, 71, 一学就会，1000种可爱手账笔记
5297274, 7.0, 25, 我如何工作
26637069, 7.0, 25, 高效能工作整理术
2247351, 6.8, 29, 25项最优时间管理工具与技巧
25717237, 7.6, 17, 一天25小时
6509803, 6.7, 31, 不加班，搞定所有工作
2029219, 7.2, 21, 如何掌控自己的情绪和生活
6968252, 7.1, 22, 大学四年挖好坑 毕业十年牛哼哼
6538955, 7.5, 17, 赢在今天
2256315, 7.4, 18, 这样掌控时间最有效
6744913, 7.6, 16, 杜老师的时间
25428918, 7.6, 16, 31天知道这辈子怎么活
26677371, 7.6, 16, 《戒了吧！拖延症（升级版）――21天搞定拖延症》
6745064, 6.2, 44, 华为时间管理法
1360665, 6.7, 28, 早上十c以前搞定工作
1895434, 6.6, 30, 时间管理
1006821, 7.5, 16, 高效行动指南
25815206, 7.5, 16, 《高效能教师的时间管理法》
26148127, 6.7, 27, A4纸上的奇迹
11640160, 6.8, 25, 哈佛时间管理课
1221165, 7.2, 19, 踩死那只蟑螂
2311045, 7.2, 19, y好
26427489, 7.2, 19, 高效时间法
5256401, 6.3, 38, A+时间管理法
25916379, 6.6, 29, 超级高效工作术
1172740, 7.3, 17, 个人的力量
1041275, 7.4, 16, 时间管理顾问
3882023, 7.4, 16, 不抱怨的人生
6149406, 7.1, 19, 成功者的P本都些什N
1035366, 6.3, 35, 不再拖拉
4035366, 7.0, 20, 如何轻松举起大象
6392696, 7.0, 20, 多任务时代
5415016, 7.6, 14, 直奔目标的人
5904086, 7.9, 12, マンスリ`&amp;ウィ`クリ`で幸\を呼びzむ「2度き」手ばg
1074388, 6.6, 26, 最强的时间管理术
25729126, 7.7, 13, 日日生活手に孛
26230719, 5.5, 84, 极简主义
26778731, 6.4, 30, 麦肯锡教我的工作方法
1055635, 7.5, 14, 时间管理学
25885721, 7.5, 14, 告别三分钟热度：坚持，再坚持一下
1082198, 6.9, 20, 时间管理十堂课
26891429, 7.8, 12, 初啼 2017行事历
26668453, 7.6, 13, 超级时间倍增术
6822599, 6.3, 31, 世界上最伟大的50种思维方法
4129131, 7.0, 18, 百年德鲁克
10542723, 6.9, 19, 图解时间管理
20493155, 6.9, 19, 自控力修习术
10485694, 6.0, 40, 小心，时间的陷阱
1414649, 6.3, 29, 从终点出发
10532218, 6.3, 29, 早上10点之前完成工作
2152227, 6.7, 21, 时间管理知识全集
1261792, 7.1, 16, 低效率人士的7个习惯
1129309, 7.0, 17, 1天等于25小时
2289002, 7.0, 17, 上班途中要做的100件事
2341372, 7.0, 17, 一生受用的分技巧
25980189, 7.0, 17, 高效能是训练出来的
1491711, 7.2, 15, 你会管理时间吗？
10427914, 7.2, 15, 苹果物语
1183300, 6.9, 18, 用好时间做对事
6314078, 6.6, 22, 表格Wg
1065176, 7.3, 14, 个人时间管理--完全傻瓜手册（5）
3578505, 7.4, 13, rg活用g
4916246, 6.3, 27, 谁动了我的时间
3073762, 6.9, 17, 100天成晨型人的方法
26042403, 6.9, 17, 每天做好最重要的一件事
10810339, 7.1, 15, е手とヂ眯校傅W洲40天旅
4167557, 6.8, 18, 李践教你28天绩效能力倍增
6310324, 7.3, 13, S金睡前30分W法
11615684, 7.3, 13, 蓝狮子经理人2012.03创刊号
3462535, 6.6, 20, 为你的生活花点时间
26421046, 6.3, 25, 游戏
26345262, 7.6, 11, 儿童时间管理训练手册――30天让孩子的学习更高效
3987810, 6.9, 16, 如何掌控你的时间
1256258, 7.0, 15, 时间管理
4873152, 7.0, 15, 时间管理黄金法则
4100217, 7.2, 13, 弘兼史上班族整理g
4124290, 7.2, 13, 每天晚走10分钟
5343914, 7.2, 13, 德鲁克黄金笔记
25802923, 6.0, 31, 慢慢来，比较快
1095777, 7.5, 11, 时间管理
1823637, 7.5, 11, 随心所欲的工作艺术
1290143, 7.7, 10, 假如今天是我生命中的最后一天
4889885, 7.3, 12, 最奇妙的秘密
6023571, 7.3, 12, @诱理，天天都有好事l生！
1022196, 6.7, 17, 注意力管理
1176630, 7.0, 14, 获取
6789959, 7.1, 13, 决不拖延
26662789, 7.4, 11, 自控
26612476, 7.6, 10, 搞定III：平衡工作与生活的艺术(最新版)
3165275, 6.7, 16, Outlook时间管理秘笈
25773159, 6.7, 16, 思维太极
3165969, 6.8, 15, 时间有限
26348602, 6.8, 15, 扫除力
26349908, 5.8, 34, 能够支配早晨的人
20373143, 6.9, 14, 完美度日
20492661, 6.9, 14, 移动办公室工作术
3360044, 6.2, 23, 151个经营时间的快捷方法
26712677, 7.0, 13, 管理你的每一天
3179265, 7.5, 10, 外贸技巧与邮件实战
10464554, 7.5, 10, 槭颤N搜⒈惶蕴
1065995, 7.3, 11, 时间由我做主
4940229, 7.3, 11, 古市幸雄超rgg
10601619, 7.3, 11, 改人生的由右向左Pg
26781966, 7.3, 11, 早上最重要的3件事
26804713, 7.3, 11, 超级精力管理术
1186528, 6.2, 22, 决不拖延
1393534, 7.1, 12, 把时间花在刀刃上
10777203, 7.1, 12, 高效成功人士的7种行为习惯
6967208, 6.6, 16, 高效工作术
1035733, 6.8, 14, 成功的14堂必修课
1845903, 7.4, 10, The Power of Habit
6759444, 7.4, 10, 这辈子我最想做的事
26870566, 7.4, 10, 1分钟超强笔记术
1198335, 7.0, 12, 如何管理你的时间与生活
5334302, 7.0, 12, 你就是效率达人
26891408, 7.0, 12, 你的时间，80%都用错了
3375635, 7.3, 10, 每天只要30分
1916037, 7.1, 11, 哈佛：如何x大W－菁英W生痴怎由朴么WY源
6806706, 7.1, 11, 18 Minutes
6877310, 7.1, 11, 活法
1223315, 6.8, 13, 别把时间给了浪费
3115973, 6.8, 13, 如何高效率地工作和生活
3144764, 6.8, 13, 史上最整理g
4128457, 6.8, 13, 做个玩转时间的女人
25732258, 5.6, 35, 你的效率是整理出来的
6805230, 5.8, 28, 不睡没必要的觉
1287547, 5.7, 30, 人生低谷期的头脑转换法
2098337, 7.2, 10, 如何有效掌控你的学习时间
24721220, 6.6, 14, 超级时间整理术
26342588, 6.6, 14, 早起革命
3427803, 6.0, 22, 慢节奏胜利法
25952657, 6.4, 16, 时间去哪儿了
3655813, 6.7, 13, 用对时间做对事赚大钱
26365297, 5.5, 36, 给你1天72小时
3171407, 6.8, 12, 时间是管理出来的
11625973, 5.2, 51, 时间整理术
26284768, 6.1, 19, 一万小时定律
25731383, 6.4, 15, 别让拖延毁了你
6730991, 6.5, 14, 不加班的生活
3583924, 6.9, 11, ^ψ龅玫降某掷mg
2307017, 5.6, 30, 记事本成功法
11519526, 6.6, 13, 效率达人
10600629, 6.0, 20, Hold住8小时
1216616, 5.6, 29, 时间管理
23315163, 7.0, 10, 10天读懂时间管理
25816236, 5.9, 21, 80/20法则・个人版
1929759, 5.8, 23, 放开自己
4881200, 6.0, 19, 如何在更短的时间轻松做完更多的事情
3713959, 6.9, 10, 用对时间做对事
26322696, 6.9, 10, 别再叫我拖拉斯基
1172862, 6.7, 11, 时间总动员－－分秒增值诀窍83
4187473, 4.8, 67, 画出好成绩
1925010, 5.4, 28, 第五代时间管理
1179747, 6.5, 11, 高效工作的习惯是怎样培养的
1140754, 6.6, 10, 一天48小时
6805185, 6.6, 10, 1天1分就OK！d咖也能用英文手
10733219, 5.5, 21, 时间管理成功术
26753174, 5.2, 27, 好习惯Get，时间Max！
13221360, 6.0, 10, 战拖总动员
6805221, 5.1, 19, 心智D超工作g
6878927, 4.6, 20, 用对时间，做职场轻松人
