2017-01-23 16:17:59
Tag: 杂文
The number of books: 981 

ID, rating, votes, title
4238362, 8.6, 82840, 送你一颗子弹
1054685, 9.0, 36695, 沉默的大多数
3813669, 8.6, 51532, 民主的细节
1449351, 8.8, 34615, 呐喊
1767945, 8.8, 24810, 一只特立独行的猪
1014578, 9.0, 17248, 我的精神家园
1426971, 8.8, 18302, 野火集
1449352, 8.6, 19663, 朝花夕拾
1449348, 8.8, 11017, 彷徨
3344676, 8.1, 34153, 常识
4124727, 8.1, 32659, 孤独六讲
1418180, 8.9, 8539, 思维的乐趣
4872671, 8.2, 24872, 佛祖在一号线
20463108, 8.3, 16424, 观念的水位
1915958, 9.2, 4168, 野草
1073349, 8.8, 6705, 写在人生边上 人生边上的边上 石语
1883991, 9.3, 3479, 王小波全集
3642673, 8.0, 23118, 我执
1442720, 9.4, 2945, 鲁迅全集（2005最新修订版）
1003284, 8.1, 17914, 退步集
3860856, 8.1, 17812, 可爱的洪水猛兽
1025723, 8.3, 11698, 潜规则
5252677, 8.1, 15694, 幸福了吗?
2082194, 8.2, 12957, 小时候
1061242, 8.8, 4978, 写在人生边上
6902639, 7.9, 20131, 青春
1949679, 8.7, 5594, 素履之往
10549863, 8.6, 6186, 光明与磊落
1082578, 9.0, 3337, 理想国与哲人王
2143304, 8.1, 11832, 我爱问连岳
25811462, 8.4, 7331, 小顾聊绘画・壹
4773224, 8.3, 8446, 生活十讲
1830445, 9.0, 3147, 阿城精选集
3009033, 7.8, 18808, 杂的文
1822857, 9.0, 2986, 王小波全集（第二卷 杂文）
1006560, 8.2, 8873, 血酬定律
1460313, 8.4, 6328, 哥伦比亚的倒影
1027247, 7.9, 14124, 丑陋的中国人
5401989, 8.1, 9801, 自由在高处
1157014, 8.8, 3477, 伤逝
4199761, 8.4, 5991, 重新发现社会
1016429, 8.6, 4441, 毛姆读书随笔
1262986, 8.1, 9316, 我不是教你诈
3333989, 8.1, 9181, 荒废集
5289756, 7.9, 12688, 爱的地下教育
4086927, 8.5, 4814, 煮酒探西游
1063245, 7.6, 20613, 通稿2003
20425053, 7.7, 16904, 我所理解的生活
2025235, 9.1, 2023, 顾准文集
10607710, 8.0, 9064, 世间的盐
3880832, 8.2, 6159, 认得几个字
3080607, 8.2, 5900, 我爱问连岳Ⅱ
1044994, 9.3, 1413, 鲁迅全集(1)
1819978, 8.5, 3642, 温莎墓园日记
1034108, 7.2, 35148, 零下一度
25639223, 8.3, 4626, 身边的江湖
4118599, 8.3, 4562, 武侠，从牛A到牛C
25735727, 8.2, 5239, 站在两个世界的边缘
2052596, 8.2, 5206, 退步集续编
2294993, 8.2, 5146, 纽约琐记（修订版）
1733250, 8.4, 3805, 韩寒五年文集（上下）
20278799, 7.6, 13156, 三十六大
5905348, 8.2, 4751, 笑谈大先生
5290534, 7.8, 8996, 为了报仇看电影
1491239, 8.5, 3077, 吾国与吾民
1050929, 8.7, 2360, 隐蔽的秩序
1474736, 9.0, 1604, 鲁迅杂文全集
10743137, 7.7, 9782, 绿皮火车
10601137, 7.6, 10979, 你永远都无法叫醒一个装睡的人
25982254, 8.1, 4733, 大萝卜和难挑的鳄梨
1023000, 8.6, 2311, 常识与通识
1341035, 8.2, 3952, 痛快日记
1049361, 8.3, 3409, 比我老的老头
3033668, 7.8, 7332, 闪开，让我歌唱八十年代
4199685, 7.6, 9996, 我读
1062423, 8.3, 3283, 牛棚杂忆
1073253, 8.8, 1719, 闲话闲说
1006781, 8.9, 1481, 七缀集
1059040, 8.6, 2102, 雅舍小品
4212607, 7.6, 9252, 有味
7058059, 8.0, 4732, 我们心中的怕和爱
6558202, 9.0, 1255, 容忍与自由
4031698, 7.8, 6234, 读者
1071821, 8.1, 3834, 你不可不知的人性
11614293, 7.5, 10088, 人生需要揭穿
3018322, 7.6, 8324, 活着活着就老了
1041414, 8.6, 1873, 威尼斯日记
3886010, 8.1, 3648, 我爱问连岳Ⅲ
1204398, 8.8, 1461, 幽梦影
1072189, 8.8, 1438, 百年思索
1015767, 8.0, 4098, 门萨的娼妓
1288913, 8.3, 2515, 半生为人
2036993, 8.1, 3319, 幸福的建筑
1438536, 8.9, 1182, 王小波经典作品
1041616, 7.4, 9566, 那些忧伤的年轻人
24876477, 7.4, 9427, 很高兴见到你
1324985, 8.1, 2900, 我是鸡汤
3391717, 8.1, 2842, 中国好人
3621252, 7.4, 8818, 曾经
1030470, 7.9, 3783, 香草山
1273759, 8.2, 2415, 人在欧洲
1440101, 7.2, 12314, 就这么漂来漂去
6539860, 8.6, 1390, 大地孤独闪光
1028805, 7.7, 4838, 品人录
1046385, 7.1, 14619, 毒
19965972, 7.5, 6670, 我读书少，你可别骗我
19986372, 8.7, 1185, 沉默的大多数
1001895, 7.8, 3810, 靠自己去成功
6794016, 7.5, 6021, 如何成为一个怪物
3225748, 7.9, 3002, 路上有惊慌
1013369, 7.7, 4067, 格调
2287508, 8.0, 2581, 多余的素材
1070985, 8.8, 949, 钱钟书散文
5908161, 8.5, 1309, 雨天的书
5414385, 7.7, 3939, 不分东西
3644791, 7.4, 6520, 噪音太多
3770726, 7.7, 3909, 草
3908625, 7.8, 3282, 单向街 001
4621342, 7.8, 3171, 世纪末的华丽
1493523, 8.3, 1578, 读库0601
20513012, 7.6, 4284, 无比芜杂的心绪
1484695, 8.1, 1982, 季羡林谈人生
4920062, 7.3, 6962, 别跟我说你懂日本
3825659, 8.0, 2241, 大梦
2364742, 9.0, 676, 王小波散文
1983487, 8.6, 1029, 王小波全集(第九卷)
2248892, 8.5, 1155, 一本杂志和一个时代的体温
11535030, 8.3, 1456, 一个一个人
2156168, 8.4, 1284, 书读完了
1438669, 8.6, 1014, 这个动荡的世界
3722967, 8.3, 1423, 人生十论
3433208, 8.5, 1093, 问中医几度秋凉
26692468, 8.6, 974, 智识分子
2046933, 8.8, 772, 华盖集
1980585, 7.6, 3672, 寒武纪
2339264, 8.6, 956, 人为什么活着
10597973, 8.1, 1748, 旧山河
1753077, 9.3, 464, 王小波文集
6100990, 7.7, 3029, 访问
1017839, 7.9, 2221, 带着鲑鱼去旅行
5337231, 8.2, 1462, 我爱问连岳Ⅳ
1004719, 8.6, 900, 谈修养
1559300, 8.9, 651, 坟
1438928, 9.2, 479, 王小波文集(4卷)
4252006, 7.6, 3271, 祖国的陌生人
3271171, 8.4, 1063, 读库0804
10566838, 7.5, 3718, 圣人请卸妆
1975591, 7.6, 3134, 乐未央
6969827, 7.7, 2676, 理想丰满
6808941, 8.0, 1723, 七日谈
24527845, 7.0, 8696, 我讲个笑话，你可别哭啊
25776456, 8.7, 722, 老味道
1137681, 8.8, 650, |坡志林
1865891, 7.8, 2205, 神了
1329975, 8.6, 800, 看世纪末向你走来
4104794, 8.3, 1129, 有一类战犯叫参谋
1322264, 7.8, 2182, 陈丹青音乐笔记
1442455, 8.8, 639, 王小波作品精选
1761142, 7.9, 1860, 人和食物是平等的
3866002, 7.2, 5706, 我所爱的香港
5293030, 7.1, 6873, 那些有伤的年轻人
1042677, 7.7, 2474, 47楼207
4240403, 7.1, 6837, 最好的女子
6802371, 7.9, 1847, 一个游荡者的世界
1815627, 8.6, 770, 书斋里的革命
6398075, 8.0, 1587, 一转念
1768100, 8.1, 1389, 江湖外史
26606389, 7.4, 3894, 白说
3662421, 8.1, 1381, 密涅瓦火柴盒
25798977, 7.4, 3872, 去你家玩好吗
10537640, 6.9, 9823, 如丧
1915716, 8.5, 841, 负暄琐话
1968643, 7.3, 4496, 无目的美好生活
6877598, 8.7, 670, 士人风骨
5404877, 8.2, 1176, 安持人物琐忆
5938219, 7.8, 1993, 昨日书
1075743, 7.3, 4366, 我把青春献给你
1968084, 8.9, 535, 而已集
1017541, 7.3, 4328, 读城记
6831222, 8.4, 900, 随性而至
1005096, 8.7, 647, 旧情解构
3258802, 8.6, 701, 盛装舞步
1313443, 9.3, 357, 鲁迅精选集
20499677, 8.0, 1423, 味道・味觉现象
20499673, 7.9, 1625, 味道・人民公社
3793774, 8.5, 768, 读库0903
2365114, 7.8, 1844, 中国纪事
3808810, 7.7, 2124, 来去自由
2025188, 8.2, 1084, 故事
1073749, 7.6, 2458, 李敖有话说
25741244, 7.1, 5674, 我承认我不曾历经沧桑
1427754, 8.8, 535, 侏儒的话
3253866, 7.8, 1750, 想象中的动物
5399528, 8.7, 590, 《新周刊》2010年度佳作
3336953, 8.5, 726, 沧海明月・流光卷
1291593, 7.8, 1723, 跨一步就成功
1876333, 7.7, 1985, 没有国家的人
1919723, 8.4, 798, 台的香港P @ 沙25
1437162, 8.1, 1135, 随想录
1807349, 8.6, 632, 个人尊严
1056501, 8.1, 1083, 传统下的独白
1439697, 8.6, 609, 读库0600
1880457, 9.2, 342, 鲁迅文集（全两册）
1790950, 8.7, 546, 且介亭杂文
5380072, 8.2, 947, 思想与乡愁
6826594, 8.2, 941, 故事照亮未来
1051324, 7.8, 1573, 铁屋中的呐喊
1003646, 7.5, 2446, 闲话中国人
20499702, 7.7, 1786, 味道・第一宗罪
5353386, 7.5, 2408, 我读2
1037121, 9.3, 301, 寒柳堂集
1468907, 8.8, 473, 且介亭杂文末编
4901554, 7.2, 3847, 一个都不正经
1006453, 8.5, 641, 南怀瑾谈历史与人生
1081485, 8.3, 800, 记忆碎片
1409892, 9.0, 388, 随遇而安
10876103, 7.4, 2701, 守脑如玉
6393733, 7.4, 2679, 当我们聊起日本时
1845109, 8.6, 556, 小椴作品
3647875, 8.1, 959, 读库0901
1831760, 8.0, 1086, 弱水三千
3711727, 7.5, 2179, 等待香港
1313268, 7.5, 2152, 猪和蝴蝶
1071187, 9.0, 366, 老舍幽默诗文集
3082416, 8.2, 831, 读库0802
2297234, 7.7, 1559, 花事
1004554, 7.4, 2422, 中国的男人和女人
4822183, 7.4, 2422, 俗话说
24754123, 7.0, 4820, 所有人问所有人
7055536, 8.9, 386, 资中筠自选集（全五册）
1046175, 7.4, 2354, 寻常放荡
1274932, 7.7, 1484, 冷眼看人生
1759860, 7.4, 2313, 不许联想
2022506, 7.8, 1287, 思想国
6125965, 8.2, 777, 李逵日记
25745691, 7.2, 3191, 罗辑思维
2359212, 7.5, 1955, 文化@私生活
4729521, 7.8, 1262, 单向街 002
4104793, 7.6, 1668, 冰眼看日本
1392950, 7.5, 1897, 花间一壶酒
20480681, 7.4, 2200, 你当温柔，却有力量
20499070, 8.1, 835, 这个社会会好吗
3673386, 7.2, 3019, 廉价哲学
4146477, 7.6, 1602, 北大批判
1929322, 8.2, 731, 读库0605
25886172, 7.6, 1587, 幻想图书馆
1468906, 8.7, 429, 二心集
1974027, 8.7, 429, 热风
1690744, 8.8, 388, 梁实秋精选集
4902836, 8.7, 426, 王小波小说全集：白银时代 2010 黑铁时代
3863494, 8.0, 919, 季羡林读书与做人
3608751, 7.4, 2100, 醒来
10536368, 8.2, 706, 纸上卧游记
6875416, 8.5, 502, 感时忧世
1077328, 7.8, 1132, 只是蝴蝶不愿意
25804641, 7.7, 1273, 草草集
26673941, 8.2, 679, 正午故事001
19956258, 8.5, 490, 容忍比自由更重要
1492804, 8.2, 676, 把栏杆拍遍
1003373, 7.8, 1099, 李敖快意恩仇录
1069778, 8.1, 746, 我的川菜生活
5982380, 8.3, 592, 祸枣集
1037857, 8.1, 742, 文字是肉做的
1922042, 8.4, 527, 你不可不知的人性
26656018, 9.1, 268, 那些年，我们一起追的球星
19986373, 8.8, 348, 我的精神家园
1292448, 8.1, 723, 女子与小人
6796987, 7.8, 1049, 寡人
1823785, 7.9, 918, 误读
2975939, 7.4, 1833, 论扯淡
25850737, 7.2, 2518, 想得美
1438691, 7.7, 1184, 都是妖蛾子
2993118, 7.8, 1035, 十面包袱
20387024, 7.2, 2468, 晓说
1024013, 8.4, 503, 风声・雨声・读书声
4934669, 7.6, 1332, 老而不死是为贼
1083333, 8.4, 502, 积极生活
3033673, 7.5, 1532, 爱恋无声
5978079, 7.8, 1009, 百家姓
1005993, 7.6, 1321, 压伤的芦苇
1009640, 7.7, 1141, 闲看水浒
21322429, 8.2, 614, 读库1301
1186210, 8.7, 365, 余光中经典作品
1808600, 7.8, 993, 皇后之死
1033007, 7.7, 1124, 关系千万重
3033671, 7.5, 1476, 江湖有事
2076617, 8.5, 436, 不朽
2294982, 7.8, 972, 与陈丹青交谈
10440147, 8.3, 530, 世间的名字
1131988, 8.4, 472, 不服从的江湖
1794202, 7.1, 2670, 苏丝黄的世界
5321843, 6.5, 8658, 假装的艺术
2025433, 8.8, 315, 且介亭杂文二集
1021255, 7.6, 1214, 点一盏心灯
10570061, 8.1, 639, 单向街 004
25799286, 8.2, 569, 博尔赫斯的面孔
2977890, 7.8, 912, 总有一天
1987262, 8.3, 506, 王小波全集(第十卷):未竟稿
2250146, 8.1, 626, 书时光
25697347, 8.2, 559, 无畏
3028846, 8.0, 700, 大医院小医师
3445398, 8.3, 496, 2008语录
1207626, 8.4, 445, 谁来跟我干杯
2057796, 9.0, 252, 鲁迅文集
1028977, 8.7, 329, 玻璃屋顶
20499536, 7.8, 873, 时代的稻草人
1048857, 8.0, 681, 将错就错
1871590, 7.1, 2437, 爱你就像爱生病
1856046, 8.0, 677, 沉默的告白
1081403, 7.6, 1126, 我的梦想在燃烧
2973228, 7.9, 760, 蔡澜谈倪匡
6904615, 7.0, 2859, 再不相爱就软了
1007246, 7.8, 860, 写食主义
1074263, 7.7, 973, 上海色拉
1084445, 8.1, 595, 觅渡
4742298, 9.1, 223, 我之舞
3686287, 7.8, 839, 梦的1/4旅行
24160391, 7.9, 728, 越弱越暗越美丽
1453120, 8.3, 461, 逝去的年代
3711048, 7.7, 931, 有范儿
4915930, 8.0, 641, 虚拟书评
1890742, 7.7, 911, 东写西读
3076600, 8.9, 253, 朱光潜谈美（朱光潜卷）
24748616, 8.2, 499, 介绍我自己的思想
4149376, 8.0, 625, 朝闻道集
6528084, 8.2, 496, 丢下宝钏走西凉
6109582, 8.1, 550, 走不出的风景
10466455, 7.3, 1572, 不必读书目
1042250, 7.9, 692, 肚大能容
25696884, 8.4, 394, 读库1304
2033577, 8.9, 245, 华盖集续编
10517247, 8.5, 353, 在新疆
25958626, 7.9, 676, 橄榄成渣
1065858, 7.5, 1126, 女巫词典
23774520, 7.6, 980, 晓说2
5349588, 7.7, 858, 单向街 003
10569245, 7.1, 2062, 不愿说谢谢的人
10779411, 6.7, 4256, 男女内参
1427726, 8.1, 523, 耻辱者手记
4615442, 7.6, 964, 生命的清单
2025444, 8.6, 312, 伪自由书
3405814, 7.4, 1271, 豆芽集1
5335800, 8.3, 419, 吾意独怜才
24716171, 8.6, 311, 沉默的大多数
4583113, 6.8, 3428, 四手联弹
1015412, 8.2, 463, 李敖语萃
26679240, 7.6, 952, 槽边往事
6966406, 7.7, 817, 小小姑娘
10344037, 7.1, 1957, 给理想一点时间
1463259, 8.2, 453, 深浅
5391566, 8.2, 453, 家国天下
1326000, 7.4, 1228, 大熊猫看小电影
3986581, 7.9, 629, 北纬78°（全二册）
2122113, 9.2, 180, 梁实秋散文（共四册）
1066790, 7.6, 904, 橘子不要哭
1484804, 7.7, 791, 不文集
1781013, 8.2, 439, 肆无忌惮
6405618, 7.4, 1175, 我读3
6711774, 7.8, 685, 出神
25886896, 7.4, 1164, 关键词
25804642, 7.5, 1001, 谈话的泥沼
7007774, 7.7, 766, 没有意义就没有摇摆
1040673, 8.2, 425, 笑忘书
4252865, 8.4, 346, 亲爱的木木
1773084, 9.2, 171, 沈从文文集
26801831, 7.3, 1303, 在宇宙间不易被风吹散
23197834, 7.0, 2096, 我们如何走到这一步
25944294, 7.5, 960, 来到地球第一天
24371403, 6.8, 2927, 过得刚好
10512507, 7.6, 835, 锵锵三人行・跟陈丹青聊天
2310647, 7.3, 1267, 先上讣告后上天堂
1042690, 8.6, 275, 南腔北调集
1455679, 7.4, 1070, 无知者无畏
2075391, 7.2, 1429, 那些不值钱的经验
1812843, 7.7, 710, 在中国屏风上
1465795, 7.6, 807, 天公不语对枯棋
3920235, 7.4, 1038, 等待香港
1974018, 8.6, 264, 准风月谈
26662051, 8.1, 434, 我说的不一定对
3651646, 7.9, 542, 精神明亮的人
4023216, 8.8, 220, 王小波散文精选
25933442, 7.0, 1893, 不散的宴席
6519060, 7.1, 1583, 我有一个朋友
1786965, 8.9, 199, 一生的朋友
25952582, 8.0, 472, 我爱・我家
2310290, 7.6, 756, 京味九侃
1850727, 7.2, 1316, 大话方言
4826483, 7.9, 517, 锵锵三人行・文化圈
6990248, 7.5, 851, 失败者之歌
3768297, 7.1, 1521, 乱来
1082843, 7.4, 968, 我打不赢爱情
24743163, 7.3, 1117, 世界将我包围
1475509, 7.9, 512, 北京段子
26314606, 8.6, 250, 打回原形
1768331, 7.3, 1114, 笑场
19956259, 8.0, 455, 人生有何意义
1312147, 7.8, 570, 中国厨子
6528073, 7.7, 639, 丧家犬也有乡愁
2998520, 8.0, 449, 论小丑
1059989, 7.7, 634, 还是情愿痛
1067782, 8.4, 293, 自由的言说
26263052, 7.9, 494, 毫无必要的热情
7154299, 7.7, 626, 东榔头
1004391, 8.5, 264, 中西风马牛
10427334, 8.2, 352, 大时代的边上
19976775, 7.5, 797, 死城漫游指南
6528081, 8.0, 430, 领先处男半目
1071800, 7.7, 607, 饮食男女
1968105, 8.7, 214, 三闲集
5401958, 7.2, 1182, 九万字
25826578, 7.1, 1376, MacTalk 人生元编程
4717189, 7.3, 1016, 妄谈与疯话
1009295, 7.8, 517, 红袍蝎子糖
1012573, 8.3, 300, 我是谁
6000646, 8.5, 247, 夜读抄
1439657, 8.2, 330, 午夜的幽光
25831406, 8.3, 298, 陌生的中国人
1325970, 8.1, 365, 思想者说
1898279, 8.2, 329, 张小娴散文集1
3035440, 7.3, 970, 我用一生去寻找
2194590, 8.0, 403, 心灵鸡汤全集
1855213, 9.0, 159, 李宇春麈谈
10749931, 8.1, 353, 我的两个世界
6105391, 8.7, 200, 金瓶梅
3752476, 7.9, 438, 警察手记
1010499, 8.6, 217, 龙坡杂文
20414904, 6.6, 2984, 天下卵
3345152, 7.6, 618, 最厦门
1444728, 8.2, 314, 中国人的智慧
10430437, 7.4, 802, 人生百忌
1915725, 8.4, 258, 负暄续话
6785611, 7.4, 801, 痴男怨女问沈爷
1010257, 7.6, 610, 黑色的孤独
25886895, 7.0, 1434, 如何成为一个妖孽
25749911, 7.7, 535, 生命的单行道:程浩日记
4934667, 7.3, 897, 一生只为这一天
1042984, 8.2, 301, 人生的盛宴
7916062, 8.0, 368, 白描
2760024, 7.7, 516, 放虎归山
1082191, 8.3, 270, 林语堂经典作品选
1469212, 6.9, 1599, 所有的男人都是消耗品
1019391, 7.6, 579, 爱与痛的边缘
3858961, 7.3, 858, 蔡澜眼中的八婆与美女
1547521, 8.6, 203, 西湖梦寻
1027393, 8.6, 202, 自己的园地
11505930, 7.3, 848, 杀鹌鹑的少女
1062913, 7.9, 399, 食相报告
3067186, 8.1, 321, 酱缸震荡
1018346, 8.0, 355, 我的不安
1056329, 8.6, 199, 知堂书话（上下）
24706897, 7.4, 724, 我这一代香港人
20414497, 7.3, 827, 乱象丛生
25777339, 8.3, 258, 老生常谈
1051841, 8.5, 212, 脂麻通鉴
24714249, 7.8, 430, 活
3430536, 7.0, 1262, 上流社会知识竞赛
19940741, 7.2, 921, 罗辑思维2
1075896, 7.6, 538, 光与影
2326113, 7.3, 791, 生活的勇气
1420444, 8.0, 336, 嫁给太监
3067185, 7.8, 418, 我们要活得有尊严
25784952, 8.1, 302, 读库1306
21965475, 7.1, 1026, 爱上几个人渣
2365744, 7.8, 409, 无轨列车
26578484, 7.3, 762, 世界上有趣的事太多
1046192, 7.6, 515, 泼墨：李碧华作品集(十二)
3887772, 7.8, 405, 真话
3916146, 7.8, 404, 何枝可依
4261996, 7.5, 579, 这些年
1035403, 7.6, 511, 八十八夜
1066510, 8.3, 239, 齐人物论
1041464, 7.5, 574, 真假美人汤
6532729, 7.7, 447, 黑眼睛看世界
1343276, 8.5, 197, 面Υ蠛５r候
6313273, 7.6, 498, 窥破金瓶
2137804, 8.2, 258, 新周刊・忐忑
4100644, 7.5, 561, 日本万象
26321199, 8.0, 314, 读库1501
6711374, 7.7, 437, 木范情书
1039886, 8.6, 178, 看云集
1026309, 7.3, 715, 自由风格
1019192, 8.7, 162, 储安平文集(上下)
1022476, 8.7, 162, 苦竹杂记
4044131, 7.3, 714, 嘲骚
1066987, 8.3, 229, 杂书过眼录
10480987, 7.3, 707, 郁闷的中国人
1006207, 8.3, 227, 温故（之一）
4323802, 8.4, 207, 风流绝
1082163, 8.6, 172, 李敖大全集 10
1436227, 7.7, 419, 女人，天生是尤物
1461075, 8.3, 224, 独白下的传统
26315736, 7.7, 415, 树，不在了
26715901, 7.8, 368, 读库1601
1026904, 8.4, 201, 图雅的涂鸦
24714250, 7.9, 328, 老得可以告别孤独
23780838, 9.0, 123, 沉默的大多数
7062629, 8.3, 218, 越界言论（第3卷）
2074571, 8.1, 263, 逼视的眼神
25849981, 7.5, 508, 我读
1547524, 9.1, 112, 陶庵梦忆
2362698, 6.6, 1987, 新狂人日记
5399266, 7.9, 319, 生命的品质
2372193, 7.1, 866, 那件疯狂的小事
3205286, 6.9, 1177, 青花瓷
5990497, 6.8, 1382, 中国的逻辑
2150749, 7.1, 854, 小规模荡气回肠
1426927, 7.3, 644, 美国是如何培养精英的
1053259, 7.4, 564, 啊，上海男人
25780158, 8.1, 254, 鸟儿歌唱
1858191, 7.4, 560, 闲走日本
1014263, 8.5, 174, 知堂文集
25799030, 7.3, 628, 莫急，你要的岁月都会给你
25924211, 7.5, 485, 窃美记
5908163, 8.5, 173, 谈虎集
5401874, 7.9, 306, 什么是好的公共生活
20366457, 6.0, 6835, 香蕉哲学
6757194, 6.8, 1315, 碎片，令人怀念的1980年代
3003579, 7.3, 619, 蔡澜品女人
10432756, 7.3, 619, 微勃症
26177823, 6.6, 1846, 在这复杂世界里
3181962, 8.3, 202, 无所不谈
4908831, 7.4, 535, 乐意
3016106, 7.9, 299, 忆往述怀
26383472, 7.2, 698, 你我皆凡人
26266812, 8.2, 221, 读库1405
1419561, 8.5, 168, 力求严肃认真思考的札记
6120003, 7.7, 368, 非说不可
1045168, 8.2, 218, 残酷之美
19976126, 8.5, 166, 在意义天际的写作
10439880, 8.4, 181, 不道德教育v座
2213491, 8.1, 239, 心灵独白：余杰自选集
4140439, 6.7, 1481, 毒舌北野武
1059914, 8.1, 237, 经济学的争议
26782781, 7.6, 404, 不必交谈的时刻
1476956, 9.1, 103, 博尔赫斯散文
10782031, 8.9, 118, 胡适的理想国
5423906, 7.0, 883, 辣笔，小心！
1476351, 9.1, 102, 蒲桥集
1056114, 8.3, 193, 故园情
10544947, 7.7, 352, 不曾苟且II
26667282, 8.6, 148, 见信如晤
6864085, 7.5, 444, 知识不是力量
1451505, 7.2, 655, 黄色潜水艇
2262908, 7.5, 442, 鸟儿问答
3554502, 8.0, 253, 零碎的欢颜
2060498, 7.2, 642, 我要成为世界的一部分
3404560, 6.9, 997, 民国女子
5966160, 8.1, 227, S舜英物日
5502410, 6.7, 1383, 北京的腔调
1980588, 8.2, 206, 文人的底气
25709399, 6.6, 1635, 不省心
3003524, 7.7, 341, 通往比傻帝国
26291216, 6.5, 1960, 我们生活在巨大的差距里
1797988, 8.1, 223, 浮生胡言
6804833, 8.1, 223, 说魂儿
1746182, 8.8, 122, 龙应台杂文精品
25752421, 7.7, 336, 走神
1157551, 7.5, 424, 把日子过成段子
2059402, 8.7, 131, 我们一家人
26861753, 7.8, 299, 愿你道路漫长
1042831, 7.3, 541, 中国性研究
19995776, 6.9, 952, 我和这个世界不熟
2066221, 7.8, 296, 恋爱中的博尔赫斯
24845240, 7.8, 295, 给理想一点时间Ⅳ
25902451, 7.4, 468, 不妥
26807869, 8.1, 217, 读库1603
1820051, 8.3, 180, 雅舍杂文
1049681, 7.6, 366, 别拿畜生不当人
4822157, 6.6, 1538, 我呸
3289285, 8.4, 163, 语文常谈
1026157, 8.5, 149, 读书随笔一集
20458907, 7.5, 400, 书淫艳异录（全二册）
25817337, 7.4, 449, 晓说3
1005596, 8.5, 146, 自由的歌谣
24716174, 8.3, 173, 我的精神家园
1310160, 8.6, 134, 自由18岁
25839400, 7.2, 576, 既然已经走了这么远
3344466, 7.6, 348, 世界是我的床
1899062, 8.0, 227, 彀外谭屑
1043001, 7.2, 566, 王蒙自述
3665981, 7.6, 342, 吃的大冒险
26757246, 8.4, 154, 交换梦想
20499267, 7.5, 378, 时代正在改变
26359009, 6.5, 1664, 和喜欢的一切在一起
1974714, 8.5, 140, 丰富的痛苦
1419559, 8.4, 152, 斗室的散步
20510197, 7.1, 628, 猴样
1019184, 7.5, 370, 玫瑰花与肉丸子
4179185, 8.2, 178, 爱的智慧，决定女人的一生
24860806, 6.4, 1945, 薄荷日记
1395831, 7.6, 326, 考吃
4941365, 6.8, 956, 中国，我误解你了吗
2273712, 7.5, 362, 咖啡馆里看欧洲
1385745, 8.8, 107, 如何一b好狗
1258602, 7.8, 254, “黑”话水浒
21335029, 6.9, 788, 鸳鸯谱
5907541, 7.9, 229, 拾贝集
3154678, 8.1, 187, 世相物语
19912140, 7.0, 666, 读书毁了我
3335663, 7.2, 504, 日本人与中国人
10461404, 7.8, 249, 碎碎念
4122954, 7.8, 248, 财经郎眼01
5908162, 8.5, 130, 谈龙集
2255869, 8.0, 202, 小话西游
1270044, 7.6, 306, 有关品质
2361291, 9.0, 89, 胡m文x
1071745, 7.4, 382, 他们很无聊，我们很焦虑
5984003, 7.1, 556, 暧昧的瞬间
1979132, 7.7, 267, 此乃广告书
1035974, 7.9, 217, 余墨集
1786219, 8.6, 117, 宪政主义
1141666, 8.3, 149, 私语
25703280, 8.5, 126, 游金梦
25774256, 7.2, 480, 肥肉
2381133, 8.1, 177, 人生与学问
26697791, 9.3, 70, 鲁迅杂文集
1106296, 8.1, 173, 给你所爱的人以自由
1010845, 8.7, 105, 风雨谈
1318267, 8.8, 97, 熊猫虎子
6791841, 7.2, 458, 锵锵三人行・只谈风月
10761380, 6.9, 695, 我住宝岛一村
4252091, 8.4, 130, 午夜的沉默
3880501, 9.3, 68, 鲁迅杂文精选集
2123587, 8.5, 119, 作文杂谈
4189212, 8.5, 119, 人之镜
20477114, 7.7, 247, 做点无用的事
20472501, 7.5, 307, 深夜十堂
3688346, 7.2, 437, 不想告别的夏天
1962902, 7.7, 243, 燕山夜话
1000593, 8.2, 149, 一个战时的审美主义者
3533835, 8.2, 149, 余墨二集
11583756, 8.2, 149, 知日的风景
25895959, 7.5, 299, 晓说4
1011688, 8.4, 125, 读书随笔(三集)
1827096, 7.7, 239, 阅读的狩猎
25814894, 7.6, 264, 单向街005
4910521, 7.4, 331, 中国心绞痛
4167913, 8.8, 91, 胡适作品新编
25843222, 8.3, 132, 你不可不知的人性
20495102, 7.8, 209, 为坏人辩护
25996933, 8.4, 121, 独坐
6558214, 7.5, 283, 反语
1008249, 7.4, 317, 中国文人的非正常死亡
1034127, 8.1, 154, 柏杨回忆录
1028430, 8.1, 153, 不死的火焰
1005442, 8.7, 94, 药味集
25884244, 8.3, 128, 父亲的江湖
26434054, 8.3, 128, 先放一把火
11577428, 7.5, 278, 腰斩哪吒
1983155, 7.8, 202, 德国人
24719014, 7.6, 246, 中国有多特殊
3880848, 6.3, 1614, 向死而生
4744051, 7.2, 392, 答案从未在风中飘过
10343070, 7.3, 346, 装X
26588107, 7.4, 306, 只有大众
1088507, 8.5, 107, 北窗杂记
4322842, 8.5, 107, 奥威尔散文
4746111, 7.4, 303, 书生傻气
3587679, 8.0, 162, 蔡澜谈人生
3011978, 7.9, 177, 我们热爱什么样的生活
6798321, 7.3, 332, 如愿
1870732, 7.2, 373, 杂志癖
1578858, 7.5, 258, 史学与红学
1041283, 7.6, 230, 读经济学书
1424542, 7.7, 207, 巴黎到月亮
11505929, 7.0, 466, 洗手间里的主权
20435400, 8.4, 108, 坐待天明
25887970, 8.3, 117, 我们的普世文明
3714673, 7.8, 183, 毒辣端庄
10864173, 8.5, 99, 人间随喜
1076066, 8.2, 125, 孤岛访谈录
26280552, 8.3, 115, 我是一只骆驼
25870245, 8.4, 106, 时间男孩
1045089, 8.5, 98, 永日集
1132115, 7.2, 347, 37°8
26371645, 8.2, 124, 女神经过
3289287, 7.9, 161, 语文闲谈
4844653, 8.1, 134, 纸上的声音
26340273, 6.8, 588, 我们这个时代的怕和爱
25891303, 8.2, 122, 治大国
1141935, 8.0, 145, 游荡与闲谈
5292438, 8.3, 111, 救救孩子
1411194, 8.5, 94, 魂牵
11601310, 8.2, 119, 传统下的独白
1040404, 8.4, 101, 孔乙己外传
4214237, 7.6, 208, 独自在13亿人中
1441016, 7.4, 257, 野史记
1031289, 7.7, 186, 高潮
1289794, 8.1, 127, 性与美
1394394, 8.6, 85, 念楼学短
5328080, 8.6, 85, 季羡林妙语录
10747634, 8.3, 106, 寻找有意义的教育
1056695, 8.5, 90, 药堂语录
4188010, 8.1, 124, 诗经讲评之风人深致
1069781, 8.8, 72, 原上草
3628209, 7.5, 218, 孤独的狂欢
24844194, 7.9, 146, 我为什么没有成为江洋大盗
10433836, 7.3, 271, 十人
26726972, 8.5, 88, 人生最美是清欢
1447216, 9.4, 49, 王绵之方剂学讲稿
26897973, 7.6, 193, 中国特色的译文读者
25919902, 7.4, 237, 单读06
25905654, 6.9, 436, 山河小岁月
5298484, 7.2, 294, 无聊斋
10600828, 7.8, 154, 打死我也不说
25844640, 7.0, 374, 如何处理仇人的骨灰
1424692, 8.0, 127, 还好
2379354, 7.7, 167, 李敖情书集
10741920, 7.0, 368, 再见苏丝黄
26866648, 8.1, 115, 吃了再爱，还是爱了再吃？
25857164, 7.1, 319, 都什么时候了
10493971, 8.6, 77, 敏感~
6794357, 8.8, 67, 枕边书与床头灯
2101805, 9.5, 44, 梁启超文集
25828092, 8.0, 121, 国文趣味
11526307, 7.8, 145, 谁在统治着日本
4048227, 7.1, 307, 仇富
6890709, 9.5, 43, 天下事，q未晚
1000348, 8.7, 69, 知堂乙酉文编
1014639, 8.2, 100, 激动的舌头
25828086, 8.2, 100, 我们怎样读书
25836950, 7.0, 341, 大叔
3294709, 8.3, 92, 自由之路
6979779, 7.8, 138, 牛人的物种起源
20435257, 7.5, 185, 不曾苟且3
25873681, 8.3, 90, 永远的乡愁
25836271, 7.4, 204, 小妹
25813565, 7.6, 164, 李银河：我的社会观察
3734555, 7.8, 135, 左手中国人右手日本人
5377301, 8.4, 81, 且行且歌
1737322, 7.8, 133, 动物的生命
2992563, 7.0, 317, 中国人的性格历程
3810675, 7.2, 247, 大实话
11601321, 6.9, 359, 大家都很2
3008942, 7.3, 219, 八卦多一点
3289281, 8.1, 101, 文章修养
26590149, 7.3, 216, 亦摇亦点头
3319916, 7.0, 309, 葫芦提
26311780, 7.8, 130, 大人故事集
20563218, 7.1, 269, 十三亿种活法
3914847, 8.1, 99, 梦回北京
3354511, 7.4, 189, 谣言的特点
2307589, 7.8, 127, 中国纪行
2996029, 8.6, 67, 王洪图内经讲稿
1018202, 8.5, 71, 苦雨斋序跋文
26661067, 8.3, 82, 万物皆奇迹
25918783, 7.3, 204, 苦菜花，甘蔗芽
1066999, 8.5, 70, 辜鸿铭文集(上下)
1006540, 8.6, 65, 药堂杂文
5417401, 7.5, 160, 锵锵三人行・王蒙说
3170183, 6.6, 486, 中国风
1399708, 8.3, 79, 星空下的守望者
10520050, 8.7, 59, Tiny Beautiful Things
20471088, 6.7, 403, 谈笑间
26279113, 7.9, 106, 关于普罗旺斯的一切
4842955, 8.6, 62, 如是我闻
11632328, 6.7, 401, 那些我睡过的床
20259879, 7.4, 170, 不安的生活
1209753, 7.8, 115, 励志人生
24845103, 8.2, 82, 木片集
1084214, 7.3, 187, 上海Lady
3182988, 9.4, 38, 白虎关
10423724, 8.6, 61, Araki
1441116, 7.1, 231, 先锋书店
25785647, 9.0, 47, 王小波思想小品
4882130, 8.7, 56, 改变就是进步？
3128795, 7.9, 101, 知者不言
23055567, 8.4, 68, 一本杂志和一个时代的体温-新周刊16年精选（上.下册）
12278074, 8.3, 73, Fresh Off the Boat
20492197, 8.6, 59, 胡适读书与做人
5383215, 8.2, 78, 拒绝伪正义
1289801, 7.2, 196, 谁的大学
5328230, 7.1, 219, 三地书
6624346, 8.9, 48, 依然旧时明月
1025519, 7.8, 107, 读书人的出世与入世
6068580, 9.1, 42, 周作人自编集第一辑（简淡生活・性情文章）
4737155, 7.0, 240, 和月折梨花（全二册）
5296615, 7.0, 238, 新闻抄袭历史
1030920, 6.9, 268, 邪童正史
26706748, 8.0, 87, 无聊世界的正经事
1393589, 8.4, 64, 知识分子与市场
1270042, 7.0, 233, 你走神儿不如我走神儿
5262675, 8.7, 52, 新版李敖大全集
4604927, 7.3, 164, 常识
6852448, 8.4, 63, 我爱问连岳
25944856, 8.1, 78, 世界上所有的夜晚
26617174, 8.1, 78, 大刀阔斧绣花针
26599193, 6.3, 613, 我们从未陌生过
1145253, 8.7, 51, 梁实秋杂文集
26883163, 8.5, 58, 好一座浮岛
5315356, 7.5, 130, 活着的理由
5026742, 6.9, 252, 中国人为什么看不起中国人
25886333, 8.1, 77, 依存与自立
6742660, 7.0, 222, 北京的腔调Ⅱ
6863374, 7.5, 128, Y语录
10446423, 8.1, 76, 答同代人
5503795, 7.7, 105, 尼采的博客
4822998, 7.3, 152, 无法独活
26260603, 8.0, 80, 你为什么活着
2089292, 7.1, 187, 饭醉分子
25747346, 7.8, 93, 一头自由主义的鹿
1426362, 7.5, 121, 李宇春，真帅！
2035119, 8.2, 67, 沉疴
6100946, 6.9, 232, 公民心事
1028292, 7.9, 84, 摩登上海：三十年代洋场百景
19962889, 9.6, 29, 梦想与路径
26393369, 7.2, 161, 我书架上的神明
1603599, 9.5, 30, A Collection of Essays
25744355, 7.8, 88, 关于生命的一切
25717402, 7.0, 194, 在大时代，过小日子
6709792, 7.6, 104, 博文001
2034748, 7.4, 125, 季羡林谈写作
3608292, 8.4, 55, 够了
25768864, 7.4, 124, 谎言的年代：萨拉马戈杂文集
26397584, 7.7, 93, 单向街
25875292, 6.9, 211, 致我们总被戳中的人生
3115976, 7.6, 101, 历史的镜子
1002451, 7.9, 78, 艺术复仇
4729669, 7.8, 84, 回归古典之美
2993552, 7.5, 109, 从黄昏起飞
11601311, 7.6, 98, 为自由招魂
4063011, 7.1, 161, 与精英保持距离
1104585, 8.6, 46, 妄谈疯话
3156475, 8.4, 52, 山川悠远
11531731, 8.4, 52, 书鱼知小
24319356, 7.7, 88, 左京都男子休日
26142174, 7.6, 96, 今天的早餐
1397574, 9.1, 34, 100 Selected Poems
5026749, 7.3, 127, 无所畏与无所谓
3845030, 6.8, 223, Java程序员，上班那点事儿
1950039, 8.2, 59, 北平怀旧
3577218, 5.2, 5467, 中国不高兴
2028671, 9.4, 29, A Supposedly Fun Thing I&#39;ll Never Do Again
1774988, 8.0, 68, F得有品味
1456117, 8.4, 51, 指挥生涯――我的游学随笔
26694238, 7.4, 113, 被误解的日本人
26646622, 7.5, 102, 生活在宋朝
26375776, 7.6, 93, 言花
6025886, 8.2, 57, 雅舍精品
22606914, 7.9, 71, 故事
1317813, 7.2, 133, 我对你说
1360387, 8.4, 49, 只怕文茜
26828648, 6.9, 184, 这个时代这些人
25910229, 7.4, 108, 人间世
3767475, 8.8, 38, How to Beat Sir Humphrey
26937000, 8.4, 48, 山河袈裟
20423548, 7.9, 68, 翻皮球
25838028, 7.7, 79, 老梁说天下
25734531, 8.4, 47, 斯文扫地
11599727, 7.3, 113, 拟管锥编
1955325, 8.3, 50, 休谟散文集
25870964, 7.2, 124, 唯有青春 最难将息
2134697, 8.1, 57, 落
24294860, 8.0, 61, 不与流行为伍
1094615, 7.5, 89, 有想法没办法
5950727, 6.6, 238, 贰时代
26658728, 8.2, 51, 高墙深院里的科学大腕
26755104, 7.5, 87, 20几岁，你为什么害怕来不及
26298264, 9.2, 28, 积存时间的生活
1018976, 8.1, 53, 不合时宜的思想
26594612, 6.2, 404, 犀牛字典
3717179, 7.4, 92, 皇帝公关学
1145310, 7.6, 77, 走出囚徒困境
25716763, 7.3, 101, 一点墨
20489763, 6.4, 287, 所有女人都是奢侈品
11613690, 8.4, 42, 苦口甘口
1048443, 7.2, 109, 好女孩上天堂
26862453, 8.7, 35, 大地栖居
10578497, 6.8, 168, 在和风中假寐
26164639, 7.9, 59, 挪威慢生活
1787833, 7.8, 63, 金陵五记
25812766, 9.0, 29, 逍遥游
1032768, 7.2, 105, 狐狸洞呓语
10528202, 7.1, 115, 民国范儿
1434472, 8.2, 46, 人生大策略
25926549, 7.2, 103, 师友杂忆
6843086, 6.4, 266, 都别废话
1321641, 8.9, 30, 人文随笔
2152945, 8.9, 30, 天下才子必读书
6954082, 6.1, 418, 北京的味道
2029149, 7.8, 60, Pénisatlas
20458941, 8.2, 45, 白纸黑字3
4723558, 7.9, 55, 西滢闲话
24839528, 7.7, 64, 亲爱的米亚
26656020, 6.6, 193, 我长得丑，你们都得让着我
6024105, 7.2, 98, 读书人站起来
26215956, 7.3, 89, 爱一人 上一课
20259923, 8.3, 41, 反调
1053097, 7.8, 58, 从历史的偏旁进入成都
26148741, 8.6, 34, 自由的阶梯――美国文明札记
26314751, 7.5, 73, 东京留学忆记
22207603, 7.0, 117, 斯文
11500141, 7.3, 84, 好好学习 天天向上
1929971, 8.8, 29, 鲁迅杂感选集
25744064, 7.3, 83, 我不原中教育
26752665, 6.4, 230, 一些无可厚非的小事
10466019, 7.0, 111, 此一去万水千山
1761842, 7.9, 50, 丑陋的美国人
25901588, 7.9, 50, 跟着张鸣上大学
24396671, 7.7, 58, 神准的性格分析
26453142, 8.9, 27, 亲爱的提奥 梵高信件选集
1041822, 7.6, 62, 聂绀弩杂文集
26695154, 7.5, 66, 在无趣的时代活得有趣
3060324, 8.0, 45, 柏杨谈男人和女人
25887109, 7.2, 83, 活着你就得有种
20383605, 6.6, 157, 人生只剩八卦了
23695831, 6.6, 156, 忐忑的中国人
11516570, 7.5, 62, 嘴v是怎成的
26772461, 6.4, 195, 我们为什么总是看错人
21329643, 6.9, 107, 历史与看客
25907847, 8.3, 34, 在h方相遇
6860931, 8.4, 32, 意义的疆场
1789711, 7.7, 51, ]有你不行，有你也不行
25925079, 8.0, 41, 不淡定的中国人
10529825, 6.3, 215, 很二
1396090, 8.1, 38, 旅食与文化
20172570, 8.1, 38, 叶曼拈花
26695147, 7.7, 50, 成长是一件孤独的事
10758716, 8.0, 40, 只是历史已清零
11528349, 8.2, 35, 浮生五记
1664097, 8.4, 31, 伏尔泰精选集
1074609, 7.7, 49, 妆台杂记
25836213, 7.7, 49, 博赞记忆术
22158363, 7.5, 57, 习惯重于方法
26344840, 6.8, 110, 丑陋的中国人
24539415, 7.4, 61, 在黑夜遇见历史
3509010, 6.5, 153, 大前研一不爱上学
6516100, 9.0, 22, 国文老课本
26744191, 7.5, 55, 吕录：与33个人的对话
1005334, 8.0, 38, 哀妇人
20270240, 6.4, 165, 他还未来你怎敢老去
25764975, 7.8, 42, 行旅花木
24845154, 7.3, 61, 潘多拉的种子
6525380, 7.8, 41, 小西门集
26682735, 8.5, 25, 日常生命观
4952676, 7.7, 41, 学习高手的三驾马车
25880209, 7.6, 44, 家书
5289749, 8.0, 33, I Remember Nothing
1210331, 7.0, 71, 另类令我累
6761505, 8.9, 20, Arguably
3335887, 7.5, 45, 茶道入门――识茶篇
2155007, 7.0, 68, 历史的棱角
1443095, 7.7, 38, 邻家少妇
26665645, 8.3, 26, 道大无外
4256766, 8.7, 21, 采访技巧
1065853, 8.8, 20, 圣诞科学讲座
26617628, 7.3, 51, 一个勺子
6068581, 9.0, 18, 周作人自编集第二辑（深度思考・人与社会）
7067821, 8.0, 30, 与之言集
1068764, 7.4, 45, 文思
6397345, 7.1, 57, 一碗粥装得下半部历史
25886370, 7.0, 60, 三人行@1963
26742737, 7.4, 40, 每个生命都要结伴而行
25729305, 7.7, 31, 典型年度
1119892, 6.7, 69, 打开天窗
26614226, 7.7, 30, 女史
26807404, 7.2, 42, 一只猫的生活意见
6844605, 5.8, 194, 假装的艺术2
10545195, 7.6, 30, 你可以是菩萨
1640877, 7.3, 37, 享受人生
1507022, 5.1, 774, 中国可以说不
25765455, 7.2, 39, 宅人的东京
26614909, 7.4, 33, 北大南门朝西开
26819337, 8.4, 18, 快刀文章可下酒
25986705, 7.0, 41, 死刑的温度
20442584, 7.2, 34, 让未来的你，喜欢现在的自己
1080074, 8.3, 17, 胡地风流
25953725, 7.0, 33, 明窗小札1963（上、下）
3184779, 6.8, 33, 社交恐怖症的森田疗法
25887844, 7.2, 24, 纽约第三只眼
1082240, 6.6, 37, 纪念青春的一种方式
26642119, 6.8, 30, 把世界还给世界，我还给我
26307113, 6.6, 35, 遇见你刚刚好
26393041, 7.4, 18, 冰眼看日本（贰）
1346104, 7.7, 14, 半先知cu文人
3027436, 7.6, 14, 长城
3691280, 7.6, 14, 吴晗全集（1-10卷）
3229883, 6.9, 20, 词牌故事
4043882, 7.8, 10, x抵抗荒Q
1332606, 7.2, 10, 失`的未恚生命的[形浩劫
5396556, 0.0, 330, O嗟恼T惑
