2017-01-23 16:17:59
Tag: 村上
The number of books: 193 

ID, rating, votes, title
1084336, 9.0, 211671, 小王子
1017143, 8.5, 130062, 不能承受的生命之轻
1829226, 9.1, 35354, 肖申克的救赎
3369793, 8.7, 50260, 亲爱的安德烈
1046265, 8.0, 178836, 挪威的森林
4742918, 8.3, 73880, 1Q84 BOOK 1
4885241, 8.4, 47387, 1Q84 BOOK 2
1059419, 8.1, 58702, 海边的卡夫卡
1291809, 8.5, 24104, 世界尽头与冷酷仙境
1008988, 8.3, 32002, 了不起的盖茨比
1015452, 8.2, 22873, 国境以南 太阳以西
25733470, 8.3, 17608, 村上春树：没有色彩的多崎作和他的巡礼之年
1020670, 8.2, 19247, 舞！舞！舞！
1039752, 7.8, 39424, 且听风吟
1031740, 8.1, 18272, 寻羊冒险记
1860750, 8.4, 10820, 了不起的盖茨比
1058234, 7.7, 35285, 二三事
1212080, 8.4, 10065, 奇鸟行状录
1079440, 8.1, 14242, 遇到百分之百的女孩
1024217, 7.4, 51660, 第一次的亲密接触
5502995, 7.6, 31195, 1Q84 BOOK 3
1848256, 8.0, 14137, 东京奇谭集
1020959, 8.1, 10634, 斯普特尼克恋人
3013903, 8.1, 7865, 漫长的告别
1035362, 7.9, 10730, 神的孩子全跳舞
1019428, 8.0, 9003, 一九七三年的弹子球
3890174, 7.7, 13503, 信
3391246, 8.2, 5181, 潮骚
1011662, 7.9, 7750, 再袭面包店
4872222, 8.3, 4021, 当我谈跑步时，我谈些什么
25982254, 8.1, 4733, 大萝卜和难挑的鳄梨
2229229, 8.0, 4460, 穿条纹衣服的男孩
1283273, 7.3, 15096, 天黑以后
21692813, 7.6, 8439, 眠
2145929, 8.6, 1856, 挪威的森林
3931510, 8.0, 4093, 神的孩子全跳舞
1101607, 7.9, 4694, 列克星敦的幽灵
4247000, 9.0, 1061, 欲望号街车
1080544, 8.1, 3173, 象的失踪
3864342, 7.9, 4144, 69
25401735, 8.3, 2249, ]有色彩的多崎作和他的巡Y之年
4161848, 7.8, 4595, 鲤・逃避
1316634, 8.5, 1674, 挪威的森林
3757659, 8.2, 2355, 了不起的盖茨比
26286208, 7.7, 4924, 没有女人的男人们
6265779, 8.3, 2042, 地下
1000594, 7.9, 3413, 旋转木马鏖战记
6126821, 8.4, 1692, 远方的鼓声
2165084, 8.3, 1869, 在轮下
5245529, 7.6, 5045, 1Q84 BOOK 3
1212152, 7.8, 3397, 萤
20513012, 7.6, 4284, 无比芜杂的心绪
26367364, 8.2, 1627, 爱吃沙拉的狮子
1000323, 7.7, 3310, 电视人
1047447, 7.6, 3495, 去中国的小船
2174014, 7.5, 3880, 天黑以后
2978796, 8.8, 700, What I Talk About When I Talk About Running
20267987, 7.4, 4431, 孤独美食家
1051911, 7.9, 1998, 终究悲哀的外国语
7056685, 7.6, 3022, 天黑以后
1337293, 8.8, 627, 世界末日c冷酷境
4047634, 8.3, 1050, 1Q84（BOOK1+BOOK2  平b）
3932981, 7.9, 1708, 电视人
1068907, 7.8, 1961, 如果我们的语言是威士忌
1032007, 8.1, 1274, 村上朝日堂 嗨嗬！
2333837, 7.8, 1847, 雨天炎天
5986107, 7.1, 5549, 大方 No.1
1067919, 7.6, 2281, 夜半蜘蛛猴
1026208, 8.1, 1133, 村上朝日堂的卷土重来
10282578, 7.7, 1908, 村上广播
4047639, 8.5, 690, 1Q84 BOOK 2
3086832, 8.4, 727, 寡居的一年
1072447, 7.6, 2011, 羊男的圣诞节
1434039, 8.2, 887, 村上朝日堂是如何锻造的
1433691, 8.0, 1114, 村上朝日堂日记 旋涡猫的找法
1354607, 8.3, 769, 舞舞舞（上）
1038449, 7.9, 1229, 朗格汉岛的午后
1394544, 7.9, 1221, 村上朝日堂
3615041, 7.3, 2878, 御手洗洁的问候
26264956, 7.3, 2658, 袭击面包店
1468393, 7.2, 2966, 无限近似于透明的蓝
4047636, 8.3, 620, 1Q84 Book 2
10827882, 7.9, 981, 悉尼！
6126817, 7.8, 1090, 边境 近境
1316639, 8.4, 524, 海的卡夫卡（上）
1823064, 7.9, 914, 倾听村上春树
1342391, 8.4, 509, 海的卡夫卡（下）
1341021, 8.1, 695, 遇100%的女孩
1212025, 7.7, 1143, 爵士乐群英谱
1218049, 8.5, 411, 舞！舞！舞！（精装本）
10441234, 8.3, 504, 村上春潆s文集
1340624, 8.1, 626, 神的孩子都在跳舞
10600121, 8.2, 551, 在约定的场所
5366437, 7.8, 866, 村上朝日堂
1354608, 8.3, 472, 舞舞舞（下）
1317295, 8.3, 465, L的歌
5366432, 8.1, 572, 村上朝日堂是如何锻造的
1317288, 8.3, 459, ぱ蛎半U
5366436, 8.1, 571, 村上朝日堂的卷土重来
5366433, 7.8, 795, 旋涡猫的找法
5366434, 7.9, 675, 终究悲哀的外国语
1077905, 7.3, 1499, 象厂喜剧
5366438, 8.0, 577, 村上朝日堂 嗨嗬!
7007774, 7.7, 766, 没有意义就没有摇摆
1472240, 8.0, 530, |京奇T集
1340976, 8.7, 250, 舞.舞.舞（下）
26686234, 8.5, 299, 身槁I小f家
1341034, 8.6, 268, 舞．舞．舞（上）
25869261, 7.7, 700, 且听风吟
3754451, 8.6, 259, L的歌
1313520, 8.7, 236, h方的鼓
1317293, 8.0, 462, 1973年的珠玩具
1948644, 8.6, 250, Kafka on the Shore
1216643, 8.3, 324, 遇到百分之百的女孩（精装本）
6006579, 7.8, 502, 村上春树，去见河合隼雄
1469212, 6.9, 1599, 所有的男人都是消耗品
25743459, 7.7, 498, 如果我们的语言是威士忌
11525688, 8.2, 273, 睡
10473356, 7.5, 574, 日出国的工厂
6757194, 6.8, 1315, 碎片，令人怀念的1980年代
1341250, 7.9, 299, 人造l星情人
1464998, 9.0, 112, 京华烟云（下）
4195910, 7.8, 317, 为了灵魂的自由
26628823, 6.7, 1428, 图书馆奇谈
20432374, 8.4, 176, 村上收音C 3：喜g吃沙拉的{子
19970680, 8.4, 174, 村上收音C2
2294526, 8.2, 201, 村上朝日堂
1841990, 8.6, 141, Istanbul
1008507, 7.6, 352, 夜半蜘蛛猴
6903030, 7.6, 352, 思念
6952333, 7.5, 394, 夜半蜘蛛猴
1341163, 7.9, 250, R辛D的幽`
2253582, 8.0, 216, ふ忆u的方法
22225081, 7.9, 234, 色彩を持たない多崎つくると、彼の巡礼の年
1291827, 7.3, 456, 黑夜之後
1341985, 7.9, 230, 村上收音C
1915799, 7.8, 249, K於悲哀的外Z
3094331, 8.8, 98, 远方的大鼓声
19970684, 8.4, 133, 村上收音C
1340656, 8.0, 174, I包店再u
6038363, 7.8, 210, 爵士乐群英谱 2
1395010, 8.4, 117, 挪威的森林
6414338, 7.9, 179, 洗耳倾听
2308343, 7.4, 292, 村上春树论
3305282, 8.4, 107, 村上影小f
1395011, 8.5, 97, 挪威的森林
1342299, 7.9, 160, m格h斯u的午後
26770916, 7.2, 318, 毛茸茸
3792161, 8.6, 81, 挪威的森林（下）
1770477, 8.6, 75, Lの歌をけ
25743455, 7.8, 143, 爵士乐群英谱
1058607, 7.3, 231, 味之旅
1341539, 7.6, 143, 羊男的}Q
24838896, 6.1, 1090, 村上春树・猫
1419226, 7.5, 149, 黑夜之後
1987197, 8.4, 69, The Elephant Vanishes
1345436, 7.6, 128, 村上春淙ヒ河合隼雄
1424841, 6.2, 707, 嗨，村上春树
3094108, 8.2, 70, o我u[，其N免
1340536, 7.4, 137, 夜之蜘蛛猴
1365544, 8.8, 45, The Wind-Up Bird Chronicle
1353740, 8.1, 70, Sydney!
2055018, 7.3, 138, ⑷撕谪^
2159031, 8.5, 50, 象的消失
1459430, 7.9, 73, ⑷耸角^
1498979, 9.1, 33, Underground
1767821, 7.9, 66, 境．近境：z影集
1038061, 6.9, 170, 遇见100%的村上春树
1340944, 7.7, 77, 象工龅HAPPY END
3517505, 6.6, 241, 当心村上春树
1782391, 6.6, 222, 村上春树与后虚无年代
1438583, 6.7, 181, 村上春树和他的作品
1263650, 6.9, 131, 相约挪威的森林
2372900, 8.1, 42, 村上先生的冯台
1899918, 6.8, 126, 落花之美
1770466, 8.6, 29, スプ`トニクの恋人
3098352, 7.3, 70, 好风长吟
3127965, 8.6, 27, 国境の南、太の西
3125848, 7.9, 40, 漫L的告e
3224468, 6.7, 113, 村上春树
1401207, 7.9, 34, 袋鼠通信
10557161, 6.3, 100, 村上春树《1Q84》纵横谈
1479701, 7.6, 30, Hear the Wind Sing
3050066, 7.6, 26, 遇100%的女孩
4070430, 8.2, 14, 星守る犬
1357858, 7.8, 16, 「象の消纭 短篇x集 1980-1991
3104944, 8.0, 13, Kafka on the Shore
3389453, 7.6, 13, 世界末日c冷酷境 (上)
2050861, 7.7, 12, 村上朝日堂
1770468, 7.9, 10, 回木Rのデッド?ヒ`ト
1481272, 7.5, 12, 村上春涞囊Da
4103505, 7.3, 11, 村上春湮W在_车姆gc文化
1062761, 5.3, 30, 抱歉，因为你不够村上春树
