2017-01-23 16:17:59
Tag: 欧洲
The number of books: 878 

ID, rating, votes, title
1001885, 8.5, 17489, 带一本书去巴黎
1062343, 9.2, 5733, 昨日的世界
5366248, 8.3, 21661, 你一定爱读的极简欧洲史
3315879, 8.6, 11680, 恶童日记
1962923, 8.6, 9316, 西班牙旅行笔记
3836566, 8.6, 5257, 玫瑰的名字
1054889, 7.7, 21936, 行者无疆
1933931, 8.7, 3681, 沿着塞纳河到翡冷翠
1035326, 8.7, 3448, 一次?图片和故事
25891318, 9.0, 2035, 1453
1291199, 8.7, 2606, 过于喧嚣的孤独 底层的珍珠
2326273, 8.9, 1895, 欧洲中世纪史
1083483, 8.7, 1829, 一个陌生女人的来信
20441569, 9.1, 1109, 被淹没和被拯救的
1465543, 8.8, 1523, 异端的权利
25891321, 9.0, 1211, 海洋帝国
3669671, 8.5, 1811, 我们在此相遇
26580084, 8.7, 1383, 烛烬
1982096, 8.4, 1915, 关于来洛尼亚王国的十三个童话故事
1273759, 8.2, 2415, 人在欧洲
3464436, 8.9, 960, 剑桥艺术史：古希腊罗马艺术
1065142, 8.5, 1513, 欧洲文明十五讲
1785512, 8.3, 1941, 漫卷西风
6126821, 8.4, 1693, 远方的鼓声
26296352, 8.9, 937, 财富之城
25777432, 9.1, 727, 罗马人的故事（礼品装，全15册）
1024785, 9.1, 712, 西方现代思想史
3334535, 8.5, 1258, 剑桥艺术史：绘画观赏
5283663, 8.4, 1410, 另一个波琳家的女孩
1211052, 8.5, 1245, 罗马帝国衰亡史（上册）
1082899, 8.7, 966, 我的心遗留在爱琴海
1785508, 8.1, 1875, 今晚去哪里
1016806, 8.2, 1567, 与安东尼奥尼一起的时光
26708306, 8.7, 852, 北欧，冰与火之地的寻真之旅
1017860, 8.2, 1498, 木已成舟
7916069, 8.8, 744, 被禁锢的头脑
6308034, 8.4, 1143, 从&#34;东欧&#34;到&#34;新欧洲&#34;
1029649, 8.5, 1015, 玻璃岛
1785502, 7.9, 2035, 咖啡苦不苦
25899496, 8.7, 724, 1453――君士坦丁堡的陷落
2381093, 7.4, 4147, 一辈子做女孩
4894992, 8.7, 717, 到瑞士
1044499, 9.3, 399, 菲利普二世时代的地中海和地中海世界（上下卷）
26276743, 8.6, 747, 金雀花王朝
25752592, 8.9, 539, 从黎明到衰落（上下）
2042511, 8.5, 816, 第五个
1794138, 8.6, 720, 北欧神话ABC
26354440, 8.9, 520, 野蛮大陆
3068550, 7.7, 2182, 希腊
1263747, 9.0, 461, 海的女儿
1033744, 8.8, 554, 丁丁在刚果
1777853, 8.2, 1033, 屠猫记
3616661, 8.8, 482, 卡夫卡口述
24525766, 8.7, 528, 记忆小屋
3933045, 8.7, 511, 旅途上的建筑
19950784, 8.4, 653, 空荡荡的家
1027343, 7.6, 1678, 窥看欧洲
2149157, 8.7, 442, 墙
1880126, 8.1, 826, 大勇和小花的欧洲日记
1864886, 8.5, 518, 欧洲
1083465, 7.7, 1328, 欧洲之旅
4189598, 8.8, 377, 战后欧洲史
1042580, 8.8, 373, 意大利古建筑散记
19912128, 8.5, 497, 罗马人的故事8
1053109, 9.0, 295, 封建社会（上、下卷）
3092871, 8.3, 581, 欧洲：一堂丰富的人文课
1073086, 8.3, 572, 偶遇
1853552, 8.5, 452, 中世纪的城市
1413045, 8.9, 304, 西方文明史
1864891, 8.7, 361, 德国
2116717, 8.8, 311, 西洋史
2299194, 8.2, 558, 大勇和小花的欧洲日记Ⅱ
1138452, 8.5, 389, 意大利文艺复兴时期的文化
1074263, 7.7, 973, 上海色拉
2998637, 8.6, 334, 俄罗斯史
26606366, 8.3, 442, 布达佩斯往事
20266046, 8.5, 359, 走出非洲
25804649, 7.4, 1336, 无知的游历
6518053, 9.0, 225, 脆弱的崛起
4876950, 8.0, 599, 东搬葡萄西班牙之西一脚
1936439, 8.1, 525, 英国
3320907, 8.1, 520, 追踪1789法国大革命
5264468, 7.7, 818, 东西莫辨逛欧洲
1083446, 8.7, 272, 麦哲伦航海纪\:探险史上最寂寞的壮举
1963430, 8.7, 270, 欧洲思想史
2122173, 8.7, 267, 意大利
1048669, 8.5, 321, 漫画法国
19967328, 8.5, 313, 漂泊的灵魂
2130184, 8.0, 505, 叫醒布拉格
6528928, 7.9, 562, 沉疴遍地
1936435, 8.1, 440, 法国
3729665, 8.3, 348, 欧洲同性恋史
1104708, 8.4, 315, 特兰斯特罗默诗选
26480625, 7.9, 516, 午夜降临前抵达
3196877, 8.3, 335, 中世纪的秋天
1002122, 8.7, 230, 漫画瑞士
1836026, 7.8, 579, 背德者
2050778, 8.1, 410, 萌芽
4920107, 8.1, 401, 奥斯曼帝国闲史
1968313, 8.3, 325, 英国
25857922, 8.2, 357, 罗马灭亡后的地中海世界（上下册）
3916140, 8.0, 441, 启蒙札记
1280282, 8.1, 395, 欧罗巴的苍穹下：西方古建筑文化艺术之旅
1796768, 8.3, 318, 世界与裤子
1054384, 7.9, 477, 西方美术史十五讲
6990290, 8.5, 253, 西欧中世纪史
1870639, 8.4, 277, 肉体与石头
3056879, 8.7, 211, 西班牙
1012006, 8.7, 206, 英语民族史（全四册）
1496315, 8.9, 174, 文艺复兴
1037070, 7.1, 1264, 欧洲史
1940182, 7.7, 546, 老爸老妈去旅行
2230224, 7.5, 696, 北欧瑞典的幸福设计
6871026, 7.6, 596, 在欧洲，逛市集
1084555, 8.2, 301, 所罗门宝藏
1038591, 8.6, 203, 漫画荷兰
3190579, 9.7, 90, 长袜子皮皮冒险故事
4077883, 8.5, 221, 纹章插图百科
26640439, 8.9, 157, 死缓
2379023, 7.8, 447, 欧陆传奇食材
25904562, 7.8, 447, 伦勃朗1642
1797637, 8.1, 320, 西方美术简史
26883132, 8.9, 155, 英格兰简史
1061684, 9.0, 142, 罗马史（下卷）
3824350, 8.3, 256, 天一言
2118766, 8.5, 209, 世纪末的维也纳
1059074, 7.9, 375, 法国1968
2058587, 8.7, 170, 遥远的桥
25773952, 8.1, 294, 许倬云说历史:中西文明的对照
22768133, 8.4, 219, 到芬兰车站
26798156, 8.4, 218, 哀伤的墙
4189775, 8.7, 167, 西方文明简史
1438185, 8.1, 286, 穿墙故事
3723664, 9.4, 98, 西方的遗产
1084365, 8.2, 253, 维也纳情感
4882056, 7.9, 344, 为什么是欧洲？
1438722, 8.5, 191, 罗马史（上卷）
4925124, 7.7, 427, 灰屋顶的巴黎
10561232, 7.9, 336, 时光里的欧洲
4850137, 8.0, 301, 王尔德诗选
3548230, 8.2, 244, 对话欧洲
1042792, 7.6, 455, 刑罚的历史
1006676, 8.0, 291, 在普罗旺斯闻香
26686622, 8.4, 197, 滑铁卢
1085541, 8.2, 233, 传统的发明
4173412, 8.3, 210, 德国历史中的文化诱惑
2027873, 7.9, 312, 伏尔泰的椰子
1070147, 7.7, 386, 大分流
1025390, 8.4, 189, 中世纪的知识分子
1038143, 8.3, 206, 欧洲文化史（上下）
1087965, 8.2, 224, 欧洲文学史（第1卷）
4898629, 8.7, 143, 伦敦
1227901, 7.9, 297, 剑桥插图古希腊史
4937096, 7.8, 330, 写给上班族的世界史
26258900, 8.6, 153, 俄国与拿破仑的决战
1959107, 7.8, 325, 走进一座大教堂
1420498, 8.6, 152, 图说西洋甲胄武器事典
3217622, 8.5, 164, 万灵节
1449787, 8.7, 134, 绝对主义国家的系谱
1221021, 7.5, 433, 你不可不知道的欧洲艺术
1048244, 8.1, 225, 橙色诱惑
1078668, 8.8, 122, 木民谷的夏天
25887999, 7.8, 297, 欧罗巴英雄记
3061421, 8.4, 164, 欧洲花卉
1059168, 8.6, 138, 北欧纪行
3836582, 8.4, 161, 法国大革命的起源
5914510, 7.8, 284, 中世纪星空下
7064584, 7.8, 283, 北欧旅绘日记
1068088, 6.9, 896, 疯子、傻子、色情狂
1082510, 8.1, 206, 阳光灿烂西班牙
1471649, 8.1, 206, 拉斐尔前派的梦
1220943, 7.5, 388, 你不可不知道的300幅名画
1792566, 8.5, 142, 漫话瑞士
2209257, 8.3, 168, 欧洲民族大迁徙史话
1427013, 8.0, 222, 转变的中国
2255336, 7.3, 488, 查理曼大帝的桌布
6309791, 8.4, 153, Boomerang
3025632, 7.9, 243, 德国，一个冬天的童话
6000666, 8.6, 129, 逐陆记・世界史上的洲际争霸Ⅰ（上古卷）
1090245, 8.4, 152, 欧洲文学史（第2卷）
26701098, 9.1, 89, 骄傲之塔
2079387, 8.3, 165, 猿猴世界
1153701, 8.2, 176, 托斯卡纳的蓝
1978597, 7.7, 289, 欧洲史
2273712, 7.5, 362, 咖啡馆里看欧洲
2229036, 7.5, 360, 有个半岛叫欧洲
1792954, 8.7, 114, 欧洲漫画史
25825210, 8.7, 114, 世界之灰
1000624, 8.6, 123, 冷眼向洋（上下卷）
1481948, 8.6, 123, 欧洲近代早期的大众文化
1277282, 8.2, 171, 路易十四时代
1480549, 8.4, 143, 施尼兹勒的世纪
3638756, 7.6, 310, 未竟之蓝
1824389, 8.3, 155, 宫廷文化
2310556, 7.7, 276, 嬉游城市光影间
1448236, 8.0, 203, 欧洲文明史
1483184, 8.5, 130, 维也纳，散步时别打扰我思考
1417123, 7.4, 383, 纹章学
5332802, 7.8, 243, 狼口 01
1046320, 8.7, 109, 社会主义从空想到科学的发展
1883091, 8.4, 137, 西方建筑图解词典
1874256, 7.7, 262, 革命！1960年代世界电影大爆炸
1437618, 8.1, 176, 嫉妒 去年在马里安巴
1322805, 8.0, 193, 巴黎，一切从塞纳河开始
1187494, 7.4, 366, 我把欧洲塞进背包
1852959, 8.4, 134, 欧游心影录 新大陆游记
4222560, 8.0, 190, 戈达尔访谈录
1144731, 8.4, 132, 贝奥武甫.罗兰之歌.熙德之歌.伊戈尔出征记
25909032, 8.4, 132, 战后欧洲史 01：旧欧洲的终结（1945-1953）
1665603, 8.6, 112, 威尼斯幻想还有五分钟
25795535, 9.3, 68, 十九世纪欧洲艺术史
6784101, 7.9, 203, 十个人的德意志
2300325, 8.3, 138, 黑夜的蝴蝶
1019446, 7.8, 218, 欧洲风化史
1014555, 7.9, 197, 行走于欧洲历史
6431967, 8.5, 114, 教会法与神圣帝国的兴衰
1322806, 8.1, 156, 罗马，把时间变成乱码
4749430, 9.2, 68, Maus
1866489, 8.2, 141, 欧洲与没有历史的人民
3191220, 8.4, 119, 巴塞罗那
26361453, 7.7, 225, 郁金香热
1983155, 7.8, 202, 德国人
1322808, 8.1, 152, 威尼斯
3184472, 8.6, 100, 大裂变
2036491, 7.8, 199, 北欧的灿烂阳光
4241792, 8.4, 116, 历史上的各个时代
24863293, 8.5, 107, 欧元的悲剧
1013235, 7.6, 237, 欧洲风化史
25953929, 7.4, 296, 一战简史
4922706, 7.3, 333, 写给上班族的世界史
1322807, 8.0, 159, 伊斯坦布尔，苏丹王身后飘来咖啡香
2351061, 8.5, 104, 意大利文艺复兴时期的文化与社会
3064742, 8.4, 112, 纽约不怀旧
1116335, 8.3, 120, 拿破仑时代(上、下卷)
26111114, 8.5, 102, 契诃夫短篇小说选
5384764, 7.8, 187, 西班牙的陌生人
25969883, 8.6, 94, 维特根斯坦之家
1062078, 7.8, 186, 希腊白色城镇之旅
3621883, 8.5, 101, 希腊
1080181, 8.3, 118, 欧洲文学史（第3卷）
25804656, 7.5, 252, 1913
5275411, 8.0, 152, 蛾摩拉
25910855, 8.1, 138, 论欧洲
7060203, 7.8, 181, 沉默的十月
2304660, 8.0, 148, 环球国家地理
3775827, 8.7, 84, 巴黎
25927569, 8.5, 97, 设计方法与策略
25966771, 8.0, 147, 如此苍白的心
1470213, 7.6, 217, 两个人的爱琴海
1059871, 8.4, 104, 法兰西浪漫古镇
4857106, 8.4, 104, 小说中的小说
1031380, 8.0, 145, 伊凡?克里玛短篇小说（上下）
10508106, 7.7, 192, 旅行不是一味药
10453202, 9.2, 59, 穆罕默德和查理曼
25805715, 8.3, 111, 柏林1961
25909033, 8.8, 76, 战后欧洲史02：繁荣与革命（1953-1971）
26641528, 8.8, 76, 诺拉・韦伯斯特
25883310, 7.8, 171, 伊丽莎白女王
1754148, 8.8, 75, How to Catch a Star
2301615, 8.8, 75, 英国复兴领袖传
7162508, 6.5, 893, 孤独要趁好时光
1089170, 7.5, 229, 欧洲文化入门
1089405, 8.6, 85, 中世纪晚期欧洲经济社会史
20398022, 7.8, 165, 圣徒与罪人
24533463, 7.8, 165, 拜占庭帝国通史
3081888, 8.2, 115, 梦想季全球最具价值的50旅行地
1138468, 8.8, 73, 中世纪经济社会史（上册）
1029700, 8.3, 105, 欧洲文学史
4903090, 8.4, 97, 给没有收信人的信
26639302, 9.0, 63, 世界的演变
2303724, 7.2, 307, 让欧洲微笑的建筑
4833870, 8.0, 132, 萨尔茨堡：乐神的摇篮
3079785, 8.7, 76, 法律与革命（第二卷）
24530141, 8.0, 131, 重估价值
1678257, 8.4, 94, 罗马帝国社会经济史（全两册）
21268040, 8.8, 70, 竞逐富强
1395739, 8.4, 93, 里尔克散文选
2053252, 7.7, 170, 文艺复兴与巴洛克
1224274, 8.4, 92, 法国农村史
25902442, 8.8, 69, 二十世纪以来的社会理论
1551359, 8.2, 107, 亚历山大三部曲（共三册）
1844256, 7.5, 204, 剑桥插图中世纪史
6521438, 8.1, 114, 何谓欧洲知识分子
2264272, 8.8, 67, 意大利人
2382373, 8.8, 67, 欧洲社会主义百年史（上下）
1751376, 8.4, 89, 意大利文艺复兴艺术
1022665, 8.3, 96, 反思欧洲
1438785, 8.4, 88, 美的历险
1481970, 8.4, 88, 欧洲创造平面
2265843, 7.5, 196, 布拉格：一座城市的幽暗记忆
5372644, 8.0, 121, 狼口 02
26104025, 8.4, 87, 启蒙时代（上）
2988466, 8.2, 101, 法国大革命时期的家庭罗曼史
6000667, 8.2, 101, 逐陆记・世界史上的洲际争霸Ⅱ（中古卷）
3175747, 8.3, 93, 中欧
4157694, 8.1, 109, 女艺术家镜像
4207522, 7.7, 156, 旧欧洲新欧洲核心欧洲
4915825, 8.7, 69, 柏林
1022165, 7.6, 171, 春天去布拉格
5503463, 8.5, 79, 世界历史有一套之德意志是铁打的
3522154, 9.1, 53, 意大利
1176313, 8.6, 73, 小河男孩
5320843, 7.6, 169, 欧洲童话村之旅
1376437, 8.8, 63, 我的心z留在矍俸＃卡片）I LEFT MY HEART IN AGEAN SEA
4621237, 8.0, 115, 欧洲建筑纲要
2129926, 7.1, 290, 彩色欧洲史(全三册)
1289992, 8.4, 83, 管子的玄思
26285636, 8.3, 89, 似是都柏林
1015595, 8.2, 96, 托斯卡纳秘境
2158247, 8.2, 96, 设计让世界看见芬兰: Pure Finland
3714654, 7.6, 161, 女教皇
2222600, 7.6, 160, 巴黎的鳞爪
24866054, 8.9, 57, 在灵泊深处
1258216, 7.7, 144, 科维尔工作室-欧洲设计现在时(优惠价)
1096157, 8.2, 93, 像鸟儿那样飞过
2116721, 8.2, 93, 欧洲文艺复兴史
4074708, 8.2, 93, 巴黎的学习岁月
26219598, 8.5, 74, 红丝带
2259779, 7.8, 129, 语言的文化史
2815232, 8.9, 55, Nineteenth-Century Fashion in Detail
6855830, 7.4, 187, 鼠王
1000269, 7.7, 137, 欧洲风化史
1868162, 7.2, 230, 黑夜史
2268506, 7.8, 123, 20世纪的欧洲
1791766, 8.4, 75, 君士坦丁大帝时代
3213448, 7.9, 111, 德国文化遗产之旅
1035342, 7.7, 133, 欧洲古镇游
3264897, 7.7, 133, 拜占庭简史
26333840, 7.4, 179, 寄养
1721591, 8.5, 69, 宗教与资本主义的兴起
1061194, 7.8, 119, 英格兰玫瑰村庄
3290292, 8.0, 100, 英国史（上下）
26606418, 7.6, 141, 疯狂年代（上）
11501816, 7.6, 140, 绿野黑天鹅
24722925, 8.1, 90, 心碎港湾
1084548, 7.8, 116, 埃及艳后
25943355, 7.8, 116, 梦游者
1258368, 7.9, 105, 营造上帝之城
2370351, 9.1, 45, 争夺欧洲霸权的斗争
2990340, 7.8, 114, 欧洲的另一种色彩
1064727, 7.5, 151, 欧洲细节
24871663, 7.5, 151, 时光匆匆老去
10567137, 8.4, 70, 海上霸主
4714690, 8.9, 50, 政治与友谊
4157693, 7.7, 123, 小酒馆之歌
2043893, 7.6, 134, 不该被遗忘的人们
2033608, 8.6, 60, 夸西莫多抒情诗选
26901940, 8.6, 60, 征服者：葡萄牙帝国的崛起
25885618, 8.4, 68, 巴萨
1045329, 8.2, 78, 十字军东征图集
26743551, 7.2, 197, 月亮是夜晚的伤口
10048447, 7.5, 143, 情感淡季
1852374, 7.9, 99, 拜占廷帝国
4113962, 8.1, 84, 奥地利史
26843309, 8.1, 84, 过去现在，一并深爱
3016175, 7.6, 129, 剑桥插图中世纪史
4894482, 7.9, 98, 世界历史有一套之罗马帝国睡着了
6439973, 7.5, 140, 抠门小妞的欧洲穷游记
1577632, 8.0, 89, 一六四年英国革命史
2017982, 7.6, 126, 他山落雨来
1734333, 8.6, 57, 伟大的欧洲小博物馆
25900969, 8.6, 57, 战后欧洲史 03：大衰退（1971―1989）
24673061, 8.0, 88, 我和美丽有个约会
19964981, 7.5, 137, 失忆
3865918, 7.9, 95, 欧洲精神
1025974, 8.0, 87, 天才复生?文艺复兴时期的意大利
26451536, 8.0, 87, 夏洛特
1437628, 8.6, 56, Story of the Eye
25816574, 8.1, 80, 巴黎的重生
1071937, 8.2, 74, 西洋文化史纲要
4832687, 8.2, 74, 欧洲醉行
25659948, 8.8, 49, 试谈另一个中世纪
4220051, 8.9, 46, 20世纪亚里士多德研究文选
25659947, 7.5, 134, 穆斯林发现欧洲
6714439, 8.2, 73, 在欧洲
25912094, 7.9, 92, 契诃夫独幕剧集
1071478, 7.6, 120, 荷兰共和国的衰亡
10603546, 6.8, 291, 欧游散记
1059254, 8.9, 45, 西洋古董鉴赏
3448051, 8.1, 77, 私享欧罗巴
1067878, 8.2, 71, 精神故乡
1855699, 7.0, 221, 新生代平面设计-欧洲设计现在时
11597311, 7.6, 117, 最佳欧洲小说2011（全4册）
2069186, 6.9, 248, 翡冷翠的薄暮
1594048, 8.1, 76, 欧洲现代建筑解析:形式的建构
1059407, 7.8, 97, 神圣罗马帝国
1317832, 7.4, 140, 你应该知道的欧洲史
24319072, 7.8, 96, 横渡大西洋
1083688, 7.0, 216, 宗教的历史
1142256, 7.9, 88, 凯尔特人
3410845, 7.0, 214, 艺术家的街道
24715509, 7.8, 95, 那件疯狂的小事叫旅行
1009692, 7.6, 113, 古罗马风化史
4202374, 8.6, 52, 英国史（上册）
1003823, 7.7, 103, 欧洲古堡游
2115944, 7.8, 94, 游遍欧洲
3182357, 8.2, 68, 欧洲的抗争与民主
11626924, 8.2, 68, 到德国
20444098, 8.7, 48, 茨威格读本
26661070, 8.8, 45, 册子本起源考
10532120, 8.2, 67, 相约多瑙河
26862163, 8.3, 62, 她他
3103969, 7.9, 84, 欧洲贵族
26751893, 7.6, 109, 哈布斯堡的灭亡
1054499, 8.0, 77, 欧洲文明的进程
10598997, 7.2, 161, 一个人走欧洲
2145892, 6.4, 454, 一口气读完欧洲史
26797406, 7.3, 144, 美国独行
1483440, 7.5, 118, 夜间的战斗
3013089, 7.5, 118, 欧洲大教堂
5261621, 7.1, 177, 欧风欧雨
1283744, 7.6, 105, 别爱苏黎世
6845280, 7.8, 88, 中世纪文明
1265478, 8.5, 52, 启蒙时代哲学家的天城
1119552, 7.2, 155, 欧洲文学史(上)
23780841, 7.3, 138, 另一个欧洲
1261877, 8.1, 68, 凯尔特智慧
2120269, 7.2, 152, 时尚插画 fashion illstration（欧洲设计现在时)
1245514, 7.1, 169, 查理大帝传
3194489, 8.3, 58, 西欧人文图志
3987346, 7.8, 85, 法国通史
1071915, 8.2, 62, 中世纪欧洲经济社会史
1882391, 8.2, 62, 欧洲梦
6520482, 8.5, 50, 欧洲
3733227, 7.9, 77, 文化之旅
1013804, 7.7, 91, 庞培DD掩埋在地下的荣华
3572721, 7.2, 147, 两个人的爱琴海
26592210, 8.0, 71, 环法自驾八千里
4202408, 8.2, 61, 法国史
5288397, 8.4, 53, 元常自ё匝
3391838, 7.6, 98, 老爸老妈再游欧洲
3270996, 8.3, 56, 西方文明史
25858692, 8.3, 56, 罗马人（插图第4版）
1971522, 7.4, 117, 1000个欧洲建筑
20387892, 7.1, 158, 德国简史
3015217, 8.5, 48, 欧洲景观设计
1594049, 7.6, 95, 欧洲现代建筑解析
2002755, 7.7, 87, 古代希腊
1272877, 8.6, 45, 从古代到封建主义的过渡
24749448, 7.7, 86, 世界文学名著典藏・查泰莱夫人的情人
1247750, 8.9, 37, 哈佛演讲录
2197571, 7.7, 85, 西欧金融史
4814375, 8.8, 39, 中世纪教会史
1765968, 8.0, 66, 欧洲经典游
1157920, 7.8, 77, 拜占廷
3174522, 8.1, 61, 中国之欧洲（修订译本）
1854485, 7.5, 99, 左岸偏左右岸偏右
26767467, 8.5, 46, 龙与鹰的帝国
26839527, 8.6, 43, 西班牙内战
4110370, 7.9, 70, 波罗的海三国史
2053697, 9.0, 34, 意大利童话
2364141, 8.8, 38, 法国
2154495, 8.7, 40, Tatsachen über Deutschland
3074263, 8.2, 55, 欧洲漫画史
3332959, 8.2, 55, 中欧人文图志
26802226, 8.4, 48, 拿破仑大帝
26584675, 8.3, 51, 对不起，她不在了
2324790, 7.6, 87, 巴尔干
3345938, 6.9, 176, 欧洲如一面镜子
1666279, 8.2, 54, 域外手札
26451393, 7.7, 79, 独角兽
2135706, 8.5, 44, 瓦伦蒂诺.罗西自传
26598031, 8.3, 50, 在黑暗中醒来
4199412, 7.8, 72, 利维坦的诞生
26795375, 7.6, 85, 原来你是这样的欧洲史
1664100, 8.6, 41, 柯莱特精选集
1007529, 7.9, 66, 理性的光芒
1972806, 7.4, 101, 欧洲神话
25951769, 8.8, 36, 威廉・夏伊勒的二十世纪之旅I：世纪初生
25986829, 9.2, 29, 威廉・夏伊勒的二十世纪之旅
1045584, 7.6, 83, 浪漫主义的先声
25909029, 8.0, 60, 战后欧洲史04：新欧洲 旧欧洲（1989-2005）
26761467, 8.6, 40, 在绿荫天使的羽翼下
4013360, 7.3, 108, 三十年战争史
3234170, 8.4, 45, 欧洲文化概况
1059352, 7.8, 69, 卢瓦尔河谷的香艳
4726655, 7.3, 107, 好一个法国女人
3291813, 6.9, 163, 欧洲视觉日记
1045655, 7.3, 106, 骑士时代
1952782, 7.1, 129, 图说中世纪服装
2364143, 8.6, 39, 德国
1045844, 8.3, 47, 施拉德尔漫画
20376134, 9.0, 31, 伯罗奔尼撒战争的爆发
3109100, 7.7, 73, 蓝色地中海(全二册）
4712527, 8.1, 53, 历史与记忆
2006971, 7.6, 78, 欧洲电影分析
11506814, 7.6, 78, 走吧，去欧洲
3000096, 7.7, 71, 欧洲最新商业插画
2215773, 8.0, 56, 近代欧洲文学史
26327548, 8.5, 40, 重建的世界
1052645, 8.1, 52, 欧罗巴的黄金时代?北部欧洲
1072831, 7.5, 83, 欧洲历史上的战争
26689542, 8.0, 55, 送魂婆
2123282, 7.9, 59, 兴奋时代的欧洲
26210651, 8.2, 47, 没有圣人，没有天使
10566884, 8.0, 54, 碎欧洲
1026516, 7.5, 80, 在艺术中呼吸
2049890, 7.3, 96, 中世纪生活
6311394, 7.3, 96, 独行侠65天走遍申根25国
26319029, 7.6, 73, 宗教美国，世俗欧洲？
2148701, 6.7, 183, 带一本书去欧洲
1397166, 7.3, 95, 欧洲中世纪生活
2983653, 7.5, 79, 文化震撼之旅-德国
1254349, 8.5, 38, 别尔嘉耶夫集
1319112, 7.1, 114, 咖啡馆里的欧洲文化
1065188, 7.3, 93, 欧游杂记
6119888, 7.8, 60, 波兰史
1793992, 9.3, 24, Survival In Auschwitz
2276843, 7.6, 69, 文艺复兴
1774844, 7.3, 89, 德国老啤酒主义
25816404, 7.3, 89, 欧洲文化简史
2081609, 8.0, 50, 国家理论
26831765, 9.1, 26, 远方之镜
10808911, 7.0, 118, 在北欧遇见理想的生活与设计
4113960, 7.1, 106, 德国史
1227847, 6.9, 131, 中世纪有关死亡的生活
1016476, 7.6, 67, 欧游杂记（彩图本）
4917794, 7.6, 67, 没有预约的旅程
1399490, 8.1, 46, 破碎的痕迹
3144767, 8.1, 46, 于松太太的贞洁少男
2304864, 8.3, 40, 欧洲文化史论
3178473, 8.3, 40, 文艺复兴时期的思想与艺术
1439647, 6.9, 129, 与巫为邻
1894734, 7.7, 61, 古代北欧的传奇故事
1073223, 7.6, 66, 美人欧罗巴
10440522, 7.6, 66, 寻找城市
2327179, 7.9, 52, 当代平面设计新观念
3404858, 7.9, 52, 欧洲代议制政府的历史起源
26695868, 7.9, 52, 疯狂年代（下）
26596754, 8.5, 35, 欧洲民族大迁徙史话（修订版）
6080667, 8.6, 33, The Swerve
3994584, 6.8, 142, 一个人去法国
24859378, 7.8, 55, 无限
2073034, 7.4, 76, 笑的历史
25815011, 7.3, 83, 极简中国史
2152545, 7.7, 59, 环游世界80天
1082220, 8.1, 44, 意大利
6560423, 7.5, 68, 中世纪的奥秘
1444643, 8.2, 40, 世界都市漫步――建筑文化：罗马、佛罗伦萨、威尼斯、米兰、那不勒斯、西西里
10809701, 7.5, 67, 文尼莎与弗吉尼亚
1227955, 7.4, 73, 伦勃朗时代的荷兰
1024416, 7.3, 79, 交会的空间
2282853, 7.6, 61, 拉斐尔前派艺术
1079598, 7.4, 72, 欧洲建筑漫步
1288923, 8.3, 37, 好兵
26409654, 6.6, 165, 怪物考
1968530, 7.9, 48, 欧洲十一国游记
25717529, 7.9, 48, 我的音乐厨房
1939416, 6.4, 212, 德国
26717715, 8.7, 29, 通往工业革命的漫长道路
3510259, 7.1, 93, 牛津欧洲史（第一卷）
26678736, 7.7, 55, 欧洲
1055341, 8.0, 44, 古海荒漠
2056355, 8.1, 41, 文艺复兴时期的佛罗伦萨
2017639, 7.2, 83, 浮云流水间
4814383, 7.8, 50, 欧罗巴与亚细亚
3227936, 9.2, 22, 欧洲大学史（第一卷）
1486023, 8.0, 43, 12世纪文艺复兴
1062132, 7.7, 53, 明信片
1844069, 7.7, 53, 左手咖啡 右手锦囊-背上行囊漫游欧罗巴
25802513, 8.4, 33, 何谓旧制度（第2版）
1181142, 8.3, 35, 欧洲与中国
1021654, 7.6, 57, 欧洲19世纪美术
26671886, 8.9, 25, 清洗
3427461, 7.3, 71, 德国人这样过生活
6958240, 7.6, 55, 去那里寻找回来的路
1312557, 7.1, 85, 欧洲传播思想史
1224884, 6.1, 291, 一口气读完二战史
2118314, 6.7, 128, 强制、资本和欧洲国家
3463258, 7.6, 54, 英国湖区
25846152, 8.9, 24, 古代宪法与封建法
1976011, 7.4, 63, 德国贵族文化史
1000853, 7.8, 46, 欧洲中世纪美术
1510768, 8.3, 33, 剑桥欧洲经济史（第一卷）
1263942, 7.7, 49, 你不可不知道的欧洲音乐地图
1778213, 7.4, 62, 水恋欧洲
2202095, 7.8, 45, 欧洲戏剧史
3510262, 7.8, 45, 牛津欧洲史（第三卷）
1077603, 7.4, 61, 耶路撒冷3000年
1321045, 8.6, 27, 剑桥欧洲经济史（第二卷）
22823146, 8.2, 34, 欧洲民族主义，1890-1940
3572839, 7.0, 87, 行走在欧罗巴的苍穹下
2158579, 9.0, 22, Natasha&#39;s Dance
25902453, 7.8, 44, 直立人伤心俱乐部
1965106, 7.7, 47, 100经典教堂
1085920, 8.0, 38, 生态扩张主义
24153071, 8.0, 38, 刽子手的女儿
19962419, 8.5, 28, 1750-1890年的欧洲建筑
1017789, 7.5, 54, 在拜占庭精神的沐浴中
2351060, 7.8, 43, 欧洲文艺复兴中心与边缘
3099325, 6.7, 115, 聂鲁达情书与游记选
25757301, 8.9, 22, 柏拉图与亚里士多德
3411444, 8.5, 27, 欧陆法律史概览
4197869, 7.5, 52, 巴塞尔都市圈
3510260, 7.6, 48, 牛津欧洲史（第二卷）
20002785, 8.3, 30, 逐陆记III（近代卷）
1810942, 8.7, 24, 中国哲学对欧洲的影响
26044249, 8.4, 28, 欧洲五十年
2222750, 7.3, 59, 喧市幽深巷
1064266, 7.3, 58, 欧洲绘画史
3036593, 7.5, 49, 欧洲经典美食游
11630301, 6.8, 92, 一个人的修学旅行
1276598, 7.9, 36, 艺术与文明
4887961, 8.3, 28, 欧洲19世纪美术
4124351, 7.2, 61, 剑桥插图中世纪史
1824231, 7.5, 47, 毛发的故事
1914822, 7.3, 55, 欧洲情爱史
3465413, 7.1, 64, 北欧人这样过生活
4274520, 7.1, 64, 中世纪千年史话・暗幕降临
26296454, 8.6, 23, 美术中的流光
5318879, 9.1, 18, Bloodlands
2224342, 7.4, 49, 风光渐从容
1947382, 6.9, 76, 欧洲历史
4733880, 7.7, 39, 征服格拉纳达
1878800, 7.2, 57, 欧洲宴会史
25423603, 7.8, 36, 黑死病
4152270, 7.4, 48, 腓特烈大帝
3427464, 7.3, 52, 意大利人这样过生活
2213855, 7.1, 61, 伊丽莎白二世时期白金汉宫的生活
6876201, 8.7, 21, Catherine the Great
1425398, 7.4, 47, 月亮的传说
3431451, 7.2, 55, 欧盟概览
1034239, 7.6, 40, 犹太人历史
1026453, 7.2, 54, 贵族之后
4191488, 7.5, 42, 文艺复兴
10572133, 8.3, 25, 西方文明史
26789556, 7.7, 36, 乘一艘慢船去远方
1799952, 7.0, 62, 文明的冲突
2283370, 7.2, 52, 阿姆斯特丹
1471678, 8.8, 19, Poulet aux prunes
1441111, 7.2, 51, 古罗马人的阅读
1903901, 8.1, 27, 古罗马文学史
1578189, 7.6, 37, 想象与艺术精神
3908758, 7.2, 50, 维也纳，慢慢来，慢慢来
1731079, 7.3, 46, 天国之花
2272120, 7.9, 30, W洲迷超市
3178474, 7.9, 30, 文艺复兴时期的妇女
3026912, 8.0, 28, 欧洲文艺复兴史・艺术卷
10558994, 7.5, 39, 安达卢西亚的幽灵
1816259, 7.4, 42, 德国建筑竞赛作品集-(1.2)
1038389, 6.6, 87, 完美罪行之友
2052455, 6.9, 64, 中世纪的旅行
2173598, 8.6, 20, 意大利文艺复兴时期八个哲学家
6525437, 6.9, 63, 欧洲美食考
1416517, 7.2, 48, 后女权主义
2013759, 7.2, 48, 北欧文学大花园
4230640, 7.0, 57, 铁血浪漫
3510261, 7.5, 38, 牛津欧洲史（第四卷）
25817774, 8.3, 23, 危机时刻：德国保守主义革命
25898768, 7.7, 33, 一日情人
26582372, 7.1, 52, 玛利亚的自白
1315238, 7.4, 40, 对欧洲民族的讲话
4164532, 7.8, 30, 近代早期西欧的巫术与巫术迫害
3018308, 8.1, 25, 欧洲文艺复兴史-城市与社会生活卷
1094851, 6.7, 72, 欧洲音乐史
10770904, 8.6, 19, 赭石
1902959, 6.9, 59, 跟着丹・布朗去旅行
3744085, 6.5, 88, 周末读完意大利史
4211958, 8.2, 23, 都市欧洲的形成
4836699, 8.2, 23, 寻找他山的历史
3361042, 7.7, 31, 18世纪美洲和欧洲的革命
2029778, 7.8, 29, 意大利文艺复兴的历史背景
4286221, 7.6, 33, 17世纪的荷兰文明
1074499, 7.4, 38, 海德堡笔记
4843924, 8.1, 24, 现代性的教训
1010114, 7.2, 44, 欧洲书简
2237823, 8.0, 25, Click
25845545, 7.7, 30, 德国的欧洲
1931637, 8.3, 21, 德国简史
26882908, 8.3, 21, 图解欧洲艺术史：15世纪
5950887, 8.2, 22, 幸福的历史
1418992, 7.0, 50, 欧洲文化的起源
1511465, 8.1, 23, 欧洲的分与合
4102181, 6.8, 59, 荷兰史
1906520, 7.0, 49, 骑士
1073149, 7.1, 45, 巴黎读书记
1032504, 7.1, 44, 哥伦布DD大西洋的海军元帅
3131239, 6.8, 57, 欧洲文艺复兴
5988631, 7.9, 25, 世界史百科
1191019, 8.3, 20, 麦哲伦传
26855718, 8.4, 19, GUCCI:古驰王朝
2008137, 7.5, 32, 英国历史重大事件及著名人物
19958260, 7.5, 32, 欧洲风化史
2995055, 7.7, 28, 近代欧洲的生活与劳作
1966613, 8.1, 22, 乱世佳人 费雯・丽
1547815, 7.4, 34, 欧洲中世纪文学史
26210669, 7.8, 26, 等待黑暗，等待光明
25774972, 8.0, 23, 欧洲文明的进程；对话欧洲
24700118, 7.5, 31, 战争的悲悯
1067927, 7.7, 27, 欧洲政治思想史
3073344, 7.4, 33, 直观的信仰
6073606, 7.4, 33, 暴力的衰落
6838125, 6.7, 59, 漫步芬兰设计
5445962, 8.3, 19, Before and Beyond Divergence
10797817, 8.2, 20, 欧洲的宗教与虔诚
25901397, 7.8, 25, 微笑
10345596, 8.5, 17, 美狄亚的愤怒
1039847, 7.6, 28, 公司精神
3237364, 7.6, 28, 丰盈与永恒
1390098, 7.4, 32, 从维也纳到爱丁堡去年冬天在墨尔本
2265847, 6.7, 57, 佛罗伦萨：精致之城的入昔时光
3018306, 7.7, 26, 欧洲文艺复兴史-宗教卷
5955253, 6.5, 69, 世界尽头的发现
1447896, 7.9, 23, 那不勒斯王国史
3365761, 6.6, 61, 在拉普兰的苍穹下
3244092, 6.4, 75, 骑士、妇女与教士
11605197, 7.5, 29, 时代阅读经典文库・西方哲学简史
2099690, 6.8, 50, 话说欧洲民族性
6731523, 8.3, 18, 目击者旅游指南
26907955, 8.3, 18, 西班牙内战
1873328, 6.5, 66, 欧洲饮食文化史
4294190, 6.9, 45, 东欧史
6801782, 8.0, 21, 西洋现代史
26213212, 7.7, 25, 花园里的野蛮人
25718738, 7.0, 41, 欧行杂记
1037103, 7.9, 22, 欧洲的未来
1192871, 6.9, 44, 德意志皇帝列传
1149890, 7.6, 26, 欧洲文艺复兴造型艺术
1033571, 7.1, 37, 意大利简史
4928396, 5.9, 132, 科幻小说的终结
26855908, 7.2, 34, 欧洲王室另类史
6797209, 6.3, 78, 欧洲摩登
1227929, 6.3, 77, 公元1000年的欧洲
1426192, 7.5, 27, 博物馆
25429789, 7.5, 27, 骑士之爱与游吟诗人
4713676, 8.0, 20, 不在其位
2133840, 6.9, 42, 皇室的谬误
19975222, 6.9, 42, 阿恩
1487409, 7.2, 33, 荷兰表情
2160019, 7.8, 22, 德朵夫人的小不列颠
25840294, 7.8, 22, 礼物的回归
1061096, 6.5, 59, 欧洲洗浴文化史
2035360, 7.5, 26, 西方当代知识分子史
25780694, 7.9, 20, 最接近天堂的人间
1437896, 6.4, 63, 从罗马到中国
10605018, 7.5, 25, 念旧
1422478, 7.1, 33, 西方左派图绘
24738846, 6.7, 46, 神圣罗马帝国，1495―1806
24743283, 7.3, 28, 一个人出去走走，就像旅行――东欧
3072658, 7.9, 19, 欧洲的抉择：社会目标和政府权力
1897131, 7.4, 25, 伊斯坦布尔 安卡拉-世界都市漫步-建筑文化-欧洲部分
3115727, 7.6, 22, 米其林红色指南
19958264, 7.6, 22, 欧洲风化史
1454214, 7.0, 33, 十九世纪欧洲史
2151239, 7.5, 23, 科学的欧洲
1874015, 7.9, 18, Mario Testino
3542259, 7.8, 19, 为什么欧洲会领跑21世纪？
1343278, 8.0, 17, 你不可不知道的欧洲艺术建筑雕塑绘画
1430414, 8.0, 17, 欧洲一体化史
4322848, 8.0, 17, 从“休克”到重建
4726815, 7.7, 20, 西欧卷-世界现代化历程
19958253, 7.7, 20, 欧洲风化史
1223287, 7.1, 29, 文艺复兴在佛罗伦萨
21964882, 6.5, 48, 不负好时光
1072306, 7.3, 25, 伟大的德国农民战争（全二册）
10430595, 6.5, 47, 这些中世纪的人
6976181, 6.0, 81, 欧洲人文地图
25771441, 7.0, 30, 一半是这里，一半是欧洲
1277269, 6.8, 35, 西欧中世纪骑士的生活
6536970, 6.7, 38, 古希腊罗马神话
4233376, 5.9, 89, 欧洲神话的世界
2176717, 7.3, 24, 欧洲著名建筑
24708415, 7.3, 24, 西方帝国简史
1208641, 6.7, 37, 奥匈帝国
3037661, 7.0, 29, 非一般的外交家
6439962, 7.7, 18, 自由的故事
3074030, 7.8, 17, 西亚、欧洲古代工艺技术研究
25867526, 7.8, 17, 德摩斯提尼时代的雅典民主：结构、原则与意识形态
26184663, 7.8, 17, 中世纪城市
25918397, 6.5, 41, 波吉亚家族
26916148, 7.6, 18, 血王冠
25794671, 7.2, 23, 致我们挥霍在路上的青春
2195533, 7.8, 16, 欧洲视野中的荷兰文化
4047217, 7.8, 16, 世界市场中的小国家
10801524, 7.4, 20, 一本书读懂欧洲史
25425853, 6.3, 47, 十字军
1706487, 7.1, 24, 欧洲中世纪
20260678, 7.3, 21, 威尼斯与阿姆斯特丹
26853177, 7.5, 18, 迷情
3015747, 7.6, 17, 丹，生活旅行
26859507, 7.4, 19, 布鲁塞
25870153, 7.1, 23, 走出西方的社会学：中国镜像中的欧洲
26253915, 7.1, 23, 地图上的法国史
26694302, 7.7, 16, 王室与巨贾
3227938, 8.3, 12, 欧洲大学史（第二卷）
2373273, 7.3, 20, 压力下的生活
10434742, 7.3, 20, 基佐的欧洲观
20172199, 8.1, 13, 士与古代封建制度之解体 封建中国的王权和法律
2567393, 6.9, 26, 19世纪和20世纪之交的欧洲文化生活
2383341, 7.9, 14, Between Men
26282639, 7.9, 14, 欧洲城镇史
3877486, 7.5, 17, 捷克・奥地利・匈牙利一本就GO!
6798314, 7.5, 17, 重写神话
1423701, 6.9, 25, 欧洲近代生活
1434829, 7.6, 16, 剑桥欧洲经济史（第七卷）
10745488, 7.0, 23, 谎言家族
24845390, 7.7, 15, 欧洲民族思想变迁
25725167, 7.7, 15, 欧洲史
26603627, 7.2, 20, 欧游看建筑
1165242, 6.6, 31, 德国文化史
1271340, 7.1, 21, 中世纪的生活
10945276, 7.1, 21, 欧洲殖民帝国
5992652, 7.8, 14, 走遍全球
26835575, 8.1, 12, 十字军史
3181222, 8.3, 11, 立法主权与近代国家的建构
3018309, 7.4, 17, 欧洲文艺复兴史-哲学卷
5410266, 7.4, 17, 中世纪的欧洲大学（第一卷）
25918400, 7.4, 17, 全球时代的欧洲
25929421, 7.4, 17, 英国说明书
25427461, 6.4, 35, 中世纪的城堡
25808640, 6.8, 25, 最佳欧洲小说 II
25930474, 6.8, 25, Lonely Planet孤独星球旅行指南系列：中欧
1159317, 7.6, 15, 剑桥欧洲经济史
10602161, 7.6, 15, 玩是最好的学
25966800, 7.6, 15, 质问希特勒
6425742, 7.1, 20, 给我的孩子讲欧洲
2124683, 7.7, 14, 卢济塔尼亚人之歌
10601546, 7.7, 14, 20世纪欧洲社会史
26334688, 8.2, 11, 地方法院
1102092, 7.8, 13, 剑桥欧洲经济史（第六卷）
26585219, 7.8, 13, Lonely Planet:巴黎(2015年全新版)
1084861, 7.4, 16, 地理大发现
2096945, 7.6, 14, 欧洲书报检查制度的兴衰
5035809, 7.6, 14, 文化的流亡
5343281, 7.6, 14, 1683S也{
24736850, 7.6, 14, 黄金时代的荷兰共和国
25709434, 7.2, 17, 低地国家史
26335673, 7.3, 16, 英格兰银行
19930014, 7.4, 15, 圣雅各之路朝胜记
1151339, 7.5, 14, 意大利文艺复兴的起源与模式
26923543, 8.0, 11, 现代欧洲史（全6卷）
25979931, 6.9, 20, 镇上时光
3094381, 7.8, 12, 玛丽亚・特蕾西亚传
1102093, 7.6, 13, 剑桥欧洲经济史（第五卷）
1637834, 7.6, 13, 剑桥欧洲经济史（第八卷）
26840512, 7.6, 13, 黑暗大陆
1088653, 7.3, 15, 西班牙文学
24754425, 6.6, 23, 圣女贞德与百年战争
1120793, 7.5, 13, 文艺复兴欧洲艺术
4839269, 7.5, 13, 十九世纪欧洲语言学史
26100254, 7.5, 13, 为爱牵手走欧洲
2100287, 6.7, 21, 多瑙河之旅
1919434, 7.1, 16, 哥特艺术鉴赏
1485606, 7.2, 15, 你不可不知道的100首协奏曲及其故事
26210604, 7.6, 12, 终极亲密
25871864, 7.0, 16, 欧洲帝国主义，1860～1914
1283132, 7.7, 11, 莎士比亚悲剧导读
24920343, 7.5, 12, 帝俄时代生活史
1050073, 7.2, 14, 欧洲的掠夺
24722068, 7.2, 14, 法兰西道路
26743703, 7.2, 14, 欧游情书
1014412, 7.3, 13, 悲剧精神与欧洲思想文化史论
1034356, 7.3, 13, 欧洲文明扩张史
25764513, 7.6, 11, 欧洲风化史：文艺复兴时代
1263682, 7.0, 15, 体验宝马
1096640, 7.4, 12, 明清时期
25871835, 7.4, 12, 1848年欧洲革命
25774370, 6.7, 18, 说角儿
26292018, 7.2, 13, 中世纪的人们
26637722, 7.2, 13, 1946
26178608, 5.9, 32, 欧洲常识
25731553, 7.4, 11, 巴黎的宏伟构想
11626572, 7.6, 10, 中世纪欧洲史
23175609, 7.6, 10, The New York Times
10748977, 7.2, 12, 游小镇 品英伦
26293618, 6.8, 15, 欧洲脸谱
25725165, 6.9, 14, 东欧史
3222638, 7.5, 10, 世界主义的欧洲
24701836, 7.5, 10, 西方文明之根
26298288, 7.3, 11, 贪恋小欧洲
26640294, 7.3, 11, 上帝之鞭
6999222, 7.3, 10, 艺术与建筑
10434743, 7.3, 10, 雨果的欧洲观
5972007, 7.2, 10, 欧洲的觉醒
26423473, 7.2, 10, 军事革命与政治变革
26295963, 6.5, 13, 我们如何消逝
25823998, 5.3, 33, 漫步欧洲
26293646, 6.7, 10, 舌尖上的法国
