2017-01-23 16:17:59
Tag: 欧美
The number of books: 966 

ID, rating, votes, title
1084336, 9.0, 211675, 小王子
1770782, 8.8, 249167, 追风筝的人
6082808, 9.2, 94475, 百年孤独
1068920, 9.3, 73335, 飘（上下）
1041007, 9.0, 82524, 哈利・波特与魔法石
1040211, 9.2, 46913, 福尔摩斯探案全集（上中下）
1071241, 8.9, 70193, 哈利・波特与阿兹卡班的囚徒
1009257, 8.9, 68087, 哈利・波特与火焰杯
1083428, 8.8, 80351, 傲慢与偏见
1017143, 8.5, 130064, 不能承受的生命之轻
1858513, 8.9, 61740, 月亮和六便士
1039487, 8.8, 67915, 哈利・波特与密室
4820710, 9.3, 28322, 1984
2295163, 8.9, 53486, 哈利・波特与死亡圣器
10594787, 8.9, 50335, 霍乱时期的爱情
1432596, 8.8, 59627, 哈利・波特与混血王子
1141406, 8.5, 101758, 简爱
1829226, 9.1, 35354, 肖申克的救赎
1085860, 8.9, 48466, 基督山伯爵
1046209, 9.1, 34465, 安徒生童话故事集
2035179, 9.2, 28204, 动物农场
1336330, 9.3, 21612, 冰与火之歌（卷一）
1082387, 9.2, 24011, 一九八四・动物农场
1827374, 9.0, 32524, 东方快车谋杀案
2143732, 8.7, 48509, 灿烂千阳
1040771, 8.2, 123387, 达・芬奇密码
5414391, 9.0, 28887, 寻路中国
1013129, 8.6, 56216, 哈利・波特与凤凰社
1027191, 9.0, 26866, 历史深处的忧虑
3006581, 8.9, 30728, 无人生还
1045818, 8.5, 59213, 苏菲的世界
1043008, 8.9, 27891, 格林童话全集
2154960, 8.7, 38709, 一个陌生女人的来信
3608208, 8.6, 45512, 牧羊少年奇幻之旅
2035162, 9.0, 22461, 刀锋
1205054, 8.9, 25774, 悲惨世界（上中下）
1464203, 9.4, 11872, 冰与火之歌（卷二）
1986291, 9.5, 10282, 冰与火之歌（卷三）
4908885, 9.0, 20143, 局外人
1119522, 8.4, 54435, 呼啸山庄
1863930, 8.8, 25334, 看不见的城市
1400705, 8.1, 79110, 情人
1775691, 8.3, 51949, 少有人走的路
1086249, 8.6, 30344, 荆棘鸟
1064275, 8.3, 50348, 老人与海
1051193, 8.6, 28500, 麦琪的礼物
1034282, 8.8, 19409, 时间简史
1092335, 8.9, 16051, 教父
1258490, 9.2, 10258, 基地
1807516, 8.9, 14916, 罗杰疑案
1119839, 9.1, 11030, 王尔德童话
1024197, 8.3, 39273, 巴黎圣母院
1292416, 8.5, 26417, 香水
1013208, 8.5, 26338, 如何阅读一本书
2361768, 9.3, 7910, 爷爷变成了幽灵
3210843, 9.2, 8411, 冰与火之歌・卷四・群鸦的盛宴（全两册）
1818347, 8.7, 17056, 尼罗河上的惨案
4187411, 8.8, 14419, 万物有灵且美
1056315, 8.8, 14160, 总统是靠不住的
1014825, 9.0, 10545, 我也有一个梦想
1008988, 8.3, 32004, 了不起的盖茨比
1424741, 8.5, 22342, 心是孤独的猎手
1013380, 8.1, 45180, 茶花女
1394364, 8.8, 13718, 银河系漫游指南
1159939, 8.5, 21886, 一个陌生女子的来信
3026879, 8.8, 13339, 爱的艺术
25829693, 9.0, 9499, 永恒的终结
1205370, 8.1, 40989, 羊脂球
1036274, 8.5, 20152, 夏洛的网
6781808, 9.2, 7074, 杀死一只知更鸟
26382433, 8.2, 32134, 无声告白
6789605, 9.0, 8740, 树上的男爵
1035848, 8.6, 15727, 一千零一夜
1440972, 9.1, 7395, 博尔赫斯小说集
5375620, 8.8, 11258, 失控
1258489, 9.3, 5581, 第二基地
1001885, 8.5, 17489, 带一本书去巴黎
2056749, 8.1, 34509, 时间旅行者的妻子
1016003, 8.0, 40976, 鲁滨逊漂流记
1013225, 8.3, 23371, 生活在别处
1082518, 7.9, 48076, 麦田里的守望者
1865089, 8.4, 19155, 瓦尔登湖
1083762, 8.7, 11553, 人类的群星闪耀时
1085470, 8.4, 18542, 海底两万里
1062343, 9.2, 5733, 昨日的世界
1316648, 8.3, 21737, 查令十字街84号
1258491, 9.2, 5612, 基地与帝国
1022238, 8.2, 25108, 菊与刀
26602392, 8.8, 9553, 你今天真好看
1040104, 8.7, 11025, 魔戒（第一部）
1762869, 8.9, 8210, 如彗星划过夜空
1228110, 8.2, 24812, 天使与魔鬼
1140727, 8.8, 9375, 安德的游戏
1001136, 8.8, 9348, 彼得・潘
1213546, 8.3, 20089, 变形记
26586492, 8.9, 7695, 火星救援
1071794, 8.9, 7667, 魔戒（第三部）
3315879, 8.6, 11680, 恶童日记
6964047, 9.3, 4436, 冰与火之歌（卷一）
1033190, 8.8, 8458, 失落的一角
1258498, 8.3, 18234, 项链
2194123, 8.4, 15436, 相约星期二
1856025, 8.9, 7263, 道连・葛雷的画像
10763902, 7.9, 36906, 偷影子的人
1794620, 7.8, 43150, 芒果街上的小屋
1066165, 9.3, 4024, 卡尔维诺文集（第三卷）
1465324, 7.7, 51336, 洛丽塔
1007433, 8.1, 23569, 红与黑
1186392, 8.7, 8786, 约翰・克利斯朵夫
26340138, 7.7, 49777, 岛上书店
1048007, 8.2, 19075, 高效能人士的七个习惯（精华版）
1092149, 8.7, 8401, 梵高传
1058759, 8.8, 7193, 魔戒（第二部）
6401128, 8.9, 6231, 批评官员的尺度
2171321, 8.4, 12903, 找死的兔子
3537590, 8.3, 15170, 朗读者
4011440, 8.0, 25442, 最初的爱情 最后的仪式
1917972, 7.8, 37142, 在路上
1962923, 8.6, 9316, 西班牙旅行笔记
10560798, 8.7, 8037, 面纱
3608235, 8.5, 10843, 失物之书
1056461, 8.3, 14849, 旅行的艺术
20392523, 8.5, 10385, 没有人给他写信的上校
1431870, 9.1, 4474, 源泉
24382569, 8.6, 8878, 一桩事先张扬的凶杀案
5366275, 8.4, 12081, 我怎样毁了我的一生
1917078, 8.6, 8834, 风之影
2180619, 8.0, 23368, 偷书贼
1187842, 9.0, 4959, 你一生的故事
1095634, 8.7, 7480, 小狗钱钱
3326892, 8.6, 8540, 圣诞忆旧集
1082584, 8.6, 8475, 追忆似水年华 Ⅰ
11584574, 8.5, 9847, 万物静默如谜
1060117, 8.5, 9771, 不朽
2158684, 9.0, 4736, 象棋的故事
3347997, 8.5, 9463, X的悲剧
1427288, 8.4, 10829, 小妇人
1005492, 8.9, 5195, 光荣与梦想
1321789, 8.5, 8940, 美丽新世界
4010969, 7.8, 29534, 当我们谈论爱情时我们在谈论什么
4292149, 8.5, 8601, 龙文身的女孩
1442869, 8.9, 4866, 献给阿尔吉侬的花束
2193877, 8.1, 15712, 你在天堂里遇见的五个人
1203251, 8.1, 15495, 雾都孤儿
1013502, 7.6, 39503, 钢铁是怎样炼成的
1007772, 8.2, 12741, 双城记
1275608, 8.7, 5876, 神秘岛
1012637, 8.2, 12236, 牛虻
1052828, 8.4, 8761, 玩笑
20326626, 8.6, 6425, 少年Pi的奇幻漂流（插图珍藏版）
5920385, 8.2, 11875, 肠子
2139305, 7.7, 29047, 巴别塔之犬
1212488, 8.3, 9975, 罗密欧与朱丽叶
1031741, 7.8, 23724, 欧也妮・葛朗台
5993310, 9.0, 3658, 直捣蜂窝的女孩
1907199, 8.6, 5972, 扫起落叶好过冬
4934552, 8.8, 4526, 玩火的女孩
2052049, 9.0, 3465, 海伯利安
1075538, 8.2, 10731, 普罗旺斯的一年
10439064, 9.0, 3405, 发现之旅
1851385, 7.8, 21349, 我的名字叫红
4105446, 8.1, 12483, 十一种孤独
3266345, 8.1, 12348, 三杯茶
4313207, 8.5, 6576, 致D
3137289, 8.5, 6526, 姐姐的守护者
5958726, 8.0, 14322, 质数的孤独
3348010, 8.5, 6365, Y的悲剧
1016486, 8.3, 8587, 笑忘录
1255288, 8.0, 13996, 复活
6964051, 9.5, 1789, 冰与火之歌（卷一）
3673651, 7.7, 23639, 岛
10555486, 8.7, 4628, 分成两半的子爵
6973805, 9.4, 1960, 冰与火之歌（卷一）
6857344, 8.5, 6107, 夜莺与玫瑰
3821057, 8.6, 5267, 搏击俱乐部
3836566, 8.6, 5257, 玫瑰的名字
1400707, 8.1, 11232, 广岛之恋
1271212, 8.8, 3936, 死者代言人
6789551, 8.8, 3905, 不存在的骑士
3124525, 7.7, 22422, 暮色
1805514, 8.2, 9084, 阳光下的罪恶
3112726, 8.5, 5758, 希腊棺材之谜
1772786, 8.6, 4958, 真名实姓
2161892, 8.5, 5579, 九故事
5366382, 8.7, 4211, 夜航西飞
3594151, 8.1, 10135, 柑橘与柠檬啊
1049522, 8.8, 3636, 西西弗的神话
2061644, 8.2, 8594, 伤心咖啡馆之歌
1203244, 8.2, 8577, 三个火枪手
1146267, 8.8, 3608, 深渊上的火
1036541, 8.7, 4091, 疯癫与文明
1005918, 7.9, 13997, 堂吉诃德
1040397, 8.1, 9720, 假如给我三天光明
3115476, 8.8, 3404, 热夜之梦
26371317, 8.2, 8011, 24个比利
1047138, 7.7, 18999, 少年维特的烦恼
4242406, 8.5, 5107, 达芬奇密码
1013469, 8.6, 4432, 战争与和平（全四册）
3899039, 8.1, 9324, 刺猬的优雅
2036561, 8.4, 5804, 城堡
2996596, 8.4, 5796, 特别的猫
10512236, 8.4, 5752, 时间的针脚
1859108, 8.8, 3265, 白痴
1049957, 8.6, 4237, 浮士德
1258487, 8.9, 2829, 基地前传1・基地前奏（上下）
26264967, 8.3, 6188, 神们自己
3246904, 8.1, 8434, 蒂凡尼的早餐
4171951, 7.5, 24785, 失落的秘符
4120475, 9.3, 1693, 加缪全集 （小说卷）
1035326, 8.7, 3448, 一次?图片和故事
1818583, 9.1, 2101, 斯・茨威格中短篇小说选
19962936, 8.7, 3439, 只是孩子
1903164, 8.0, 9588, ABC谋杀案
1079252, 8.2, 6842, 爱情笔记
3013903, 8.1, 7865, 漫长的告别
1418437, 8.7, 3255, 安德的影子
1270508, 8.7, 3193, 失焦
3723866, 8.0, 8914, 破晓
2033081, 8.2, 6424, 身份的焦虑
1063796, 8.6, 3608, 小说的艺术
1083477, 7.8, 12243, 包法利夫人
1017180, 8.3, 5396, 定位
2050767, 8.6, 3536, 绿野仙踪
1258485, 8.9, 2365, 基地续集1・基地边缘（上下）
6097966, 8.1, 6983, 发条橙
1882915, 8.9, 2275, 莎士比亚四大悲剧
10598170, 8.1, 6848, 我不要你死于一事无成
1034106, 8.1, 6791, 威尼斯商人
2302217, 8.8, 2537, 阿特拉斯耸耸肩（上下）
26672693, 9.0, 1947, 一个叫欧维的男人决定去死
24541883, 8.1, 6527, 消失的爱人
1399992, 8.9, 2177, 天渊
1417385, 8.9, 2173, 博尔赫斯诗选
1872158, 8.2, 5576, 蝇王
1946658, 8.2, 5509, 啤酒谋杀案
1119528, 7.9, 8875, 高老头
1481311, 8.7, 2695, 沙丘
5446490, 8.7, 2688, 宇宙奇趣全集
1016845, 9.1, 1658, 史努比黄金50年
5993314, 8.0, 7185, 安吉拉・卡特的精怪故事集
2173262, 8.3, 4499, 假如明天来临
1849791, 8.5, 3397, 铁皮鼓
3402999, 8.6, 2964, 到灯塔去
11528350, 8.8, 2298, 哈扎尔辞典（阳本）
2271582, 8.4, 3867, 又来了，找死的兔子
1258486, 8.8, 2285, 基地续集2・基地与地球（上下）
1025336, 7.9, 8256, 慢
1874411, 8.5, 3339, 乞力马扎罗的雪
3302645, 8.1, 5949, 我在雨中等你
2214350, 8.4, 3795, 幻影书
1083429, 8.7, 2545, 爱伦・坡短篇小说集
3688489, 7.8, 9635, 异类
1057197, 8.1, 5781, 无知
3871911, 8.4, 3600, 大树
2243692, 7.8, 8997, 潜水钟与蝴蝶
3191247, 8.7, 2382, 好兆头
3315827, 7.8, 8864, 暮光之城・新月
3831788, 8.0, 6368, 逃离
1939182, 8.0, 6320, 美国众神
1021056, 7.2, 27757, 谁动了我的奶酪？
3026875, 8.7, 2322, 幕后凶手
6041708, 8.4, 3441, 世上另一个我(修订版)
1015398, 8.8, 2040, 卡尔维诺文集（第二卷）
6797396, 8.5, 2968, 焚舟纪
1014144, 8.3, 3894, 大卫・科波菲尔（上下）
1076330, 8.9, 1788, 奥狄浦斯王
1051714, 8.2, 4420, 等待戈多
1026317, 7.7, 9837, 可爱的骨头
1946666, 7.9, 6948, 斯泰尔斯庄园奇案
1018482, 8.0, 5874, 汤姆?索亚历险记
3033690, 8.0, 5710, 24重人格
4140380, 8.7, 2138, 第七重解答
4154988, 8.0, 5673, 纯真博物馆
1211267, 8.5, 2746, 阿甘正传
2267630, 8.3, 3593, 凯尔特的薄暮
1082159, 8.2, 4119, 沉默的羔羊
6890671, 8.2, 4117, 一天
10488617, 9.3, 1062, 冰与火之歌・卷二・列王的纷争（上）
3364853, 7.7, 9028, 月食
1012489, 7.7, 8998, 童年 在人间 我的大学
1023709, 8.3, 3504, 被背叛的遗嘱
1057206, 7.3, 19108, 数字城堡
1088812, 8.3, 3478, 第二十二条军规
1491853, 8.2, 3798, 变色龙
4175473, 8.6, 2199, 波斯少年
1163327, 8.8, 1705, 列那狐的故事
20392525, 7.9, 5869, 枯枝败叶
3393056, 8.2, 3700, 流动的盛宴
10488618, 9.4, 874, 冰与火之歌・卷二・列王的纷争（下）
4246979, 8.1, 4207, 窄门
1140726, 8.2, 3626, 计算中的上帝
2980471, 8.2, 3619, 赎罪
1152701, 7.7, 7941, 漂亮朋友
3608352, 8.6, 2096, 哲瑞・雷恩的最后一案
1768642, 9.2, 1048, 博尔赫斯短篇小说集
4173402, 8.4, 2689, 昨日之旅
10608473, 9.6, 707, 冰与火之歌・卷三・冰雨的风暴（下）
1009285, 7.6, 9158, 童年
3908032, 7.3, 16142, 怪诞心理学
4882159, 7.6, 9095, 橘子不是唯一的水果
10488616, 9.3, 907, 冰与火之歌・卷二・列王的纷争（中）
1027587, 8.6, 1968, 恶之花 巴黎的忧郁
1186350, 7.8, 6127, 红字
2229229, 8.0, 4460, 穿条纹衣服的男孩
3293574, 8.4, 2504, 人骨拼图
2214344, 7.5, 10237, 不存在的女儿
3041463, 8.3, 2830, 时间回旋
4220020, 8.8, 1504, 相助
1010898, 7.6, 8405, 格列佛游记
1012117, 8.2, 3155, 仲夏夜之梦
1424569, 8.4, 2395, 婚礼的成员
6800379, 8.6, 1850, 2666
1060723, 8.0, 4187, 重返普罗旺斯
6829323, 7.9, 4884, 我，睡了，81个人的沙发
21346008, 8.5, 2081, 米格尔街
1292322, 8.2, 3103, 群星，我的归宿
6844341, 7.6, 7835, 牡蛎男孩忧郁之死
1865765, 8.5, 2024, 童年的终结
1768332, 8.3, 2608, 喜福会
3908240, 7.8, 5444, 情人
1903152, 8.0, 3956, 悬崖山庄奇案
3242857, 7.5, 9021, 分手信
1397467, 7.9, 4559, 理智与情感
3264211, 8.6, 1728, 犹大之窗
3131814, 8.7, 1524, 笔记大自然
1867064, 7.7, 6193, 八百万种死法
1053249, 8.7, 1511, 一点巴黎
1927902, 7.6, 7201, 九型人格
1046883, 8.5, 1900, 查理和巧克力工厂
10565151, 7.5, 8530, 我是个年轻人 我心情不太好
4164096, 7.6, 6998, 饥饿游戏
3622904, 7.3, 11963, 不抱怨的世界
1455933, 7.5, 8152, 你好，忧愁
1486658, 9.2, 829, 奥菲利娅的影子剧院
4219125, 8.3, 2332, 坟场之书
1468997, 8.6, 1580, 守望灯塔
4870150, 8.3, 2301, 44号孩子
2142574, 8.7, 1375, 时光中的时光
1030554, 8.5, 1693, 恶心
1958685, 8.4, 1902, 美的历史
1793721, 7.9, 3824, 琴声如诉
24736805, 7.5, 7373, 我所有的朋友都死了
1272866, 8.8, 1168, 世界文学文库
1023048, 8.1, 2823, 情人 乌发碧眼
1444558, 8.7, 1302, 博尔赫斯谈艺录
1082188, 8.9, 1037, 第三种可能
3055316, 7.7, 5088, 第十三个故事
1827376, 7.8, 4279, 死亡约会
2061444, 8.6, 1423, 幽灵之家
5321895, 8.3, 2068, 那些忧伤的年轻人
2265995, 7.1, 14954, 大象的眼泪
1096714, 8.5, 1559, 冰风谷（全三册）
1039840, 7.6, 5623, 查特莱夫人的情人
1827375, 7.8, 4030, 人性记录
2160292, 8.1, 2575, 神谕之夜
1948429, 8.5, 1522, 诗人
1032369, 9.1, 775, 花卉圣经
1452766, 8.5, 1505, 宾克的魔法
2973335, 8.6, 1331, 微暗的火
1485225, 7.3, 9298, 骗局
2063620, 7.8, 3908, 谋杀启事
1067049, 8.8, 1037, 孩子，把你的手给我
26300508, 8.7, 1122, 万物的签名
2153467, 7.8, 3680, 底牌
1279212, 7.5, 6016, 十日谈
5387467, 8.4, 1569, 三口棺材
1093098, 7.8, 3582, 爱玛
5940829, 8.1, 2287, 写在身体上
5921802, 7.6, 4871, 邮差总按两遍铃
1027767, 8.2, 1985, 时间的女儿
1729284, 8.0, 2612, 单行道
4753689, 8.2, 1949, 莎拉的钥匙
2282946, 7.8, 3392, 直面内心的恐惧
1433659, 7.8, 3355, 失恋排行榜
2147647, 7.9, 2867, 物质生活
6861517, 8.5, 1262, 时时刻刻
6973816, 7.7, 3772, 古董衣情缘
1182890, 8.4, 1417, 严厉的月亮
20493367, 8.5, 1247, 爱伦・坡暗黑故事全集（上册）
4714018, 7.5, 5175, 青春咖啡馆
5417807, 7.6, 4374, 饥饿游戏2：燃烧的女孩
1047325, 9.2, 585, 老妇还乡
6832303, 6.9, 16233, 别相信任何人
5391766, 7.5, 4999, 忽然七日
1082187, 9.0, 700, 人类的天性
6863330, 7.9, 2642, 丝之屋
1400703, 8.3, 1524, 劳儿之劫
6010144, 8.3, 1499, 动物寓言集
3310627, 8.4, 1317, 繁花将尽
2057291, 8.1, 1915, 守夜人
26369210, 8.5, 1153, 黑猫侦探 I：阴影之间
25756947, 7.4, 5583, 地狱
3253854, 7.7, 3361, 书店的灯光
3732346, 8.1, 1872, 疯狂实验史
1320521, 8.8, 806, 一个陌生女人的来信
2280027, 7.6, 3820, 自杀俱乐部
1077638, 8.0, 2085, 耻
1949417, 8.2, 1593, 这就是纽约
4027219, 7.8, 2760, 宠物公墓
1965977, 7.4, 5094, 我的抑郁症
1026547, 8.1, 1737, 一生
6967983, 8.2, 1510, 罪行
2968740, 8.0, 1958, 怪屋
2301475, 8.4, 1162, 人间食粮
4891108, 8.4, 1160, 爱伦坡惊悚小说全集
2064684, 8.3, 1310, 迟暮鸟语
1019293, 8.8, 741, 小飞人卡尔松
10749924, 8.2, 1485, 天真的和感伤的小说家
1017839, 7.9, 2221, 带着鲑鱼去旅行
2032117, 7.7, 2968, 纽约三部曲
1760134, 9.1, 539, 茨威格小说集
3390170, 7.9, 2154, 圣诞奇案
20392524, 7.7, 2868, 恶时辰
2568067, 8.1, 1624, 中性
21681263, 8.2, 1426, 大鱼
2064688, 8.3, 1255, 异乡异客
1083317, 7.8, 2460, 北回归线
1422227, 8.3, 1235, 了不起的盖茨比 夜色温柔
1949418, 8.5, 968, 重游缅湖
4191438, 8.3, 1212, 燃烧的法庭
6003394, 8.2, 1372, 爱，始于冬季
2969263, 8.5, 943, 跳房子
10282582, 8.3, 1192, 隐形怪物
1959270, 8.1, 1517, 小世界
1060489, 8.7, 744, 驼背小人
2364762, 8.7, 744, 唐璜（上下册）
2036569, 8.2, 1324, 愤怒的葡萄
1288019, 9.4, 378, 波隆那插画年鉴（第二辑）
1031354, 8.0, 1711, 死魂灵
3204692, 7.9, 1952, 高尔夫球场命案
12404751, 8.6, 818, 遥远地球之歌
1931689, 7.4, 4163, 云中命案
1949182, 7.7, 2511, 古墓之谜
5980585, 8.3, 1101, 走在蓝色的田野上
2255871, 8.6, 780, 冠军早餐 囚鸟
1103080, 7.9, 1832, 金色笔记
3112705, 8.0, 1591, 法国粉末之谜
3017205, 7.8, 2076, 长眠不醒
4827792, 8.5, 840, 星星女孩
3348024, 7.5, 3136, Z的悲剧
1130892, 8.7, 660, 幽灵5号
2971734, 7.3, 4376, 一把雨伞给这天用
1223765, 8.3, 1030, 请宰了我
20273030, 8.3, 1015, 哈尔的移动城堡
2052229, 8.1, 1293, 爱丽斯奇境历险记
2153625, 7.6, 2589, 午后四点
1229235, 8.8, 575, 穿过骨头抚摸你
3032747, 8.1, 1257, 再见，吾爱
1437129, 8.1, 1253, 悠游小说林
4213990, 7.9, 1588, 天使游戏
1242927, 9.7, 251, 英国文学名篇选注
2383005, 7.5, 2849, 巴黎手作创意人
2382544, 8.7, 610, 园圃之乐
2003209, 8.0, 1369, 蜘蛛男孩
4941428, 8.7, 598, 飞女郎与哲学家
1921617, 7.9, 1516, 父之罪
2977023, 7.7, 2003, 无尽长夜
3788397, 8.5, 724, 豺狼的日子
1229236, 8.8, 524, 断弦的耳朵
4918103, 8.5, 704, 礼物
1208002, 8.2, 990, 琥珀
3566974, 7.6, 2201, 红色笔记本
1946661, 7.4, 2983, 鸽群中的猫
2076853, 9.1, 378, 奥尼尔剧作选
2071068, 8.9, 455, 福尔摩斯退场记
1483285, 7.6, 2154, 有关品位
1275565, 8.6, 609, 怪盗亚森?罗宾
3420077, 8.1, 1078, 我生命的速度
1945004, 8.6, 597, 近距离
2226171, 8.1, 1043, 守日人
11535042, 8.2, 923, 请以你的名字呼唤我
2082380, 7.8, 1534, 失窃的孩子
1084335, 8.3, 813, 古堡里的月亮公主
4933087, 7.3, 3214, 机场里的小旅行
2382359, 7.6, 1965, 杀人不难
1420500, 8.4, 700, 百万英镑
1427784, 7.8, 1469, 曼斯菲尔德庄园
2127202, 7.9, 1271, 蜜蜂的秘密生活
7046857, 8.3, 764, 长日留痕
6265961, 7.1, 4286, 饥饿游戏3：嘲笑鸟
5043526, 7.6, 1887, 床笫之间
3215515, 8.2, 848, 每个人都死了
2282515, 7.6, 1873, 沉睡的谋杀案
3314802, 8.1, 939, 消失的人
2063621, 7.3, 2910, 藏书室女尸之谜
4126861, 8.0, 1050, 第四扇门
2340059, 7.6, 1807, 心理控制术
2297234, 7.7, 1559, 花事
2046566, 8.6, 521, 勇气
4863905, 7.5, 2053, 就说你和他们一样
3816895, 8.1, 903, 雪崩
1310155, 8.1, 895, 莱博维茨的赞歌
1982151, 8.2, 789, 海
5248289, 7.7, 1487, 岁月的泡沫
3130849, 8.1, 869, 空椅子
5289426, 7.4, 2269, 在云端
4191444, 8.0, 973, 毒巧克力命案
4898534, 8.4, 609, 爵士时代的故事
1755391, 7.7, 1437, 死亡拼图
1069168, 7.4, 2206, 钢琴教师
3015783, 7.8, 1224, 嫁给风的女孩
1082586, 7.8, 1213, 厨室机密
3144806, 8.7, 432, 项链
3262395, 7.8, 1182, 垂暮之战
6797700, 8.4, 565, 自我与本我
1812319, 8.1, 788, 船讯
26390426, 8.3, 622, 比利战争
4038567, 8.1, 773, 蓝色骇客
3056603, 7.5, 1711, 牙医谋杀案
3219390, 7.7, 1278, 褐衣男子
3191351, 8.3, 601, 欧美流行音乐指南
1395228, 8.5, 484, 五号屠场
2146336, 7.2, 2644, 分手清单
3123788, 8.9, 321, Dead End
5321896, 8.3, 582, 危险的关系
3092871, 8.3, 581, 欧洲：一堂丰富的人文课
1225366, 8.7, 377, 小毛驴与我
3016791, 8.3, 567, 逆流河
5473543, 7.7, 1171, 带我回去
3109123, 8.3, 560, 圣经故事
1462658, 7.9, 893, 光晕
1878074, 8.1, 697, 重力使命
3015838, 7.6, 1275, Breaking Dawn
3926634, 8.5, 433, 大师的背影
3276681, 7.7, 1097, 他其实没那么喜欢你
1277257, 7.6, 1227, 小人物日记
5321843, 6.5, 8658, 假装的艺术
1732998, 8.9, 286, 傻瓜吉姆佩尔
3112724, 7.5, 1385, 暹罗连体人之谜
3510279, 8.1, 635, 女郎她死了
25708956, 7.8, 914, 本店招牌菜
1700258, 9.4, 187, 音乐天堂
2378214, 7.9, 793, 耳语之人
3622446, 6.9, 3548, FBI教你破解身体语言
4038564, 7.8, 877, 灾难之城
4848427, 7.8, 865, 血色童话
3591140, 7.5, 1291, 柏棺
2381982, 7.5, 1254, 在地图结束的地方
2156635, 7.5, 1241, 有人喜欢冷冰冰
3908322, 7.7, 939, 致命遗产
2150265, 8.7, 305, 苹果酒屋的规则
1084794, 8.4, 400, 法官和他的刽子手
1871292, 7.8, 788, 天生嫩骨
2268983, 7.4, 1347, 破镜谋杀案
2159470, 6.8, 3668, 垮掉的一代
1442706, 8.6, 323, 你在圣・弗兰西斯科做什么?
2229048, 7.6, 988, 购物狂的异想世界
24380058, 7.6, 981, 读书年代
1128403, 8.1, 528, 歌唱的沙
3271522, 7.3, 1500, 蓝色列车之谜
1030065, 8.6, 315, 人面狮身的女子
1948925, 8.1, 522, 魔法外套
2077835, 7.8, 742, 大笑的警察
3704397, 7.0, 2388, 首席女法医1
3017251, 7.6, 952, 高窗
3364823, 7.8, 732, 是名画总会被偷的
2282513, 7.3, 1450, 魔手
2134572, 7.8, 727, 夏屋，以后
3130854, 8.1, 509, 冷月
3215504, 7.9, 640, 死亡的渴望
4301568, 9.1, 192, Jolies ténèbres
2378192, 7.6, 898, 绿胶囊之谜
3316185, 8.0, 537, 失落的大陆
26108007, 7.8, 680, 我已经结婚了  我心情还不好
1430684, 7.3, 1340, 永恒之井
3109124, 8.2, 424, 圣经故事:新约篇(名画全彩版)
2973346, 7.7, 754, 透明
1753403, 7.5, 980, 诺桑觉寺
1458377, 8.2, 419, 大魔法师
1254676, 7.1, 1757, 优雅
1958881, 7.5, 959, 谋杀与创造之时
4856199, 7.4, 1100, 而河马被煮死在水槽里
1042609, 8.3, 371, 浴室 先生 照相机
1187844, 7.7, 732, 傀儡主人
2968723, 7.3, 1254, 复仇女神
4892942, 7.7, 723, 小小陌生人
2282514, 7.3, 1246, 寓所谜案
1256220, 8.9, 208, 阿巴拉岛
3117982, 7.8, 626, 植物的故事
1851192, 9.0, 190, Superman
2008235, 7.5, 913, 丑闻笔记
4171958, 7.5, 882, 闪光的氰化物
2133268, 7.1, 1565, 借镜杀人
3271524, 7.4, 997, 暗藏杀机
1456886, 7.9, 524, 胡萝卜须
3865981, 7.5, 857, 清洁女工之死
3345182, 7.9, 519, 红色右手
2224566, 7.3, 1118, 香料传奇
6019809, 7.8, 576, 我的名字叫回忆
3423543, 8.6, 245, 借刀杀人/希区柯克悬念故事集
2149710, 7.4, 942, 再见了，马拉卡纳
2378202, 7.4, 935, 歪曲的枢纽
1123668, 7.8, 553, 圣诞欢歌
2251699, 7.2, 1232, 十月的孩子
4885073, 8.2, 351, 脸上的门，口中的灯
4259340, 7.7, 613, 恶狼之夜
3662753, 7.8, 539, 半途之屋
3273419, 7.4, 889, 角落里的老人
1083983, 8.8, 195, 印第安人咒语
1944926, 7.3, 1009, 在死亡之中
1028735, 7.7, 590, 歌剧院的幽灵
1411023, 8.3, 300, 独居日记
1065410, 8.2, 325, 三怪客泛舟记
5408861, 7.6, 641, 你走以后
1163374, 8.3, 291, 罗马阳台 世间的每一个清晨
4922499, 7.5, 710, 美国枪之谜
26328639, 7.4, 802, 一份不适合女人的工作
10527658, 7.6, 609, 女管家的心事
10554689, 7.7, 537, 需要时，就给我电话
1729675, 9.1, 141, 雷蒙德卡弗短篇小说集
1982707, 7.1, 1208, 时尚女魔头
3175263, 7.2, 1038, 失物招领处
2253759, 7.6, 596, 无心应战
5336211, 7.7, 523, 十日惊奇
25790386, 8.3, 273, 阿扎克
21263655, 8.3, 263, 彼时
1418820, 8.8, 169, Brokeback Mountain
26271231, 7.3, 838, 糖与香料
4187290, 7.7, 494, 达特穆尔的恶魔
2301012, 7.6, 557, 一个岛的可能性
20258531, 8.0, 351, 法国妈妈育儿经
2253754, 7.6, 551, 萨冈，一个迷人的小魔鬼
3204693, 7.1, 1091, 死人的殿堂
4112159, 7.0, 1261, 万圣节前夜的谋杀案
7916107, 7.3, 784, 马耳他之鹰
3615035, 7.4, 679, 埃及十字架之谜
1862795, 8.9, 147, 幻想艺术
1229245, 8.5, 203, 欧美经典摇滚另类歌曲集
5043449, 7.9, 366, 不可能犯罪诊断书Ⅱ
1441589, 7.9, 359, 上帝掷骰子
1981397, 7.8, 401, 三个六月
1838187, 8.3, 236, 华伦夫人的职业
1216871, 8.6, 180, 魔戒魅影.双塔奇兵
11528358, 7.6, 494, 第二次呼吸
24523682, 7.6, 494, 裸体午餐
1022973, 8.6, 177, 卢布林的魔术师 冤家，一个爱情故事
1002130, 8.4, 206, 他们曾使我空虚
2378205, 7.3, 684, 连续自杀事件
1414445, 7.7, 406, 主教杀人事件
4732060, 7.5, 513, 凶手是狐
1228242, 8.0, 290, 勃朗特一家的故事
3615030, 7.7, 401, 绿色危机
7006784, 8.6, 164, 密室推理杰作选――欧美卷
3795596, 7.8, 346, 凯西来了！
5254321, 7.5, 488, 幽巷谋杀案
1908361, 8.5, 173, 太古和其他的时间
1441171, 8.3, 206, 小酒店
4238193, 7.4, 546, 北欧四季透明笔记
1483829, 8.5, 171, Breakfast at Tiffany&#39;s
6794027, 7.9, 294, 血腥的谋杀
2031909, 9.1, 104, We3
1466485, 9.2, 97, The Happy Prince and Other Tales
4219844, 7.4, 517, 死亡居家指南
1065590, 7.7, 353, 你能保守秘密吗
3510278, 7.5, 442, 独角兽谋杀案
1437670, 7.8, 312, 星际驿站
1098716, 7.6, 388, 魔戒魅影
2149703, 7.5, 437, 大海与撒丁岛
1814179, 6.9, 999, 挖鼻史
1074507, 7.6, 385, 死亡之屋?远离地下室
3243088, 6.6, 1632, 四魔头
1033089, 7.5, 427, 打女佣的屁股
3175972, 7.3, 547, 死亡飞出大礼帽
1255249, 8.1, 221, 昨日之岛
3170759, 8.9, 112, 咬文嚼字学英语
1775718, 6.8, 1122, 黑色大丽花
6889539, 9.6, 69, 勒内・格鲁瓦的第一世纪
1229250, 9.4, 78, 欧美经典流行歌曲精选I:世界上最动听的歌(磁带版).(含1书+2磁带)
2275727, 9.4, 78, 加菲猫
3032732, 7.1, 680, 重播
1443120, 6.8, 1056, 拿着剪刀奔跑
1455708, 9.0, 100, The Hard Goodbye (Sin City
10558239, 8.0, 231, 奇异海
20458893, 7.4, 443, 画中情缘
1932768, 8.5, 144, 卡夫卡文学代表作
1043163, 7.2, 564, 女雕刻家
4018178, 7.7, 302, 史蒂夫迟到的101个理由
1026916, 8.9, 103, 芭巴拉少校
3038761, 7.4, 420, 80/20法则
1257054, 7.5, 371, 木偶惊魂・追妖女孩
6712400, 7.5, 362, 莫雷尔的发明
1340500, 8.0, 211, 失控的陪审团
1313815, 8.1, 191, 黑暗的心
4931690, 7.7, 286, 圣诞清单
5387466, 7.8, 255, 不可能犯罪诊断书Ⅲ
1903631, 8.9, 98, Popbot
3865987, 6.7, 1073, 大象的证词
1725548, 8.3, 155, Invisible Man
5288319, 8.0, 201, 裁判有误
4845553, 7.4, 375, 九因谋杀成十
3510277, 7.5, 333, 五盒之谜
1089802, 8.0, 196, 爱玛
1030678, 8.4, 137, 初出茅庐破大案--加德纳探案集
4322746, 7.0, 633, 罗马帽子之谜
1168743, 8.1, 177, 小约翰
7067328, 7.0, 625, 请你帮我杀了她
1909834, 7.3, 411, 不是我，是风
5288318, 7.2, 462, 孔雀羽谋杀案
1477712, 9.4, 65, Jack Johnson in Between Dreams
1157634, 8.6, 112, 捕捉月光
2073530, 7.2, 451, 罗丝安娜
1012469, 7.8, 223, “蝙蝠”文库系列丛书（4种）
3293608, 7.1, 494, 犯罪七大奇迹
1220201, 8.1, 161, 撒玛坎护身符
26840504, 7.7, 235, 人人都有妄想症
3293575, 7.2, 419, 我的前妻们
3111826, 7.4, 323, 藏书的乐趣
3067304, 8.1, 154, 投影
4845560, 7.5, 281, 失颤之人
3314834, 7.2, 402, 思考机器探案集之寒鸦女郎
10593454, 6.7, 814, 怪屋女孩
1997573, 7.9, 179, 设计的秘密
10594331, 7.9, 178, 不可能犯罪诊断书Ⅳ
1084250, 8.5, 106, 《存在与时间》读本
1133487, 7.2, 382, 黑太阳
6015892, 7.3, 337, 下辈子做猫吧
3034067, 7.7, 210, 无人读过的书
1455956, 8.1, 141, 吃太阳的家伙
1983222, 8.5, 100, Fables Vol. 1
3667352, 7.1, 401, 爬虫类馆杀人事件
5921812, 7.4, 276, 记忆碎片
1781822, 8.6, 89, Indian Summer
1035026, 8.4, 103, 与史努比一起过圣诞
2378207, 6.9, 498, 逆转死局
1234809, 7.6, 212, 织工马南
4175480, 6.4, 1074, 男人都是智障
6249735, 7.5, 231, 至死不渝
3170264, 7.0, 420, 地狱之缘
4817621, 6.8, 542, 丢掉50样东西，找回100分人生
5415450, 7.4, 250, 阿加莎・克里斯蒂秘密笔记
6393103, 7.2, 311, 双面莱特
3293612, 7.4, 245, 天花板上的足迹
3656997, 6.9, 455, 瘟疫庄谋杀案
1874366, 6.3, 1191, 在自己房间里的旅行
1214891, 8.2, 112, 欧美现代诗歌流派诗选
3666853, 7.3, 270, 红寡妇血案
1830297, 8.5, 88, 幽默公寓1
1086505, 8.7, 76, 皮兰德娄精选集
1319670, 7.2, 301, 班森杀人事件
1032503, 7.4, 237, 星际动物园
3666868, 7.2, 291, 耶洗别之死
6072914, 7.9, 138, 独行女
1060432, 8.1, 115, 吉卜林短篇小说选
2003636, 7.7, 164, 猎物
20453463, 7.3, 250, 无可慰藉
5376560, 6.2, 1259, 福尔摩斯先生收
1785092, 6.7, 536, 母猪女郎
6539917, 7.0, 351, 妹妹
5370403, 7.5, 193, 巴黎漂亮女生的秘密
1054974, 7.9, 130, 莫斯科日记 柏林纪事
6041407, 7.1, 301, 犯罪日历
1473169, 7.5, 189, 物类最新消息
3277266, 7.1, 297, 九九神咒
3170267, 7.2, 263, 刽子手的杂役
3347989, 6.7, 500, 另一方玩家
4913068, 6.5, 667, 生猛的进化心理学
1001908, 7.6, 163, 自杀的故事
3210692, 7.5, 179, 墓地的沉默
2037015, 8.4, 81, 小说写作技巧二十讲
24089002, 7.8, 133, 像导演一样思考
3293572, 7.0, 317, 青铜神灯的诅咒
1431434, 7.6, 160, 圣诞节清单
11415118, 8.9, 57, The New Ghost
3224602, 6.9, 351, 达利的骗局
3122324, 7.3, 215, 污血之玷
1783367, 8.9, 56, Hellspawn
1915961, 8.6, 68, 布拉格魔像
24845040, 7.3, 213, 最美好的人间十日
1035002, 8.2, 91, 言犹在耳
3314862, 7.2, 234, 思考机器探案集之致命的密码
3551062, 8.8, 58, 鼹鼠与小鸟
4916533, 8.2, 86, 代数的历史
3662752, 6.9, 319, 上帝之灯
1177584, 8.0, 99, 金属
1148639, 8.4, 72, 外套
5038562, 7.9, 105, 爱情盛宴
6049010, 7.9, 104, Parisian Chic
3146953, 6.7, 391, 陆桥谋杀案
3666854, 6.9, 297, 白修道院谋杀案
1082337, 7.0, 260, 只有一个贝克汉姆
3314863, 7.2, 202, 思考机器探案集之幽灵汽车
6010580, 6.9, 287, 怪奇案件受理处
6117917, 8.3, 73, 卡夫卡文集
26662757, 8.7, 55, 六桩不可能犯罪
1326137, 7.9, 99, 塑料
2077838, 7.1, 220, 萨伏大饭店
10526481, 6.7, 359, 奎因犯罪调查局
2378183, 6.5, 479, 女巫角
4162302, 7.5, 139, 暮光之城
1114924, 8.4, 64, 世界室内设计史
2142569, 8.8, 49, Tank Girl
1054476, 7.2, 183, 威廉・莎士比亚(附磁带)(书虫・牛津英汉对照读物)
1620331, 8.1, 78, 工业产品设计秘诀
3345187, 7.2, 179, 斯托维尔开膛手
21132837, 7.1, 200, 无耻之徒
20502637, 9.1, 40, 莎士比亚四大喜剧
1661862, 8.4, 61, 弗兰克・劳埃德・赖特
1013182, 7.9, 89, 十七岁
1082338, 7.3, 155, 学会飞翔
2971923, 7.1, 189, 黄石的孩子
4074955, 7.1, 189, 犹在镜中
21365745, 8.0, 80, 旅行，人生的轻微失重
3310063, 9.3, 34, Jack Johnson
2715633, 9.4, 32, Scott Pilgrim
1418973, 7.1, 178, Gossip Girl #1
2044812, 7.5, 117, 新娘
3199527, 7.6, 106, 猎魂者
1438073, 7.9, 81, 基本粒子
1084401, 8.8, 43, 外国诗歌经典100篇
1659060, 8.4, 55, 一声不吭
1082431, 8.0, 73, 蝎子之屋
3314866, 6.8, 241, 思考机器探案集之微笑的上帝
1900733, 9.1, 35, 三伙伴
6126825, 7.1, 164, 隐形圈
23130129, 8.2, 59, 小俄罗斯
1903596, 8.6, 45, Popbot
3402227, 8.6, 45, 汗骱罹
2262999, 8.7, 42, 牛津英美文化词典
7065578, 6.6, 284, 红胡子的诅咒
1056097, 8.3, 54, 一个乡村教士的日记
3545896, 6.9, 192, 欧美情色文学史
2989619, 6.6, 282, 食梦者的玻璃书
1781825, 8.0, 67, Gullivera
4832888, 7.3, 123, 失衡的时间
1939007, 7.9, 72, 学游泳
4882016, 6.7, 241, 恨警察的人
1177586, 7.7, 83, 玻璃
1002069, 7.7, 81, 一把尘土
1084115, 8.2, 55, 上任第一年
4306340, 8.5, 45, 弗兰妮
1046321, 7.4, 104, 我的死了的生活的回忆
7004246, 8.9, 35, 埃勒里与奎因
2149444, 7.9, 67, 哲学
1035422, 7.5, 93, 疾病改变历史
1972806, 7.4, 101, 欧洲神话
1476980, 6.5, 284, 简・奥斯丁书友会
2159844, 8.4, 45, 法国短篇小说选
1177583, 7.7, 75, 陶瓷
1455953, 7.1, 131, 空港浮生记
5387464, 6.8, 182, 火焰，燃烧吧！
2284921, 7.7, 73, 窗子里的脸 / 灵魂主人 / 恶运之钟 / 地狱来信
1393478, 8.7, 36, а莨φn
1219372, 6.1, 473, 蜜月
5043451, 7.1, 122, 皮卡迪利谋杀案
4191498, 6.7, 191, 五条红鲱鱼
6125409, 6.8, 169, 唤醒死者
1858041, 8.0, 55, 逆流河，托梅克
1519316, 7.4, 89, 大白鲨
3043744, 9.1, 28, 欧洲古典装饰图案1500
1117273, 9.5, 23, 派黎思作品精选
5259536, 8.1, 49, 你是奇迹
2179118, 9.0, 28, 海蒂
26794770, 9.0, 28, 密室推理讲座
1963016, 6.5, 220, 爱情芥末酱
4848834, 7.1, 107, 亡灵舞厅
3918136, 6.5, 215, 矛头蛇
1476720, 8.2, 42, 魔服
3329960, 8.2, 42, The Woman in the Wardrobe
3920186, 7.6, 65, Angel Wings
1502122, 8.8, 29, 英汉翻译入门
5986573, 6.6, 176, 校长宿舍谋杀案
1228465, 7.9, 50, 小提琴
1526502, 7.7, 58, 摄影大师的外景用光秘诀
3198440, 7.9, 48, 夜海钩沉
3339297, 7.6, 60, 幽灵
6890678, 6.3, 242, 色情电影谋杀案
1286203, 7.7, 55, 蟑螂蟑螂死光光
1780798, 7.7, 55, 路的尽头
3077998, 7.4, 70, 女店主
1459772, 8.0, 44, Stargirl
10484448, 7.3, 76, 明日已逝
2122018, 8.2, 38, 百劫红颜. 上册
3273415, 6.4, 202, 十三号房
1105148, 7.9, 46, 今天过得怎么样
2117007, 8.3, 35, 欧美经济学史
1972059, 7.3, 73, 基因突变
1004706, 7.9, 44, 苹果车
1263308, 7.3, 70, 平面设计的7大要素
25767899, 6.6, 142, 红信
24722280, 8.2, 35, 冬天的故事
2976951, 7.0, 88, 最新欧美电视节目模式
5043450, 6.9, 96, 筒仓陈尸
1469030, 8.4, 30, 火鸟译丛9种
2186336, 7.6, 51, 闪电人
3398281, 7.7, 45, 曼谷八区
3003155, 7.2, 66, 尘埃落定
1039425, 7.8, 40, 情欲艺术家 第二层皮
6693563, 7.4, 54, Anya&#39;s Ghost
2186335, 7.9, 37, 欺诈
10567856, 7.1, 69, 中枪
2239938, 8.2, 30, 日本人
11597326, 5.4, 792, 我的心略大于整个宇宙
2032390, 7.2, 61, 创新产品设计与手绘
1427882, 8.4, 26, Ballad Of The Sad Cafe
1780604, 8.0, 32, 简单的真相
1427477, 7.0, 68, 往事烟云
1290959, 8.3, 26, 朗香教堂
1144299, 7.9, 33, 薇拉・凯瑟精选集
25722300, 7.9, 33, 危险的黑暗
1059351, 8.9, 19, 格林童话全集（上下）（成人双语版）
1032171, 7.6, 40, 红磨坊
6010582, 6.7, 88, 事实之前
3407737, 8.2, 27, 致命危情
1026453, 7.2, 54, 贵族之后
1418601, 8.0, 30, Something Blue
5030659, 8.3, 25, 我的r尚}`
26586505, 7.0, 63, 决战王妃2：背叛之吻
3555758, 6.7, 83, 欧美时尚100年
10434593, 8.1, 27, 亲爱的福尔摩斯
5395727, 6.9, 64, 噬魂虫
2024580, 7.0, 57, 法国文学大花园
26662760, 7.6, 32, 试管迷踪
26794767, 8.3, 20, 约翰・狄克森・卡尔研究
3003149, 6.6, 69, 灰烟散尽
1928971, 7.6, 30, 30位国际杰出平面设计师的成功创意
26662761, 7.5, 31, 出租车奇案
1392855, 7.2, 38, 音乐视像
2304455, 6.7, 56, 欧美流行音乐直击
23226850, 7.0, 42, 只愿你被这世界温柔相待
2003996, 7.9, 22, 外国短篇侦探小说选
1330764, 7.3, 32, 100年100位产品设计师
1036651, 7.8, 23, 火星人的时光倒转
26648436, 6.7, 52, 平行历史
6797209, 6.3, 78, 欧洲摩登
2006435, 7.8, 22, 美国三角洲特种部队
5345951, 8.4, 16, Moebius oeuvres
2122020, 7.9, 20, 百劫红颜. 下册
2237820, 7.3, 29, Www.
1316895, 7.8, 21, 回味无穷
2304829, 7.6, 23, 欧洲火车之旅
26282717, 7.8, 20, 麻木
2175689, 7.2, 29, 荷马史诗的故事
1834251, 6.8, 35, 直言不讳
1894250, 8.0, 16, Mouse Guard Belly of the Beast (Mouse Guard
26326479, 4.7, 934, 五十度灰
2443457, 7.7, 18, Japan&#39;s Modern Myths
3233950, 7.0, 28, Garotas de Tóquio
1382152, 8.1, 14, Marc Jacobs
12294942, 8.1, 14, Elliott Erwitt Snaps
1139398, 7.6, 18, 别怀疑，你就是那么笨
10771028, 7.6, 18, 红与黑
3053528, 7.9, 15, 司汤达中短篇小说选
1602576, 7.8, 15, 生长的建筑
11617296, 8.2, 12, Thou Shell of Death
26586507, 7.7, 15, 决战王妃3：真命天女
2126693, 7.4, 17, 永无宁日
1878658, 7.7, 14, 一辆淡紫色出租车
3791078, 7.8, 13, Exit Wounds
3152533, 7.4, 16, 女王的人R
3661966, 7.6, 14, 神奇的眼睛
21347664, 8.1, 11, 驼鹿消防员的一天
1475901, 7.7, 13, The Island of the Day Before
1835761, 7.4, 15, 室内设计培训教程
1290960, 7.5, 14, 流水别墅
10769653, 6.7, 21, 整理.人生
11617298, 7.8, 11, The Beast Must Die
2118116, 7.9, 10, Paladin of Souls
25798788, 6.8, 17, 变形记
1262983, 7.5, 11, 爱之翼
11226466, 7.5, 11, Idols and Celebrity in Japanese Media Culture
1862949, 7.5, 10, The Emperor&#39;s Children
3649786, 7.5, 10, 瘕o畏
3260802, 6.6, 15, 叛逆的欲望
1842904, 5.4, 42, 圣像
1326231, 7.2, 10, 屠场(上
26365715, 7.0, 11, 早知今日
