2017-01-23 16:17:59
Tag: 欧美文学
The number of books: 999 

ID, rating, votes, title
1084336, 9.0, 211675, 小王子
1770782, 8.8, 249170, 追风筝的人
6082808, 9.2, 94475, 百年孤独
1068920, 9.3, 73335, 飘（上下）
1041007, 9.0, 82524, 哈利・波特与魔法石
1009257, 8.9, 68087, 哈利・波特与火焰杯
1083428, 8.8, 80351, 傲慢与偏见
1017143, 8.5, 130064, 不能承受的生命之轻
1858513, 8.9, 61740, 月亮和六便士
1039487, 8.8, 67915, 哈利・波特与密室
4820710, 9.3, 28324, 1984
2295163, 8.9, 53486, 哈利・波特与死亡圣器
10594787, 8.9, 50335, 霍乱时期的爱情
1141406, 8.5, 101758, 简爱
1829226, 9.1, 35354, 肖申克的救赎
2035179, 9.2, 28204, 动物农场
1336330, 9.3, 21612, 冰与火之歌（卷一）
1827374, 9.0, 32524, 东方快车谋杀案
2143732, 8.7, 48510, 灿烂千阳
1040771, 8.2, 123387, 达・芬奇密码
1013129, 8.6, 56216, 哈利・波特与凤凰社
1045818, 8.5, 59213, 苏菲的世界
2154960, 8.7, 38709, 一个陌生女人的来信
3608208, 8.6, 45512, 牧羊少年奇幻之旅
2035162, 9.0, 22461, 刀锋
1205054, 8.9, 25774, 悲惨世界（上中下）
7060185, 9.0, 21133, 江城
4908885, 9.0, 20144, 局外人
1119522, 8.4, 54435, 呼啸山庄
1863930, 8.8, 25334, 看不见的城市
1400705, 8.1, 79110, 情人
1086249, 8.6, 30344, 荆棘鸟
1064275, 8.3, 50348, 老人与海
1051193, 8.6, 28500, 麦琪的礼物
1092335, 8.9, 16051, 教父
1807516, 8.9, 14916, 罗杰疑案
1119839, 9.1, 11030, 王尔德童话
1024197, 8.3, 39273, 巴黎圣母院
1292416, 8.5, 26417, 香水
26698660, 9.0, 11402, 巨人的陨落
3406401, 9.0, 11014, 悉达多
1818347, 8.7, 17056, 尼罗河上的惨案
4187411, 8.8, 14419, 万物有灵且美
2035171, 9.0, 10721, 人生的枷锁
1008988, 8.3, 32004, 了不起的盖茨比
1765512, 9.1, 9074, 海的女儿
1424741, 8.5, 22342, 心是孤独的猎手
1159939, 8.5, 21886, 一个陌生女子的来信
1856494, 9.3, 6365, 卡拉马佐夫兄弟
25829693, 9.0, 9499, 永恒的终结
1205370, 8.1, 40989, 羊脂球
1036274, 8.5, 20152, 夏洛的网
6781808, 9.2, 7074, 杀死一只知更鸟
26382433, 8.2, 32135, 无声告白
1440972, 9.1, 7395, 博尔赫斯小说集
2056749, 8.1, 34509, 时间旅行者的妻子
1016003, 8.0, 40976, 鲁滨逊漂流记
1013225, 8.3, 23371, 生活在别处
1082518, 7.9, 48076, 麦田里的守望者
1865089, 8.4, 19155, 瓦尔登湖
1062343, 9.2, 5733, 昨日的世界
1316648, 8.3, 21737, 查令十字街84号
1228110, 8.2, 24812, 天使与魔鬼
1001136, 8.8, 9348, 彼得・潘
1213546, 8.3, 20089, 变形记
26586492, 8.9, 7695, 火星救援
3315879, 8.6, 11680, 恶童日记
1258498, 8.3, 18234, 项链
2194123, 8.4, 15436, 相约星期二
1856025, 8.9, 7263, 道连・葛雷的画像
10763902, 7.9, 36906, 偷影子的人
26425831, 8.8, 8140, 斯通纳
1794620, 7.8, 43150, 芒果街上的小屋
1066165, 9.3, 4024, 卡尔维诺文集（第三卷）
1465324, 7.7, 51336, 洛丽塔
1007433, 8.1, 23569, 红与黑
3578470, 9.0, 5793, 德米安
1186392, 8.7, 8786, 约翰・克利斯朵夫
26340138, 7.7, 49777, 岛上书店
24934182, 8.1, 22987, 一个人的朝圣
1092149, 8.7, 8401, 梵高传
3537590, 8.3, 15171, 朗读者
4011440, 8.0, 25442, 最初的爱情 最后的仪式
1917972, 7.8, 37142, 在路上
10560798, 8.7, 8037, 面纱
3608235, 8.5, 10843, 失物之书
1004088, 9.0, 5298, 长袜子皮皮
1041128, 8.5, 10742, 天蓝色的彼岸
1254731, 8.8, 6879, 欧・亨利短篇小说选
20392523, 8.5, 10385, 没有人给他写信的上校
1431870, 9.1, 4474, 源泉
24382569, 8.6, 8878, 一桩事先张扬的凶杀案
1917078, 8.6, 8834, 风之影
2180619, 8.0, 23368, 偷书贼
1022632, 8.7, 7495, 罪与罚
2136484, 8.7, 7407, 如果在冬夜，一个旅人
3326892, 8.6, 8541, 圣诞忆旧集
1082584, 8.6, 8475, 追忆似水年华 Ⅰ
11584574, 8.5, 9847, 万物静默如谜
1883353, 8.8, 6334, 野性的呼唤
1060117, 8.5, 9771, 不朽
2158684, 9.0, 4736, 象棋的故事
1427288, 8.4, 10829, 小妇人
1321789, 8.5, 8940, 美丽新世界
10774752, 9.1, 3909, 毛姆短篇小说精选集
4010969, 7.8, 29534, 当我们谈论爱情时我们在谈论什么
6781794, 8.8, 5630, 过于喧嚣的孤独
4292149, 8.5, 8601, 龙文身的女孩
1442869, 8.9, 4866, 献给阿尔吉侬的花束
4714015, 9.0, 4136, 万物既伟大又渺小
2193877, 8.1, 15712, 你在天堂里遇见的五个人
1203251, 8.1, 15495, 雾都孤儿
3335362, 8.5, 8042, 大教堂
1418058, 9.1, 3527, 小径分岔的花园
1007772, 8.2, 12741, 双城记
1081422, 8.9, 4407, 卡夫卡小说全集（全三册）
20326626, 8.6, 6425, 少年Pi的奇幻漂流（插图珍藏版）
5920385, 8.2, 11875, 肠子
2139305, 7.7, 29047, 巴别塔之犬
1212488, 8.3, 9975, 罗密欧与朱丽叶
1031741, 7.8, 23724, 欧也妮・葛朗台
24845582, 8.4, 8489, 群山回唱
5993310, 9.0, 3658, 直捣蜂窝的女孩
2042063, 8.4, 7961, 伊斯坦布尔
2052049, 9.0, 3465, 海伯利安
3673771, 9.0, 3464, 项塔兰
3697494, 9.1, 3039, 洞穴奇案
1420508, 8.9, 3903, 最后一片叶子
1907739, 8.6, 5842, 当世界年纪还小的时候
1851385, 7.8, 21349, 我的名字叫红
4105446, 8.1, 12483, 十一种孤独
1064841, 9.0, 3364, 绿山墙的安妮
3266345, 8.1, 12348, 三杯茶
4313207, 8.5, 6576, 致D
3137289, 8.5, 6526, 姐姐的守护者
25884880, 8.9, 3739, 我不知道该说什么，关于死亡还是爱情
5958726, 8.0, 14322, 质数的孤独
1016486, 8.3, 8587, 笑忘录
1255288, 8.0, 13996, 复活
4826530, 9.1, 2806, 我亲爱的甜橙树
3673651, 7.7, 23639, 岛
10555486, 8.7, 4628, 分成两半的子爵
6857344, 8.5, 6107, 夜莺与玫瑰
4882023, 9.2, 2452, 万物既聪慧又奇妙
3836566, 8.6, 5257, 玫瑰的名字
1400707, 8.1, 11232, 广岛之恋
6789551, 8.8, 3905, 不存在的骑士
3131626, 8.9, 3429, 荒原狼
3151990, 8.5, 5767, 达摩流浪者
3112726, 8.5, 5758, 希腊棺材之谜
1772786, 8.6, 4958, 真名实姓
20428302, 9.1, 2580, 失明症漫记
1032431, 9.0, 2901, 卡尔维诺文集（第五卷）
2161892, 8.5, 5579, 九故事
1064828, 8.4, 6454, 好笑的爱
5366382, 8.7, 4211, 夜航西飞
2165063, 9.2, 2256, 纳尔齐斯与歌尔德蒙
3003477, 9.2, 2235, 虚构集
3594151, 8.1, 10135, 柑橘与柠檬啊
2061644, 8.2, 8594, 伤心咖啡馆之歌
1982200, 8.7, 4104, 爱德华的奇妙之旅
1005918, 7.9, 13997, 堂吉诃德
3442373, 8.5, 5371, 二人证据
1015864, 9.0, 2670, 惶然录
26371317, 8.2, 8011, 24个比利
1047138, 7.7, 18999, 少年维特的烦恼
3899039, 8.1, 9324, 刺猬的优雅
3442377, 8.6, 4391, 第三谎言
2036561, 8.4, 5804, 城堡
2996596, 8.4, 5796, 特别的猫
10512236, 8.4, 5752, 时间的针脚
1859108, 8.8, 3265, 白痴
1049957, 8.6, 4237, 浮士德
1438816, 9.1, 2227, 给青年诗人的信
1083089, 9.3, 1738, 博尔赫斯全集
1052360, 8.9, 2758, 卡尔维诺文集（第四卷）
1077492, 9.0, 2439, 大师和玛格丽特
3246904, 8.1, 8434, 蒂凡尼的早餐
6016234, 8.8, 3073, 奇风岁月
4120475, 9.3, 1693, 加缪全集 （小说卷）
19962936, 8.7, 3439, 只是孩子
2042633, 9.0, 2338, 金蔷薇
1037954, 8.4, 5133, 告别圆舞曲
5406559, 8.7, 3370, 鼠疫
1079252, 8.2, 6842, 爱情笔记
2146279, 9.0, 2307, 心灵的焦灼
3013903, 8.1, 7865, 漫长的告别
1085021, 8.2, 6693, 蝴蝶梦
4116629, 8.9, 2544, 希区柯克悬念故事集
3926717, 8.5, 4243, 雷蒙德・卡佛短篇小说自选集
1056023, 8.5, 4218, 鼠疫
1083435, 8.7, 3198, 契诃夫短篇小说选
1063796, 8.6, 3608, 小说的艺术
1082147, 9.0, 2157, 热爱生命
3769738, 8.7, 3126, 万火归一
1083477, 7.8, 12243, 包法利夫人
1077778, 8.1, 7381, 爱的教育
2050767, 8.6, 3536, 绿野仙踪
4202422, 8.3, 5307, 云图
1083434, 8.6, 3472, 莫泊桑短篇小说选
4143051, 8.6, 3424, 荆棘之城
1275907, 8.3, 5212, 八十天环游地球
1000121, 8.5, 3902, 昆虫记
4737325, 8.2, 6022, 维罗妮卡决定去死
2296687, 8.5, 3873, 纸牌的秘密
6097966, 8.1, 6983, 发条橙
1880823, 8.8, 2588, 格林童话
1034066, 9.1, 1804, 加缪文集
1882915, 8.9, 2275, 莎士比亚四大悲剧
1034106, 8.1, 6791, 威尼斯商人
2302217, 8.8, 2537, 阿特拉斯耸耸肩（上下）
1460340, 8.9, 2207, 人性的，太人性的
1038241, 8.7, 2814, 兄弟连
6811366, 8.3, 4861, 禅与摩托车维修艺术
26672693, 9.0, 1947, 一个叫欧维的男人决定去死
10569619, 8.4, 4204, 自由
24541883, 8.1, 6527, 消失的爱人
1872158, 8.2, 5576, 蝇王
1119528, 7.9, 8875, 高老头
6526752, 8.8, 2416, 生命之书
1052074, 8.7, 2737, 喧哗与骚动
3129584, 8.8, 2409, 莎乐美
1433572, 9.2, 1509, 随风而来的玛丽阿姨
1055234, 8.5, 3519, 神曲（全三册）
2161691, 8.3, 4662, 伊索寓言
1019628, 8.7, 2689, 卡夫卡中短篇小说选
5446490, 8.7, 2688, 宇宙奇趣全集
1401795, 8.6, 3045, 时间的玫瑰
3003258, 9.2, 1473, 阿莱夫
1803641, 8.8, 2336, 小公主
5993314, 8.0, 7185, 安吉拉・卡特的精怪故事集
2173262, 8.3, 4499, 假如明天来临
1849791, 8.5, 3397, 铁皮鼓
1291199, 8.7, 2606, 过于喧嚣的孤独 底层的珍珠
3402999, 8.6, 2964, 到灯塔去
11528350, 8.8, 2298, 哈扎尔辞典（阳本）
1025336, 7.9, 8256, 慢
1874411, 8.5, 3339, 乞力马扎罗的雪
1030469, 8.2, 5075, 青鸟
2214350, 8.4, 3795, 幻影书
1083429, 8.7, 2545, 爱伦・坡短篇小说集
2165076, 9.0, 1751, 玻璃球游戏
1057197, 8.1, 5781, 无知
1030366, 8.1, 5687, 身份
3871911, 8.4, 3600, 大树
2243692, 7.8, 8997, 潜水钟与蝴蝶
10768068, 8.4, 3551, 寻欢作乐
3640067, 8.7, 2384, 革命之路
3831788, 8.0, 6368, 逃离
2073345, 8.7, 2355, 拜伦 雪莱 济慈 抒情诗精选集
4881998, 8.4, 3492, 猜火车
1437973, 8.7, 2343, 亲密关系
1015398, 8.8, 2040, 卡尔维诺文集（第二卷）
6797396, 8.5, 2968, 焚舟纪
4732188, 8.1, 5235, 中央公园西路
1076330, 8.9, 1788, 奥狄浦斯王
1051714, 8.2, 4420, 等待戈多
1026317, 7.7, 9837, 可爱的骨头
4908872, 8.6, 2450, 都柏林人
1038196, 8.4, 3177, 尤利西斯
2295912, 8.9, 1687, 佩德罗・巴拉莫
4154988, 8.0, 5673, 纯真博物馆
1211267, 8.5, 2746, 阿甘正传
2267630, 8.3, 3593, 凯尔特的薄暮
10764013, 8.8, 1875, 克罗诺皮奥与法玛的故事
2251691, 8.7, 2117, 弗兰妮与祖伊
1082159, 8.2, 4119, 沉默的羔羊
26628811, 8.7, 2070, 世上最美的溺水者
1088812, 8.3, 3478, 第二十二条军规
1203622, 8.9, 1600, 莎乐美 道林?格雷的画像
1852700, 9.0, 1405, 神经外科的黑色喜剧
1011702, 8.1, 4402, 廊桥遗梦
4175473, 8.6, 2199, 波斯少年
4732123, 8.5, 2491, 爸爸，我们去哪儿？
3393056, 8.2, 3700, 流动的盛宴
2350549, 8.8, 1680, 海伯利安的陨落
3316438, 8.3, 3176, 孤独及其所创造的
4246979, 8.1, 4207, 窄门
2980471, 8.2, 3619, 赎罪
1870262, 8.5, 2374, 帕洛马尔
1042434, 8.0, 4794, 安妮日记
4173402, 8.4, 2689, 昨日之旅
4245064, 8.5, 2356, 冷血
1009285, 7.6, 9158, 童年
4882159, 7.6, 9095, 橘子不是唯一的水果
1780277, 8.7, 1773, 法兰西组曲
1011228, 8.3, 2952, 远大前程
20441569, 9.1, 1109, 被淹没和被拯救的
10473355, 8.6, 1969, 木麻黄树
1868698, 8.3, 2895, 为什么读经典
1186350, 7.8, 6127, 红字
2229229, 8.0, 4460, 穿条纹衣服的男孩
25845647, 8.7, 1727, 天空的另一半
2214344, 7.5, 10237, 不存在的女儿
26657570, 9.0, 1210, 活着为了讲述
2364215, 8.5, 2185, 此地无人生还
3003466, 8.7, 1696, 恶棍列传
3041463, 8.3, 2830, 时间回旋
2228707, 8.9, 1343, 癌症楼
4220020, 8.8, 1504, 相助
1010898, 7.6, 8405, 格列佛游记
1771464, 8.6, 1909, 微物之神
1001065, 8.4, 2432, 麦克白
1012117, 8.2, 3155, 仲夏夜之梦
1424569, 8.4, 2395, 婚礼的成员
6800379, 8.6, 1850, 2666
1067293, 8.5, 2093, 青春
21346008, 8.5, 2081, 米格尔街
1015767, 8.0, 4098, 门萨的娼妓
10764363, 9.2, 914, 是，大臣
1174721, 8.4, 2279, 丧钟为谁而鸣
1807562, 9.2, 896, 加西亚・马尔克斯中短篇小说集
3242857, 7.5, 9021, 分手信
10519369, 9.4, 730, 万物生光辉
1048173, 8.0, 3876, 忏悔录
1088418, 9.0, 1082, 死屋手记
10590165, 9.5, 646, 聆听音乐
3338175, 7.9, 4373, 诗翁彼豆故事集
10565151, 7.5, 8530, 我是个年轻人 我心情不太好
3689118, 8.3, 2426, 梦想家彼得
26451351, 8.6, 1627, 爱情和其他魔鬼
1885262, 8.6, 1624, 笑面人
2156959, 8.1, 3107, 捕鼠器
1455933, 7.5, 8152, 你好，忧愁
3669671, 8.5, 1811, 我们在此相遇
1312558, 8.9, 1133, 文学讲稿
10746177, 8.5, 1806, 终结的感觉
26276924, 8.6, 1597, 梦中的欢快葬礼和十二个异乡故事
5336228, 8.7, 1414, 作家笔记
1468997, 8.6, 1580, 守望灯塔
4870150, 8.3, 2301, 44号孩子
1918351, 8.3, 2298, 烟云・阿根廷蚂蚁
10563555, 8.9, 1087, 恐惧
1030554, 8.5, 1693, 恶心
3117464, 8.6, 1497, 平行宇宙
24875416, 8.3, 2185, 生命最后的读书会
10583075, 8.5, 1682, 英国病人
4621099, 8.3, 2173, 死于威尼斯
1211572, 9.7, 487, 世界文学名著连环画 欧美部分（全十册）
1793721, 7.9, 3824, 琴声如诉
1063401, 8.4, 1889, 精灵宝钻
1006770, 8.4, 1858, 卡尔维诺文集（第一卷 上下）
1391508, 8.6, 1448, 钢穴
3055316, 7.7, 5088, 第十三个故事
25985126, 8.6, 1425, 迷宫中的将军
5321895, 8.3, 2068, 那些忧伤的年轻人
4151134, 7.8, 4221, 只爱陌生人
2265995, 7.1, 14954, 大象的眼泪
3438303, 8.7, 1251, 抬高房梁，木匠们；西摩：小传
2165057, 8.7, 1229, 堤契诺之歌
1039840, 7.6, 5623, 查特莱夫人的情人
25808056, 8.1, 2593, 纸牌屋
2146277, 9.1, 784, 一个政治性人物的肖像
2160292, 8.1, 2575, 神谕之夜
4579688, 8.5, 1510, 丑的历史
20501761, 8.2, 2213, 地球上最后的夜晚
2973335, 8.6, 1331, 微暗的火
26053771, 8.6, 1329, 小于一
1034449, 8.9, 944, 杰克・伦敦小说选
10522844, 8.7, 1168, 游戏的终结
2165084, 8.3, 1869, 在轮下
2209227, 8.3, 1841, 一个孤独漫步者的遐想
26300508, 8.7, 1122, 万物的签名
1279212, 7.5, 6016, 十日谈
20279665, 9.2, 660, “太空漫游”四部曲
26598807, 9.0, 800, 人鼠之间
20470849, 8.3, 1790, 神的九十亿个名字
6310320, 8.7, 1103, 人都是要死的
26701959, 8.6, 1228, 我脑袋里的怪东西
4150038, 8.1, 2310, 海鸥乔纳森
10512506, 7.8, 3573, 世界上的另一个你
5940829, 8.1, 2287, 写在身体上
5921802, 7.6, 4872, 邮差总按两遍铃
3172156, 8.5, 1360, 柏林谍影
1027767, 8.2, 1985, 时间的女儿
1729284, 8.0, 2612, 单行道
4198469, 8.2, 1976, 轻舔丝绒
3175259, 8.3, 1727, 锅匠，裁缝，士兵，间谍
1434071, 7.9, 2997, 我们
3003470, 8.8, 954, 另一个，同一个
3401258, 7.9, 2993, 小猫杜威
1013369, 7.7, 4067, 格调
4850629, 8.6, 1182, 言论的边界
1917969, 8.0, 2533, 通向蜘蛛巢的小径
2282946, 7.8, 3392, 直面内心的恐惧
3765092, 8.6, 1163, 旧地重游
1433659, 7.8, 3355, 失恋排行榜
1754836, 8.8, 923, 向加泰罗尼亚致敬
2147647, 7.9, 2867, 物质生活
3158733, 7.9, 2857, 在切瑟尔海滩上
2050779, 8.3, 1647, 魔山
24107596, 8.0, 2463, 神经漫游者
1440243, 8.7, 1016, 索拉里斯星
3823070, 8.4, 1440, 最后的精灵
24089492, 8.8, 906, 恶童日记（珍藏纪念版）
3622445, 8.7, 1008, 贫民窟的百万富翁
6861517, 8.5, 1262, 时时刻刻
5283663, 8.4, 1410, 另一个波琳家的女孩
20493367, 8.5, 1247, 爱伦・坡暗黑故事全集（上册）
4714018, 7.5, 5175, 青春咖啡馆
5988558, 8.3, 1581, 深夜小狗神秘事件
2032523, 8.5, 1232, 失乐园
4213981, 8.4, 1382, 好人难寻
5391766, 7.5, 4999, 忽然七日
1082187, 9.0, 700, 人类的天性
3410763, 8.6, 1066, 最后的演讲
1949121, 7.7, 3460, 白色城堡
1437488, 9.2, 557, 群魔
3218534, 8.1, 1918, Eat
4818177, 8.2, 1677, 英国人的言行潜规则
6791412, 8.8, 825, 炽焰燃烧
2135139, 8.4, 1292, 我为什么要写作
2245301, 8.0, 2156, 戴珍珠耳环的少女
4203630, 8.5, 1135, 鳄鱼街
21993104, 8.1, 1874, 白夜
3090810, 8.7, 893, 五号屠场
1030575, 9.1, 590, 理想丈夫与不可儿戏
2280027, 7.6, 3820, 自杀俱乐部
1823058, 8.3, 1407, 关于他人的痛苦
1949417, 8.2, 1593, 这就是纽约
3113152, 8.2, 1571, 伯恩的身份
4836697, 8.3, 1376, 看见真相的男孩
1074155, 8.8, 773, 骑兵军
1137246, 8.6, 961, 就业、利息和货币通论
3024623, 8.1, 1772, 布鲁克林的荒唐事
2995941, 8.3, 1368, 没有指针的钟
19898714, 7.6, 3679, 偶发空缺
1083030, 9.0, 626, 双重人格 地下室手记
1880825, 8.2, 1528, 希腊神话
2283762, 8.5, 1058, 钟形罩
26387640, 8.2, 1526, 忧伤的时候，到厨房去
1433739, 8.5, 1056, 蜘蛛女之吻
2124556, 8.2, 1510, 黑书
7916069, 8.8, 744, 被禁锢的头脑
1936756, 8.6, 924, 诊疗椅上的谎言
4891108, 8.4, 1160, 爱伦坡惊悚小说全集
10749924, 8.2, 1485, 天真的和感伤的小说家
20425489, 9.3, 455, 是，首相
1030789, 8.6, 918, 爱因斯坦的梦
1017839, 7.9, 2221, 带着鲑鱼去旅行
2032117, 7.7, 2968, 纽约三部曲
1995655, 9.2, 495, 演员自我修养(第一部)
10594802, 8.0, 1901, 写给无神论者
1760134, 9.1, 539, 茨威格小说集
2567547, 8.1, 1655, 金色眼睛的映像
3571360, 8.3, 1280, 长别离
25890145, 8.4, 1133, 线
1865689, 8.6, 899, 玻璃城堡
5347700, 7.9, 2169, 我坐在彼德拉河畔，哭泣
3747044, 8.9, 649, 一无所有
1321790, 8.1, 1636, 华氏451
20392524, 7.7, 2868, 恶时辰
2568067, 8.1, 1624, 中性
21681263, 8.2, 1426, 大鱼
1083317, 7.8, 2460, 北回归线
2213965, 8.2, 1404, 他人就是地狱
3136267, 8.5, 975, 小城畸人
3013532, 8.8, 701, 兰波彩图集
20273057, 9.0, 573, 象棋的故事
25801080, 8.2, 1396, 我曾这样寂寞生活：辛波斯卡诗选2
26591906, 8.3, 1226, 浮生梦
2347737, 8.1, 1573, 深夜加油站遇见苏格拉底
6003394, 8.2, 1372, 爱，始于冬季
2174400, 8.2, 1367, 达洛卫夫人
10763170, 8.5, 946, 发条女孩
1104698, 8.6, 844, 保罗・策兰诗文选
2969263, 8.5, 943, 跳房子
3404727, 8.4, 1058, 同时
10282582, 8.3, 1192, 隐形怪物
3223917, 8.1, 1510, 颜色的故事
1031354, 8.0, 1711, 死魂灵
5940877, 8.4, 1025, 激情
26394018, 9.1, 490, 生活与命运
19950612, 7.3, 4989, 伊斯坦布尔假期
3327495, 8.3, 1148, 万有引力之虹
21690283, 8.2, 1297, 再会，谢谢所有的鱼
3571371, 8.1, 1464, 平静的生活
2381093, 7.4, 4147, 一辈子做女孩
2042631, 7.9, 1899, 弗兰肯斯坦
1212486, 8.5, 890, 马克・吐温中短篇小说选
3402988, 8.9, 580, 海浪
3816883, 8.3, 1115, 黑暗的左手
4018093, 8.5, 879, 极度狂热
5448179, 8.0, 1625, 别的声音，别的房间
26276923, 7.9, 1856, 礼拜二午睡时刻
4898547, 8.1, 1414, 祖与占
5980585, 8.3, 1101, 走在蓝色的田野上
2255871, 8.6, 780, 冠军早餐 囚鸟
6874612, 8.1, 1408, 孤独的池塘
26110579, 7.6, 2859, 暗店街
1487995, 8.5, 865, 文字生涯
1103080, 7.9, 1832, 金色笔记
3931849, 7.6, 2819, 天黑前的夏天
3662421, 8.1, 1381, 密涅瓦火柴盒
3017205, 7.8, 2076, 长眠不醒
5299919, 8.6, 762, 国王鞠躬，国王杀人
1310188, 8.3, 1066, 魔鬼出没的世界
4191701, 8.8, 612, 肉桂色铺子
1023467, 8.5, 843, 叶甫盖尼・奥涅金
1959257, 8.2, 1197, 玛丽
3698543, 8.4, 939, 胡林的儿女
1373788, 8.2, 1186, 玩偶之家
3315714, 7.6, 2720, 陪你到最后
1060931, 8.5, 828, 幽黯国度
1444025, 8.2, 1177, 存在主义是一种人道主义
2971734, 7.3, 4376, 一把雨伞给这天用
20273030, 8.3, 1015, 哈尔的移动城堡
21778349, 8.2, 1144, 苦水音乐
6970882, 8.1, 1288, 放任自流的时光
2153625, 7.6, 2589, 午后四点
4219120, 8.4, 878, 流浪的星星
3032747, 8.1, 1257, 再见，吾爱
1437129, 8.1, 1253, 悠游小说林
4253554, 9.1, 425, 我们的幸福时光
2277795, 7.6, 2520, 邮差
1316564, 8.9, 511, 情感的迷惘
1950154, 8.8, 564, 小说鉴赏
3759803, 7.8, 1845, 波多贝罗的女巫
4213990, 7.9, 1588, 天使游戏
1242927, 9.7, 251, 英国文学名篇选注
4191577, 7.9, 1579, 相遇
1263707, 8.7, 610, 怪异故事集
2003209, 8.0, 1369, 蜘蛛男孩
1017334, 9.0, 450, 没有个性的人
5394486, 7.3, 3869, 爱情没那么美好
4941428, 8.7, 598, 飞女郎与哲学家
6560651, 7.9, 1515, 雨必将落下
4262685, 8.0, 1326, 戏梦巴黎
1470235, 8.3, 911, 猫的摇篮
1102497, 8.0, 1320, 歌剧魅影
3788397, 8.5, 724, 豺狼的日子
1876333, 7.7, 1985, 没有国家的人
1185912, 8.4, 802, 变形记
26607924, 8.4, 801, 午夜之子
26262141, 8.3, 895, 毛姆传
3266349, 8.3, 893, 恋情的终结
10465902, 8.8, 517, 镜子外的福尔摩斯
1208002, 8.2, 990, 琥珀
6890669, 7.6, 2228, 我不是来演讲的
4839148, 8.7, 564, 阿拉桑雄狮
5406557, 8.1, 1108, 夜色温柔
3566974, 7.6, 2201, 红色笔记本
10432334, 8.3, 867, Me Before You
1269972, 9.0, 410, 火 一弹解千愁
3420077, 8.1, 1078, 我生命的速度
2375988, 8.0, 1215, 一间自己的屋子
1766725, 8.1, 1063, 斩首之邀
3073401, 7.4, 2859, 隐之书
10430397, 8.9, 442, 艺术通史
26584387, 7.7, 1792, 一个人的朝圣2
1316652, 9.1, 365, 王尔德作品集
6440324, 8.4, 735, 人各有异
3431637, 8.5, 658, 野棕榈
10483439, 8.4, 733, 上升的一切必将汇合
11535042, 8.2, 923, 请以你的名字呼唤我
26305561, 8.0, 1177, 如何阅读一本小说
2082380, 7.8, 1534, 失窃的孩子
3086832, 8.4, 727, 寡居的一年
24525766, 8.7, 528, 记忆小屋
10564102, 8.1, 1033, 单身（50周年典藏纪念版）
3861531, 8.2, 894, 荒野侦探
25986497, 8.3, 793, 疑问集
6560648, 8.5, 633, 教海鸥飞翔的猫
4087909, 8.4, 700, 借东西的小人
1427784, 7.8, 1469, 曼斯菲尔德庄园
26577690, 8.5, 626, 伪装成独白的爱情
10604943, 8.3, 776, 爱情半夜餐
20425433, 8.1, 981, 请你安静些，好吗？
2253751, 7.9, 1259, 我最美好的回忆
3277484, 8.3, 765, 上来透口气
7046857, 8.3, 764, 长日留痕
5043526, 7.6, 1887, 床笫之间
25746421, 8.2, 852, 公开的秘密
6041086, 7.9, 1239, 恋爱中的骗子
1860568, 7.9, 1234, 宠儿
3183723, 8.7, 492, 云上的日子
26787941, 7.3, 2953, 玛格丽特小镇
2222359, 8.9, 398, 非理性的人
20437599, 8.0, 1031, 自杀
3003471, 8.4, 642, 私人藏书
4863905, 7.5, 2053, 就说你和他们一样
3816895, 8.1, 903, 雪崩
20273773, 8.2, 800, 人生的意义
1420506, 8.7, 465, 疯狂星期日
7007231, 7.9, 1144, 房间
1982151, 8.2, 789, 海
5248289, 7.7, 1487, 岁月的泡沫
3668430, 8.4, 624, 明智的孩子
3275066, 8.2, 774, 十字军骑士
4060877, 8.6, 500, 约定
3130849, 8.1, 869, 空椅子
1034011, 8.3, 686, “萨福”：一个欧美文学传统的生成
1823052, 8.4, 612, 在土星的标志下
3654465, 7.7, 1451, 少有人走的路III
4898534, 8.4, 609, 爵士时代的故事
6125682, 7.5, 1927, 力量
25881325, 7.0, 4451, 庆祝无意义
10345557, 8.7, 441, 被遗忘的花园
1069168, 7.4, 2206, 钢琴教师
10569646, 8.8, 398, 猫的故事
1790005, 8.7, 438, 蒙面骑士
3015783, 7.8, 1224, 嫁给风的女孩
3689094, 8.4, 593, 最美的决定
3888110, 8.7, 431, 天使望故乡
6813370, 8.2, 721, 雾中回忆
26394876, 8.9, 348, 小说机杼
6720777, 9.0, 318, 海明威短篇小说全集（上）
3174506, 8.5, 508, 一个自行发完病毒的病例
3123757, 8.8, 377, 奥斯卡与玫瑰夫人
5366441, 7.9, 1009, 爱无可忍
6720810, 8.5, 505, 马尔特手记
1959152, 7.7, 1312, 床上的爱丽斯
2972992, 8.1, 783, 时间足够你爱
6793951, 7.7, 1288, 地平线
17153313, 9.0, 306, 哲学导论
2036573, 7.6, 1455, 儿子与情人
1024810, 8.1, 758, 印度：受伤的文明
20444771, 8.9, 327, 血色子午线
2146336, 7.2, 2644, 分手清单
3242664, 7.6, 1425, 诉讼笔录
3320904, 8.5, 473, 蒙田
2135140, 8.0, 826, 英国式谋杀的衰落
1056390, 8.3, 583, 重点所在
23788376, 9.0, 291, 门将之死
1050951, 8.2, 642, 米沃什词典
3131613, 8.4, 515, 八月之光
3662542, 8.6, 419, 史迈利的人马
4024778, 8.3, 571, 玫瑰的名字注
7007230, 7.9, 912, 斯蒂芬・金的故事贩卖机
25807918, 7.8, 994, 莎士比亚书店
1440442, 8.7, 362, 完美的真空
20375515, 8.2, 602, 重生：桑塔格日记与笔记1947～1963
5942569, 7.7, 1110, 成为作家
3276681, 7.7, 1097, 他其实没那么喜欢你
26318808, 7.5, 1443, 我的脖子让我很不爽
4161943, 7.8, 951, 半身
1277257, 7.6, 1227, 小人物日记
3633987, 8.1, 650, 书趣
5321843, 6.5, 8658, 假装的艺术
10774932, 8.0, 730, 柠檬桌子
24843834, 7.5, 1411, 羊毛战记
24838958, 8.7, 344, 我们的小镇
10762880, 8.0, 721, 南方女王
1316443, 8.6, 372, 厄舍府的崩塌
7063852, 8.2, 561, 石泉城
6456211, 8.4, 452, 塔莎的花园
3058357, 8.0, 703, 暗店街 夜巡
1733252, 8.9, 277, 批评的解剖
2980452, 7.7, 1001, 上帝的指纹（上下）
1760082, 9.1, 231, 丹东之死
3807617, 8.2, 543, 洞穴
24871651, 8.8, 295, 爱达或爱欲
25897675, 7.5, 1284, 比恐惧更强烈的情感
1256406, 8.8, 292, 苦炼
6540232, 8.8, 292, 过去与未来之间
21263656, 8.1, 593, 往事
5350834, 8.8, 291, 尼伯龙根的指环
3266350, 8.5, 383, 问题的核心
20003446, 8.3, 470, 草竖琴
2381982, 7.5, 1254, 在地图结束的地方
19950785, 8.3, 468, 雨后
1916659, 8.6, 342, 关于陀思妥耶夫斯基的六次讲座
4273302, 7.5, 1223, 衣柜里的贼
6793756, 8.3, 458, 马戏团之夜
2996061, 8.5, 372, 镜中的孤独迷宫
1008757, 9.0, 234, 致死的疾病
10955921, 8.4, 406, 骂观众
1940642, 9.2, 196, 迪伦马特小说集
3187665, 8.3, 437, 文静的美国人
11584608, 7.5, 1151, 世界和其他地方
20493369, 8.4, 392, 爱伦・坡暗黑故事全集（下册）
25959838, 8.0, 605, 巴托比症候群
20275657, 8.2, 482, 幸存者
3862392, 7.9, 674, 我，及其他
24380058, 7.6, 981, 读书年代
25900802, 7.6, 980, 我在底层的生活
1438394, 8.4, 384, 更多的人死于心碎
1050006, 7.8, 752, 伪君子
4221356, 9.1, 204, 现代自然
26264210, 7.8, 749, 几乎没有记忆
3312291, 8.2, 469, 凶年纪事
5321894, 8.4, 380, 崩溃
5264480, 8.2, 466, 呼吸秋千
4138066, 7.9, 655, 老师的谎言
10809021, 8.5, 342, 学生托乐思的迷惘
26298590, 8.4, 377, 出轨
3364823, 7.8, 732, 是名画总会被偷的
24755048, 8.2, 457, 当Bob来敲门
3024319, 8.0, 569, 东方故事集
2281029, 8.7, 278, 河畔小城
3113159, 7.6, 929, 爱与其他不可能的追求
6806555, 7.7, 811, 苹果笔记本
25840545, 7.2, 1642, 布谷鸟的呼唤
6784965, 7.7, 793, 渴望之书
4742942, 8.4, 359, 归于尘土
24861167, 8.3, 395, 一个人消失在世上
20301792, 7.8, 687, 邮差
1475735, 7.3, 1350, 书店
1101543, 7.9, 605, 远离尘嚣
4137254, 7.2, 1569, 找死专卖店
2248319, 7.9, 603, 嫉妒
3077729, 7.8, 674, 寂静的房子
10809708, 8.3, 380, 关于一个孩子
2973346, 7.7, 754, 透明
3583331, 8.6, 283, 布登勃洛克一家
4729341, 8.7, 257, 梦中的塞巴斯蒂安
5260193, 7.7, 744, 狼厅
21370327, 8.5, 308, 学做工
20380988, 8.1, 463, 众生安眠
1856723, 8.6, 279, 沉默的美学
5972402, 8.2, 414, 浓情巧克力
10345559, 8.0, 515, 少女布莱达灵修之旅
5397318, 7.6, 837, 火
4856199, 7.4, 1100, 而河马被煮死在水槽里
6712406, 7.7, 729, 一切破碎，一切成灰
7060197, 8.6, 275, 魔桶
4892942, 7.7, 723, 小小陌生人
6004438, 7.5, 939, 做你自己
3266351, 8.4, 330, 人性的因素
1439449, 8.3, 362, 诠释与过度诠释
10544776, 8.5, 297, 骰子人生
24153098, 7.5, 922, 差分机
26900889, 9.1, 175, 佛罗伦萨的神女
5326323, 8.6, 266, 贼城
3069267, 9.1, 174, 陀思妥耶夫斯基的世界观
1871632, 8.5, 288, 卢比孔河
19964304, 8.0, 477, 爱的多重奏
3405756, 7.9, 525, 生活的暗面
21690069, 8.3, 339, 幻世浮生
5336230, 8.3, 331, 论诱惑
11588823, 8.0, 454, 丝绸
19965968, 8.0, 437, 巨大的谜语・记忆看见我
20473872, 8.2, 353, 幻影公众
4708130, 8.1, 391, 疯狂的奥兰多
4908881, 8.1, 390, 一支出卖的枪
11498196, 7.9, 485, 黑暗的速度
15047243, 7.9, 479, 卡波蒂短篇小说全集
23858192, 8.2, 346, 最蓝的眼睛
26682066, 8.5, 256, 我的奋斗1
22693008, 8.2, 342, 兔子共和国
24753401, 8.3, 308, 瘾君子
5283657, 7.7, 596, 旧书与珍本
4199629, 7.2, 1172, 棚屋
5275373, 8.6, 231, 内心活动
26422517, 8.7, 211, 黄铜判决
4304282, 7.6, 669, 黑暗中的人
1411023, 8.3, 300, 独居日记
3160833, 7.9, 457, 布赖顿棒糖
10607006, 7.7, 578, 长崎
11528311, 7.8, 509, 耶稣之子
3091201, 7.7, 567, 简单的谋杀艺术
24866005, 8.5, 241, 九号梦
1315569, 8.5, 240, 羚羊与秧鸡
6732278, 8.2, 320, 一江流过水悠悠
1856332, 8.8, 181, 小说修辞学
21685339, 8.8, 181, 披头士
4151143, 8.1, 345, 拍卖第四十九批
10604944, 8.6, 213, 末世之家
26840109, 8.4, 255, 单程票
10554689, 7.7, 537, 需要时，就给我电话
24257271, 8.9, 165, 正义者
24298157, 8.9, 164, 来日方长
6735584, 7.5, 683, 1985
24523678, 8.1, 336, 白噪音
24749997, 8.2, 302, 耶路撒冷异乡人
25751322, 7.6, 588, 植物的记忆与藏书乐
4141829, 8.3, 270, 异乡人的国度
20395899, 8.4, 244, 流浪者史诗
26640439, 8.9, 157, 死缓
4291662, 8.6, 201, 时间的故事
21263655, 8.3, 263, 彼时
4766960, 7.7, 498, 人间天堂
3689141, 8.6, 199, 强盗新娘
24527559, 7.8, 441, 国家阴谋：以色列的暗杀艺术
20414497, 7.3, 827, 乱象丛生
1001147, 8.8, 167, 去吧，摩西
26819479, 8.4, 236, 小说药丸
4145402, 7.7, 488, 所罗门之歌
25887956, 7.3, 814, 缓刑
25923444, 8.0, 344, 副作用
10554684, 7.8, 425, 时间中的孩子
5030610, 8.2, 275, 雨的祈祷
10483855, 7.4, 688, 如果没有遇见你
19967857, 8.0, 337, 冰与火之歌漫画
26609809, 6.8, 1707, 火车上的女孩
10453135, 8.9, 148, 传统与个人才能
20380987, 8.0, 331, 看这儿，照相啦！
21617698, 7.1, 1011, 二十五岁的世界
4057097, 8.1, 291, 神秘列车
21693203, 7.9, 359, 耶稣的童年
11604737, 8.7, 166, 芬尼根的守灵夜（第一卷）
10608317, 8.4, 215, 夏日谎言
26377363, 8.4, 214, 在你说“喂”之前
4882053, 8.1, 284, 诗人的餐巾
11528358, 7.6, 494, 第二次呼吸
4891196, 7.7, 437, 智血
1469400, 8.9, 139, 茫茫黑夜
4836690, 7.4, 617, 十三封自杀告别信
24733022, 8.7, 160, 莱布尼茨不是黄油饼干
10599768, 8.9, 136, 碧河彼时
1085585, 8.3, 226, V.
10570096, 8.4, 204, 城市与群星
20398023, 8.1, 270, 野菩萨
10763228, 7.5, 527, 追日
10725024, 7.9, 331, 特别的他
22196844, 8.4, 202, 我知道笼中鸟为何歌唱
25913147, 7.7, 409, 因为深爱，所以放手
20499985, 8.5, 183, 社交礼仪守则
11628722, 9.3, 98, Building Stories
25984842, 7.9, 316, 别对我撒谎
4246973, 7.1, 840, 巴黎之悟
3752758, 8.7, 147, 少年
21371398, 7.6, 431, 格兰塔・不列颠
20499983, 8.1, 247, 死水恶波
20515419, 8.0, 273, 我的另一种人生
25876641, 8.9, 123, 穿越火焰
20259527, 9.1, 106, 低俗小说
20273138, 8.2, 219, 被伤害的空气
19976126, 8.5, 166, 在意义天际的写作
19977751, 8.5, 165, 图案人
11597355, 8.2, 215, 荣耀
6966737, 8.3, 195, 两次暗杀之间
20476804, 7.7, 355, 不诚实的诚实真相
5957609, 8.9, 118, 海明威短篇小说全集（下）
6114848, 7.8, 315, 动物怪谭
6874619, 7.2, 652, 初恋总是诀恋
7046751, 8.6, 146, 福楼拜文学书简
10505864, 7.6, 384, 乔姆斯基、福柯论辩录
19985023, 8.3, 187, 上面很安静
20282344, 8.5, 156, 走向公众
7175251, 7.5, 425, 念及她名
11026780, 8.2, 202, 书虫小鼠
25904929, 7.8, 300, 扯平
6958678, 7.9, 269, 可怕的孩子
26237051, 7.6, 373, 没有女人的男人们
26430928, 7.4, 467, 如何独处
6528126, 8.5, 148, 阿尔特米奥・克罗斯之死
10558239, 8.0, 231, 奇异海
7163123, 7.8, 283, 哀痛日记
25985298, 8.7, 124, 巫术师
26435512, 7.8, 280, 一直下雨的星期天
20458893, 7.4, 443, 画中情缘
1339959, 9.0, 98, 魔鬼篇
26366422, 7.8, 272, 怪房客
26752646, 7.9, 243, 天意
5436532, 8.1, 199, 宁静海
21734703, 8.0, 218, 失业之旅
22513668, 8.3, 165, 逻辑要义
20451782, 8.4, 151, 我是海明威的巴黎妻子
10589336, 7.2, 540, 致一百年以后的你
24695340, 7.4, 417, 世界上的另一个你
20381893, 7.3, 470, 小镇奇人异事
20453794, 7.4, 411, 人体交易
20473123, 8.1, 193, 旋转木马
10748231, 9.3, 76, 哲学论稿
5391704, 8.2, 174, 超现实主义宣言
7916083, 8.2, 174, 荒野指南
6021095, 7.8, 253, 笨蛋联盟
6963965, 8.1, 188, 大设计
26274359, 9.1, 85, 夏威夷史诗
4313494, 8.6, 120, 愚人颂
3151043, 7.6, 301, 罗兰之歌
20506307, 7.7, 267, 每当想起你
10529737, 7.9, 217, 美丽失败者
24887637, 7.3, 419, 我唾弃你们的坟墓
19944212, 7.4, 366, 没有人比你更属于这里
4418576, 6.8, 830, 一个中国人在中国的遭遇
20428300, 9.1, 79, 斯通，与另一个斯通
10605854, 8.3, 143, 尼克・亚当斯故事集
11597313, 8.3, 143, 地下世界
5401992, 7.9, 205, 暴力夺取
20273033, 7.9, 203, 空中城堡
25836046, 8.0, 184, 摇篮曲
25904939, 7.7, 248, 无羽无毛
10765457, 7.8, 223, 高潮
25863541, 7.5, 307, 一辆老式雷鸟
10578490, 7.5, 304, 杰夫在威尼斯，死亡在瓦拉纳西
20453231, 7.4, 332, 去年今日
26390071, 8.4, 123, 两个故事
4055772, 7.8, 211, 英伦之谜
25708959, 7.9, 190, 街猫
6041720, 7.5, 288, 许愿树
20501718, 8.4, 121, 一的力量
10541076, 8.5, 110, 低吟的荒野
4230644, 8.7, 94, 分道而行
21329264, 7.2, 397, 谁是谷歌想要的人才
26636832, 7.8, 197, 消失的女孩
20513013, 8.1, 146, 亲爱的，我不会把你交给绝望
26046255, 7.8, 192, 比虚构更离奇
11531722, 7.5, 260, 希特勒的私人图书馆
1020145, 8.6, 95, 活的隐喻
19974144, 8.2, 130, 镜子中的女人
11225975, 7.8, 187, 欧米伽点
21322400, 8.3, 119, 镇与城
19940447, 7.4, 286, 为什么不杀光？
26616972, 8.0, 153, 再见，明天见
20515837, 7.6, 224, 守夜
25812629, 7.6, 224, 长玻璃脚的女孩
25746445, 7.8, 182, 酷儿
1773002, 8.3, 115, 语言、真理与逻辑
4087914, 7.6, 216, 杯酒留痕
26357615, 7.6, 216, 二十一个故事
19951332, 7.9, 159, 色
26353828, 7.4, 266, 面包匠的狂欢节
10736312, 7.8, 174, 白日做梦有理
5336226, 8.2, 121, 完美的间谍
24740871, 8.3, 111, 乡村与城市
20389038, 7.8, 170, 我的父亲母亲
11499797, 7.8, 167, 绿帘
20398022, 7.8, 165, 圣徒与罪人
5397835, 7.9, 150, 桃色与黑色剧・骰子
11516390, 8.2, 115, ^得不e的一年
10583078, 7.4, 249, 等待卡帕
4038710, 7.9, 149, 行话
5399921, 7.9, 149, 为了书籍的人
24296281, 8.7, 78, 希望永远都在
5503738, 8.5, 90, 大教堂凶杀案
10774651, 8.4, 97, 费玛
25836268, 7.7, 170, 阿甘后传
20435629, 7.9, 138, 月亮与篝火
20471820, 8.1, 113, 希腊人
25954325, 8.0, 122, 废物庄园
10560797, 7.2, 273, 诸神的黄昏
2973696, 8.2, 101, 小说与重复
21347957, 7.3, 239, 迷药
10746178, 7.8, 142, 修补匠
20506305, 7.3, 235, 什么愿望都没实现的夏天
1866298, 8.1, 106, 叙事话语 新叙事话语
26673089, 7.4, 206, 二流小说家
10604945, 7.8, 134, 爱情与夏天
6860198, 9.1, 51, 权谋之业
26845401, 9.1, 51, 样样干
26682740, 8.3, 85, 快乐的死
10563589, 7.6, 156, 信与忘
12425726, 8.0, 108, 探寻孤独斗室的灵魂
20259499, 7.4, 190, 忧郁的解剖
26298577, 8.0, 106, 林间空地
21236739, 7.5, 167, 四季城邦・卷1
10779938, 7.9, 112, 法国现代诗抄
26611925, 7.8, 122, 咖喱香肠的诞生
1219123, 8.0, 102, 犹太人的智慧全集(珍藏版)
20366617, 8.0, 101, 斯皮尔伯格传
26286305, 8.1, 93, 德国黑啤与百慕大洋葱
4317958, 8.8, 56, 加缪传
26673252, 8.2, 84, 致命拜访
19929600, 7.9, 107, 航空信
11501816, 7.6, 140, 绿野黑天鹅
20452427, 7.2, 212, 代寻旧日时光
3574396, 8.2, 82, 犹太文化之旅
10453134, 8.6, 61, 现代教育和古典文学
25746449, 7.7, 122, 你会找到我的地方
2216279, 8.2, 78, 形而上学
24380575, 6.9, 278, FBI行为分析学
1444023, 8.3, 71, 命名与必然性
25956998, 8.3, 71, 有人将至
21735010, 7.8, 104, 美，始于怀念
6722209, 7.5, 137, 男人之间
19964965, 7.5, 137, 薄荷心
19964981, 7.5, 137, 失忆
23260998, 7.8, 103, 天秤星座
21318090, 7.9, 94, 自由的深渊
19964286, 7.8, 102, 我的秘密城堡
26820841, 7.4, 142, 沉默的告白
6729403, 7.5, 119, 理想藏书
1348129, 9.1, 37, 意的身w
10955911, 7.7, 96, 俄罗斯的安娜
25973090, 8.4, 55, 至爱游戏
10491282, 8.2, 63, 生存的习惯
20430023, 8.1, 67, 聚会
10863332, 8.1, 66, 烈爱
2332055, 8.2, 60, 当代叙事理论指南
24284032, 8.1, 64, 危险方法
20434431, 7.0, 176, 斯坦福大学最受欢迎的创意课
6794355, 8.5, 47, 希望的原理（第1卷）
24750970, 8.4, 50, 东方，西方
2302273, 8.0, 66, 甜蜜的暴力
25746424, 7.4, 109, 洛杉矶最后的古怪一日
21267589, 8.4, 46, 文学的绝对
21869703, 8.3, 47, 转喻
26808914, 8.2, 48, 文字即垃圾：危机之后的文学
3532896, 8.7, 34, 春m影
6719963, 9.0, 28, 存在与实体
21356499, 7.1, 107, 你所不了解的西方故事
10809023, 6.8, 140, 她的镜像幽灵
20415302, 7.3, 80, 未来的夏娃
19975230, 7.8, 49, 巢
26762861, 7.2, 78, 你们再也不写了？
20494263, 6.5, 154, 你好，无聊
26327551, 7.4, 57, 记忆残留
1839630, 8.5, 27, 德勒文W
10487884, 8.8, 22, 亵渎
21324973, 8.6, 24, 公共舆论
11597326, 5.4, 792, 我的心略大于整个宇宙
25876946, 7.6, 42, 第十三章
26694861, 8.4, 25, 影响的剖析
26889424, 8.6, 20, 爱是地狱冥犬
26901177, 8.2, 23, 流动的盛宴
26795068, 7.2, 44, 无码：艺术大师的秘密生活
26812850, 7.7, 19, 杜兰葛山庄
