2017-01-23 16:17:59
Tag: 武侠
The number of books: 917 

ID, rating, votes, title
1255625, 9.1, 53454, 天龙八部
1002299, 8.9, 47838, 笑傲江湖（全四册）
1255624, 8.8, 43491, 神雕侠侣
1044547, 8.9, 31244, 射雕英雄传（全四册）
1212893, 8.8, 26610, 鹿鼎记（全五册）
1919201, 8.5, 24701, 七夜雪
1070851, 8.5, 23575, 倚天屠龙记(共四册)
2218216, 9.5, 4440, 金庸作品集
1422833, 8.7, 10691, 多情剑客无情剑(上、中、下)
1089512, 8.6, 11813, 陆小凤传奇
1264579, 8.7, 8930, 欢乐英雄
1089521, 8.5, 10833, 楚留香传奇
1316622, 8.4, 12263, 诛仙1
1089517, 8.4, 11513, 绝代双骄（全三册）
1430909, 8.6, 8226, 昆仑1
1049219, 7.4, 71731, 长安乱
1312997, 9.0, 4092, 香初上舞・终上
1261471, 8.7, 5913, 香初上舞
1256186, 8.3, 10694, 护花铃
1276930, 9.0, 3756, 香初上舞・再上
3532347, 9.5, 2029, 金庸全集
1490048, 8.7, 5318, 昆仑6
1430910, 8.7, 5273, 昆仑2
2114580, 8.8, 4425, 听雪楼系列典藏版（全三册）
1438712, 8.7, 5017, 昆仑4
1316623, 8.4, 7629, 诛仙2
1438710, 8.7, 4925, 昆仑3
1455053, 8.7, 4918, 昆仑5
2078219, 8.0, 14024, 且试天下1
1057444, 8.5, 5761, 大唐双龙传
2080619, 8.2, 8820, 且试天下2
1010520, 8.1, 10191, 血薇
1089523, 8.3, 7007, 七种武器（全三册）
1109968, 8.8, 3285, 英雄志（全三册）
1410145, 8.3, 6600, 诛仙3
1420794, 8.2, 6986, 诛仙4
1961970, 8.4, 4975, 沧海Ⅰ
5423803, 8.2, 6530, 剑桥倚天屠龙史
5336428, 9.1, 1964, 吉祥纹莲花楼终篇之青龙・白虎
5367304, 8.3, 5519, 城邦暴力团（上）
1313159, 8.1, 7459, 大漠荒颜
1478487, 7.8, 12151, 曼珠沙华
1313156, 8.0, 8117, 帝都赋
1089518, 7.9, 9549, 萧十一郎
1076045, 7.6, 14968, 连城诀
1068308, 7.6, 14882, 雪山飞狐
4118599, 8.3, 4562, 武侠，从牛A到牛C
1337296, 8.9, 2069, 射m英雄
1433726, 8.1, 5977, 诛仙5
26886310, 9.1, 1590, 有匪1
1425636, 8.7, 2482, 杯雪・夜雨打金荷
1089515, 7.9, 7690, 武林外史（上下）
1007178, 8.3, 4126, 功夫
1668021, 8.1, 5459, 寻秦记
4252125, 8.7, 2335, 吉祥纹莲花楼・玄武
2570719, 8.3, 3971, 诛仙全集（全六册）
2213781, 8.5, 3000, 沧海Ⅳ
2329276, 8.5, 2993, 沧海Ⅴ
1987495, 8.4, 3403, 沧海Ⅱ
1793132, 7.5, 14239, 白马啸西风
1704006, 8.0, 5933, 边城浪子（上下）
4252115, 8.7, 2224, 吉祥纹莲花楼・朱雀
5367303, 8.4, 3276, 城邦暴力团（下）
1762129, 8.3, 3675, 昆仑前传
2057281, 8.4, 3167, 沧海Ⅲ
1770668, 8.0, 5684, 诛仙6
1083257, 7.4, 16052, 烈火如歌
1607112, 8.7, 2105, 小李飞刀系列
1089510, 7.8, 7680, 流星・蝴蝶・剑
3014601, 8.4, 3059, 沧海Ⅵ
1681426, 8.8, 1818, 杯雪・传杯・秣陵冬
1052380, 7.6, 10590, 飞狐外传(上下)
1502083, 8.8, 1690, 杯雪・停云・宗室双歧
1480630, 7.9, 5667, 天涯・明月・刀
1441488, 8.4, 2574, 宫本武藏・剑与禅（上下）
10607793, 8.5, 2256, 刀与星辰
1136998, 8.7, 1715, 楚留香传奇系列
1805988, 8.5, 2097, 庆熹纪事
1921362, 7.8, 5725, 诛仙7
1082573, 9.1, 1025, 英雄志・第二部（全三册）
3236155, 8.9, 1223, 韦帅望的江湖
1469429, 8.4, 2144, 相思门
1426214, 8.1, 3227, 少林寺第八铜人
1089511, 7.6, 6992, 三少爷的剑
3816834, 7.8, 4971, 兰因・璧月（上、下）
1844850, 8.3, 2325, 洛阳女儿行・卷一
3924481, 7.9, 4127, 夜行歌（上下）
1093078, 9.1, 896, 古龙作品全集（全53卷）
2117066, 7.7, 5397, 夜船吹笛雨潇潇
24529235, 8.4, 1902, 刀背藏身
1899883, 7.7, 5117, 剑歌
2008976, 8.9, 1007, 庆熹纪事Ⅱ
1844851, 8.5, 1594, 洛阳女儿行・卷三
1789842, 7.4, 8159, 侠客行
1844849, 8.5, 1561, 洛阳女儿行・卷二
1773129, 8.6, 1368, 长安古意・肝胆
1437120, 7.6, 5600, 荒原雪
1050640, 8.2, 2237, 云海玉弓缘（上下）
2298345, 8.5, 1476, 狐魅天下・第一部・狐妖公子
3392301, 7.8, 3826, 月上重火
2351259, 8.2, 2106, 大漠荒颜・帝都赋
1607113, 9.1, 736, 新版古龙全集(一箱53册)
6802392, 8.6, 1229, 七夜雪
1393280, 7.7, 4204, 花镜
3321449, 9.1, 698, 韦帅望的江湖之大刃无锋
3002672, 8.7, 1050, 狐魅天下・第二部・神武衣冠
6560171, 8.6, 1173, 杯雪（全二册）
1443082, 8.0, 2531, 姑洗徵舞
1055976, 7.2, 9557, 碧血剑（上下）
1014533, 7.2, 9482, 书剑恩仇录(上下)
1485480, 8.0, 2495, 太和舞
3577800, 9.1, 676, 韦帅望的江湖(Ⅲ众望所归)
3863359, 8.9, 818, 千劫眉・两处沉吟
2924564, 7.9, 2807, 彼岸花
24324704, 8.0, 2422, 剑桥简明金庸武侠史
1014493, 8.0, 2381, 萍踪侠影录
1919221, 8.0, 2334, 人间六道之修罗道
1465135, 8.2, 1777, 情锁
3863355, 8.9, 758, 千劫眉・不予天愿
4056547, 8.9, 756, 英雄志【二十二】八王世子
1430604, 8.0, 2229, 送神舞
3313239, 8.8, 830, 沧海明月・拜月卷
1964560, 7.5, 4676, 沧海
3127813, 8.7, 902, 狐魅天下・第三部・故山旧侣
2342840, 8.4, 1255, 苏旷传奇
1062514, 7.8, 2814, 白发魔女传
3121041, 8.1, 1818, 碧城
1088088, 7.6, 3698, 大人物
4040223, 7.9, 2341, 坏事多磨
1440611, 7.9, 2316, 迷侠记
3528109, 8.4, 1200, 千门1・千门之门
4057010, 8.0, 2009, 月上重火之水落石出
1375428, 9.1, 557, 英雄志【十七】天之正道
3336964, 8.7, 836, 沧海明月・承影卷
1511965, 8.1, 1686, 逆水寒
3550697, 9.1, 522, 英雄志【十】忠x孤臣
1823247, 7.4, 4476, 飞天
3336960, 8.5, 951, 沧海明月・凝碧卷
1089519, 7.5, 3682, 大旗英雄传（上下）
1430605, 7.8, 2313, 南吕羽舞
1373645, 9.0, 546, 英雄志【十三】海上孤
2079345, 8.1, 1493, 侠隐
1420524, 8.1, 1490, 夜谈蓬莱店
3550630, 9.0, 537, 英雄志【七】天下第一
2011423, 7.4, 4164, 光明皇帝
3550509, 8.6, 808, 英雄志【一】西鲲L暴
1374412, 9.0, 535, 英雄志【十六】I火魔刀
3550711, 9.0, 526, 英雄志【十四】正y王朝
1738639, 7.5, 3438, 九月鹰飞
1364416, 8.9, 578, 英雄志【十九】王者之上
1461898, 8.5, 883, 蜀山剑侠传
3550703, 9.0, 523, 英雄志【十一】重建怒n
1768100, 8.1, 1389, 江湖外史
3550693, 9.0, 509, 英雄志【八】金榜}名
2284204, 7.4, 3875, 道士下山
3550708, 9.0, 505, 英雄志【十二】十面埋伏
3346165, 8.5, 842, 千门公子
3114310, 8.3, 1038, 开唐之教坊
3310839, 8.6, 728, 沧海明月・夕影卷
3891614, 8.2, 1147, 中间人
20516996, 8.5, 799, 陆小凤传奇3：决战前后
1089513, 7.5, 2979, 白玉老虎（上下）
1443258, 7.7, 2182, 太簇角舞
1449180, 7.7, 2174, 钧天舞
25714176, 8.1, 1223, 雪中悍刀行 1
3550536, 8.9, 498, 英雄志【五】西出P
1981376, 8.2, 1062, 换日箭
2141423, 7.8, 1796, 指间砂
1449181, 7.7, 2070, 祀风师乐舞
3550534, 8.8, 545, 英雄志【四】神鬼亭外
1905837, 8.1, 1169, 偷天弓
3336953, 8.5, 726, 沧海明月・流光卷
1420370, 7.9, 1505, 华音流韶之海之妖
5355300, 7.9, 1479, 大日坛城
1449302, 7.9, 1469, 华音流韶之曼荼罗
1102463, 8.1, 1102, 幻世
3800406, 8.5, 687, 千门6・ 千门之圣
2136038, 7.0, 5930, 诛仙8（大结局）
3528110, 8.3, 833, 千门2・千门之花
3672648, 8.4, 740, 千门3・千门之雄
4224119, 7.4, 2837, 斩春
20400003, 8.2, 927, 武士会
1443458, 7.9, 1354, 迷行记
3873891, 8.6, 581, 苏旷传奇之重整河山待后生
1271593, 7.7, 1729, 覆雨翻云
1455373, 8.4, 700, 神州奇侠
3782084, 8.5, 621, 小P髌妫ǘ）C花大I／Q鹎搬帷―古精品集
1845109, 8.6, 556, 小椴作品
3672651, 8.4, 683, 千门4・千门之威
3800409, 8.4, 680, 千门5・千门之心
1512937, 7.7, 1606, 四大名捕会京师(上下)
3078848, 7.7, 1576, 紫极舞
3567802, 8.8, 435, 浩然Γㄐ凰眨
20516998, 8.2, 816, 陆小凤传奇2：绣花大盗
1089509, 7.0, 4766, 圆月弯刀
2083826, 8.3, 700, 清明记
2993673, 8.3, 699, 大漠荒颜
1738640, 7.7, 1421, 英雄无泪
1948907, 8.1, 843, 红衣
1683659, 8.0, 952, 边荒传说
4718389, 8.1, 838, 江湖异闻录
3424992, 8.4, 590, 沧海明月・紫微卷
1059644, 7.5, 1834, 七剑下天山
3790213, 9.4, 229, 金庸群侠传
4835660, 9.3, 247, 神雕侠侣（套装共4册）
3178968, 9.0, 318, 妖刀2
6802393, 8.1, 793, 大漠荒颜・帝都赋
1820944, 7.8, 1138, 碎空刀
2058344, 7.9, 984, 弓箫缘 石榴记
1964473, 7.7, 1280, 流光夜雪
4709682, 8.7, 401, 绿林记
1004128, 8.3, 598, 古金兵器谱
1792435, 7.6, 1395, 武林客栈・日曜卷
3894603, 7.6, 1363, 穿越之天雷一部（全二册）
10529099, 8.2, 635, 笑红尘
1313158, 7.7, 1178, 刺
2249412, 7.6, 1318, 青崖白鹿记
6793874, 8.3, 542, 武道狂之诗（卷一 之 风从虎?云从龙）
11599245, 7.8, 979, 量子江湖・燕子坞（上）
1033866, 7.1, 2777, 浣花洗剑录（上下）
1489844, 7.7, 1107, 华音流韶之天剑伦
25886167, 8.6, 392, 武人琴音
1738644, 7.5, 1453, 火并萧十一郎
1801948, 7.8, 958, 温柔一刀
1460275, 7.7, 1067, 逝雪
1349093, 8.7, 345, 倾^（下）
11613971, 7.9, 808, 江湖不挨刀
4898668, 8.4, 452, 缺月梧桐
2235870, 9.3, 199, 武林群侠传(2CD)
2170250, 8.0, 695, 血海飘香
1824256, 8.2, 548, 破阵子・龙吟
3593982, 7.3, 1777, 跑跑江湖打打酱油（全二册）
26386370, 9.0, 251, 胡金铨武侠电影作法
1349092, 8.4, 434, 倾^（上）
1491421, 7.6, 1107, 迷神记
25890347, 8.3, 469, 天涯客（上册）
25751764, 8.4, 412, 雪中悍刀行 2
20405966, 8.6, 334, 听雪楼沧月系列系列典藉版（全三册）
20516992, 8.0, 610, 陆小凤传奇5：幽灵山庄
3211103, 7.2, 1807, 越女剑
1957701, 7.6, 1000, 武林客栈・月阙卷
1449225, 8.7, 292, 风云（第一部）
1738649, 7.4, 1305, 七杀手
6793881, 8.4, 385, 武道狂之诗（卷二 之 蜀都战歌）
26256621, 8.2, 473, 《庄子》与道教文化及武文化的比较研究:民间演绎 身体转向 天人互证
6813394, 7.7, 847, 曼珠沙华・彼岸花
25868476, 8.8, 259, 裂国・大王图
1738651, 7.1, 2009, 风铃中的刀声
1774213, 7.7, 834, 绝杀
3782096, 8.0, 574, 小P髌妫ㄎ澹P舞九天――古精品集
3266340, 7.7, 828, 彼岸天都
2269122, 8.6, 304, 侠盗楚留香.正集
1041684, 8.0, 566, 千古文人侠客梦
25773513, 8.4, 367, 雪中悍刀行 3
6920058, 7.8, 704, 凤影空来（上下）
10530039, 7.8, 703, 爱情就是一物降一物
20397341, 8.1, 493, 楚留香新传2：蝙蝠传奇
1424858, 7.4, 1168, 风烟引
11599246, 7.8, 666, 量子江湖・燕子坞（下）
2016480, 7.5, 973, 武林客栈・星涟卷
25890348, 8.4, 340, 天涯客（下册）
1966337, 7.3, 1289, 紫诏天音
1493256, 8.2, 408, 卧虎藏龙
5979743, 8.4, 331, 歃血1
5984933, 9.3, 152, 超魔杀帝国
26134061, 7.5, 920, 忘川 上
26133411, 7.7, 705, 忘川 下
2305269, 7.5, 915, 凤城飞帅（上下）
1399835, 8.7, 244, 铃儿响叮当
1219167, 8.0, 486, 流星蝴蝶剑（全6册）
1704005, 7.3, 1194, 碧血洗银枪
1449212, 8.8, 219, 风云（第二部）
4907410, 8.8, 218, 少年韦帅望之天地悠悠
1089522, 7.1, 1584, 血鹦鹉
25732720, 7.8, 584, 无方少年游（全两册）
1822764, 8.0, 462, 伤心小箭
4827396, 8.6, 250, 三京本
6851076, 8.5, 273, 绿林七宗罪
3128115, 6.4, 5346, 鸳鸯刀
25805095, 8.5, 257, 雪中悍刀行 5
1012995, 7.4, 886, 冰川天女传（上下）
20516997, 7.6, 669, 陆小凤传奇4：银钩赌坊
4900280, 7.6, 665, 华音流韶・梵花坠影
1394296, 7.9, 463, 画眉鸟
3561410, 7.5, 753, 祁连山 莲花血
25805093, 8.4, 274, 雪中悍刀行 4
3018373, 9.1, 151, 笑傲江湖（1-4)
5417484, 7.7, 576, 幻世・剑歌・碧城
3782101, 7.9, 455, 小P髌妫六）ι褚恍Α―古精品集
1264931, 7.0, 1531, 大地飞鹰
6904923, 8.2, 326, 武道狂之诗（卷三 之 震关中）
25805096, 8.5, 243, 雪中悍刀行 6
1822777, 7.9, 444, 惊艳一枪
1925201, 7.8, 489, 如梦令・三窃
1738645, 6.9, 1727, 剑花・烟雨・江南
1114660, 7.6, 618, 少年追命
1421006, 8.2, 311, 杜撰组异闻录
4016531, 7.1, 1223, 越女D茏魑湎乐衅集
4101205, 7.5, 691, 华音流韶・雪嫁衣
3423697, 8.4, 254, 楚留香传奇（全三册）
5348172, 8.4, 251, 蜀山的少年Ⅰ
3264660, 7.3, 884, 穿越之武林怪传（上下）
10482367, 7.8, 462, 一刀春色
3891613, 7.8, 461, 茧
2130863, 7.3, 870, 风月连城
25861829, 8.5, 221, 雪中悍刀行 7
1089535, 7.1, 1125, 名剑风流(上下册)
3761916, 8.0, 356, 死香煞
26365250, 8.4, 239, 死人经
1262160, 7.1, 1116, 千帐灯
1879024, 7.2, 959, 湄澜池
10773193, 8.2, 286, 武道狂之诗（卷四 之 英雄街道）
3671738, 8.2, 278, 寻秦记1
1048265, 8.6, 190, 白眉大侠（全三册）
2292275, 6.8, 1625, 飞刀，又见飞刀
4250750, 8.4, 218, 妖刀1
11533368, 8.2, 259, 武道狂之诗（卷五 之 高手盟约）
10558243, 9.0, 129, 昆仑4.祭我天罚
4167114, 7.9, 345, 巫山传
1114692, 8.3, 228, 温柔一刀・一怒拔剑（1-3册）
26266175, 8.5, 190, 雪中悍刀行 11
1829534, 8.3, 226, 杨叛作品
1815818, 7.8, 367, 一怒拔剑
2170313, 7.6, 462, 绝不低头（上中下）
1512982, 7.5, 522, 碎梦刀
6023867, 7.8, 360, 冥海花
20381617, 8.3, 216, 独闯天涯1・萧老板的诞生
20280758, 7.5, 506, 灵飞经・第一卷・洪武天下
1512741, 7.0, 1009, 护花铃（上下）
1117078, 7.5, 497, 楚留香新传（全三册）
1932401, 8.9, 127, 乱世铜炉
1459615, 8.4, 186, 玉娇龙
3348115, 7.6, 421, 我看金庸小说
26416533, 8.1, 245, 坐看重围
3884303, 7.4, 536, 绯雨倾城
1666367, 7.5, 472, 杀楚
26383472, 7.2, 698, 你我皆凡人
20397334, 7.4, 530, 楚留香新传1：借尸还魂
1467210, 7.3, 594, 笑书神侠
1114695, 7.7, 353, 刀丛里的诗
26897494, 9.4, 82, 香初上舞
1021605, 7.4, 494, 大唐游侠传
20255020, 8.7, 134, 沧海1・海涯天劫
1088934, 8.8, 123, 鹿鼎记（全五册）
1095838, 7.5, 429, 血河车（上、中、下）
25962249, 8.3, 184, 雪中悍刀行 10
6391887, 8.3, 183, 武道狂之诗（第1卷）
26283340, 8.3, 182, 暗杀1905
3275069, 7.4, 473, 国术馆
25887999, 7.8, 297, 欧罗巴英雄记
20516993, 7.3, 537, 陆小凤传奇6：凤舞九天
1668056, 7.4, 472, 异侠系列之-破碎虚空荆楚争雄记
1088936, 8.8, 119, 神雕侠侣・金庸武侠全集评点本（全四册）
4167100, 8.1, 214, 天下不帅
6057663, 8.0, 235, 剑客生涯（一）
1492927, 8.4, 162, 天下・壹・风起
26801108, 8.6, 137, 雪中悍刀行 13
1114661, 7.4, 457, 骷髅画
20503526, 7.6, 356, 灵飞经・第二卷・东岛门人
3869937, 8.5, 147, 大唐乘风录之洛阳天擂
4783285, 7.8, 284, 明日歌・山河曲1
25982337, 8.9, 107, 江湖绝杀令
2595345, 8.1, 208, 飞花青离传之刺客传奇（上）
2204503, 7.7, 311, 雪M天山
2257729, 7.7, 310, 杨小邪发威
1114659, 7.3, 496, 少年铁手（上、下册）
6737930, 7.6, 344, 寒鸦劫
1437859, 7.5, 386, 游侠秀秀
3259412, 8.3, 167, 飞花青离传之刺客传奇（下）
2245856, 8.4, 153, 楚留香
2003987, 8.3, 165, ⒍U （第一卷）：暴力集F
2029578, 7.8, 266, 秦时明月-百步飞剑
2362438, 7.5, 366, 琉璃听雪
3869935, 8.6, 124, 大唐乘风录之太行三十六刀
1837267, 8.5, 134, 天下・叁・攻伐
3869936, 8.2, 173, 大唐乘风录之(3)天书会
1114693, 7.4, 400, 布衣神相
11503640, 8.5, 132, 隆庆天下
1692012, 8.0, 202, 烟波江南Ⅰ・梨花落・碧玉钗
2377138, 7.3, 437, 午夜兰花
1792075, 8.4, 140, 天下・贰・龙啸
3284084, 7.0, 648, 武林萌主（上下）
1838148, 7.7, 270, 反骨仔
1845110, 7.8, 240, 步非烟作品
6319402, 8.4, 137, 歃血（贰）
1261296, 7.4, 372, 三侠五义
1692009, 8.2, 161, 烟波江南Ⅱ・水流星
1500020, 7.0, 623, 塞外奇b
6795815, 8.3, 147, 明日歌・山河曲终结篇
1054015, 7.4, 362, 江湖三女侠（上下）
1511828, 7.4, 359, 白衣方振眉（上、下册）
26702984, 9.0, 84, 镖人
1513097, 6.9, 694, 情人箭（上下）
3810671, 7.7, 244, 江湖天很晴2
3348134, 7.9, 199, 四看金庸小说
1822762, 7.7, 242, 朝天一棍（上下）
1810238, 7.7, 239, 逝鸿传说
26739632, 8.5, 115, 雪中悍刀行 12
20388026, 7.9, 194, 武道狂之诗（卷六 之 任侠天下）
3412135, 7.1, 479, 武林萌主・终结篇
20396039, 8.6, 105, 武侠大宗师：张彻
1290352, 8.0, 170, 大唐之镖行天下
22606954, 8.0, 170, 武道狂之诗（卷七 之 夜战庐陵）
4264090, 8.3, 129, 再弹一弦江湖曲
3032934, 8.1, 153, 神州传奇
4087950, 7.4, 310, 破碎虚空
5405062, 8.1, 149, 武侠丛谈
10488635, 7.2, 388, 金庸识小录
6522069, 8.3, 125, 雁w月天（第一卷）──J牵ㄈ三裕
1019292, 8.2, 135, 童林传（全四册）
3671354, 7.5, 268, 江湖天很晴
21336104, 7.3, 336, 灵飞经・第三卷・印神无双
2377134, 7.1, 428, 桃花传奇
6525627, 7.6, 236, 葵花宝典
1313373, 7.0, 487, 醉眼看金庸
3929347, 8.4, 112, ⒍U （第二卷）： 恐怖@
3929362, 8.5, 103, ⒍U （第四卷） 野望季
25714754, 8.1, 143, 武道狂之诗（卷九 之 铁血之阵）
20516994, 7.0, 469, 陆小凤传奇7：剑神一笑
3095338, 7.8, 185, 黑鹰传奇
1635900, 8.2, 128, 神州奇侠系列
6901374, 8.1, 139, 傀儡之宫
22220026, 7.4, 279, 灵飞经・第四卷・西城八部
3348129, 7.7, 201, 三看金庸小说
26313480, 8.5, 99, 暗杀1905 第2部
3032753, 7.3, 311, 九阙梦华・绝情蛊
4250753, 8.7, 85, 妖刀4
5318511, 7.3, 310, 大侠，别怕
3126696, 8.6, 91, 说英雄谁是英雄
20255021, 8.4, 106, 沧海 4
26763010, 8.1, 136, 千秋
2233077, 7.7, 197, 镜苏摩
1089042, 7.1, 392, 侠骨丹心（上下）
1203452, 7.6, 217, 七侠五义
4250813, 9.0, 68, 妖刀13
1511748, 7.1, 387, 四大名捕打老虎
1394286, 7.0, 436, 七星王
2009119, 7.4, 264, 秦时明月-荆轲外传
4158876, 7.1, 378, 江湖美男谱
26890239, 8.9, 71, 千门八将1
4175348, 7.0, 428, 贪欢记
10775168, 8.1, 129, 帝宴
3095343, 7.7, 187, 武林传奇
24874062, 8.0, 140, 武道狂之诗（卷八 之 破门六剑）
1042193, 7.2, 320, 女帝奇英传
1114690, 7.3, 281, 群龙之首(上下册)
20003328, 7.7, 182, 一刀@春《上》
1429203, 7.3, 279, 仙剑奇侠传
3001340, 9.6, 45, 大悲咒
1189056, 7.1, 356, 四大名捕震关东
1114705, 7.2, 314, 天下有敌（上、中、下）
24720954, 7.4, 245, 灵飞经・第五卷・龙生九子
3348124, 7.4, 244, 再看金庸小说
1511646, 6.7, 593, 大剑师传奇（全三册）
1705722, 6.9, 443, 魔瞳
3805397, 7.3, 263, 少年冷血
2989259, 7.9, 141, 凤凰面具1
4850404, 8.9, 65, 妖刀15
7051665, 8.0, 127, 杜黄皮（上下册）
24705157, 8.4, 91, 楚留香传奇
1491647, 7.7, 165, 剑器行
26381143, 9.0, 59, 高手寂寞
1738641, 6.6, 641, 孤星传
1738638, 6.7, 548, 湘妃剑
26844866, 7.8, 147, 一寸相思
3154673, 8.0, 121, 三侠五义
2300103, 7.6, 174, 月・水龙吟
3345618, 7.8, 143, 江湖异人传
20397344, 7.1, 304, 楚留香新传4：新月传奇・午夜兰花
10753937, 7.6, 173, 龙蛇演义1
5995504, 9.0, 57, 妖刀19
3032755, 7.0, 343, 九阙梦华・解忧刀
1118324, 6.8, 450, 冰河洗剑录（上下）
3596321, 6.8, 444, 落月江湖
1189078, 7.4, 210, 杀人者唐斩
3067656, 8.5, 78, 古龙妙语
10542977, 7.1, 291, 金庸政治学
21319419, 8.7, 66, 吉祥y花恰ぞ硭摹ぐ谆
1061905, 7.0, 320, 龙凤宝钗缘（上下）
1914095, 8.0, 112, 眼儿媚
3008827, 8.4, 81, 梁羽生全集
3671747, 7.9, 121, 覆雨翻云
2324229, 7.8, 131, 抱犊寨剿匪记
1166002, 7.1, 261, 金剑雕翎
1114696, 7.6, 151, 绝对不要惹我（全三册）
3666772, 8.2, 88, 寻秦记
3769082, 6.7, 435, 千金散尽还复来
1512612, 7.2, 222, 风流（上、下）
3223039, 7.4, 178, 一两江湖
1908392, 8.2, 85, 金庸小f的女子
3057119, 7.7, 130, 江湖奇侠传（全四册）
10762865, 7.3, 195, 中国小神算
6438376, 9.0, 49, 妖刀20
1607100, 7.2, 216, 甘十九妹（上、下）
1013895, 6.8, 356, 散花女侠
21240802, 8.4, 72, 香初上舞
6540589, 8.1, 90, 歃血3
3095349, 7.8, 116, 江湖传奇
6712847, 8.4, 71, 武道狂之诗
2239783, 8.2, 82, 七侠五义（上）
1054448, 6.9, 301, 还剑奇情录
3346161, 8.1, 88, 擒龙手
3755372, 6.9, 298, 宝器江湖
1025661, 6.9, 295, 广陵剑（上中下）
1449222, 7.6, 135, 风云（第三部）
1607114, 7.2, 200, 浣花洗剑录
1084786, 7.9, 100, 宝剑金钗
21323976, 8.3, 72, 多情刃-盛世狂歌-卷一
1045218, 7.6, 128, 春雪瓶
1209673, 6.6, 417, 剑玄录（上中下）
1965031, 7.9, 96, 三侠五义
1640695, 7.4, 151, 布衣神相
25727383, 8.5, 60, 豪生死Y
3744040, 8.2, 74, 寻秦记3
1264578, 6.4, 536, 飘香剑雨（上下）
1017380, 8.8, 48, 黑翼：悬疑惊奇小说集（全6册）
4136496, 7.5, 130, 从此醉
1172466, 6.5, 438, 失魂引
1666372, 7.1, 198, 纵横
1808011, 6.4, 510, 剑侠情缘
24858338, 9.1, 39, 武道狂之 卷十三：武之
6726746, 8.4, 60, 蜀山的少年-II
2100836, 7.5, 125, 美女江山一锅煮
3671731, 7.3, 152, 云梦城之谜
4313092, 7.4, 136, 锦瑟江山之烛影摇红
2974803, 7.8, 93, 月・双飞燕
1512521, 7.1, 184, 大侠传奇(上下)
1033495, 6.9, 233, 弹指惊雷（上下）
2214421, 9.3, 34, 射雕英雄传
3938304, 8.3, 62, 江山如此多娇
20003333, 7.6, 108, 一刀@春《下》
1900002, 8.3, 61, 无名
21240832, 8.3, 61, 帝宴
1088777, 6.4, 448, 剑毒梅香（全三册）
6522071, 8.1, 70, a天裂(全三)─《雁w月天》第三卷
1118323, 7.3, 142, 狂侠天骄魔女（全四册）
1585798, 7.6, 106, 鹤惊昆仑（上下）
21714399, 7.6, 106, 幽铃缠
1457914, 7.2, 157, 饮马流花河
6124346, 7.7, 96, 玄武纪・革
5449219, 7.3, 140, 少年无情
2039438, 9.6, 28, 仙篮奇剑传
1089516, 6.3, 500, 剑客行（上下）
1055101, 9.5, 29, 金庸武侠小说全集（电子图书二碟装）
1164813, 7.0, 188, 护花铃
1617438, 8.0, 72, 五凤朝阳刀(全八册)
1042795, 7.5, 110, 众生之相
2970884, 9.1, 35, 冰碗小店
10464949, 8.9, 39, 《射雕英雄传》漫画套装
6873448, 8.4, 53, 蜀山的少年-III
5333425, 7.2, 146, 十二濯香令
1142620, 7.4, 119, 以待天倾（上、中、下）
4027476, 8.4, 52, 秦r明月 01
4881026, 7.1, 158, 一刀倾城
3106018, 7.7, 88, 侠的精神文化史论
2340004, 6.8, 222, 孔庆东品读金庸侠语
1449226, 8.5, 48, 风云（第一部）
10574383, 8.4, 51, 武道狂之 卷十一
2983716, 7.8, 79, 鸳鸯错
20398142, 7.6, 92, 明日歌.凤凰于飞
1738650, 6.3, 431, 彩环曲
1056335, 6.9, 188, 古龙传奇
4925162, 7.2, 134, 锦瑟江山之九重春色
1041810, 7.6, 91, 古龙英雄谱
1310316, 7.5, 99, 铁骑银瓶（上中下）
2239785, 8.2, 56, 七侠五义（下）
26278678, 7.1, 146, 听雪楼
3522681, 7.2, 130, 五看金庸小说
4747232, 9.1, 32, 妖刀01(新版)
1166357, 7.0, 159, 岳小钗
10729469, 8.7, 39, 他日相逢
1513025, 7.0, 155, 四大名捕斗僵尸
25717331, 7.5, 92, 网游之江湖任务行
2024301, 8.8, 36, 你死我活 第一部
2351258, 7.5, 91, 剑海鹰扬
1089520, 6.1, 523, 月异星邪
1915693, 8.0, 60, 七杀碑
1029481, 7.6, 82, 孤独之侠：金庸小说论
1034374, 6.8, 186, 牧野流星（上中下）
2074331, 8.3, 48, 短刀行
4864016, 8.5, 42, 墓旅人 第一卷 昨日英雄
2995903, 7.4, 97, 铁血大旗（全三册）
2220621, 7.4, 96, 孔庆东看武侠小说
10463028, 7.8, 68, 秦时明月-万里长城
1890852, 7.6, 80, 水龙吟
1449221, 8.3, 47, 风云（第三部）
4156817, 7.7, 73, 黑豹传奇
4063914, 8.5, 41, 伏魔 道可道系列1
3070511, 8.1, 53, 偷拳
3070863, 7.5, 85, 金庸笔下的男女
1334652, 8.9, 32, 仙ι袂301
1029340, 7.0, 137, 武当一剑（上下）
1687345, 9.0, 30, 古龙作品集
3348230, 7.2, 110, 《天龙八部》欣赏举隅
20469509, 7.6, 76, 秦时明月-亡秦必楚
1008043, 7.3, 99, 我与金庸的战争
1052014, 7.1, 120, 金庸地图
25786825, 7.9, 59, 山河・第一卷
1607082, 6.6, 209, 绛雪玄霜
1337314, 7.8, 62, 金庸小说与中国文化
3427815, 7.5, 79, 少林八绝之风云暗藏
3222624, 6.9, 143, 江湖
22846080, 8.2, 46, 六合拳宗
3348221, 7.0, 127, 谈《笑傲江湖》
1582491, 7.8, 61, 青城十九侠(全6册)
1545901, 7.2, 103, 金庸小说论稿
2030732, 7.9, 56, 论剑：武侠小说谈艺录
1872902, 8.3, 42, [江湖 : 徐克c香港影
2003409, 8.7, 33, 姿三四郎（上下册）
1337318, 7.4, 83, 金庸小说人论
21233445, 8.2, 44, 香初上舞.再上
3824086, 7.2, 98, 魅月
7052226, 8.6, 34, 恶魔引路人
2120720, 8.5, 36, 温瑞安微型武侠小说集
3805096, 7.4, 80, 功夫片的秘密
1025718, 6.7, 166, 风雷震九州（上中下）
26333691, 7.3, 87, 暗杀1905 第3部?大结局
6425332, 8.0, 49, 大唐御风记
25919826, 7.0, 116, 王道剑
6425755, 7.8, 56, 玄武纪・需
25744975, 6.4, 237, 江山不悔（上下）
3186972, 8.1, 45, 陈墨评金庸
1089514, 5.7, 779, 苍穹神剑
1922598, 7.8, 55, 水龙吟2
3824087, 7.1, 101, 葬雪
1337319, 7.2, 90, 金庸小说赏析
4148147, 8.0, 46, 侠士道
26331673, 7.1, 97, 冲天英雄传
6795834, 9.3, 22, 浪E天涯
1852573, 7.2, 86, 长刀无痕（全四册）
20388735, 7.4, 70, 武林的黄昏
5991565, 7.5, 63, 奇神钚⌒埃1）
3217035, 7.6, 58, 江湖风神帮
1341421, 9.3, 21, 笑傲江湖（全四裕
3348317, 7.1, 90, 诸子百家看金庸Ⅰ
10463025, 7.4, 68, 秦时明月_ 夜尽天明
4941660, 7.8, 49, 四大名捕
2092601, 8.3, 35, 神州无敌
1339841, 6.7, 135, w刀．又w刀
2081997, 7.7, 52, 神州擂
4041247, 7.7, 52, 覆雨翻云-全六卷
1512974, 6.4, 194, 菊花的刺（上下册）
1607092, 7.2, 78, 马鸣风萧萧
1801807, 7.5, 60, 武侠新力量排行榜
1426469, 7.3, 71, 灭秦1
10463026, 7.3, 71, 秦时明月-始皇之死
11580884, 8.3, 34, 厝鸢踩b鳌ぞ硪
1089043, 6.8, 116, 游剑江湖（上中下）
3186975, 7.6, 55, 人物金庸
1337316, 7.3, 70, 金庸小说情爱论
3215387, 7.4, 62, 饮马黄河（上下）
1045295, 6.3, 199, 龙虎斗京华
20393727, 6.6, 135, 日月当空 壹
4111443, 7.3, 66, 淘气世家
6904924, 8.6, 27, 武道狂之诗
1703539, 6.8, 107, 金庸人物排行榜
1511945, 6.5, 151, 破阵
2077528, 7.1, 78, 沈胜衣传奇系列
1029810, 6.7, 118, 风云雷电（上下）
10463027, 7.2, 71, 秦时明月-焚书坑儒
3253857, 7.8, 43, 寂寞高手
5984668, 8.4, 29, 卅三剑客图（全四册）
1089058, 6.6, 127, 绝塞传烽录
3416267, 8.0, 37, 小邪神
3208240, 7.5, 53, 金庸江湖手册
1829201, 7.4, 57, 讲武论剑
3190064, 7.8, 42, 金庸笔下的人生
2220693, 7.6, 48, 金庸小f的男子
4149096, 7.4, 56, 奇侠传奇
10574384, 8.0, 36, 武道狂之 卷十二 兵刀劫
2243344, 7.3, 60, 金庸小说的情爱世界
2992094, 6.6, 120, 挑灯看剑话金庸
26758991, 8.3, 29, 神偷天下 2
1511813, 6.3, 170, 怒剑狂花
2111183, 7.9, 37, 风尘叹
1952156, 7.7, 42, 纵横
2042466, 7.8, 39, 青龙燕铁衣
3082876, 6.5, 128, 古龙一百句
1738643, 6.0, 253, 游侠录
2079469, 7.4, 52, 黑儒传
1703468, 7.5, 48, 侠客行
1926152, 7.9, 36, L雄霸天下小f版(上)
2038138, 7.2, 61, 惊魂六计系列
5958837, 7.7, 41, 神雕侠侣漫画
1109976, 7.6, 44, 七侠五义
1506516, 7.8, 38, 大唐之突厥战争
1117129, 6.7, 98, 飞燕惊龙
1640696, 7.4, 50, 新版血河车
1912524, 7.2, 59, 飞云惊澜Ⅰ・腾云卷
1788143, 6.5, 120, 六指琴魔
1450465, 7.3, 54, 天武绝恋
1921615, 8.6, 23, 蜀山剑侠传. 11-15集
2383071, 6.6, 105, 鬼堡
4156826, 7.5, 45, 隐侠传奇
3215398, 8.0, 31, 檀车侠影（上下）
2337129, 7.4, 47, 江湖一担皮
1156538, 7.5, 43, 三侠剑
25914765, 8.2, 27, 武道狂之 卷十四 山．火．海
1043104, 7.7, 37, 完全武林门派手册
2189744, 7.0, 64, 天蚕变
1313521, 7.5, 42, 金庸小说之谜
1084785, 7.1, 58, 剑气珠光
1065722, 6.5, 106, 幻剑灵旗
1088904, 7.0, 63, 玉钗盟
1118322, 6.2, 154, 慧剑心魔（上下）
2128009, 7.7, 36, 草根血剑
1334477, 7.9, 31, _澄b小fl展史
3186973, 7.8, 33, 陈墨评金庸
2334368, 6.5, 102, 残肢令
1873614, 7.0, 61, 武侠世界的怪才――古龙小说艺术谈
4119068, 7.0, 61, 笑笑江湖
2567781, 7.1, 55, 醉里挑灯看剑
25870758, 8.3, 24, 天子on
1065091, 6.3, 127, 草莽龙蛇传
4025688, 7.2, 50, 金庸江湖地理
10606775, 7.2, 50, 秦r明月: 诸子百家
2033217, 5.6, 373, 九阴九阳
2116514, 7.3, 45, 美女江山一锅煮（第2卷）
2196210, 7.3, 45, 美女江山一锅煮（第三卷）
25796396, 7.5, 38, 刀剑笑
26348813, 7.5, 38, 《且试天下?完美典藏版》
3260302, 7.7, 33, 中国武侠史
1262280, 6.3, 118, 中国武侠电影史
1337317, 7.4, 40, 金庸小说艺术论
1052072, 7.3, 43, 浪子悲客-古龙传
2303445, 7.3, 43, 六指金环（全三册）
10725016, 6.9, 59, 孤剑不折
5976423, 7.2, 45, 杨小邪 三部曲
25852259, 7.6, 32, 拳无敌
3186992, 7.4, 36, 陈墨评金庸
6532851, 7.5, 33, 玄武纪.师
1467249, 6.7, 64, 中国武侠电影史
1506518, 7.3, 38, 大唐之战神天兵
2056315, 7.3, 38, 侠义英雄传
2212711, 7.5, 32, 独步乾坤2
5341523, 7.7, 28, 边荒传说
25708135, 8.1, 22, 缺月梧桐 卷十一 ⑸裥
3186988, 7.8, 26, 陈墨评金庸――琴剑金庸
1921606, 8.0, 23, 蜀山剑侠传.后传10集
3053420, 7.0, 46, 江湖夜雨十年灯（上下）
2212712, 7.2, 39, 独步乾坤1
1310219, 7.3, 36, 连环套（全二卷）
1489614, 7.6, 29, 武侠文化通论
2257725, 7.5, 31, 天才混混
4071569, 7.5, 31, 幻之刃（上）
1008790, 7.7, 27, 温瑞安武林妙语录
3031854, 7.4, 33, 罗刹夫人
1337315, 6.9, 48, 金庸小说之武学
3294671, 7.6, 28, 十二金钱镖
10600112, 7.1, 40, 戒风流（上下）
3312196, 7.9, 23, 津门大侠霍元甲
1513060, 6.0, 126, 玄幻系列之-乌金血剑
2220644, 7.3, 34, 武侠小说话古今
3107006, 7.0, 43, 天观双侠（全4册）
3021835, 7.8, 24, 江海英雄（1-4）
1546516, 7.4, 31, 天下第一奇书：《蜀山剑侠传》探秘
1578130, 7.0, 42, 刀光侠影蒙太奇
25961889, 8.1, 20, 金庸作品集13
10487081, 6.9, 45, 妙贼丁小勾
3147634, 7.7, 25, 拆骨为刀
2314473, 7.0, 41, 美女江山一锅煮（第4卷）
3348241, 7.0, 41, 析《雪山飞狐》与《鸳鸯刀》
24760719, 7.0, 41, 大地飞鹰
4828450, 7.4, 29, 一剑钟情
2231217, 8.1, 19, 江湖怪
3226163, 8.1, 19, 五胡战史
2351261, 7.5, 27, 纤手驭龙（上下）
26695557, 7.9, 21, 武道狂之 卷十七
2034955, 7.7, 23, 鹰爪王
1076760, 7.1, 34, 十二金钱镖(上下)
1117130, 6.4, 64, 无名箫（上.中.下）
1845181, 6.7, 47, 细读神雕
1933420, 7.2, 31, 文坛侠圣：金庸传
25817937, 7.8, 21, 智n 一
1278371, 7.0, 36, 中国侠文化
2311795, 7.1, 33, 销魂一指令
2370406, 6.0, 98, 大侠风清扬
2222181, 6.6, 50, 金庸笔下的文史典故（上下）
3558777, 6.9, 38, 古龙传
3183038, 6.7, 45, 中国武侠小说史
26313687, 7.4, 26, 武道狂之 卷十五
26840057, 8.0, 18, 武道狂之 卷十八
6938133, 8.1, 17, 射m英雄鳎ㄐ滦薨妫（1-4裕
1079834, 7.3, 27, 新古典武侠风云榜
20449891, 8.2, 16, 浪E天涯
6744937, 7.4, 25, 一醉绯红
4216630, 6.2, 69, 新仙鹤神针（上下）
3057700, 7.2, 28, 剑神传
2316761, 7.1, 30, 小五义
5312854, 7.8, 19, 光影e卮猴L
3260087, 8.0, 17, 鹿鼎（新修版）（全五册）
1012894, 6.5, 48, 金庸武学地图
1873612, 6.1, 73, 金庸小说人物谱
6392680, 6.9, 33, 丹下左膳・乾云坤龙（上）
5262865, 7.7, 19, 精武陈真传
1512259, 6.1, 67, 续补古龙作品集(珍藏本)-剑气严霜(全4册)
1918498, 7.2, 25, 中国侠文化史
2256506, 7.2, 25, 魔女江湖
26429978, 7.2, 25, 麋鹿行
4071670, 7.3, 23, 幻之刃（下）
1538945, 7.5, 20, 金庸武侠小说鉴赏宝典
3539275, 7.2, 24, 武之舞 : 中国武侠电影的形态与神魂
5382984, 7.3, 22, 吸血蛾
25780846, 6.7, 34, 夜船卷
3414470, 7.6, 18, 奇侠精忠全传
26892370, 7.6, 18, 只怪众生太美丽：从金庸江湖中读出的现实人生
1998545, 7.4, 20, 金庸评说五十年
1839432, 7.6, 17, 金庸茶馆(1-6)
3882631, 7.4, 19, 情侠双夺血龙令
3982838, 7.7, 16, 饮剑诀
26706745, 8.1, 13, 青花练
1748010, 6.0, 60, 七剑十三侠
2075441, 7.2, 21, 快刀浪子
1706214, 7.1, 22, 雪惑潋・镜月・天
1837342, 7.5, 17, 雍正剑侠图
1163085, 7.4, 18, 宋元英雄传说之寂寞江山
1168270, 7.3, 19, 金笔点龙记
2257004, 6.3, 41, 金剑寒梅（上下）
10946105, 7.7, 15, 武侠大宗师 张彻
3769672, 7.2, 20, 大侠窦尔墩（上）
4922030, 7.0, 22, 灵剑
3179889, 7.4, 17, 解构金庸
4213785, 7.4, 17, 秦r明月 03
3130086, 7.5, 16, 道T秘
2044746, 7.2, 19, 邪帝苍龙传2
2237382, 7.6, 15, 中国之侠
1116980, 7.1, 20, 雨鬓风鬟:金庸笔下的江湖女性
5242160, 5.5, 96, 箫声咽
1974833, 6.3, 36, 江湖・侠客・情
2212713, 7.5, 15, 独步乾坤3
2273559, 7.5, 15, 雍正剑侠图
25935116, 6.6, 27, 大唐奇案攻略
2268846, 7.0, 20, 洪武剑侠图
4243592, 7.0, 20, 华山论剑
6963304, 7.7, 13, 中流楫
25780847, 6.5, 28, 沧海卷
1635803, 7.4, 15, 沉沙谷
2260777, 7.4, 15, 杨香武三盗九龙杯
4319037, 7.4, 15, 秦r明月 04
1963602, 6.2, 36, 十万雄师斩阎罗
3224683, 6.5, 26, 续小五义
4909210, 6.6, 24, 五凤朝阳刀
1068475, 7.0, 18, 班门弄斧--给金庸小说挑点毛病
2239746, 7.0, 18, 剑胆琴心
26257485, 6.1, 37, 公子太美
2221302, 7.3, 15, 金庸小说的女子
25769606, 8.1, 10, 浪E天涯
1395803, 6.8, 20, 绝命一石
1607084, 5.9, 44, 摇花放鹰传（上.中.下）
24722777, 7.5, 13, 山寨世家
1639272, 7.1, 16, 雪谷幽魂
2116531, 7.1, 16, 侠骨柔情
26279482, 7.2, 15, 七夜雪
1263084, 7.8, 11, 大英雄
1934535, 7.3, 14, 金庸武侠小说完全手册
24860572, 8.0, 10, 浪E天涯
10875949, 7.4, 13, 峨眉七矮.蜀山剑侠后传
25733651, 6.5, 23, 月异星邪
2367883, 7.7, 11, 金庸百家谈
3053424, 7.1, 15, 乾坤残梦（上中下）
2044744, 6.8, 18, 邪帝苍龙传I
1607102, 7.2, 14, 铁雁霜翎（上、中、下）
2079474, 7.2, 14, 风花雪月图
1593037, 6.3, 26, 江南公子
25902238, 6.3, 26, 风的寂寞只有云懂
5406680, 6.5, 22, 2010年中国武侠小说精选
1117116, 6.1, 30, 神州豪侠传
2143090, 6.4, 23, 谁是大英雄
1034543, 7.8, 10, 剑侠图传全集
2127453, 7.8, 10, 舞叶惊花
3313228, 7.8, 10, 武林强人
10487098, 7.0, 15, 赌国小煞星
2254321, 6.8, 17, 天龙卷
1879917, 7.4, 12, 王度庐评传
25823874, 7.4, 12, 王道Α疽肌
1007803, 7.1, 14, 后续三侠剑（全二卷）
2567336, 7.1, 14, 玉剑香车 上册
3105655, 7.1, 14, 英雄大八义（上下）
3767519, 7.2, 13, 鸟尽弓藏
25881245, 7.2, 13, 鹪谝 卷一
2133831, 6.8, 16, 仙侠五花剑
5068334, 6.9, 15, 红镖
1097515, 7.0, 14, 武侠
26255699, 7.0, 14, 金庸笔下的真实大历史
3313224, 7.4, 11, 焚香论剑篇
5419832, 7.4, 11, 津门论剑录
11519168, 6.3, 22, 谈亭会
26320888, 6.3, 22, 仙剑奇侠传5
1916860, 7.6, 10, 青城十九侠
1165851, 5.8, 35, 风尘侠隐
3500433, 7.2, 12, 还情剑三册/卧龙生精品系列
3053425, 6.5, 18, 红泪萧琴（上中下）
1917603, 7.0, 13, 铁臂金刀周侗传
5068349, 7.0, 13, 无情剑
25810168, 7.0, 13, 谁来与我一起干杯
3105652, 7.5, 10, 英雄大八义
26642037, 6.8, 14, 风啸长宁・壹
24760718, 6.1, 23, 护花铃
3779338, 6.9, 13, 金庸武侠故事编年和人物大全
2334395, 7.4, 10, 销魂十指令（全3册）
26681246, 7.4, 10, 洗心问剑・壹
2254324, 7.2, 11, 断刃
25845748, 7.0, 12, 新世纪小说大系（2001―2010）? 武侠卷
26642038, 7.0, 12, 四海流云・壹
25853169, 7.3, 10, 日月空 卷十八
3987934, 6.9, 12, 江湖大侠传
6430939, 6.5, 15, 清歌莫生
10487092, 7.2, 10, 风流小阿霸
3659548, 7.0, 11, 龙虎寒光剑
4009904, 7.1, 10, 金台三打少林寺
10554535, 7.1, 10, 饕餮英雄
1117120, 6.7, 12, 一代天娇（套装上下册）
26836972, 7.0, 10, 大汗天书之幻灵旗
3053426, 5.6, 27, 矫龙惊蛇录（上中下）
5387697, 6.1, 17, 如龙天下
3074626, 6.1, 15, 神箭金雕
1895812, 6.7, 10, 新派武侠小说研究
