2017-01-23 16:17:59
Tag: 沧月
The number of books: 169 

ID, rating, votes, title
3211779, 8.9, 119517, 嫌疑人X的献身
10594787, 8.9, 50339, 霍乱时期的爱情
1855364, 9.1, 16750, 围城
1400705, 8.1, 79114, 情人
1051193, 8.6, 28501, 麦琪的礼物
1020459, 8.4, 34392, 此间的少年
1059419, 8.1, 58705, 海边的卡夫卡
3266344, 8.5, 26480, 盗墓笔记4
1919201, 8.5, 24701, 七夜雪
1853785, 8.7, 17065, 天是红河岸
1812439, 8.1, 33574, 步步惊心
2271450, 8.7, 8968, 镜・神寂
1092149, 8.7, 8401, 梵高传
10601616, 9.3, 3775, 我爱摇滚乐
3065343, 8.4, 12111, 云中歌3
1256186, 8.3, 10694, 护花铃
1925232, 7.9, 20554, 大漠谣
2382711, 8.6, 6494, 镜・龙战
2382709, 8.6, 6326, 镜・辟天
1326828, 8.4, 8100, 镜・双城
2114580, 8.8, 4425, 听雪楼系列典藏版（全三册）
1010520, 8.1, 10191, 血薇
1442920, 8.3, 7222, 镜・破军
1961970, 8.4, 4975, 沧海Ⅰ
21242062, 8.2, 6389, 长相思
1313159, 8.1, 7459, 大漠荒颜
1478487, 7.8, 12151, 曼珠沙华
1313156, 8.0, 8117, 帝都赋
1467382, 8.4, 3807, 镜・龙战（上）
1425636, 8.7, 2482, 杯雪・夜雨打金荷
1476533, 8.4, 3670, 镜・龙战（下）
2137491, 8.5, 2834, 镜・归虚1
3014601, 8.4, 3059, 沧海Ⅵ
1681426, 8.8, 1818, 杯雪・传杯・秣陵冬
6827339, 8.6, 2260, 琅琊榜
4199686, 8.0, 3728, 羽・青空之蓝
2002035, 8.3, 2338, 镜・辟天1
3924481, 7.9, 4127, 夜行歌（上下）
24876477, 7.4, 9427, 很高兴见到你
2117066, 7.7, 5397, 夜船吹笛雨潇潇
2052100, 8.3, 2162, 镜・辟天2
1899883, 7.7, 5117, 剑歌
2302080, 7.9, 3636, 神之右手
1437120, 7.6, 5600, 荒原雪
2351259, 8.2, 2106, 大漠荒颜・帝都赋
2567960, 7.6, 4971, 镜・织梦者
6802392, 8.6, 1229, 七夜雪
1393280, 7.7, 4204, 花镜
3069728, 7.1, 11260, 良辰讵可待
2924564, 7.9, 2807, 彼岸花
4847836, 8.0, 2367, 羽・赤炎之
1919221, 8.0, 2334, 人间六道之修罗道
1104808, 8.6, 1079, 烈火青春（1-13）
3313239, 8.8, 830, 沧海明月・拜月卷
1964560, 7.5, 4676, 沧海
3121041, 8.1, 1818, 碧城
3034205, 8.2, 1579, 天涯明月刀
11584484, 8.0, 2049, 将嫁
4057010, 8.0, 2009, 月上重火之水落石出
3336964, 8.7, 836, 沧海明月・承影卷
2117835, 8.6, 919, 华盖之月
1823247, 7.4, 4476, 飞天
3336960, 8.5, 951, 沧海明月・凝碧卷
6437880, 7.7, 2586, 哑舍
3065698, 7.3, 4430, 白昼的星光
3310839, 8.6, 728, 沧海明月・夕影卷
2141423, 7.8, 1796, 指间砂
3336953, 8.5, 726, 沧海明月・流光卷
3177087, 7.3, 3664, 风玫瑰
1102463, 8.1, 1102, 幻世
6440764, 7.8, 1589, 羽・黯月之翼
1834139, 7.9, 1351, 云荒往世书・云散高唐
1959034, 7.5, 2134, 镜・织梦者2・海的女儿
3895158, 7.5, 2129, 哪瓣洋葱不流泪
6313955, 7.3, 2852, 迷雾围城（全两册）
20437599, 8.0, 1031, 自杀
1786244, 8.9, 386, 烈火青春Part2
2993673, 8.3, 699, 大漠荒颜
3424992, 8.4, 590, 沧海明月・紫微卷
20379212, 7.0, 4160, 不如去死
6802393, 8.1, 793, 大漠荒颜・帝都赋
1786239, 8.8, 374, 烈火青春Part14
2074103, 8.1, 772, 残酷な童たち
1185214, 8.1, 690, 一个自由而负责的新闻界
1460275, 7.7, 1067, 逝雪
3149497, 7.3, 1647, 星空
20405966, 8.6, 334, 听雪楼沧月系列系列典藉版（全三册）
24877322, 8.3, 451, 江山不夜
26792696, 8.9, 242, 镜（全6册）
6813394, 7.7, 847, 曼珠沙华・彼岸花
25868476, 8.8, 259, 裂国・大王图
1424858, 7.4, 1168, 风烟引
1912521, 7.7, 716, 镜前传・越京四时歌
26134061, 7.5, 920, 忘川 上
26133411, 7.7, 705, 忘川 下
2249413, 8.0, 480, 云荒纪年・隔云端・苍平卷
6901136, 6.9, 2103, 夜行观览车
3128115, 6.4, 5346, 鸳鸯刀
5417484, 7.7, 576, 幻世・剑歌・碧城
25854679, 7.9, 411, 云中歌3：忆流年
1854579, 8.5, 211, 皮皮鲁逃往雅典娜
1512741, 7.0, 1009, 护花铃（上下）
25725506, 7.2, 682, 羽・苍穹之烬
2204503, 7.7, 311, 雪M天山
4322238, 7.9, 251, 云荒・云泥变
1114659, 7.3, 496, 少年铁手（上、下册）
5915713, 6.4, 1843, 爵迹?燃魂书
1844444, 8.4, 144, 大漠荒
6425903, 7.7, 259, 鱼馆幽话
3561408, 7.9, 207, 流光夜雪
24718813, 7.6, 259, 毫无目的去一次远方
1038092, 8.7, 96, 历史研究（上中下）
2233077, 7.7, 197, 镜苏摩
1844391, 8.5, 92, 帝都x
1490288, 7.6, 196, 爱为什么总矛盾
1845293, 7.9, 140, 庭院深处
2153031, 7.6, 187, 月・绮罗香 NO.1
1907496, 6.9, 429, 新闻界
2300103, 7.6, 174, 月・水龙吟
5503291, 8.2, 100, 碧城
1919529, 7.5, 182, 镜沧流
2221865, 7.8, 135, 月.满江红No.2
2270110, 7.7, 146, 月・解语花
20276023, 7.0, 316, 地狱公寓
2327724, 7.9, 103, 月・玉连环No.5
5411655, 8.3, 68, 合掌人生
5909861, 8.5, 59, 彼岸花AND神之右手
2974803, 7.8, 93, 月・双飞燕
6860560, 8.2, 62, 羽・青空之蓝
6800402, 7.7, 86, 羽・赤炎之瞳
26278678, 7.1, 146, 听雪楼
10432664, 6.1, 521, 2012・末夜
26278978, 8.0, 59, 听雪楼
5503194, 8.6, 35, 鬼吹糁三・南x谷
26867351, 7.5, 71, 朱颜
3406373, 8.2, 42, 无限学园祭(Ⅱ)
6425842, 7.0, 109, 下一个十年
26786169, 8.4, 34, 镜・破军
5404173, 6.7, 138, 成长的18个瞬间
25729893, 8.6, 27, 镜・双城
3327047, 5.6, 583, 选择之道
5942549, 7.5, 49, 忘川
3094929, 7.8, 39, 江湖 一
5504357, 8.2, 30, 鬼吹簪蛑一・S皮子
26786168, 8.1, 31, 镜・双城
3003712, 7.8, 36, 月・一年春
20269673, 6.7, 86, 恋着好喜欢
25729894, 8.4, 23, 镜・破军
26786172, 8.1, 26, 镜・神寂
25738634, 7.6, 29, 镜・双城1
26786170, 7.9, 24, 镜・龙战
1805047, 7.0, 45, 幻天逍遥录
26786171, 8.0, 22, 镜・辟天
26786173, 7.9, 21, 镜・织梦者
1725662, 6.0, 82, 炫・冥海
25780846, 6.7, 34, 夜船卷
1288915, 7.1, 25, 东风破
3199964, 7.2, 23, 幻世
25784397, 7.5, 19, 镜・龙战
26261271, 7.3, 21, 指间砂
25784398, 7.5, 17, 镜・辟天
25736909, 7.5, 16, 有你
25814033, 7.5, 15, 镜・神寂
25780847, 6.5, 28, 沧海卷
26279482, 7.2, 15, 七夜雪
25780855, 6.1, 32, 星坠卷
26279484, 7.6, 11, 鼎剑阁系列
26279485, 7.4, 12, 鼎剑阁系列
10542777, 4.5, 97, 笑死你的逻辑学
