2017-01-23 16:17:59
Tag: 法国
The number of books: 975 

ID, rating, votes, title
1084336, 9.0, 211677, 小王子
1085860, 8.9, 48468, 基督山伯爵
1205054, 8.9, 25774, 悲惨世界（上中下）
4908885, 9.0, 20147, 局外人
1400705, 8.1, 79116, 情人
1024197, 8.3, 39275, 巴黎圣母院
1013380, 8.1, 45183, 茶花女
1205370, 8.1, 40992, 羊脂球
1001885, 8.5, 17491, 带一本书去巴黎
1085470, 8.4, 18543, 海底两万里
1258498, 8.3, 18235, 项链
10763902, 7.9, 36911, 偷影子的人
1277981, 8.8, 8068, 社会契约论
1007433, 8.1, 23570, 红与黑
1186392, 8.7, 8786, 约翰・克利斯朵夫
5366275, 8.4, 12081, 我怎样毁了我的一生
1082584, 8.6, 8475, 追忆似水年华 Ⅰ
1032063, 8.9, 4966, 旧制度与大革命
1275608, 8.7, 5876, 神秘岛
1017563, 8.7, 5595, 我的野生动物朋友
1031741, 7.8, 23724, 欧也妮・葛朗台
1075538, 8.2, 10731, 普罗旺斯的一年
1012307, 9.1, 3016, 规训与惩罚
4313207, 8.5, 6576, 致D
1004322, 8.6, 5230, 第二性
1400707, 8.1, 11233, 广岛之恋
1049522, 8.8, 3636, 西西弗的神话
1203244, 8.2, 8577, 三个火枪手
1036541, 8.7, 4091, 疯癫与文明
3899039, 8.1, 9324, 刺猬的优雅
3765331, 8.6, 4381, 恋人絮语
1092168, 9.1, 2256, 追忆似水年华（上下册）
4120475, 9.3, 1693, 加缪全集 （小说卷）
5406559, 8.7, 3370, 鼠疫
1056023, 8.5, 4218, 鼠疫
1083477, 7.8, 12244, 包法利夫人
1083434, 8.6, 3472, 莫泊桑短篇小说选
1275907, 8.3, 5212, 八十天环游地球
1000121, 8.5, 3902, 昆虫记
1034066, 9.1, 1804, 加缪文集
1393447, 9.1, 1758, 忧郁的热带
1119528, 7.9, 8875, 高老头
2042629, 8.7, 2687, 九三年
1070685, 8.1, 6226, 永远的普罗旺斯
3608170, 8.0, 6775, 我想吃一个小孩
1061029, 8.8, 2159, 杜尚访谈录
3871911, 8.4, 3600, 大树
2243692, 7.8, 8997, 潜水钟与蝴蝶
4745950, 9.2, 1329, 第二性Ⅱ
1204488, 8.4, 3475, 格兰特船长的儿女
1045365, 8.6, 2651, 恶之花
26695174, 9.0, 1552, 灯塔
1793713, 8.3, 3749, 中国北方的情人
4140380, 8.7, 2138, 第七重解答
1899006, 9.1, 1326, 我想去看海
4732123, 8.5, 2491, 爸爸，我们去哪儿？
1276032, 8.3, 3244, 地心游记
4246979, 8.1, 4207, 窄门
1152701, 7.7, 7941, 漂亮朋友
1780277, 8.7, 1773, 法兰西组曲
1027587, 8.6, 1968, 恶之花 巴黎的忧郁
1018925, 9.2, 979, 玫瑰圣经
1060723, 8.0, 4187, 重返普罗旺斯
3908240, 7.8, 5444, 情人
1048173, 8.0, 3876, 忏悔录
1053249, 8.7, 1511, 一点巴黎
1066663, 8.8, 1320, 兰波作品全集
1885262, 8.6, 1624, 笑面人
1455933, 7.5, 8152, 你好，忧愁
1030554, 8.5, 1693, 恶心
1142862, 8.1, 2867, 拿破仑传
1793721, 7.9, 3824, 琴声如诉
1162773, 9.0, 933, 地狱一季
1400717, 8.0, 3228, 写作
1041452, 8.4, 1824, 存在与虚无
2295122, 8.4, 1726, 卡门
1077196, 8.6, 1291, 蒙田随笔全集（全三册）
2209227, 8.3, 1841, 一个孤独漫步者的遐想
1254278, 8.7, 1133, 思想录
6310320, 8.7, 1103, 人都是要死的
1041896, 8.3, 1740, 巴黎的忧郁
4753689, 8.2, 1949, 莎拉的钥匙
1437687, 8.7, 1049, 性经验史
1287508, 8.2, 1902, 明室
1422017, 8.9, 831, O先生
2147647, 7.9, 2867, 物质生活
26376049, 9.2, 596, 阿兰的战争
4120485, 9.3, 540, 加缪全集（散文卷Ⅰ）
4714018, 7.5, 5175, 青春咖啡馆
1393233, 9.2, 584, 古典时代疯狂史
1400703, 8.3, 1524, 劳儿之劫
1075245, 8.8, 849, 蚂蚁
1070246, 8.6, 1057, 置身于苦难与阳光之间
6021092, 9.0, 678, 局外人・西绪福斯神话
1491855, 8.6, 1017, 羊脂球
1422237, 8.7, 886, 蚂蚁革命
1067592, 8.7, 872, 要塞
1026547, 8.1, 1737, 一生
2301475, 8.4, 1162, 人间食粮
2340082, 9.0, 593, 亲爱的小鱼
3571360, 8.3, 1280, 长别离
2213965, 8.2, 1404, 他人就是地狱
3013532, 8.8, 701, 兰波彩图集
1035600, 8.6, 848, 福柯的生死爱欲
26602756, 9.2, 450, 读Reading
1398463, 9.1, 493, 萨特文集（全八卷）
1095849, 8.8, 658, 词与物
19950612, 7.3, 4990, 伊斯坦布尔假期
3571371, 8.1, 1465, 平静的生活
2309204, 9.0, 528, 小淘气尼古拉绝版故事
7063932, 8.2, 1268, 东京散步
1082469, 9.3, 396, 加缪全集（全四册）
1049016, 8.7, 704, 戴眼镜的女孩
4898547, 8.1, 1414, 祖与占
1001309, 8.6, 778, 苦儿流浪记
1525866, 8.9, 569, 蚂蚁时代
6874612, 8.1, 1408, 孤独的池塘
5408863, 8.9, 568, 一点法国
26110579, 7.6, 2860, 暗店街
1487995, 8.5, 865, 文字生涯
1027602, 8.6, 769, 奢侈、宁静和享乐
1439737, 9.6, 296, 法国童话精选
1320205, 8.2, 1195, 法国电影新浪潮
10560097, 9.3, 379, 不一样的卡梅拉（1-10册）
3797322, 8.9, 546, 悲惨世界
1444025, 8.2, 1177, 存在主义是一种人道主义
1316536, 8.6, 730, 萨特读本
1063721, 8.6, 726, 清晨
3389460, 8.9, 532, 空间的诗学
3427928, 8.8, 573, 契诃夫的一生
4219120, 8.4, 878, 流浪的星星
26662689, 8.8, 568, 画的秘密
11508896, 8.4, 873, 夜航
1037768, 8.0, 1409, 广岛之恋
5415510, 8.9, 500, 复杂的意味
4199421, 9.3, 345, 在少女花影下
1400718, 7.8, 1800, 夏夜十点半钟
5394486, 7.3, 3869, 爱情没那么美好
10539804, 8.6, 664, 彩画集
1777853, 8.2, 1033, 屠猫记
4262685, 8.0, 1326, 戏梦巴黎
1102497, 8.0, 1320, 歌剧魅影
2377959, 8.5, 719, 文字・传奇
1023557, 9.0, 433, 萨特戏剧集(上下)
1012256, 9.0, 430, 电影书写札记
6428818, 8.4, 788, 田园交响曲
3401286, 8.2, 984, 冷记忆1
1255321, 8.1, 1097, 漫长的婚约
3085043, 8.9, 451, 小小恋人
1269972, 9.0, 410, 火 一弹解千愁
5363264, 7.7, 1820, 被偷走的人
1793718, 7.6, 2065, 爱
1001360, 8.2, 915, 我的另一半
1075791, 8.6, 585, 梅里美中短篇小说集
1455950, 7.7, 1737, 你喜欢勃拉姆斯吗……
4120483, 9.3, 300, 加缪全集（戏剧卷）
24722916, 7.4, 2728, 如果一切重来
3571554, 8.2, 892, 抵挡太平洋的堤坝
1283644, 9.1, 353, 小尼古拉
2375982, 8.8, 463, 恶之花 巴黎的忧郁
10604943, 8.3, 776, 爱情半夜餐
1048047, 8.5, 621, 风沙星辰
3765359, 8.2, 868, 四季
5408850, 8.9, 413, 不简单的生活
1072015, 9.1, 344, 人间喜剧 第一卷
2253751, 7.9, 1259, 我最美好的回忆
1036793, 8.0, 1083, 杜拉斯传
3183723, 8.7, 492, 云上的日子
3323627, 7.8, 1368, 林先生的小孙女
4126861, 8.0, 1050, 第四扇门
2297234, 7.7, 1559, 花事
1021529, 8.9, 392, 重负与神恩
20437599, 8.0, 1031, 自杀
1022187, 8.3, 719, 知识考古学
2971949, 8.8, 425, 马尔多罗之歌
3088334, 7.8, 1329, 香奈儿的态度
1025623, 8.5, 571, 航空信
11620497, 8.2, 786, 简单的艺术
25709105, 8.8, 416, 革命之路
5248289, 7.7, 1487, 岁月的泡沫
1045934, 8.7, 455, 幻灭
4860743, 8.6, 494, 一只狮子在巴黎
25881325, 7.0, 4451, 庆祝无意义
2148464, 7.8, 1252, 夏雨
4246974, 8.4, 606, 伪币制造者
2149157, 8.7, 442, 墙
3571555, 8.2, 747, 直布罗陀水手
1432443, 8.5, 535, 存在之难
3015783, 7.8, 1224, 嫁给风的女孩
24257192, 9.1, 300, 卡利古拉
3144806, 8.7, 432, 项链
25774978, 8.7, 427, 眼泪与圣徒
5396636, 9.2, 270, 资本主义与精神分裂 （卷二）
1055536, 8.9, 350, 埃梅短篇小说选
2364152, 8.1, 807, 我生命中的电影
3123757, 8.8, 377, 奥斯卡与玫瑰夫人
5312096, 8.9, 343, 反抗者
11533606, 8.9, 342, 贾科梅蒂的画室
2567398, 8.6, 448, 写作的零度
6793951, 7.7, 1288, 地平线
2216385, 7.9, 978, 扬・安德烈亚・斯泰奈
4120488, 9.2, 254, 加缪全集（散文卷Ⅱ）
10604035, 9.1, 276, 点点点
1492928, 8.2, 667, 陪我走到世界尽头
1256405, 8.6, 434, 哈德良回忆录
3242664, 7.6, 1425, 诉讼笔录
26819342, 9.0, 298, 波丽娜
25904481, 8.6, 431, 那一天
5321896, 8.3, 582, 危险的关系
6016240, 8.9, 316, 堕落・流放与王国
1255584, 8.4, 513, 时间与自由意志
2216373, 7.4, 1832, 毁灭，她说
1762395, 8.9, 314, 玛塞林为什么会脸红
5338233, 8.3, 561, 我的法兰西岁月
2340081, 8.7, 367, 月亮，你好吗
6021091, 8.8, 334, 反与正・婚礼集・夏天集
26209381, 8.7, 365, 我见：马克・吕布纪实经典
26285734, 8.1, 685, 6点27分的朗读者
2053331, 7.9, 872, 外面的世界
4719265, 8.5, 442, 逆天
3131641, 8.5, 439, 莫里哀喜剧六种
1400725, 7.4, 1714, 广场
25737804, 9.1, 251, 孤独与团结：阿尔贝・加缪影像集
25853069, 9.0, 273, 切尔诺贝利之花
1309255, 7.7, 1108, 一年好时光
2264147, 8.4, 480, 最后一课
24307336, 7.5, 1436, 跟巴黎名媛学到的事
26359759, 8.0, 739, 那些我们没谈过的事
5413523, 8.2, 586, 植物学通信
1615235, 8.2, 583, 蒙田随笔
4151189, 8.5, 424, 物
1421310, 8.6, 381, 知识分子的鸦片
1986386, 8.5, 420, 玛格丽特・杜拉斯
1082445, 8.9, 286, 萨特文集（1-7卷）
3101896, 8.0, 721, 你会在那儿吗？
2027999, 8.6, 376, 布拉热洛纳子爵
3689121, 8.4, 457, 美国
10000764, 8.1, 628, 由于男人都不在了
3851791, 9.2, 218, 大鼻子情圣
3058357, 8.0, 703, 暗店街 夜巡
6012787, 8.8, 298, 追忆似水年华（第三卷）
2287348, 8.5, 396, 论科学与艺术
26910597, 8.4, 438, 直到那一天
5248331, 7.9, 766, 庸见词典
25897675, 7.5, 1284, 比恐惧更强烈的情感
1256406, 8.8, 292, 苦炼
1793720, 7.6, 1094, 无耻之徒
1867361, 9.1, 222, Princesses oubliées ou inconnues...
1316628, 8.5, 381, 法国革命史
1916659, 8.6, 342, 关于陀思妥耶夫斯基的六次讲座
11509009, 9.1, 219, 人的大地
1809130, 8.7, 308, 野性的思维
1185636, 7.4, 1408, 娜娜
2051953, 7.8, 813, 爱情是这个样子的：蒙巴那斯的吉吉
25887981, 8.2, 504, 微妙
2059994, 8.1, 560, 只要在一起
1130069, 8.0, 626, 巨人传
4255374, 9.4, 169, 巴巴爸爸的诞生
6794354, 8.0, 615, 诺阿诺阿
1778511, 8.6, 327, 象征交换与死亡
1775264, 8.2, 490, 景观社会
1084884, 8.2, 489, 二十年后
26802228, 8.8, 268, 寻找光的小女孩
24380058, 7.6, 981, 读书年代
1050006, 7.8, 752, 伪君子
2054716, 7.4, 1289, 救救我
26826605, 9.3, 174, 加缪手记
2259223, 8.5, 346, 玛戈王后
3320907, 8.1, 520, 追踪1789法国大革命
1400181, 7.4, 1266, 昂代斯玛先生的午后
3542066, 8.1, 516, 冷记忆2
4605583, 8.3, 412, 女宾
6731445, 7.9, 643, 巴黎，很烦人
1786582, 8.9, 234, 海上劳工
3024319, 8.0, 569, 东方故事集
3324036, 8.5, 333, 茫茫黑夜漫游
1168737, 8.4, 367, 妇女乐园
2149449, 8.8, 251, 绘画史事
2186646, 8.8, 250, 蒙塔尤
1431184, 8.3, 402, 笋瓜自传
2213892, 8.4, 359, 阿道尔夫
2135506, 8.7, 269, 驳圣伯夫
6310335, 8.3, 394, 星期天
3015792, 7.6, 883, 后来……
4105422, 7.8, 683, 看不见的大陆
4137254, 7.2, 1569, 找死专卖店
2003634, 7.5, 1008, 情人杜拉斯
2248319, 7.9, 603, 嫉妒
4736181, 7.5, 1006, 有我，你别怕
3622469, 8.1, 474, 娜嘉
1025321, 8.8, 239, 纪德文集
26849452, 8.5, 314, 静默
5921804, 8.1, 464, 三十七度二
26693438, 8.7, 256, 局外人
1254676, 7.1, 1757, 优雅
1394430, 8.5, 307, 残酷戏剧
1042609, 8.3, 371, 浴室 先生 照相机
3074160, 9.0, 196, 普鲁斯特与符号
25947310, 7.3, 1268, 21世纪资本论
1320188, 7.7, 704, ￥19.99
3586463, 8.3, 357, 断片集
4246990, 8.0, 491, 吃透法兰西
1458803, 7.9, 544, 某种微笑
4747128, 8.8, 221, 乌托邦的年代
2376268, 8.7, 240, 法国
3277881, 8.2, 386, 兰波传
19964304, 8.0, 477, 爱的多重奏
3065673, 9.2, 158, 小兔汤姆系列（第二辑）（全十册）
26378831, 7.9, 534, 幸福的另一种含义
24257317, 8.9, 200, 第一个人
2375981, 9.1, 170, LES YEUX DU CHAT
2248275, 8.1, 425, 去年在马里安巴
24257152, 8.1, 423, 堕落
1456886, 7.9, 524, 胡萝卜须
3171267, 9.2, 155, 阿黛拉和西蒙在巴黎
4246983, 8.2, 375, 梵蒂冈地窖
1836026, 7.8, 579, 背德者
10529773, 8.0, 459, 独白
2050778, 8.1, 410, 萌芽
1078017, 7.9, 509, 我希望有人在什么地方等我
5336230, 8.3, 331, 论诱惑
3112559, 8.6, 246, 道德箴言录
2057065, 8.0, 448, 被遮蔽的痛苦
2209114, 8.9, 189, 什么是哲学
3572739, 8.3, 325, 冷记忆5
26184384, 8.1, 398, 八月的星期天
1426817, 8.3, 322, 陌生人日记
2251699, 7.2, 1232, 十月的孩子
1796768, 8.3, 318, 世界与裤子
6313462, 8.6, 239, 礼拜五或太平洋上的灵薄狱
6426702, 8.0, 434, 违背道德的人
4010963, 8.1, 389, 飙车
4259340, 7.7, 613, 恶狼之夜
3672259, 8.2, 349, 比利提斯之歌
1461987, 9.1, 157, 桤木王
1022210, 8.3, 310, 贝姨
5988638, 8.0, 419, 背德者・窄门
4861173, 8.2, 337, 六个道德故事
1665326, 8.9, 178, 萨特精选集
10607006, 7.7, 578, 长崎
26111149, 7.3, 973, 第一日
1401988, 9.1, 147, Le Petit Nicolas
1026592, 8.5, 242, 快照集 为了一种新小说
10604940, 8.5, 242, 非洲人
2055231, 8.9, 171, 荒诞派戏剧选
1163374, 8.3, 291, 罗马阳台 世间的每一个清晨
1865723, 8.0, 394, 左岸琴声
3864093, 8.9, 169, 菲利普・雅各泰诗选
2359197, 8.2, 312, 然而
2029937, 9.3, 123, Noé
3360614, 7.8, 478, 人造天堂
3803275, 8.4, 255, 法国九人诗选
26840109, 8.4, 255, 单程票
4156058, 9.4, 114, Mastering the Art of French Cooking
24257271, 8.9, 165, 正义者
6885348, 8.2, 308, 鳄鱼的黄眼睛
7154686, 7.5, 684, 花
24298157, 8.9, 164, 来日方长
1159937, 7.4, 780, 淑女的眼泪
1101260, 9.1, 140, 福楼拜小说全集（上中下）
4848918, 9.0, 151, 走进生命花园
1082794, 8.4, 251, S/Z
2253759, 7.6, 596, 无心应战
26133488, 8.8, 176, 死刑判决
25790386, 8.3, 273, 阿扎克
1393386, 8.7, 190, 主体解释学
3886810, 8.5, 225, 厄瓜多尔
1023293, 8.4, 246, 权力的眼睛
25789478, 8.7, 186, 宽忍的灰色黎明
1262817, 8.0, 360, 窗
26640439, 8.9, 157, 死缓
2074852, 9.0, 145, 世界摄影大师维利・罗尼眼中的巴黎75年
2374243, 9.7, 89, 40 DAYS DANS LE DESERT B
2301012, 7.6, 557, 一个岛的可能性
11626392, 7.8, 436, 这不是一只烟斗
2253754, 7.6, 551, 萨冈，一个迷人的小魔鬼
25887956, 7.3, 814, 缓刑
6710686, 9.0, 141, 生命政治的诞生
3824350, 8.3, 256, 天一言
4282073, 7.9, 385, 埃米莉・L
3722970, 7.8, 425, 波伏娃：激荡的一生
1080481, 7.7, 474, 色情史
10483855, 7.4, 688, 如果没有遇见你
3406848, 7.6, 532, 终极美味
1059074, 7.9, 375, 法国1968
1916453, 8.5, 207, 巴马修道院
1163444, 8.7, 174, 夜之卡斯帕尔
7054148, 8.6, 189, 批评与临床
10769835, 8.8, 160, 历史学十二讲
1410769, 8.7, 173, 人的大地
3320906, 8.4, 224, 追踪进化论
26681985, 8.1, 299, 生命里最美好的春天
2382549, 7.5, 586, 乌拉尼亚
4278250, 9.8, 78, Provence Sketchbook
1085469, 8.3, 240, 驴皮记
26798156, 8.4, 218, 哀伤的墙
2364954, 7.8, 400, 对面的疯子
3684235, 8.3, 238, 浪漫派的艺术
1029368, 8.2, 261, 情感教育
1343594, 9.0, 130, Distinction
4882053, 8.1, 284, 诗人的餐巾
11528358, 7.6, 494, 第二次呼吸
2248274, 7.7, 436, 橡皮
3572671, 8.1, 282, 冷记忆4
1067570, 7.2, 827, 夜半撞车
1853455, 8.2, 252, 一个法国人的一生
4925124, 7.7, 427, 灰屋顶的巴黎
4087901, 9.2, 110, 有你真好
1070358, 8.5, 190, 思考法国大革命
2057362, 8.6, 174, 孤独与沉思
6852164, 7.8, 378, 地下时光
1038957, 8.6, 173, 萨特小说集（上下）
24235430, 8.2, 248, 流亡与独立王国
10530106, 8.5, 188, 浪子回家集
1265785, 8.4, 205, 笑
6522306, 8.1, 271, 磨坊文札
10679501, 7.1, 914, 为什么读书
3864245, 8.2, 244, 采取事物的立场
1145432, 8.5, 185, 告诉我你喜不喜欢
2253743, 7.8, 368, 淡彩之血
26582466, 8.8, 144, 银翼夜枭01：暗夜女巫
1482909, 8.5, 184, 勒内・夏尔诗选
5921814, 8.4, 201, 后现代状态
3334723, 7.7, 410, 谣言
1799154, 7.7, 408, 逃跑
5260150, 7.9, 326, 燃烧的心
3320908, 7.8, 363, 我不是杀人犯
4226542, 8.2, 240, 名士风流 I
3264213, 8.1, 261, 弗兰德公路
1057142, 8.3, 215, 文学空间
11597363, 8.2, 236, 黑暗托马
26825522, 8.9, 129, 生活三部曲：生活的样子
3117749, 8.8, 139, 卢浮宫指南
3277209, 7.8, 351, 战争
5988775, 8.0, 280, 云的理论
1363379, 7.7, 385, 索多120天
1107651, 8.9, 126, 纪德文集（全三册）
26278402, 8.8, 136, 倾斜的女孩
1441171, 8.3, 206, 小酒店
1015941, 8.4, 188, 继承人
1077506, 8.5, 170, 书写与差异（上下）
5611244, 8.3, 202, 还乡之谜
26004339, 9.2, 98, 伊西斯的面纱
20273138, 8.2, 219, 被伤害的空气
3824556, 8.1, 241, 文之悦
20549889, 7.0, 920, 厨房里的哲学家
25873157, 8.1, 240, 爱，谎言与写作
26210631, 7.9, 293, 夜的草
26609148, 9.1, 104, 声名狼藉者的生活
6798709, 7.4, 517, 百吻巴黎
1864830, 7.5, 448, 鲜花圣母
3010299, 7.5, 438, 记忆的群岛
7046751, 8.6, 146, 福楼拜文学书简
10443434, 9.2, 93, 加缪读本
1833376, 8.7, 133, 巴尔扎克中短篇小说集
1768458, 8.8, 123, 人生拼图版
2032529, 8.7, 132, 拉辛戏剧选
4882124, 7.3, 548, 说谎的女人
26262128, 8.9, 113, 圣巴托罗缪大屠杀
1470351, 9.0, 105, 浪漫的谎言与小说的真实
6958678, 7.9, 269, 可怕的孩子
1007348, 8.1, 218, 小偷日记
1138260, 8.3, 181, 图像・女人的盛典
23782049, 8.3, 181, 儿童的世纪
1874508, 9.0, 103, 厌恶及其他
6124799, 8.2, 196, 死亡与右手
2141589, 8.7, 128, 眼与心
6784958, 8.4, 163, 偶遇
24716772, 7.5, 403, Blue is the Warmest Color
6397485, 8.5, 148, 吉娜
3836582, 8.4, 161, 法国大革命的起源
3264212, 8.5, 147, 农事诗
1172157, 8.2, 191, 迟疑・电视・自画像
7163123, 7.8, 283, 哀痛日记
1000973, 8.0, 229, 我走了
26435512, 7.8, 280, 一直下雨的星期天
1923453, 8.3, 172, 波德莱尔
1127912, 7.7, 311, 保尔.艾吕雅诗选
10593787, 8.8, 114, 古代哲学的智慧
21966331, 8.3, 171, 在巴黎的天空下
3012591, 7.5, 388, 充满幻觉的轻浮时代
2988752, 9.3, 80, W赫奇幻地IWA-I
2248276, 7.6, 344, 窥视者
26278406, 8.6, 132, 巨塔
26314736, 8.6, 132, 希腊神话
26603443, 8.6, 132, 法国往事1：约瑟夫的帝国
1464432, 8.7, 121, 水与梦
4857048, 8.1, 202, 幸福散论
26366422, 7.8, 272, 怪房客
1025384, 8.1, 201, 墓中回忆录
2079387, 8.3, 165, 猿猴世界
1055582, 8.7, 118, 圣人无意
7162444, 7.6, 330, 中国行日记
1116326, 7.3, 461, 人是机器
1317885, 8.1, 191, 寄语海狸
5391704, 8.2, 174, 超现实主义宣言
3662189, 8.4, 146, 美学珍玩
1019832, 8.6, 123, 姊妹革命
3792826, 7.5, 353, O娘的故事
6397499, 8.4, 144, 为了一种新小说
3932425, 8.7, 113, 父亲的荣耀
1277282, 8.2, 171, 路易十四时代
1460684, 8.6, 122, 定命论者雅克和他的主人
1442650, 8.5, 132, 火的精神分析
3624145, 8.3, 156, 诗的艺术
26582467, 8.9, 97, 银翼夜枭02：莉莉娅同志
1419230, 8.7, 112, 皮埃尔或夜的秘密
26284858, 8.7, 112, 欲望的眩晕
1031145, 8.1, 185, 国王、贤臣和弄臣
21319774, 7.5, 342, 白日美人
2334673, 8.2, 167, 女钢琴师的心灵之旅
6310321, 8.0, 201, 要焚毁萨德吗
1988145, 9.1, 83, 爸爸的办公室
2253590, 8.4, 140, 责任的重负
3151043, 7.6, 301, 罗兰之歌
1448741, 7.8, 242, 要短句，亲爱的
3926699, 7.2, 482, 情色之花
21328688, 7.7, 266, 最后一场雪
25839466, 8.0, 196, 自画像
1958882, 8.1, 177, 此前此后
24887637, 7.3, 419, 我唾弃你们的坟墓
10345585, 7.3, 417, 与往事说再见
1440782, 8.8, 99, 文艺杂谈
3391927, 8.1, 175, 在天使手中
1072932, 8.3, 146, 哲学辞典
4418576, 6.8, 830, 一个中国人在中国的遭遇
10456882, 8.4, 134, 波德莱尔
4919904, 8.1, 174, 眼之愉悦
2371008, 7.8, 233, 制造路易十四
6085416, 8.5, 123, 回忆波德莱尔
1372741, 8.9, 91, 犀牛
5450194, 8.5, 122, 形式的生命
4212241, 7.8, 229, 观看，书写
1433314, 7.9, 205, 关于电影
1878038, 8.5, 119, 追忆似水年华 Ⅳ
5288461, 8.2, 153, 电影理论与批评辞典
25894484, 8.6, 110, 视听
1747768, 7.7, 244, 一个世纪儿的忏悔
2300325, 8.3, 138, 黑夜的蝴蝶
2039629, 8.6, 108, 爱的荒漠
1024765, 8.1, 164, 从结构到解构（上下）
1427295, 8.2, 148, 福柯集
7175438, 7.8, 214, 地图与疆域
1067980, 8.4, 124, 法国大革命讲稿
2277198, 8.4, 124, 三故事
26575912, 9.0, 79, 银翼夜枭03：伍尔夫与莉莉娅
4884851, 7.5, 292, 时尚的精髓
1080908, 8.6, 104, 罗伯-格里耶作品选集（第一卷）
1109038, 7.5, 288, 巴尔扎克与中国小裁缝
4230243, 8.4, 120, 量身定制的幻想
1223943, 7.8, 201, 拉康选集
25732544, 8.7, 93, 福柯 / 布朗肖
3277483, 7.6, 246, 风雅生活论
1094218, 9.2, 66, 雨果文集（全12卷）
1045819, 8.0, 164, 新爱洛伊丝
1146062, 8.2, 137, 色情、耗费与普遍经济
1907315, 8.2, 137, 雷蒙・阿隆回忆录
6913349, 7.1, 442, 巴黎女人的时尚经
1432446, 8.3, 125, 科克托访谈录
26280061, 6.9, 572, 第一夜
1319925, 8.2, 134, 格林威治子午线
3035544, 8.0, 160, P房e的哲W
2300183, 8.1, 146, 游荡的影子
26353507, 8.6, 97, 巴黎的忧郁
10518196, 9.5, 53, 罗贝尔・杜瓦诺
4279817, 7.3, 326, 上学的烦恼
1033780, 7.9, 171, 瓦雷里诗歌全集
4903219, 8.2, 130, 海的沉默
19974144, 8.2, 130, 镜子中的女人
2083711, 8.0, 155, 本质或裸体
25982261, 9.7, 47, 福楼拜文集（全5册）
1315241, 7.8, 186, 知识分子的背叛
5249966, 7.4, 284, 巴黎小厨房
26647114, 7.9, 168, 太聪明所以不幸福？
3410782, 7.7, 204, 恋酒事典
4857094, 8.0, 152, 阿芙洛狄特
1864832, 7.7, 203, 玫瑰奇迹
1692260, 9.3, 58, 傅雷译巴尔扎克名作集（全六册）
1748027, 7.1, 404, 法国女人吃不胖
1318002, 8.1, 137, 纪德自传
1851145, 7.3, 311, 屎的历史
26733785, 9.1, 65, 法国往事2：乌鸦在盘旋
26834939, 9.0, 69, 生活三部曲：美好的生活
2278551, 9.3, 57, 莫里哀喜剧全集（全四册）
26818873, 7.9, 162, 我们都是食人族
3775827, 8.7, 84, 巴黎
11446701, 8.0, 147, 痛苦
4607783, 8.8, 78, Huis Clos
24861187, 7.6, 217, 吾栖之肤
11597272, 8.0, 146, 我身无分文，只有一辆布加迪
3510080, 8.5, 96, 法国人的酒窝
1997221, 8.1, 133, 罗兰巴特自述
3258856, 7.5, 238, 也许并没有故事
26832895, 9.1, 63, 生活三部曲：生活的意味
5038497, 8.1, 132, 刽子手世家
10809718, 8.5, 95, 我爱幼儿园
6110483, 8.3, 111, 火的女儿
1821580, 7.8, 173, JAPON：看见日本，法×日漫画创作合集
1936222, 7.7, 191, 文学与恶
2075876, 7.9, 157, 空虚时代
1289061, 8.4, 102, 六千万法国人不可能错
6868960, 9.3, 55, 卡札 I
26609146, 9.3, 55, 自我技术
4772546, 8.7, 81, 小说的准备
2032525, 8.1, 129, 波斯人信札
25758219, 8.8, 75, 法国蓝带西餐烹饪宝典
1030764, 7.5, 228, 法国通史
6001972, 7.7, 183, 三个折不断的女人
5397835, 7.9, 150, 桃色与黑色剧・骰子
2260940, 7.6, 198, 图书馆之恋
25819940, 7.4, 245, 寂寞的公因数
26835895, 8.7, 77, 猫的私人词典
11533561, 8.4, 96, 电影符号学质疑
1874366, 6.3, 1191, 在自己房间里的旅行
1087744, 8.3, 103, 迂回与进入
1352993, 8.4, 95, 法{У幕A糕cn
6867541, 8.3, 102, 法国大革命前的畅销禁书
1328114, 7.6, 192, 萨德文集-爱之诡计萨
26357036, 8.1, 120, 恋爱中的波伏瓦
3432108, 9.1, 58, Mastering the Art of French Cooking
4199233, 9.1, 58, 人间喜剧
1144677, 8.5, 87, 玛格丽特・尤瑟纳尔
2065338, 8.7, 75, 法国七人诗选
26806702, 8.7, 75, 阿尔贝・加缪
26774090, 8.5, 86, 内在体验
6110260, 7.9, 141, 变
1163446, 8.3, 100, 博物志
1224274, 8.4, 92, 法国农村史
5991773, 7.3, 259, 伪雅史
26304875, 8.5, 85, 漫不经心的传奇
3503921, 8.3, 99, 源于期待
6397491, 7.7, 168, 一座幽灵城市的拓扑学结构
5312093, 7.8, 152, 魔鬼附身
1050562, 8.1, 116, 植物园
3033313, 6.9, 423, 女人的艺术
6831049, 8.7, 73, 旅行者
2364639, 8.3, 98, 莫班小姐
25892534, 8.3, 98, 女巫
1066774, 8.2, 106, 创造进化论
4199355, 8.1, 115, 现代电影美学
26281236, 7.7, 165, 催情植物传奇
1163373, 8.4, 90, 灰色的灵魂
6712402, 7.8, 149, 一部法国小说
26183300, 6.9, 410, 跟法国女人学雅致
26909607, 9.1, 55, 酝酿之道
24381413, 8.7, 71, 看得c看不的
2064918, 8.2, 103, 西蒙娜・薇依早期作品选
26681315, 8.9, 62, 一个定理的诞生
1274006, 9.0, 58, 黎塞留传(全两册)
1478099, 8.5, 81, 康素爱萝
26879325, 8.5, 81, 杜拉斯谈杜拉斯
25806269, 8.6, 75, 恋爱与牺牲
26828226, 9.1, 54, 加缪手记：第二卷
2988466, 8.2, 101, 法国大革命时期的家庭罗曼史
1484347, 8.3, 93, 博纳富瓦诗选
25831630, 8.4, 86, 影像感染
4847944, 8.7, 69, 文艺批评文集
24892377, 8.2, 100, 巴黎的艺术女神：吉吉画传
1447905, 8.3, 92, 回忆录
19964306, 8.3, 91, 脆弱的幸福
4909051, 8.7, 68, 历史讲演录
1506839, 8.9, 59, 法兰西的特性1
5269185, 8.2, 97, 桃色与黑色剧・玩火
26798155, 8.0, 114, 古拉格气象学家
3179032, 9.3, 46, 绿色国王
4909239, 7.9, 124, 桂河大桥
26873719, 9.6, 39, 这不是书
1197838, 7.6, 162, 老实人
2297673, 7.9, 122, 从蒙田到加缪
1395805, 8.3, 87, 野变奏
1019619, 8.4, 80, 罗曼・罗兰文钞
26677364, 8.0, 110, 雪国列车
26820338, 7.9, 120, 从自我苛求中解放出来
25901826, 7.6, 159, 三岛由纪夫，或空的幻景
4074708, 8.2, 93, 巴黎的学习岁月
4859455, 8.8, 60, 热罗姆・兰东
26133535, 8.3, 85, 最后之人
26682740, 8.3, 85, 快乐的死
4766938, 8.9, 56, 中性
10000763, 7.7, 141, 脆弱的时光
2977314, 7.0, 304, 法国女人不会老
19975555, 8.2, 91, 巴黎神话
26828229, 9.4, 41, 加缪手记：第三卷
6085413, 7.1, 261, 法国文人相轻史
6893861, 8.2, 89, 古老的法兰西
6785583, 7.9, 114, 地下室里的萨德
2368795, 8.1, 96, 拉摩的侄儿
26794875, 9.0, 51, 战俘营回忆录：1680天
5959592, 7.5, 165, 凌乱的床
1782585, 8.2, 88, 拉辛与莎士比亚
3137116, 7.3, 203, 巴黎高师史
26611271, 8.5, 70, 外婆，外婆
1207397, 8.3, 81, 纪德文集(日记卷)
10779938, 7.9, 112, 法国现代诗抄
1068246, 7.7, 134, 越洋情书（上下卷）
24853119, 8.0, 102, 杀手保健
26293418, 8.0, 102, 夜巡
25880784, 8.9, 53, 追寻普鲁斯特
1940239, 8.2, 86, 愚比王
4811941, 7.8, 120, 催眠术与法国启蒙运动的终结
4317958, 8.8, 56, 加缪传
25871642, 7.7, 131, 春花的葬礼
4286223, 8.4, 73, 法国大革命的降临
6021088, 8.8, 55, 理论的幽灵
5433534, 8.4, 72, 弗朗索瓦・特吕弗
1187877, 7.5, 155, 淑女蒙尘记：萨德恶名的代表作 情罪：性文学的道德告诫
6863525, 8.1, 90, 卡门
10763919, 8.1, 90, 茨威格在巴西
26279113, 7.9, 106, 关于普罗旺斯的一切
26685296, 9.1, 45, L格
25782982, 7.3, 187, 论自愿为奴
25909086, 7.7, 125, 第一口啤酒
6049010, 7.9, 104, Parisian Chic
26847654, 7.1, 233, 她和他
25894179, 8.4, 70, 一颗简单的心
20395182, 7.7, 124, 乌龟的华尔兹
3071975, 8.5, 65, 童年的许诺
20375518, 8.3, 75, 模糊性的道德
10809737, 7.0, 260, 佩内洛普的网
26594587, 8.3, 74, 影子
24872494, 7.8, 111, 巴黎永无止境
1256125, 8.5, 64, 技术与时间
1928029, 8.1, 86, 法国文化史（1-4卷）
4820915, 8.2, 79, 法国革命史
1086522, 9.0, 46, 塞利纳精选集
6539855, 7.9, 100, 时代精神
5951356, 8.5, 63, 荒谬的自由
26662757, 8.7, 55, 六桩不可能犯罪
1512407, 8.2, 78, 拿破仑法典
26842849, 9.1, 43, 法国往事3：荣誉与警察
10048447, 7.5, 143, 情感淡季
26556039, 8.3, 72, 未竟的往昔
25880955, 8.5, 62, 法兰西诗选
24872415, 8.3, 71, 简单的思想
1468905, 8.4, 66, 重现的镜子
26638771, 8.4, 66, 艺术的共谋
1362960, 9.2, 40, 追逝水年A（第一卷）
26916869, 8.8, 50, 去他的戒律
25924201, 7.6, 125, 旅行箱
26451536, 8.0, 87, 夏洛特
1437628, 8.6, 56, Story of the Eye
26889940, 9.2, 39, 鬼影街道
25816574, 8.1, 80, 巴黎的重生
5341064, 6.8, 299, 作品第一号
4873988, 8.3, 68, 罗兰・巴尔特自述
6983604, 7.1, 202, 假如这是真的
26768963, 8.7, 51, 撒玛利亚的城墙
3081425, 9.2, 38, 埃梅短篇小说选
5391706, 8.5, 58, 巴黎，巴黎
6265777, 7.8, 99, 鸟
25848379, 7.3, 158, 给伊夫的信
26591593, 9.0, 42, 记忆之场
2295745, 7.4, 142, 沉默女王
1880534, 8.7, 50, 吉尔・布拉斯（上下）
1926001, 8.2, 70, 萨朗波
2305774, 8.2, 70, 语言・身体・他者
25957008, 8.2, 70, 和他们说说战争、国王和大象
26425239, 8.2, 70, 行走，一堂哲学课
1186424, 8.3, 65, 左拉中短篇小说选
26589634, 9.2, 37, 大自然的灵魂
11600027, 7.6, 114, 大仲马美食词典
26389472, 8.5, 56, 影像背后
5975569, 7.4, 138, 对面的撒旦
24869453, 8.3, 64, 介入的旁观者
26823936, 9.5, 31, 天啊，这本书没有名字！
24739617, 8.3, 63, 苔蕾丝・德斯盖鲁
1032335, 8.4, 58, 西蒙娜・韦伊（上下册）
25666624, 7.3, 147, 遣悲怀
26210610, 7.5, 120, 凄凉别墅
6729403, 7.5, 119, 理想藏书
25870742, 7.3, 145, 其实这才是我想做的事
24872419, 8.3, 61, 梦想的权利
24851710, 7.7, 98, 我有一点喜欢你
6893858, 8.2, 65, 不朽者
1438073, 7.9, 81, 基本粒子
1753515, 7.8, 88, 屋顶轻骑兵
26857200, 9.4, 31, 布鲁诺・巴贝在路上
1044381, 7.6, 104, 从巴黎到耶路撒冷
6711901, 7.5, 114, 某种凝视
26857084, 9.1, 36, 苏菲的烦恼
5446520, 7.6, 102, 战争与电影
1059693, 8.3, 58, 蛇结
1079208, 8.0, 72, 名士风流（全二册）
5263672, 7.4, 121, 话语集
25885949, 7.5, 109, How To Be Parisian Wherever You Are
10601561, 7.9, 77, 美的五次沉思
26634490, 7.9, 77, 你好忧愁
4202408, 8.2, 61, 法国史
26904095, 8.0, 70, 博物学家的神秘动物图鉴
26770827, 8.6, 46, 不可言明的共通体
24257363, 8.3, 56, 评论文集
24871667, 7.4, 117, 海的沉默
1481640, 7.5, 106, 地铁姑娘扎姬
24530770, 7.9, 75, 那地方恍如梦境
25857506, 8.0, 69, 菜单中的秘密
3788680, 7.7, 88, 多米尼克・奥利
25895995, 8.9, 38, 现代小说，现代阅读
1263680, 7.3, 127, 克莱芙王妃
5954616, 7.5, 103, 普鲁斯特传
24872421, 8.3, 54, 个体的颂歌
26662356, 9.3, 30, 大自然
25888469, 6.9, 188, 薛定谔之猫
26686231, 6.8, 212, 困在宜家衣柜里的苦行僧
3410744, 8.3, 53, 反现代派
1051627, 8.7, 41, 法兰西风格：大革命的政治文化
6794036, 6.7, 238, 害羞的屁股
3121199, 8.4, 49, 法国波尔多红酒品鉴与投资
1065006, 7.8, 76, 享乐的艺术
1816232, 8.3, 52, 穿越岩石景观
26285254, 7.3, 118, 遗失在西方的中国史
25889951, 7.9, 69, 走向绝对：王尔德 里尔克 茨维塔耶娃
26677209, 8.3, 51, 葡萄酒生活提案
25764539, 8.6, 42, 德里达传
4199427, 7.9, 68, 加斯东・伽利玛
26295469, 7.6, 87, 星形广场
26609147, 8.7, 39, 什么是批判
4220044, 7.4, 100, 遗嘱集
26133511, 7.9, 65, W或童年回忆
25962151, 8.0, 60, 西蒙娜・薇依评传
25923455, 7.1, 132, 痛
4154970, 8.4, 45, 哲学的客体
10446305, 8.4, 45, 游戏与警察
26694225, 8.3, 48, 神话与意义
1915364, 8.1, 55, 圣安东尼的诱惑
6310330, 8.1, 55, 海
26638631, 8.5, 42, 等待，遗忘
25943061, 8.8, 35, 孤独、团结与反抗
26304040, 8.8, 35, 新浪潮（第三版）
10732123, 8.4, 44, 墨西哥之梦
26297726, 8.2, 50, 在适当时刻
26708495, 7.6, 79, 包拯传奇1：玉凤钗
19894438, 8.5, 41, 纸老虎
26304984, 8.1, 53, 那没有伴着我的一个
25756952, 9.4, 25, 巴尔扎克选集（12卷）
3389457, 7.3, 102, 单身者舞会
1051277, 8.2, 49, 材料与记忆
26838521, 8.5, 40, 玛戈王后与波旁王朝的崛起
25858074, 8.2, 48, 灰姑娘的陷阱
26808914, 8.2, 48, 文字即垃圾：危机之后的文学
3191279, 8.4, 42, 诸神渴了
1941408, 7.8, 64, 列维纳斯
26318563, 8.6, 37, 别忘记生活
25870811, 7.8, 63, 香奈儿
4911363, 8.2, 47, 如何共同生活
2143008, 7.9, 57, 个体在艺术中的诞生
4059841, 8.5, 38, 奥尔拉
4169309, 8.3, 43, 期望少一点 爱多一点
26602991, 8.1, 49, 未来之书
25920880, 7.8, 60, 法国新浪潮电影史
25887892, 9.5, 22, 巴尔扎克传
19976203, 7.5, 75, 明天是舞会
25849011, 8.9, 29, 现代法国的起源
26594072, 7.7, 63, 阿尔萨斯的一年
26613695, 7.7, 63, 沙粒效应
5500600, 8.4, 38, 散文诗学
4208019, 8.1, 46, 激进哲学
1046667, 8.3, 40, 阳光与阴影
4225862, 8.5, 35, 话语，图形
1348179, 8.9, 28, 法{У幕A料理n
7007778, 8.2, 42, 情界冷暖
26327545, 7.5, 70, 不朽的远行
3202002, 9.0, 26, 法糕c大全:110N特x甜c、76T
26854281, 8.9, 27, 拉戈・云奇1：继承者&amp;W集团
26883960, 8.7, 30, 伊比库斯的预言
25909084, 8.0, 46, 宛如一部小说
20415302, 7.3, 80, 未来的夏娃
10539922, 8.2, 40, 技术与时间 3
26284886, 8.2, 40, 艺术家的责任
7152900, 7.5, 67, 男性统治
26738922, 9.2, 23, 弗朗西斯森林奇遇记
20260685, 8.2, 39, 罗伯斯庇尔与法国大革命
25835905, 7.3, 76, 幻象集
5355468, 7.3, 75, 什么是好生活
1430125, 8.7, 28, 法国政治制度史
26230570, 8.7, 28, O娘对我说
26702163, 8.4, 33, 溺水
2118091, 8.5, 31, 企鹅岛
26838772, 8.9, 25, 我的忧伤像一头大象
22223968, 7.4, 66, 错案
26762861, 7.2, 78, 你们再也不写了？
10427222, 8.2, 36, 波伏瓦回忆录
25832857, 8.2, 36, 急迫与忍耐
25758461, 8.1, 38, 书，儿童与成人
25917612, 7.3, 69, 从卡夫卡到卡夫卡
26352388, 7.9, 43, 约翰・克里斯朵夫
6852933, 8.7, 26, 法国革命的思想起源
1038528, 7.8, 45, 替罪羊
1145487, 7.2, 73, 阿达拉
3287900, 8.1, 36, 生产（第六辑）
26598486, 8.4, 30, 致命的策略
25902453, 7.8, 44, 直立人伤心俱乐部
5402467, 7.4, 57, 文学在思考什么
4747141, 8.5, 27, 法国革命史
10563558, 7.5, 52, 长征
1394089, 8.1, 34, 少女的心
26141487, 8.1, 34, 拷问法国大革命
26657920, 8.1, 34, 法国人如何发明爱情
26376300, 8.7, 24, 被遗忘的公主
2063510, 8.1, 33, 做
4736793, 8.1, 33, 技术与时间：2.迷失方向
10589375, 8.5, 26, 法兰西政治模式
26348974, 6.5, 130, 做优雅的巴黎女人
25720919, 8.0, 34, 罪与美
24747249, 6.9, 82, 法国名媛的优雅圣经
3115065, 8.5, 25, 蒂博一家 （上）
5904025, 8.5, 25, 启蒙运动中的法国
25978005, 7.9, 35, 无以阻挡黑夜
26425874, 7.9, 35, 法国大革命的文化起源
6737037, 8.9, 20, 法国近代早期的社会与文化
11577152, 8.1, 30, 革命节日
26304288, 7.5, 45, 僭越的感觉 欲望之书
25910845, 6.9, 75, 当前时代的色情
26275680, 8.2, 28, 法兰西兵法
26662800, 8.4, 25, 来自别处的声音
26577702, 6.7, 91, 什么是杰作
1839914, 8.8, 19, Totality and Infinity
25900373, 7.9, 31, 作为生活方式的哲学
26767246, 7.9, 31, 来自遗忘的最深处
2062963, 8.0, 29, 一个神经衰弱者的二十一天
25885034, 8.0, 29, 安德烈・瓦尔特笔记
6839456, 6.5, 102, 救救你的钱包
4051242, 7.3, 47, 人的境遇
26789958, 6.0, 185, 更好的人生
25816647, 8.3, 23, 云的理论
1543423, 8.5, 20, 爱华妲夫人及其它
4814385, 8.4, 21, 浪漫主义回忆
26358462, 8.6, 19, 蒂巴萨的婚礼
26359367, 8.6, 19, 一生
26133573, 8.2, 23, 威尼斯
4009523, 7.8, 29, 淫W校
25930106, 8.0, 25, 一部真正的小说――回忆录
6013775, 8.2, 21, 理解梅洛-庞蒂
25891005, 7.6, 30, 盘中巴黎
24883067, 7.5, 32, 礼物
26767245, 7.7, 28, 这样你就不会迷路
26415837, 7.5, 30, 我的第一次品酒
26265976, 7.9, 23, 例外的理论
26365966, 7.4, 30, 时情化忆
4862034, 7.4, 29, 男人们
25845698, 8.2, 18, 新卢浮宫之战
22062270, 8.3, 17, 巴黎秘史
10794372, 7.8, 22, 人民警察3
26348593, 7.8, 22, HHhH
24888013, 7.4, 28, 巴黎城市史
26747350, 7.7, 23, 佣兵队长
26877983, 7.0, 37, 你们无法得到我的恨
25836979, 7.8, 20, 礼貌史
26668407, 7.6, 21, 夫妻地狱
26791995, 8.1, 16, 刺槐树
26823268, 7.1, 28, 享乐主义宣言
26809214, 7.8, 18, 觉醒的异度城市
26816958, 7.7, 19, 与蒙田共度的夏天
26853740, 6.9, 31, 你好，焦虑分子!
26615787, 7.8, 17, 牛津法国大革命史
24899303, 7.9, 16, 罗芒狂欢节
26579284, 6.9, 29, 懒惰的历史
25870455, 7.6, 18, 萨德我的邻居
26735083, 7.8, 16, 家谱
26612261, 7.2, 22, 树荫的温柔
26868404, 8.4, 11, 灾异的书写
25848949, 7.6, 16, 作为一个他者的自身
26662231, 8.1, 12, 夜莺之歌
26304320, 7.8, 13, 正常与病态
25796264, 7.9, 12, 莫里亚克精品集
26857147, 7.7, 13, 色彩列传: 绿色
26840477, 7.1, 16, 濒危的文学
26721800, 7.8, 11, 至高者
26780800, 8.0, 10, 圣勃夫文学批评文选
26840536, 8.0, 10, 偏见
25820407, 7.0, 16, 爱欲的统治
26811679, 7.9, 10, 如何高质量地陪伴孩子
26856651, 7.9, 10, 19-20世纪法国史学思潮
26284878, 7.1, 14, 边读边写
26640905, 7.2, 12, 水晶酒店的套房
26766816, 7.5, 10, 巴黎，巴黎
