2017-01-23 16:17:59
Tag: 法国文学
The number of books: 975 

ID, rating, votes, title
4908885, 9.0, 20147, 局外人
1205370, 8.1, 40992, 羊脂球
10763902, 7.9, 36911, 偷影子的人
4313207, 8.5, 6576, 致D
1400707, 8.1, 11233, 广岛之恋
1203244, 8.2, 8577, 三个火枪手
3899039, 8.1, 9324, 刺猬的优雅
1092168, 9.1, 2256, 追忆似水年华（上下册）
4120475, 9.3, 1693, 加缪全集 （小说卷）
5406559, 8.7, 3371, 鼠疫
1056023, 8.5, 4218, 鼠疫
1083477, 7.8, 12244, 包法利夫人
1083434, 8.6, 3472, 莫泊桑短篇小说选
1034066, 9.1, 1804, 加缪文集
1119528, 7.9, 8875, 高老头
2042629, 8.7, 2687, 九三年
3871911, 8.4, 3600, 大树
2243692, 7.8, 8997, 潜水钟与蝴蝶
1045365, 8.6, 2651, 恶之花
1793713, 8.3, 3749, 中国北方的情人
4732123, 8.5, 2491, 爸爸，我们去哪儿？
4246979, 8.1, 4207, 窄门
1780277, 8.7, 1773, 法兰西组曲
1027587, 8.6, 1968, 恶之花 巴黎的忧郁
3908240, 7.8, 5444, 情人
1048173, 8.0, 3876, 忏悔录
1066663, 8.8, 1320, 兰波作品全集
1885262, 8.6, 1624, 笑面人
1455933, 7.5, 8152, 你好，忧愁
1427281, 8.2, 2690, 羊脂球
1030554, 8.5, 1693, 恶心
1793721, 7.9, 3824, 琴声如诉
1162773, 9.0, 933, 地狱一季
1400717, 8.0, 3228, 写作
2295122, 8.4, 1726, 卡门
2033808, 8.7, 1163, 巴黎圣母院
1077196, 8.6, 1291, 蒙田随笔全集（全三册）
6310320, 8.7, 1103, 人都是要死的
1041896, 8.3, 1740, 巴黎的忧郁
4753689, 8.2, 1949, 莎拉的钥匙
2147647, 7.9, 2867, 物质生活
26376049, 9.2, 596, 阿兰的战争
4120485, 9.3, 540, 加缪全集（散文卷Ⅰ）
4714018, 7.5, 5175, 青春咖啡馆
1400703, 8.3, 1524, 劳儿之劫
1070246, 8.6, 1057, 置身于苦难与阳光之间
6021092, 9.0, 678, 局外人・西绪福斯神话
1491855, 8.6, 1017, 羊脂球
1067592, 8.7, 872, 要塞
1026547, 8.1, 1737, 一生
2301475, 8.4, 1162, 人间食粮
3571360, 8.3, 1280, 长别离
3013532, 8.8, 701, 兰波彩图集
1398463, 9.1, 493, 萨特文集（全八卷）
19950612, 7.3, 4990, 伊斯坦布尔假期
3571371, 8.1, 1465, 平静的生活
1082469, 9.3, 396, 加缪全集（全四册）
4898547, 8.1, 1414, 祖与占
6874612, 8.1, 1408, 孤独的池塘
26110579, 7.6, 2860, 暗店街
1487995, 8.5, 865, 文字生涯
1858585, 8.1, 1349, 欧叶妮・格朗台 高老头
3797322, 8.9, 546, 悲惨世界
1316536, 8.6, 730, 萨特读本
4219120, 8.4, 878, 流浪的星星
11508896, 8.4, 873, 夜航
1037768, 8.0, 1409, 广岛之恋
4199421, 9.3, 345, 在少女花影下
1400718, 7.8, 1800, 夏夜十点半钟
5394486, 7.3, 3869, 爱情没那么美好
10539804, 8.6, 664, 彩画集
1102497, 8.0, 1320, 歌剧魅影
2377959, 8.5, 719, 文字・传奇
1023557, 9.0, 433, 萨特戏剧集(上下)
6428818, 8.4, 788, 田园交响曲
1255321, 8.1, 1097, 漫长的婚约
1269972, 9.0, 410, 火 一弹解千愁
5363264, 7.7, 1820, 被偷走的人
1793718, 7.6, 2065, 爱
1075791, 8.6, 585, 梅里美中短篇小说集
1455950, 7.7, 1737, 你喜欢勃拉姆斯吗……
4120483, 9.3, 300, 加缪全集（戏剧卷）
24722916, 7.4, 2728, 如果一切重来
3571554, 8.2, 892, 抵挡太平洋的堤坝
2375982, 8.8, 463, 恶之花 巴黎的忧郁
10604943, 8.3, 776, 爱情半夜餐
1048047, 8.5, 621, 风沙星辰
3765359, 8.2, 868, 四季
5408850, 8.9, 413, 不简单的生活
1072015, 9.1, 344, 人间喜剧 第一卷
1018408, 8.6, 555, 莫泊桑短篇小说选
2253751, 7.9, 1259, 我最美好的回忆
3183723, 8.7, 492, 云上的日子
3323627, 7.8, 1368, 林先生的小孙女
20437599, 8.0, 1031, 自杀
2971949, 8.8, 425, 马尔多罗之歌
1456426, 9.3, 267, 局外人・鼠疫
5248289, 7.7, 1487, 岁月的泡沫
1045934, 8.7, 455, 幻灭
2148464, 7.8, 1252, 夏雨
4246974, 8.4, 606, 伪币制造者
2149157, 8.7, 442, 墙
1204231, 8.3, 670, 羊脂球(莫泊桑中短篇小说选)
3571555, 8.2, 747, 直布罗陀水手
1432443, 8.5, 535, 存在之难
3015783, 7.8, 1224, 嫁给风的女孩
24257192, 9.1, 300, 卡利古拉
3144806, 8.7, 432, 项链
25774978, 8.7, 427, 眼泪与圣徒
1055536, 8.9, 350, 埃梅短篇小说选
3123757, 8.8, 377, 奥斯卡与玫瑰夫人
5312096, 8.9, 343, 反抗者
11533606, 8.9, 342, 贾科梅蒂的画室
6793951, 7.7, 1288, 地平线
2216385, 7.9, 978, 扬・安德烈亚・斯泰奈
4120488, 9.2, 254, 加缪全集（散文卷Ⅱ）
1256405, 8.6, 434, 哈德良回忆录
3242664, 7.6, 1425, 诉讼笔录
26819342, 9.0, 298, 波丽娜
5321896, 8.3, 582, 危险的关系
6016240, 8.9, 316, 堕落・流放与王国
2216373, 7.4, 1832, 毁灭，她说
6021091, 8.8, 334, 反与正・婚礼集・夏天集
26285734, 8.1, 685, 6点27分的朗读者
4719265, 8.5, 442, 逆天
3131641, 8.5, 439, 莫里哀喜剧六种
1400725, 7.4, 1714, 广场
25737804, 9.1, 251, 孤独与团结：阿尔贝・加缪影像集
2264147, 8.4, 480, 最后一课
26359759, 8.0, 739, 那些我们没谈过的事
1615235, 8.2, 583, 蒙田随笔
4151189, 8.5, 424, 物
1082445, 8.9, 286, 萨特文集（1-7卷）
3101896, 8.0, 721, 你会在那儿吗？
2027999, 8.6, 376, 布拉热洛纳子爵
10000764, 8.1, 628, 由于男人都不在了
3851791, 9.2, 218, 大鼻子情圣
3058357, 8.0, 703, 暗店街 夜巡
6012787, 8.8, 298, 追忆似水年华（第三卷）
5248331, 7.9, 766, 庸见词典
25897675, 7.5, 1284, 比恐惧更强烈的情感
1256406, 8.8, 292, 苦炼
5401650, 9.1, 224, 小王子手稿画传版
1793720, 7.6, 1094, 无耻之徒
26773323, 9.1, 223, 莫泊桑短篇小说精选
11509009, 9.1, 219, 人的大地
1185636, 7.4, 1408, 娜娜
25887981, 8.2, 504, 微妙
2059994, 8.1, 560, 只要在一起
1130069, 8.0, 626, 巨人传
6794354, 8.0, 615, 诺阿诺阿
1084884, 8.2, 489, 二十年后
1116359, 8.5, 355, 忏悔录（第一部）
24380058, 7.6, 981, 读书年代
1050006, 7.8, 752, 伪君子
26826605, 9.3, 174, 加缪手记
2259223, 8.5, 346, 玛戈王后
1013936, 8.3, 423, 写作
1400181, 7.4, 1266, 昂代斯玛先生的午后
4605583, 8.3, 412, 女宾
1786582, 8.9, 234, 海上劳工
3024319, 8.0, 569, 东方故事集
3324036, 8.5, 333, 茫茫黑夜漫游
1168737, 8.4, 367, 妇女乐园
2213892, 8.4, 359, 阿道尔夫
2135506, 8.7, 269, 驳圣伯夫
6310335, 8.3, 394, 星期天
2032285, 8.6, 292, 莫泊桑中短篇小说选
3015792, 7.6, 883, 后来……
4105422, 7.8, 683, 看不见的大陆
4137254, 7.2, 1569, 找死专卖店
2248319, 7.9, 603, 嫉妒
4736181, 7.5, 1006, 有我，你别怕
1810527, 9.1, 187, 梅里美小说选
3622469, 8.1, 474, 娜嘉
1025321, 8.8, 239, 纪德文集
1856498, 7.7, 755, 黑郁金香
5921804, 8.1, 464, 三十七度二
26693438, 8.7, 256, 局外人
1042609, 8.3, 371, 浴室 先生 照相机
3074160, 9.0, 196, 普鲁斯特与符号
3586463, 8.3, 357, 断片集
1458803, 7.9, 544, 某种微笑
2969221, 8.2, 388, 里尔克法文诗
3277881, 8.2, 386, 兰波传
26378831, 7.9, 534, 幸福的另一种含义
24257317, 8.9, 200, 第一个人
2248275, 8.1, 425, 去年在马里安巴
24257152, 8.1, 424, 堕落
1456886, 7.9, 524, 胡萝卜须
4246983, 8.2, 375, 梵蒂冈地窖
3559051, 7.9, 516, 副领事
1836026, 7.8, 579, 背德者
10529773, 8.0, 459, 独白
2050778, 8.1, 410, 萌芽
1078017, 7.9, 509, 我希望有人在什么地方等我
1272858, 8.4, 299, 背德者?窄门
1480450, 8.4, 299, 纪德小说选
26184384, 8.1, 398, 八月的星期天
1426817, 8.3, 322, 陌生人日记
2251699, 7.2, 1232, 十月的孩子
1790270, 8.6, 240, 莫泊桑中短篇小说全集(1)
1796768, 8.3, 318, 世界与裤子
6313462, 8.6, 239, 礼拜五或太平洋上的灵薄狱
6426702, 8.0, 434, 违背道德的人
4010963, 8.1, 389, 飙车
3672259, 8.2, 349, 比利提斯之歌
1461987, 9.1, 157, 桤木王
1022210, 8.3, 310, 贝姨
5988638, 8.0, 419, 背德者・窄门
1796774, 8.6, 231, 马龙之死
4861173, 8.2, 337, 六个道德故事
10607006, 7.7, 578, 长崎
1603234, 8.8, 190, 怪盗亚森・罗宾探案全集
26111149, 7.3, 973, 第一日
1401988, 9.1, 147, Le Petit Nicolas
1026592, 8.5, 242, 快照集 为了一种新小说
10604940, 8.5, 242, 非洲人
1163374, 8.3, 291, 罗马阳台 世间的每一个清晨
3864093, 8.9, 169, 菲利普・雅各泰诗选
2359197, 8.2, 312, 然而
3360614, 7.8, 478, 人造天堂
3803275, 8.4, 255, 法国九人诗选
26840109, 8.4, 255, 单程票
24257271, 8.9, 165, 正义者
6885348, 8.2, 308, 鳄鱼的黄眼睛
2249411, 8.0, 378, 伊莎贝尔
1159937, 7.4, 780, 淑女的眼泪
1101260, 9.1, 140, 福楼拜小说全集（上中下）
2253759, 7.6, 596, 无心应战
26133488, 8.8, 176, 死刑判决
10770529, 8.6, 206, 我十五岁，还不想死
3886810, 8.5, 225, 厄瓜多尔
4882147, 8.0, 366, 因为我爱你
26640439, 8.9, 157, 死缓
1796775, 8.4, 240, 是如何
2301012, 7.6, 557, 一个岛的可能性
25887956, 7.3, 814, 缓刑
3824350, 8.3, 256, 天一言
4282073, 7.9, 385, 埃米莉・L
3406848, 7.6, 532, 终极美味
1916453, 8.5, 207, 巴马修道院
1163444, 8.7, 174, 夜之卡斯帕尔
1410769, 8.7, 173, 人的大地
26681985, 8.1, 299, 生命里最美好的春天
2382549, 7.5, 586, 乌拉尼亚
1085469, 8.3, 240, 驴皮记
26798156, 8.4, 218, 哀伤的墙
3684235, 8.3, 238, 浪漫派的艺术
1029368, 8.2, 261, 情感教育
3094726, 8.3, 236, 大卫・格德尔 舞会
4882053, 8.1, 284, 诗人的餐巾
11528358, 7.6, 494, 第二次呼吸
2248274, 7.7, 436, 橡皮
1067570, 7.2, 827, 夜半撞车
3559050, 7.6, 487, 卡车
1853455, 8.2, 252, 一个法国人的一生
6852164, 7.8, 378, 地下时光
1038957, 8.6, 173, 萨特小说集（上下）
1889559, 8.6, 173, 看不清道不明
1081327, 8.7, 159, 两年假期
24235430, 8.2, 248, 流亡与独立王国
10530106, 8.5, 188, 浪子回家集
6522306, 8.1, 271, 磨坊文札
2023825, 9.4, 94, 比波王子的故事
3864245, 8.2, 244, 采取事物的立场
2253743, 7.8, 368, 淡彩之血
1658876, 9.2, 107, 悲惨世界(上下)
1482909, 8.5, 184, 勒内・夏尔诗选
1799154, 7.7, 408, 逃跑
5260150, 7.9, 326, 燃烧的心
3320908, 7.8, 363, 我不是杀人犯
4226542, 8.2, 240, 名士风流 I
3264213, 8.1, 261, 弗兰德公路
1057142, 8.3, 215, 文学空间
11597363, 8.2, 236, 黑暗托马
1785371, 9.1, 112, 正义者
3277209, 7.8, 351, 战争
1022885, 7.6, 440, 毁灭，她说
5988775, 8.0, 280, 云的理论
1363379, 7.7, 385, 索多120天
1107651, 8.9, 126, 纪德文集（全三册）
1441171, 8.3, 206, 小酒店
5611244, 8.3, 202, 还乡之谜
2028726, 9.0, 113, 加缪中短篇小说集
20273138, 8.2, 219, 被伤害的空气
3824556, 8.1, 241, 文之悦
25873157, 8.1, 240, 爱，谎言与写作
26210631, 7.9, 293, 夜的草
2216396, 7.6, 399, 塔尔奎尼亚的小马
1864830, 7.5, 448, 鲜花圣母
25832152, 8.8, 125, 自尊的力量
3010299, 7.5, 438, 记忆的群岛
7046751, 8.6, 146, 福楼拜文学书简
10443434, 9.2, 93, 加缪读本
1833376, 8.7, 133, 巴尔扎克中短篇小说集
1768458, 8.8, 123, 人生拼图版
3293978, 9.3, 86, 悲惨世界（五）
2032529, 8.7, 132, 拉辛戏剧选
1470351, 9.0, 105, 浪漫的谎言与小说的真实
6958678, 7.9, 269, 可怕的孩子
1878041, 9.3, 85, 追忆似水年华 Ⅶ
3277485, 7.4, 474, 我心犹同
1007348, 8.1, 218, 小偷日记
1138260, 8.3, 181, 图像・女人的盛典
1084208, 8.7, 129, 邦斯舅舅
1874508, 9.0, 103, 厌恶及其他
1078539, 8.3, 179, 狂乱
2161697, 8.2, 196, 一生 两兄弟
6784958, 8.4, 163, 偶遇
3420483, 7.4, 456, 秘密
6397485, 8.5, 148, 吉娜
3183717, 8.5, 147, 镜子的碎片
3264212, 8.5, 147, 农事诗
7163123, 7.8, 283, 哀痛日记
1000973, 8.0, 229, 我走了
1162930, 7.9, 253, 交际花盛衰记
2266758, 8.2, 189, 情人
26435512, 7.8, 280, 一直下雨的星期天
1923453, 8.3, 172, 波德莱尔
1127912, 7.7, 311, 保尔.艾吕雅诗选
1512597, 8.8, 114, 莫里哀喜剧选
3012591, 7.5, 388, 充满幻觉的轻浮时代
2248276, 7.6, 344, 窥视者
1144298, 8.4, 155, 莫泊桑短篇小说选
1596320, 9.6, 66, 傅雷译文集
26366422, 7.8, 272, 怪房客
1025384, 8.1, 201, 墓中回忆录
1004967, 9.4, 74, 人间喜剧 第三卷
1029783, 9.3, 78, 人间喜剧 第二卷
21734703, 8.0, 218, 失业之旅
10589313, 8.6, 125, 与友人谈里尔克
3662189, 8.4, 146, 美学珍玩
1878040, 9.2, 80, 追忆似水年华 Ⅵ
3792826, 7.5, 353, O娘的故事
1003533, 8.0, 207, 反复
6397499, 8.4, 144, 为了一种新小说
3932425, 8.7, 113, 父亲的荣耀
1460684, 8.6, 122, 定命论者雅克和他的主人
1468176, 8.3, 156, 为了一夜的爱
3624145, 8.3, 156, 诗的艺术
26593331, 7.4, 393, 在另一种生命里
1419230, 8.7, 112, 皮埃尔或夜的秘密
1512160, 8.4, 142, 忏悔录（第二部）
21319774, 7.5, 342, 白日美人
6310321, 8.0, 201, 要焚毁萨德吗
3151043, 7.6, 301, 罗兰之歌
1448741, 7.8, 242, 要短句，亲爱的
3926699, 7.2, 482, 情色之花
21328688, 7.7, 266, 最后一场雪
2244647, 8.0, 196, 狗与狼
25839466, 8.0, 196, 自画像
3832990, 9.1, 81, 十九世纪文学主流（第一分册）
24887637, 7.3, 419, 我唾弃你们的坟墓
10345585, 7.3, 417, 与往事说再见
1437618, 8.1, 176, 嫉妒 去年在马里安巴
1440782, 8.8, 99, 文艺杂谈
3391927, 8.1, 175, 在天使手中
4418576, 6.8, 830, 一个中国人在中国的遭遇
10456882, 8.4, 134, 波德莱尔
6085416, 8.5, 123, 回忆波德莱尔
1372741, 8.9, 91, 犀牛
2244645, 7.8, 231, 孤独之酒
1036282, 8.8, 97, 罗伯-格里耶作品选集(第三卷)
4219013, 7.4, 358, 成天上树的日子
1800609, 7.8, 229, 卢瓦河畔的午餐
1878039, 8.8, 96, 追忆似水年华 Ⅴ
1931793, 8.3, 141, 普鲁斯特美文选
3243922, 8.1, 168, 秋之蝇；库里洛夫事件
1878038, 8.5, 119, 追忆似水年华 Ⅳ
1512732, 7.7, 247, 幽谷百合
6313514, 8.8, 94, 蒙田论人生
1747768, 7.7, 244, 一个世纪儿的忏悔
1894741, 7.9, 199, 伪君子吝啬鬼
2039629, 8.6, 108, 爱的荒漠
1243322, 8.2, 149, 法国文学大手笔
1789807, 8.6, 107, 萨特文集（全三册）
2004005, 8.4, 125, 长别离・广岛之恋
1093810, 8.6, 106, 巴尔扎克中短篇小说选
7175438, 7.8, 214, 地图与疆域
2277198, 8.4, 124, 三故事
3932428, 8.9, 85, 母亲的城堡
1080908, 8.6, 104, 罗伯-格里耶作品选集（第一卷）
3091169, 8.6, 104, 嘉尔曼
5260151, 7.6, 258, 奇迹年代
1109038, 7.5, 288, 巴尔扎克与中国小裁缝
1073162, 8.5, 112, 弗兰德公路・农事诗
4262658, 7.6, 256, 英国情妇
4230243, 8.4, 120, 量身定制的幻想
1227942, 7.7, 227, 动物素描
1094218, 9.2, 66, 雨果文集（全12卷）
1737239, 9.6, 52, 傅雷译罗曼・罗兰名作集
1045819, 8.0, 164, 新爱洛伊丝
1007824, 8.0, 162, 萨特传
1168761, 7.7, 216, 冰岛渔夫・菊子夫人
4905952, 7.6, 240, 恋人
26280061, 6.9, 572, 第一夜
1319925, 8.2, 134, 格林威治子午线
1027102, 8.8, 84, 罗伯-格里耶作品选集(第二卷)
3035544, 8.0, 160, P房e的哲W
2300183, 8.1, 146, 游荡的影子
26353507, 8.6, 97, 巴黎的忧郁
1085113, 8.2, 131, 玫瑰的回忆
4279817, 7.3, 326, 上学的烦恼
1024077, 9.4, 56, 人间喜剧(第五卷)
1033780, 7.9, 171, 瓦雷里诗歌全集
1916476, 8.5, 102, 伏尔泰小说选
3183722, 8.2, 130, 沙漠中的一口井
4903219, 8.2, 130, 海的沉默
19974144, 8.2, 130, 镜子中的女人
4934765, 8.4, 110, 复仇女神
10439102, 8.4, 110, 诺与我
3601606, 7.2, 365, 此情可待
25982261, 9.7, 47, 福楼拜文集（全5册）
1054252, 8.0, 153, 潜水衣与蝴蝶
3803277, 7.9, 167, 碑
4857094, 8.0, 152, 阿芙洛狄特
5326859, 8.5, 100, 我的舅舅
1864832, 7.7, 203, 玫瑰奇迹
1507196, 8.2, 127, 暗店街
1692260, 9.3, 58, 傅雷译巴尔扎克名作集（全六册）
1007208, 8.8, 80, 我心赤裸
1069807, 8.1, 137, 都兰趣话
1318002, 8.1, 137, 纪德自传
3023649, 9.2, 61, 夏倍上校
2278551, 9.3, 57, 莫里哀喜剧全集（全四册）
1269964, 8.7, 84, 时间，这永恒的雕刻家 遗存篇
3070762, 8.4, 105, 杀手的眼泪
11446701, 8.0, 147, 痛苦
4607783, 8.8, 78, Huis Clos
24861187, 7.6, 217, 吾栖之肤
1996246, 8.2, 123, 波德莱尔传
11597272, 8.0, 146, 我身无分文，只有一辆布加迪
6110483, 8.3, 111, 火的女儿
1144302, 8.9, 71, 纪德精选集
2032525, 8.1, 129, 波斯人信札
4934634, 7.5, 228, 男孩日记
2061074, 8.8, 74, 列那狐传奇
3023704, 8.6, 85, 搅水女人
6515859, 9.5, 48, 傅译巴尔扎克代表作1
6001972, 7.7, 183, 三个折不断的女人
1321788, 7.6, 202, 秘密花园
5397835, 7.9, 150, 桃色与黑色剧・骰子
1286790, 7.5, 221, 小东西
6784963, 7.5, 220, 印度之歌
25819940, 7.4, 245, 寂寞的公因数
5254267, 6.6, 714, 毒
1874366, 6.3, 1191, 在自己房间里的旅行
1257420, 8.5, 88, 北方档案
1328114, 7.6, 192, 萨德文集-爱之诡计萨
26357036, 8.1, 120, 恋爱中的波伏瓦
1144677, 8.5, 87, 玛格丽特・尤瑟纳尔
2065338, 8.7, 75, 法国七人诗选
4920021, 8.3, 101, 名士风流 II
4282051, 7.5, 210, 萨瓦纳湾
1050717, 8.6, 80, 高大的金发女郎
6110260, 7.9, 141, 变
1163446, 8.3, 100, 博物志
3141279, 7.8, 154, 心航
3621744, 8.2, 108, 大莫纳
1159938, 8.0, 128, 女神的沉沦
6397491, 7.7, 168, 一座幽灵城市的拓扑学结构
5312093, 7.8, 152, 魔鬼附身
1050562, 8.1, 116, 植物园
6831049, 8.7, 73, 旅行者
2364639, 8.3, 98, 莫班小姐
25892534, 8.3, 98, 女巫
4733884, 7.7, 165, 房子
1163373, 8.4, 90, 灰色的灵魂
1958222, 8.3, 97, 魏尔伦传
1122785, 7.8, 149, 莫斯科日记
6712402, 7.8, 149, 一部法国小说
2003636, 7.7, 164, 猎物
5959594, 7.6, 181, 冷水中的一点阳光
3144763, 8.0, 124, 如死一般强 我们的心
1422725, 8.3, 96, 格拉齐耶拉
10453133, 7.7, 161, 逃之书
3074057, 8.0, 122, 圣-琼・佩斯诗选
1785092, 6.7, 536, 母猪女郎
1478099, 8.5, 81, 康素爱萝
26879325, 8.5, 81, 杜拉斯谈杜拉斯
1065576, 8.4, 87, 萨特文学论文集
1065867, 9.2, 51, 人间喜剧(第四卷)
25806269, 8.6, 75, 恋爱与牺牲
5300536, 8.9, 61, 来日方长
3126364, 7.5, 191, 小王子写给妈妈的信
4129500, 7.4, 209, 小鸟旅馆
1026645, 8.2, 98, 何谓永恒
1027841, 8.1, 106, 虔诚的回忆
4010957, 7.4, 206, 饥饿间奏曲
5269185, 8.2, 97, 桃色与黑色剧・玩火
26798155, 8.0, 114, 古拉格气象学家
4909239, 7.9, 124, 桂河大桥
3060446, 7.4, 202, 星形广场 环城大道
1144301, 8.8, 62, 梅里美精选集
19895978, 7.9, 123, 图像与花朵
1197838, 7.6, 162, 老实人
2297673, 7.9, 122, 从蒙田到加缪
6423681, 8.5, 75, 灵心小史
2267394, 8.8, 61, 痛苦・情人
3081363, 7.9, 121, 冰岛渔夫
25901826, 7.6, 159, 三岛由纪夫，或空的幻景
1893971, 7.4, 195, 温泉
4859455, 8.8, 60, 热罗姆・兰东
3298145, 9.4, 42, W赫奇幻地IWR-Z
1855879, 7.4, 193, 在我母亲家的三天
1031295, 8.7, 64, 一天上午的回忆
26133535, 8.3, 85, 最后之人
26682740, 8.3, 85, 快乐的死
10000763, 7.7, 141, 脆弱的时光
1084204, 8.2, 91, 老实人
1040315, 7.8, 126, 罗曼罗兰读书随笔/世界名人书话系列
26828229, 9.4, 41, 加缪手记：第三卷
6062486, 7.5, 168, 少女穆谢特
6085413, 7.1, 261, 法国文人相轻史
6893861, 8.2, 89, 古老的法兰西
4160531, 7.7, 137, 非你非我
3932427, 8.5, 71, 秘密时光
6785583, 7.9, 114, 地下室里的萨德
2368795, 8.1, 96, 拉摩的侄儿
1863609, 8.3, 82, 八月的周日・缓刑
1085565, 8.6, 66, 伏尔泰中短篇小说集
5959592, 7.5, 165, 凌乱的床
26611271, 8.5, 70, 外婆，外婆
1207397, 8.3, 81, 纪德文集(日记卷)
26176955, 8.3, 81, 天使的呼唤
10779938, 7.9, 112, 法国现代诗抄
1068246, 7.7, 134, 越洋情书（上下卷）
1264990, 7.6, 147, 被打扰的午睡
24853119, 8.0, 102, 杀手保健
26293418, 8.0, 102, 夜巡
4859087, 7.9, 111, 羚羊战略
25880784, 8.9, 53, 追寻普鲁斯特
4117975, 7.7, 132, 沙漠
1940239, 8.2, 86, 愚比王
25871642, 7.7, 131, 春花的葬礼
25863244, 8.5, 68, 迷失的人
1187877, 7.5, 155, 淑女蒙尘记：萨德恶名的代表作 情罪：性文学的道德告诫
10763919, 8.1, 90, 茨威格在巴西
1032946, 8.3, 77, 望远镜
2285408, 8.4, 71, 法国现代诗选
26685296, 9.1, 45, L格
3028930, 8.3, 76, 伪君子
25909086, 7.7, 125, 第一口啤酒
2810391, 9.4, 38, Albert Camus&#39;s the Stranger
1185823, 8.6, 61, 罗兰之歌 特利斯当与伊瑟 列那狐的故事
3044658, 8.1, 88, 兰波诗选
25894179, 8.4, 70, 一颗简单的心
20395182, 7.7, 124, 乌龟的华尔兹
3071975, 8.5, 65, 童年的许诺
10794186, 8.8, 53, 盛澄华谈纪德
2382539, 7.7, 121, 追忆似水年华之前
1939511, 7.0, 255, 肩后
1429887, 7.2, 201, 没什么要紧
1080855, 8.9, 49, 人间喜剧 第十卷
1086522, 9.0, 46, 塞利纳精选集
3071507, 7.6, 130, 亚拉巴马之歌
10048447, 7.5, 143, 情感淡季
19899798, 7.5, 143, 南方邮航
11446404, 7.3, 175, 坐在走廊里的男人
25880955, 8.5, 62, 法兰西诗选
24872415, 8.3, 71, 简单的思想
1468905, 8.4, 66, 重现的镜子
1525973, 8.1, 82, 特利斯当与伊瑟
26916869, 8.8, 50, 去他的戒律
1077347, 8.4, 65, 意大利遗事
1794141, 8.7, 53, 少年心事
1793274, 8.1, 81, 林中阳台
26451536, 8.0, 87, 夏洛特
1168542, 7.3, 166, 欲望初绽的夏天
5959593, 7.8, 102, 舞台音乐
5341064, 6.8, 299, 作品第一号
4873988, 8.3, 68, 罗兰・巴尔特自述
3131636, 7.5, 133, 修女
2381257, 9.0, 43, 会搔耳朵的猫
6983604, 7.1, 202, 假如这是真的
3081425, 9.2, 38, 埃梅短篇小说选
6265777, 7.8, 99, 鸟
1484383, 8.4, 62, 勒韦尔迪诗选
25848379, 7.3, 158, 给伊夫的信
1213794, 8.2, 71, 陪衬人
2295745, 7.4, 142, 沉默女王
1880534, 8.7, 50, 吉尔・布拉斯（上下）
5283535, 7.2, 174, 吉吉
1457695, 8.6, 53, 苔依丝
1926001, 8.2, 70, 萨朗波
25957008, 8.2, 70, 和他们说说战争、国王和大象
1186424, 8.3, 65, 左拉中短篇小说选
6973270, 7.8, 96, 活在自己的谎言里
11600027, 7.6, 114, 大仲马美食词典
6885964, 8.5, 56, 唬
5975569, 7.4, 138, 对面的撒旦
4859794, 7.8, 95, 巨人
24869453, 8.3, 64, 介入的旁观者
1159936, 7.5, 123, 红杏出墙
24739617, 8.3, 63, 苔蕾丝・德斯盖鲁
1154564, 7.8, 93, 有轨电车
11509325, 7.7, 101, 空军飞行员
2078904, 9.0, 40, 胡萝卜须
7153481, 9.0, 40, 灵魂与呐喊
6711898, 7.4, 133, 心灵守护者
25666624, 7.3, 147, 遣悲怀
26210610, 7.5, 120, 凄凉别墅
1060097, 8.0, 77, 诚惶诚恐
25870742, 7.3, 145, 其实这才是我想做的事
24876156, 8.4, 57, 窄门
1449642, 8.3, 61, 瑞典火柴
6893858, 8.2, 65, 不朽者
6397484, 7.4, 128, 快照集
1438073, 7.9, 81, 基本粒子
1753515, 7.8, 88, 屋顶轻骑兵
1044381, 7.6, 104, 从巴黎到耶路撒冷
6711901, 7.5, 114, 某种凝视
1962566, 7.7, 95, 现代生活的画家
5300378, 7.8, 87, 奥尼恰
26857084, 9.1, 36, 苏菲的烦恼
5959591, 7.3, 137, 平静的风暴
5312098, 7.6, 102, 流浪女伶
1059693, 8.3, 58, 蛇结
1079208, 8.0, 72, 名士风流（全二册）
3175175, 7.5, 110, 法国和比利时游记
5263672, 7.4, 121, 话语集
1847663, 7.3, 133, 魔沼
6792256, 8.1, 66, 穿短裤的情人
10601561, 7.9, 77, 美的五次沉思
26634490, 7.9, 77, 你好忧愁
3070772, 8.0, 70, 35公斤的希望
26770827, 8.6, 46, 不可言明的共通体
24257363, 8.3, 56, 评论文集
24871667, 7.4, 117, 海的沉默
1656062, 8.7, 43, 莫泊桑小说全集（全9卷）
1481640, 7.5, 106, 地铁姑娘扎姬
24530770, 7.9, 75, 那地方恍如梦境
4262653, 7.8, 81, 窥视者
3788680, 7.7, 88, 多米尼克・奥利
25895995, 8.9, 38, 现代小说，现代阅读
1263680, 7.3, 127, 克莱芙王妃
1427279, 8.0, 68, 史前史
1484847, 9.7, 25, Proust
5954616, 7.5, 103, 普鲁斯特传
10529818, 7.2, 138, 八年夏
1056097, 8.3, 54, 一个乡村教士的日记
1044377, 9.6, 26, 埃梅童话
4179680, 8.5, 47, 热爱生命
1036925, 9.1, 33, 公鸡背母鸡
1469208, 7.4, 111, 美国佬
1242091, 8.2, 57, 法国文学选集
25888469, 6.9, 188, 薛定谔之猫
2033806, 8.1, 61, 高乃依戏剧选
24739614, 7.6, 90, 给麻风病人的吻
1026073, 8.1, 60, 波德莱尔诗全集
1181459, 7.7, 82, 法国诗选
6913350, 7.4, 107, 枕边的男人
6397488, 7.8, 75, 在迷宫里
25889951, 7.9, 69, 走向绝对：王尔德 里尔克 茨维塔耶娃
6973845, 8.5, 45, 法国戏剧经典(17-18世纪卷)
6784983, 7.2, 128, 迭戈和弗里达
4199427, 7.9, 68, 加斯东・伽利玛
26295469, 7.6, 87, 星形广场
1161384, 8.7, 39, 内心旅程
4897182, 8.5, 44, 画&amp;异域情调论
11632946, 8.0, 62, 谜情书
1660423, 9.1, 31, 巴尔扎克论文艺
2974195, 7.7, 78, 阿波利奈尔论艺术
1664100, 8.6, 41, 柯莱特精选集
1499786, 8.2, 53, 童年・这里
4220044, 7.4, 100, 遗嘱集
26133511, 7.9, 65, W或童年回忆
1370629, 9.5, 25, The Notebook
1046653, 7.8, 70, 马拉美诗全集
25923455, 7.1, 132, 痛
3932426, 8.4, 45, 爱恋时光
6795314, 7.9, 64, 波伏瓦回忆录
1915364, 8.1, 55, 圣安东尼的诱惑
6310330, 8.1, 55, 海
1755525, 8.0, 59, 栗树下的晚餐
3900435, 8.0, 59, 悭吝人
26638631, 8.5, 42, 等待，遗忘
3995945, 7.1, 131, 德加的小舞女
25943061, 8.8, 35, 孤独、团结与反抗
1316502, 8.7, 37, 一度青春
1455598, 8.7, 37, 蒙田散文
1815249, 8.7, 37, 茜多
26284872, 8.7, 37, 普鲁斯特的空间
1085064, 8.0, 58, 红与白
1450694, 8.3, 47, 米勒传
3111471, 8.4, 44, 卢梭与伏尔泰
4322087, 8.4, 44, 克洛岱尔情结
10732123, 8.4, 44, 墨西哥之梦
1962389, 8.2, 50, 空军飞行员
26297726, 8.2, 50, 在适当时刻
19894438, 8.5, 41, 纸老虎
26304984, 8.1, 53, 那没有伴着我的一个
1433512, 9.1, 29, Memoirs of Hadrian
2058093, 8.7, 36, 瘸腿魔鬼
10529788, 8.8, 34, 布罗岱克的报告
25756952, 9.4, 25, 巴尔扎克选集（12卷）
6711899, 7.1, 124, 枷锁
4863595, 9.3, 26, 卢梭与大革命/世界文明史（上下册）
24845604, 8.3, 45, 像风一样疯
25858074, 8.2, 48, 灰姑娘的陷阱
3191279, 8.4, 42, 诸神渴了
3719345, 8.0, 55, 夏日谋杀
3499312, 7.7, 69, 阿波利奈尔精选集
1393967, 7.8, 63, 波德莱尔诗歌精选
26295479, 7.7, 68, 环城大道
1085500, 7.8, 62, 拉封丹寓言诗全集
1664094, 8.6, 36, 圣爱克絮佩里精选集
26602991, 8.1, 49, 未来之书
1471769, 8.4, 40, N涞哪腥
5333542, 8.4, 40, 贫民窟的哲学家
26344080, 7.7, 65, 幸福的怀念
25887892, 9.5, 22, 巴尔扎克传
3205288, 6.7, 172, 伊丽莎白的小屋
26295480, 7.6, 69, 一度青春
1012968, 9.2, 25, 人间喜剧 第二十一卷
4806252, 8.1, 47, 正午的分界
5312094, 7.1, 108, 烧酒与爱情
1071216, 8.7, 32, 缓期执行（自由之路第二部）
3144767, 8.1, 46, 于松太太的贞洁少男
2101417, 8.5, 35, 魏尔伦诗选
10793986, 8.1, 45, 幽灵的生活
1416844, 8.2, 42, 王家大道
7007778, 8.2, 42, 情界冷暖
1310082, 8.3, 39, 圣徒传奇
26327545, 7.5, 70, 不朽的远行
1024530, 8.1, 44, 逃亡者
1221125, 7.5, 69, 美丽人生
4228442, 7.8, 54, 悠悠岁月
1257659, 7.7, 58, 他人的血
25909084, 8.0, 46, 宛如一部小说
20415302, 7.3, 80, 未来的夏娃
1692124, 9.0, 25, 傅雷译莫罗阿名作集
2122960, 7.1, 94, 法国文学史（全3册）
2262877, 8.1, 41, 永世流浪的犹太人史
2033839, 8.5, 32, 莫里亚克小说选
25835905, 7.3, 76, 幻象集
1029858, 8.6, 30, 工厂出口
2300844, 7.9, 46, 在撒旦的阳光下
26230570, 8.7, 28, O娘对我说
26702163, 8.4, 33, 溺水
2118091, 8.5, 31, 企鹅岛
1411128, 8.0, 42, 纪德文集・游记卷
10345577, 7.9, 45, 自然纪事
26762861, 7.2, 78, 你们再也不写了？
5921803, 8.3, 34, 雨果论文学
2080014, 8.7, 27, 黛依丝
10427222, 8.2, 36, 波伏瓦回忆录
25832857, 8.2, 36, 急迫与忍耐
4924886, 8.0, 41, 符腾堡的沙龙
4811918, 8.5, 30, 夜深沉
1834154, 7.8, 47, 瓦莱里散文选
6793214, 6.9, 103, 巴黎文学地图
6800488, 7.0, 92, 国王的人马
26370016, 7.6, 54, 第三十街的两匹斑马
26352388, 7.9, 43, 约翰・克里斯朵夫
1664097, 8.4, 31, 伏尔泰精选集
2073515, 8.4, 31, 文学与感觉
6397480, 7.0, 90, 情感小说
26709595, 8.5, 29, 圣日耳曼德普雷的文艺范儿
1145487, 7.2, 73, 阿达拉
3349981, 7.2, 73, 波伏娃与《第二性》
1416295, 8.0, 39, 费加罗的婚礼
20494263, 6.5, 154, 你好，无聊
1916467, 7.7, 48, 金钱
6829533, 8.6, 27, 玩火游戏
6805255, 8.3, 32, 首字花饰II
25902453, 7.8, 44, 直立人伤心俱乐部
6791402, 7.1, 78, 给青年文人的忠告
4101993, 7.5, 54, 插图本法国文学史
26928435, 7.9, 40, 语言的第七功能
6425297, 7.7, 46, 人间的事，安拉也会出错
25807550, 7.6, 49, 少女
6805254, 7.8, 42, 首字花饰
6779305, 8.5, 27, 阳光与阴影的交织
2264924, 7.2, 67, 认识东方
10563558, 7.5, 52, 长征
1136746, 8.8, 23, 红百合花
2277075, 8.8, 23, 宫廷恩仇记
3028943, 8.8, 23, 大自然的灵魂
4211038, 6.9, 89, 绿光
20414014, 8.1, 34, 克里斯汀・迪奥与我
1376718, 9.2, 19, In Search of Lost Time
1769269, 8.6, 25, 尤瑟纳尔研究
1147414, 7.2, 65, 为了一夜的爱
1019210, 8.1, 33, 她以前的姓 我的大公寓
1796844, 8.1, 33, 普鲁斯特随笔集
1945485, 8.2, 31, 寻我记・魔圈
25842834, 8.5, 26, ~Z的T惑c真
3023683, 7.9, 37, 王后的项链（上下）
1904925, 8.7, 23, 爱的沙漠
10485839, 7.7, 42, 山中来信
1672099, 8.1, 32, 斯万的爱情
24853139, 8.1, 32, 白日的诞生
26668306, 8.0, 34, 弑父
6424621, 8.2, 30, 雅古复仇记
4621091, 6.6, 112, 阿巴恩，萨巴娜，大卫
3115065, 8.5, 25, 蒂博一家 （上）
3017599, 7.7, 41, 德拉克洛瓦论美术与美术家
20275735, 6.8, 89, 论现代兴奋剂
10457971, 8.4, 26, 法国文学渐进
11598491, 7.9, 35, 格勒尼埃中短篇小说集
25978005, 7.9, 35, 无以阻挡黑夜
2126818, 8.9, 20, 无神论者望弥撒
6815543, 7.4, 50, 树
20375511, 7.4, 50, 变貌记
2223031, 9.0, 19, Zazie dans le metro
6397483, 7.8, 37, 科兰特的最后日子
6829535, 7.7, 39, 欧洲快车
25897684, 8.1, 30, 山冈
26304288, 7.5, 45, 僭越的感觉 欲望之书
1119596, 8.2, 28, 狄德罗小说选
26275680, 8.2, 28, 法兰西兵法
26577702, 6.7, 91, 什么是杰作
6397478, 7.7, 38, 昂热丽克或迷醉
6973846, 8.7, 21, 法国戏剧经典（19世纪卷）
1370954, 8.5, 23, M德
4848443, 8.2, 27, 出征
6829530, 8.2, 27, 伊甸园及其后
25840863, 7.7, 37, 快返乃
3028223, 8.3, 25, 东方之旅
26549631, 8.3, 25, 三十岁的女人
1309252, 7.4, 45, 黑色摩托
5243730, 8.6, 21, 行脚商
7046893, 7.9, 31, 文学渴了
26767246, 7.9, 31, 来自遗忘的最深处
2062963, 8.0, 29, 一个神经衰弱者的二十一天
25885034, 8.0, 29, 安德烈・瓦尔特笔记
6397500, 6.8, 74, 我的大作家
1949936, 8.4, 23, 蓝色恋歌
4051242, 7.3, 47, 人的境遇
3160443, 7.2, 49, 星期一的故事
25756225, 7.6, 36, 说烦了爱
26789958, 6.0, 185, 更好的人生
1086506, 8.5, 21, 夏多布里昂精选集
1878352, 8.7, 19, 沙岸风云
1151694, 7.6, 35, 法国文学史（上下）
6062615, 7.2, 47, 深夜旅行的女人
20425451, 7.3, 43, 脚的故事
1543423, 8.5, 20, 爱华妲夫人及其它
4814385, 8.4, 21, 浪漫主义回忆
26359367, 8.6, 19, 一生
6311579, 8.3, 22, 虫
10345576, 8.3, 22, 茜多和野孩子
1469257, 7.2, 45, 战时之恋
1507190, 7.2, 45, 天象仪
25897702, 8.2, 23, 一个鲍米涅人
26133573, 8.2, 23, 威尼斯
26654284, 8.2, 23, 加缪短篇小说集
24268352, 7.0, 53, 艾克托寻找幸福之旅
2158510, 7.7, 31, 安娜・玛丽
25930106, 8.0, 25, 一部真正的小说――回忆录
26352458, 8.0, 25, 巴黎速写
6397479, 7.2, 43, 纽约革命计划
6397486, 7.2, 43, 欲念浮动
1780523, 7.8, 28, 女人们
6791400, 7.8, 28, 一八四五年的沙龙
24739622, 7.8, 28, 黑天使
25038793, 7.8, 28, 路
1053128, 7.9, 26, 小说的政治阅读
1012720, 7.6, 31, 反回忆录
26945560, 9.8, 11, 幸福需要等待
24851826, 7.3, 38, 谢里宝贝
5043444, 7.2, 41, 左岸的巴黎
1042760, 7.4, 35, 七日谈
6973847, 8.3, 20, 法国戏剧经典（20世纪卷）
25967902, 8.2, 21, 普鲁斯特评传
1809301, 7.3, 37, 爱情偶遇游戏
1055547, 7.5, 32, 阿兰?罗伯-格里耶
26321337, 7.5, 32, 作家们
26767245, 7.7, 28, 这样你就不会迷路
2125347, 8.1, 22, 孽缘
6310329, 7.5, 31, 山
24871652, 7.9, 24, 纽扣战争
25767124, 7.9, 24, 爱的宝藏
3070836, 7.7, 27, 福楼拜短篇小说选
5417543, 6.5, 72, 孽之缘
25745707, 8.2, 20, 法国抒情诗选
10598661, 7.8, 25, 大地之子的落日挽歌
25969882, 7.7, 26, 让・热内
6829531, 7.5, 29, 撒谎的男人
25887959, 7.5, 29, 玫瑰送终
1958232, 7.4, 31, 艾吕雅传
1920656, 7.6, 27, 安吉堡的磨工
5958690, 8.2, 19, 翻译官手记
26756644, 7.9, 22, 最后的模特
7175436, 7.4, 30, 寻金者
26365966, 7.4, 30, 时情化忆
2158502, 7.5, 28, 领事之子
1856668, 7.8, 23, 一f一千鞭
26709597, 7.6, 26, 流浪巴黎的世界文豪
4862034, 7.4, 29, 男人们
25881527, 8.2, 18, 唐璜：拜伦传
6969172, 7.8, 22, 缎子鞋
10794372, 7.8, 22, 人民警察3
26747350, 7.7, 23, 佣兵队长
26337448, 7.5, 26, 阿尔戈古堡
26877983, 7.0, 37, 你们无法得到我的恨
2149228, 7.3, 29, 公共的玫瑰
6397498, 7.4, 27, 不朽的女人
2359281, 7.8, 21, R拉美x
1857833, 6.9, 39, 曼侬・雷斯戈
4774484, 7.4, 26, 谢阁兰中国书简
21329817, 7.9, 19, 缪塞中短篇小说选
25848674, 7.5, 24, 居伊・德波
10795445, 7.8, 20, 波伏瓦回忆录
1314124, 7.2, 28, 乔治・桑与缪塞情书
26628350, 7.8, 19, 普鲁斯特对阵谷克多
26709596, 7.8, 19, 蒙帕纳斯的黄金岁月
25890627, 8.0, 17, 莫泊桑文集
2190068, 7.6, 21, 乔治.桑传
26668407, 7.6, 21, 夫妻地狱
26791995, 8.1, 16, 刺槐树
10482557, 7.3, 25, 时光的旅人
19958291, 7.7, 19, 死囚末日记
26816958, 7.7, 19, 与蒙田共度的夏天
6126828, 7.3, 24, 梅塘夜话
2132989, 6.9, 32, 克莱芙王妃
3499326, 8.1, 15, 狄德罗精选集
4905945, 6.9, 31, 麦格雷探案集（上下）
25832856, 7.4, 21, 玛丽的真相
25909079, 7.4, 21, 奥岱翁街
25918397, 6.5, 41, 波吉亚家族
2301428, 6.9, 29, 巴黎的秘密
4828078, 7.1, 25, 马拉美与莫里索书信集
25870455, 7.6, 18, 萨德我的邻居
26735083, 7.8, 16, 家谱
24871657, 7.4, 20, 一座桥的诞生
26264190, 7.0, 25, 如今你的世界永远是黑夜
25909082, 7.5, 18, 罗德里格斯岛之旅
3900443, 7.7, 16, 柏林之围
6829532, 7.7, 16, 美丽的女俘
25966775, 7.3, 20, 秘密生活
25836978, 7.1, 22, 日常激情
1212562, 6.9, 25, 我毕生的故事
1130174, 7.6, 16, 1900年以来的法国小说
26698662, 7.7, 15, 蜜月旅行
26099832, 7.8, 14, 再生草
26412644, 7.3, 18, 我羡慕动物的狂喜
25852936, 7.7, 14, 荒诞派戏剧
25832851, 7.3, 17, 电视
26415830, 7.8, 13, 周克希译文选
25796264, 7.9, 12, 莫里亚克精品集
3013115, 7.2, 17, 塞维尼夫人书信
25832853, 7.5, 14, 自画像（在国外）
24739615, 6.9, 20, 黑夜的终止
25782299, 7.6, 13, 边缘
26849405, 7.9, 11, 玫瑰的回忆
25964035, 7.4, 14, 法国近代名家诗选
2383072, 7.5, 13, The Instant of My Death
26646298, 7.5, 13, 回忆拿破仑
26721800, 7.8, 11, 至高者
3323461, 8.0, 10, 鹅掌女王烤肉店
25802149, 8.0, 10, 莫里亚克精品集
26840536, 8.0, 10, 偏见
25787889, 6.7, 20, 欲望书写
3231685, 7.9, 10, Memoirs of Hadrian
7007777, 7.3, 13, 圣周风雨录
24749044, 7.6, 11, 品格论（全二册）
25795515, 7.6, 11, 猎狮人
26744213, 7.8, 10, 自杀・自画像
26225353, 7.4, 12, 文学肖像
26284878, 7.1, 14, 边读边写
26694228, 7.5, 11, 素描的愉悦
26795101, 7.5, 11, 色彩的魔力
25921146, 7.7, 10, 时光的味道
11530543, 7.4, 11, 波伏瓦回忆录
25880792, 7.4, 11, 绿色教会
26640948, 7.6, 10, 莎士比亚的历史剧
26640905, 7.2, 12, 水晶酒店的套房
25971091, 7.5, 10, 超完美契约
25966768, 6.9, 13, 爱是一座岛
25764452, 7.4, 10, 功效：在中国与西方思维之间
4136949, 7.0, 11, 性欢：反茱斯蒂娜
26756845, 6.0, 21, 电影漫步者
