2017-01-23 16:17:59
Tag: 流浪
The number of books: 232 

ID, rating, votes, title
1770782, 8.8, 249200, 追风筝的人
1361264, 9.0, 53556, 撒哈拉的故事
4123116, 9.2, 20092, 月亮和六便士
1029111, 8.9, 29022, 哭泣的骆驼
3608208, 8.6, 45514, 牧羊少年奇幻之旅
2035162, 9.0, 22462, 刀锋
1346815, 8.4, 33795, 一人住第5年
1292416, 8.5, 26418, 香水
1986590, 9.1, 10276, 小王子
3406401, 9.0, 11014, 悉达多
1449352, 8.6, 19664, 朝花夕拾
1036490, 8.8, 14023, 万水千山走遍
1794844, 8.5, 18940, 有一天啊，宝宝……
2136140, 8.7, 13760, 雨季不再来
2158189, 8.5, 18862, 海边的卡夫卡
1963310, 8.2, 29822, 大地之灯
1050339, 7.8, 60684, 文化苦旅
2068249, 9.0, 7479, 温柔的夜
1760548, 9.2, 5538, 三毛作品集
2256438, 7.8, 50752, 素年锦时
3607117, 8.9, 7543, 稻草人手记
1065970, 7.8, 47965, 彼岸花
2250587, 7.6, 67392, 一个人的好天气
1794620, 7.8, 43150, 芒果街上的小屋
1878708, 8.3, 16478, LA流浪记
1063190, 8.0, 27056, 蔷薇岛屿
1082399, 8.6, 9473, 闹学记
1917972, 7.8, 37146, 在路上
1962923, 8.6, 9316, 西班牙旅行笔记
2339950, 7.8, 32386, 被窝是青春的坟墓
1029159, 7.5, 47376, 八月未央
20326626, 8.6, 6425, 少年Pi的奇幻漂流（插图珍藏版）
21346636, 9.4, 2293, 三毛典藏全集
5292912, 8.0, 15466, 1988：我想和这个世界谈谈
25697520, 8.2, 10651, 他们最幸福
2988943, 8.3, 9026, 青灯
1016523, 7.5, 36703, 告别薇安
2215160, 9.2, 2430, 神秘岛（全三册）
1050870, 9.3, 2128, 三毛经典作品（上下）
1054889, 7.7, 21939, 行者无疆
3151990, 8.5, 5768, 达摩流浪者
3506871, 7.6, 26521, 曾有一个人，爱我如生命
3765620, 8.7, 4235, 在漫长的旅途中
2165063, 9.2, 2256, 纳尔齐斯与歌尔德蒙
1013801, 8.8, 3659, 倾城
5366278, 8.0, 11582, 走吧，张小砚
3735576, 8.6, 4559, 我的宝贝
3274182, 8.4, 5969, 莲花
2295324, 8.6, 4488, 地下乡愁蓝调
3905366, 7.8, 15862, 迟到的间隔年
1933931, 8.7, 3681, 沿着塞纳河到翡冷翠
1382836, 8.7, 3680, A城
1471701, 8.8, 3228, 梦里花落知多少
3246904, 8.1, 8435, 蒂凡尼的早餐
1382829, 8.6, 3885, f水千山走遍
6516050, 8.2, 6630, 搭车去柏林
6558705, 8.5, 4033, 雨季不再来
1361337, 8.9, 2219, 渖系哪芯
1382844, 8.7, 2691, [W
1382842, 8.8, 2370, 粞e花落知多少
2073521, 9.2, 1455, 三毛全集
1128376, 8.8, 2222, 背影
4208780, 8.1, 5782, 流浪集
1382834, 8.6, 2811, 厝岬囊
1203258, 8.4, 3606, 巴黎圣母院
1221327, 8.5, 3126, 少年Pi的奇幻漂流
1018482, 8.0, 5874, 汤姆?索亚历险记
1008732, 8.4, 3215, 失败之书
3759806, 8.4, 3192, 西藏一年
5264779, 7.4, 16204, 背包十年
1382833, 8.4, 3095, 送你一匹R
3604331, 8.4, 2943, 午夜之门
1062134, 8.1, 4297, 狼图腾（简装本）
1880991, 8.6, 2135, 堂吉诃德
1009285, 7.6, 9159, 童年
1061572, 8.5, 2294, 随想
1780277, 8.7, 1773, 法兰西组曲
2364215, 8.5, 2186, 此地无人生还
2044295, 8.3, 2750, 土耳其手绘旅行
6829323, 7.9, 4885, 我，睡了，81个人的沙发
1342175, 8.8, 1360, The Alchemist
1033347, 8.7, 1479, 高原的百合花
3223552, 7.8, 5025, 转山
1884249, 8.0, 3479, 当我们旅行
3359739, 7.7, 5268, 格子间女人
1273759, 8.2, 2415, 人在欧洲
6815826, 8.5, 1632, 亲爱的三毛
2265995, 7.1, 14954, 大象的眼泪
1313317, 8.4, 1683, 三毛私家相册
2033808, 8.7, 1163, 巴黎圣母院
2137719, 9.1, 728, 撒哈拉的故事
7067934, 7.7, 4009, 打工旅行
1204132, 8.8, 905, 孽子
1086466, 8.4, 1413, 北方的河
5417810, 8.2, 1793, 三毛1943-1991
1471704, 8.9, 770, 稻草人手记
2193881, 8.2, 1722, 汤姆・索亚历险记
1785508, 8.1, 1876, 今晚去哪里
1963685, 9.0, 659, 流浪狗之歌
1885070, 8.2, 1627, 雪国
6820477, 8.2, 1610, 滚滚红尘
1888031, 7.8, 2757, 格列佛游记
1607478, 8.3, 1285, 巴黎伦敦落魄记
3410812, 7.4, 4779, 死在这里也不错
1047608, 8.1, 1585, 藏地牛皮书
1785502, 7.9, 2036, 咖啡苦不苦
1812223, 7.6, 3050, 消失的地平线
1959257, 8.2, 1197, 玛丽
4219120, 8.4, 878, 流浪的星星
1939594, 7.7, 2086, 京都一年
25803923, 7.9, 1426, 你是我不及的梦
1372067, 8.9, 455, Into the Wild
1382830, 8.5, 665, 高原的百合花
2346977, 8.8, 432, Into the Wild
4934508, 8.6, 515, 我是你流浪过的一个地方
3210501, 9.0, 346, 远大前程
1046544, 8.5, 557, 蒙面之城
6313482, 7.6, 1659, 一路向南
2369301, 8.1, 799, 孤独天使
2160716, 7.7, 1230, 孤独旅者
5323773, 7.9, 907, 我睡了81人的沙l
3016791, 8.3, 567, 逆流河
1058564, 7.9, 748, 因为年轻所以流浪
6813396, 8.1, 581, 走吧.张小砚-图文修订版
3243016, 9.2, 184, 撒哈拉的故事
2137682, 8.7, 268, 温柔的夜
19967328, 8.5, 313, 漂泊的灵魂
1031423, 7.5, 983, 我已出发
11614288, 7.2, 1492, 我们为什么旅行
3297098, 7.6, 798, 八月宁静
10521376, 7.1, 1610, 北京小兽
1014710, 7.7, 636, 思念里的流浪狗
2182984, 8.9, 188, The Glass Castle
10762249, 7.6, 671, 亲爱的，这不只是一场旅行
26679927, 8.2, 326, 吴小凡的流浪地图
2243628, 8.3, 295, 那时西藏
6126806, 7.4, 833, 像嬉皮那样晃荡行走
1817681, 6.5, 3682, 再穷也要去旅行
2137678, 8.8, 176, 倾城
2137683, 8.7, 190, 背影
20395899, 8.4, 244, 流浪者史诗
1471698, 8.0, 355, 谈心
1951321, 7.9, 391, 寻花
19973695, 6.9, 1499, 再不远行，就老了
10806089, 7.3, 750, 身体和灵魂.总有一个要在路上
2352480, 7.8, 377, 如果你凵弦患店
2074382, 8.6, 170, 南行记
25857414, 7.9, 307, 剩下的都属于你
2268814, 8.8, 135, 倾城
10564813, 8.1, 226, 非洲之外－爱情私旅行
2051788, 8.6, 135, 流浪王妃
1925111, 7.8, 283, 不如去流浪
10549769, 8.3, 171, A Street Cat Named Bob
10607227, 7.5, 384, 死在路上也不错
1054922, 7.0, 725, 享乐、旅行的完成式：Yilan的感官遨游地图
6720544, 7.3, 478, 天上大风
24716155, 7.3, 473, 一个人流浪，不必去远方
1918355, 7.6, 305, 逃到西藏也逃不出爱情
10770916, 7.5, 311, 逃跑家
1015659, 7.5, 305, 人一生要去的50个地方-中国卷
3287754, 7.6, 267, 金鱼
24718813, 7.6, 259, 毫无目的去一次远方
3422804, 7.5, 286, 漂泊者萧红
1186894, 7.6, 223, 100元狂走中国
6850205, 6.8, 587, 寂静苍穹下
1313765, 8.0, 142, 老残游记
7162508, 6.5, 893, 孤独要趁好时光
1083683, 7.6, 198, 一个人走
10565450, 7.2, 293, 微笑吧，缅甸
2265843, 7.5, 196, 布拉格：一座城市的幽暗记忆
2122788, 9.2, 51, 彳亍地平线 I
1076388, 7.4, 209, 东看西看
1060896, 7.4, 206, 纽约明信片
6559166, 6.9, 365, 三毛台北地图
1854971, 7.3, 213, 流浪的眼睛
2025990, 7.5, 171, 寻城记・重庆
1467603, 7.7, 134, 下一站埃及
2300984, 9.1, 47, 骑鹅旅行记
1665735, 7.6, 135, 雾都孤儿
1348659, 7.6, 127, 孤，或似的|西
1060857, 7.7, 115, 藏地民间书
2033477, 7.6, 126, 拜！不要每人都一
2036827, 7.6, 124, 人在江湖飘
2277713, 8.4, 64, 诬hu曲
1828440, 9.0, 43, Dido Life For Rent
1036242, 7.4, 127, 艾在旅途
2081772, 9.2, 34, W洲在l酵
2137715, 7.8, 69, 谈心
3051648, 7.6, 81, 美国
1936788, 7.8, 64, 20世纪最后的浪漫──北京自由艺术家生活实录
1427271, 8.1, 50, 是谁在天边歌唱
3728078, 7.3, 90, 流浪的Kc
2285248, 8.3, 40, 苦儿流浪记
26762569, 8.3, 39, 别让世界改变我
4928486, 7.9, 51, 诉讼笔录
20387103, 8.2, 41, 三毛散文集
1101638, 8.5, 34, 浪迹中国
1035518, 6.4, 220, 我如何获得40国签证
2361732, 9.2, 22, 一_踩M小美
2062162, 7.6, 56, 纸醉情迷
6827376, 7.2, 75, 孤独无处诉
26215152, 7.8, 40, 我愿流浪在小镇
1253356, 7.3, 50, 再见萤火虫
1818836, 7.0, 60, 欧洲笔记
3538059, 6.4, 110, 听三毛讲远行
1280211, 7.4, 42, 流浪到哈佛
5419317, 6.6, 87, 趁着年轻去流浪
1845935, 8.2, 21, Vagabonding
1223792, 6.8, 56, 流浪的历史
6709777, 8.0, 22, 贵族狗寻根记
3323290, 6.2, 86, 遇
1016006, 7.7, 23, 宁静的盛宴：对爱情事业和死亡的超现实体验
3796261, 7.7, 21, 金草地
3413872, 7.3, 26, 流浪儿
25843268, 7.4, 24, 打工环游世界
3577723, 6.1, 74, 纽约投城
1290342, 7.5, 17, 游牧女之歌
6951169, 7.2, 19, 回不去的时光机
1337002, 7.3, 16, 在路上
2341715, 8.0, 11, e跟山^不去
10784996, 6.4, 29, 每想你一次，天空飘落一粒沙
1128030, 7.3, 15, 流浪族
3707616, 7.9, 11, The Book of Life
1825954, 6.8, 20, 7个月流浪之旅
5432473, 6.5, 25, 三毛不在的城市
3276953, 7.2, 13, 诬放浪
26837886, 7.5, 10, 我愿与你浪迹天涯
6810507, 5.9, 25, 30年后，你的身价是多少
3464183, 7.2, 10, 到拉萨去约会
25850811, 7.2, 10, 流浪犬纳尔逊
3508734, 5.3, 27, 女子有行
1814961, 5.8, 16, 北京泡泡
