2017-01-23 16:17:59
Tag: 温暖
The number of books: 964 

ID, rating, votes, title
25862578, 8.6, 170208, 解忧杂货店
3554154, 9.0, 23091, 阿狸・梦之城堡
4207781, 8.8, 24728, 孩子你慢慢来
4714734, 8.4, 42969, 这些都是你给我的爱
3014576, 8.4, 40665, 陪安东尼度过漫长岁月
3665874, 9.0, 14627, 星空
20470917, 9.0, 13986, 深夜食堂 01
1431836, 8.6, 25623, 我的路
1433640, 9.3, 8893, 猜猜我有多爱你
2361768, 9.3, 7910, 爷爷变成了幽灵
1937357, 9.4, 6603, 萤火之森
4187411, 8.8, 14419, 万物有灵且美
2131415, 8.8, 13533, 我的路2
2067299, 8.8, 12471, 我的路4
1418297, 9.1, 8041, 蜂蜜c四~草 1
5327697, 8.3, 27147, 橙
5395407, 8.9, 9777, 阿狸・永远站
2008284, 8.7, 13143, 佐贺的超级阿嬷
20470913, 9.1, 6753, 深夜食堂 03
1958227, 8.2, 25338, 那些年，我们一起追的女孩
1440089, 8.3, 21171, 那些生命中温暖而美好的事情
26602392, 8.8, 9556, 你今天真好看
1026035, 9.1, 6275, 你看起来好像很好吃
10763902, 7.9, 36911, 偷影子的人
11527101, 8.5, 12361, 这些都是你给我的爱2
3897928, 8.8, 7645, 我的路5
26340138, 7.7, 49787, 岛上书店
2251434, 9.0, 5560, 被爱路过
1041128, 8.5, 10743, 天蓝色的彼岸
5363752, 8.5, 10054, 哥斯拉不说话
3326892, 8.6, 8542, 圣诞忆旧集
3822879, 8.8, 6241, 躲进世界的角落
26414020, 8.1, 17236, 我不喜欢这世界，我只喜欢你
23780875, 9.1, 3691, 深夜食堂 05
1312997, 9.0, 4092, 香初上舞・终上
1261471, 8.7, 5913, 香初上舞
1276930, 9.0, 3756, 香初上舞・再上
3108829, 7.8, 22462, 全世爱
1905830, 8.7, 5212, 风色四叶草
1907739, 8.6, 5842, 当世界年纪还小的时候
4127527, 8.2, 10514, 厨房
1270150, 9.3, 2321, 风与树的歌
4826530, 9.1, 2806, 我亲爱的甜橙树
25984204, 7.6, 28814, 乖，摸摸头
4324975, 8.7, 4651, 下垂眼
4049269, 9.4, 1973, 狐狸的窗户
2150240, 8.8, 3758, 我讨厌妈妈
2382705, 7.6, 25997, 不朽
3594151, 8.1, 10135, 柑橘与柠檬啊
1982200, 8.7, 4104, 爱德华的奇妙之旅
3108835, 9.0, 2646, 让爱点亮
6709834, 8.4, 5742, 爸爸爱喜禾
3698217, 8.6, 4263, 花田半亩
4289265, 8.5, 4842, 如果声音不记得
5038394, 8.8, 3127, 踮脚张望1
6732193, 7.9, 11532, 十年一品温如言
5243268, 8.5, 4507, 走向春天的下午
2980812, 7.8, 13338, 踮脚张望的时光
3711733, 8.6, 3785, 那个姐姐教我们的事
1436586, 9.1, 2006, 你真好
1310673, 9.3, 1560, 遥远的野玫瑰村
3259587, 8.6, 3614, 我与狗狗的十个约定
1781300, 8.5, 4102, 玛塔
26672693, 9.0, 1951, 一个叫欧维的男人决定去死
3277199, 8.1, 6324, 多田便利屋
1152745, 9.1, 1662, 花香小镇
1056616, 8.6, 3021, 槭树下的家（席慕蓉作品典藏版）
1915536, 7.3, 26420, 尘埃星球
6088152, 8.0, 7224, 千秋
4225582, 8.6, 2937, 寂地
3302645, 8.1, 5950, 我在雨中等你
3183785, 7.7, 11502, 爱你，是我做过最好的事
1152495, 9.2, 1412, 白鹦鹉的森林
25808222, 8.2, 4976, 黄
3664754, 8.1, 5712, 米娅，快跑
6391328, 9.0, 1711, 踮脚张望2
1457226, 9.2, 1323, ROUGH
1013001, 7.9, 7454, 森林唱游
3037327, 8.8, 2035, 溯空
4906195, 8.3, 3834, 人间烟火
1152564, 9.2, 1216, 黄昏海的故事
4098989, 8.2, 4122, 我的青春从爱你开始
1433568, 8.9, 1567, 逃家小兔
10426209, 8.8, 1759, 我的路6
23795254, 8.0, 5201, 骄阳似我
1819816, 9.3, 956, 风的旱冰鞋
5400559, 8.5, 2365, 飞翔的猫
6511745, 8.0, 4680, 万象
3440557, 8.5, 2247, 亲爱的沙皮
3810672, 7.8, 6223, 8分钟的温暖
4072044, 8.1, 3843, 微笑的咖啡杯
1489164, 9.1, 1072, 直到花豆煮熟
3364858, 7.9, 4858, 再见，冥王星
5940493, 8.6, 1825, 世界e槲心
1290911, 9.1, 1028, 银孔雀
11606761, 9.0, 1111, 下垂眼VOL.2
5990434, 8.4, 2191, 蝙蝠
26642866, 8.4, 2179, 萤火虫小巷
11516338, 8.7, 1448, 我是你流浪过的一个地方
26431326, 8.9, 1142, 所有我们看不见的光
5341084, 8.1, 2960, 午时风
4173369, 8.7, 1356, 象背
4766405, 8.0, 3335, 三年K班
2274454, 9.1, 812, 我的爸爸叫焦尼
21321839, 8.2, 2313, 十年一品温如言
6727877, 8.5, 1549, 文艺风象・消夏
5300296, 8.0, 2967, 陪你到世界终结
4152770, 8.6, 1348, 根西岛文学与土豆皮馅饼俱乐部
11588627, 7.9, 3341, 无非求碗热汤喝
6017111, 8.1, 2451, 文艺风象・A梦
20424614, 7.8, 3636, 红
10512506, 7.8, 3574, 世界上的另一个你
2135803, 8.7, 1085, 今天运气怎么这么好
1080758, 9.3, 579, 史努比全集（全25册）
3401258, 7.9, 2993, 小猫杜威
3823070, 8.4, 1440, 最后的精灵
20435568, 8.7, 1003, 我的路7
20428702, 9.0, 727, 踮脚张望4
6712214, 7.9, 2781, 是我W生又怎
3115901, 8.3, 1592, 幸福旅行箱
1797670, 8.8, 876, 兔子屋的秘密
25851002, 8.1, 1993, 世界微尘里
19943826, 8.4, 1295, 找到这颗星球
26844525, 8.5, 1148, 再见，萤火虫小巷
5264089, 7.7, 3383, 痕记
1785508, 8.1, 1876, 今晚去哪里
25732034, 8.5, 1121, 阿狸・尾巴
6735972, 8.2, 1608, 兔子什么都知道
25858916, 8.3, 1411, 感谢自己的不完美
26390229, 8.0, 2084, 把生命浪费在美好的事物上
6431957, 7.8, 2717, 遇见一些人，流泪
10502507, 8.6, 961, 爸爸的木朵
1775024, 8.5, 1069, ，H一下
1145428, 8.7, 850, 我喜欢你
5363651, 7.8, 2658, 浮生物语
26387640, 8.2, 1526, 忧伤的时候，到厨房去
1262171, 8.7, 839, 西安1460
2340082, 9.0, 593, 亲爱的小鱼
5957787, 9.1, 535, 我爱你
26735064, 7.3, 5600, 孤独小说家
10562386, 8.2, 1418, 文艺风象・去看你的演唱会
20418203, 8.3, 1224, 拥抱
25848538, 9.1, 504, 星空
24339872, 7.8, 2106, 至此终年
26255776, 8.0, 1580, 一厘米的阳光
4827792, 8.5, 840, 星星女孩
3040952, 8.8, 609, 团圆
6855851, 8.3, 1055, 文艺风象・TA和TA的猫
6013636, 7.6, 2742, 将爱
4138939, 7.7, 2319, 是日夏茗
1578881, 9.0, 474, 车的颜色是天空的颜色
26337198, 8.8, 566, 多多，爸爸一直在这儿
1917193, 8.7, 621, 从此尽情飞翔
5321168, 8.2, 1077, 绘心2
3420384, 7.2, 4524, 告诉大雄我爱她
4918103, 8.5, 704, 礼物
3854873, 9.2, 349, 高木直子-八本装-精藏版
25775069, 7.2, 4191, 让我留在你身边
25923985, 9.0, 413, 我心中的美好世界
5302084, 8.5, 672, 一夕一夏
26614368, 8.3, 834, SQ从你的名字开始
5363542, 8.2, 928, 绘心
19899834, 7.2, 3922, 只愿你曾被这世界温柔相待
26590271, 8.5, 652, 我的鸵鸟先生
7015296, 7.5, 2382, 最美遇见你
3032883, 8.2, 911, 滴答
6064336, 8.4, 716, 花花世界
1939168, 7.8, 1485, 丢三落四的小豆豆
6560648, 8.5, 633, 教海鸥飞翔的猫
2127202, 7.9, 1271, 蜜蜂的秘密生活
1863402, 7.8, 1437, Wish
3867627, 9.2, 308, 松鼠先生和第一场雪
3097587, 7.6, 1818, 微光
26237097, 7.6, 1803, 尔本
4501999, 7.6, 1787, 日界线
11587591, 7.7, 1537, 想念你的陌生人
26420555, 8.0, 1021, 何必等来生
25714740, 7.3, 2790, 起风了
25789570, 7.4, 2314, 满满都是我对你的爱
1480884, 8.0, 993, 起舞
3526061, 8.9, 371, little thing
1050083, 8.1, 862, 我就喜欢你这样的地方
10862171, 7.9, 1091, 云深处
3111121, 8.9, 363, 黑兔和白兔
20480681, 7.4, 2200, 你当温柔，却有力量
6938349, 7.8, 1193, 遇见一些人，流泪.第2辑
20491988, 8.9, 352, 亲亲木朵
26872990, 7.8, 1171, 余生，请多指教
1916634, 8.9, 338, MI物o行01
20424613, 7.6, 1486, 南法航线
5290239, 8.1, 755, 这一生再也不会有的奇遇
1492928, 8.2, 667, 陪我走到世界尽头
1037589, 6.7, 6794, 天亮说晚安
4730201, 8.6, 425, 有一天
4742289, 8.4, 515, 张晓风精选集
6837942, 9.1, 263, 《我的路》精装辑1
26426662, 8.3, 560, 你看见我男朋友了吗？
5908368, 8.3, 549, 绘心・回家
5976456, 8.2, 611, 绘心・约会
10553200, 9.1, 254, 那些蛋疼的日子
7058700, 8.7, 363, 小的时候
25921293, 6.8, 4702, 愿有人陪你颠沛流离
4167914, 9.0, 267, 酌仔湔浔2000-2002
23134211, 9.3, 208, 还是咬人画的
3015561, 8.1, 649, 第二次握手
26775813, 8.0, 729, 十年一品温如言（修订珍藏版）
26654687, 8.0, 724, 你是我的命运
4920035, 8.5, 418, 超级阿嬷的信
25929667, 7.6, 1171, 你是我学生又怎样
24699104, 7.0, 2869, 你要去相信，没有到不了的明天
5333081, 9.1, 223, 妈妈，买绿豆！
6429571, 8.5, 381, 蝶翅
6817725, 8.7, 310, 薄荷
2059994, 8.1, 560, 只要在一起
6430234, 8.1, 555, 最后一只猫
20273137, 7.8, 780, 伦敦塔集雨人
1011960, 8.3, 438, 在自己的树下
25900190, 6.9, 3019, 应许之日
26802228, 8.8, 268, 寻找光的小女孩
5915725, 8.5, 354, 70分婚礼
25852538, 7.4, 1314, 知日・料理之魂
10827841, 8.8, 266, 生命中一年的时光
6059783, 7.3, 1468, 你好，小确幸
3807007, 8.6, 310, 玛塔・黄金国历险记4
26798331, 8.8, 257, 醒来觉得甚是爱你
26671435, 7.2, 1689, 我们
25975191, 8.7, 279, 家庭日记 森友治家的故事2
24755048, 8.2, 457, 当Bob来敲门
5395947, 9.1, 197, 韩庚・1221
26811332, 9.4, 156, 晚安・当一切入睡
2349302, 9.1, 194, 神奇特e篇(01)
26384985, 7.4, 1191, 我有个恋爱想和你谈下
10789216, 7.3, 1376, 又冷又明亮
26295733, 7.2, 1592, 我知道你没那么坚强
1685299, 9.0, 206, 琦君散文
4267150, 8.1, 478, 小猫奥斯卡
26849452, 8.5, 314, 静默
4050400, 9.1, 185, 爱的3温暖
26335687, 7.6, 854, 我在最温暖的地方等你
10767989, 7.5, 977, 蜗牛食堂
4003002, 8.9, 216, 你睡不着吗?
10742647, 8.1, 464, 那村那人那傻瓜 上
3210034, 8.3, 371, 和你在一起
25978608, 7.1, 1693, 再美也美不过想象
10588842, 7.8, 633, 而我只有你
1940542, 7.6, 809, 上海魔术师
26436743, 7.5, 921, 曾少年
3270647, 7.7, 707, 玛丽莎的心愿清单
5937266, 7.9, 554, 时差信徒
4823348, 8.3, 358, 有一天啊，宝宝
1928154, 9.2, 160, 汪曾祺散文
3651646, 7.9, 542, 精神明亮的人
26422147, 8.3, 349, 晓松奇谈
26808364, 8.1, 430, 四季红
26383805, 7.3, 1177, 很想很想你
3833004, 8.8, 217, 最爱的狗狗就是你
3287218, 7.8, 588, 这一生我愿为你做的123件事
26663951, 7.8, 588, 唧唧复唧唧
26800841, 8.8, 213, Lens・视觉006：我停在你将回来的地方
7175407, 8.0, 463, 漂逝的纸偶
3424697, 9.3, 142, 蒙蒙
25734211, 8.1, 404, 慢慢爱，不慌张
24744442, 7.4, 944, 少女病
26884309, 9.5, 117, 可我还是喜欢你
10736589, 8.3, 311, 远远的村庄
26293066, 7.7, 596, 你是一切的答案
1792544, 9.3, 130, 我一次只为一天的生活担忧
26755989, 8.3, 298, 做一个刚刚好的女子：不攀附，不将就
26379007, 8.5, 243, 过去的，最好的
23765239, 8.2, 323, 世界停在我吻你的时候
3863353, 8.2, 320, 折腾岁月
20504486, 8.4, 256, 医学导论
3731308, 7.6, 610, 1cm
10761530, 9.3, 122, 阿莫的生病日
25774673, 7.8, 464, 我的故乡在八十年代
1213245, 8.9, 161, 礼拜三的糕饼课
10742687, 8.0, 369, 森林都记得
1430002, 8.1, 327, 妖精森林
6509456, 8.3, 266, 猫生十年
1415306, 7.2, 978, 珍珠饭店
6895451, 8.5, 218, 彩虹泪光
2077156, 8.0, 354, 底色
26890756, 8.3, 260, 你是我的虚荣
20275490, 9.2, 123, 《我的路》精装辑2
2224959, 8.7, 181, 塔莎老奶奶的美好生活 2 造你的生活啡
6957284, 8.3, 259, 小情歌
26775412, 9.0, 140, 最朴素的生活和最遥远的梦想
6952107, 7.7, 476, 当上帝是只兔子
26801234, 7.9, 375, 我二十九岁的夏天
26672581, 7.3, 786, 嘿，三十岁
25712323, 8.5, 207, 一个人的美食之旅(第3版)(高木直子首发10周年纪念版)
26293675, 7.2, 888, 晚安，我亲爱的人
20391459, 7.8, 409, 一觉睡到小时候
25931391, 8.2, 261, 我们就是世界
26108383, 6.9, 1332, 人生永远没有太晚的开始
26775414, 8.9, 140, 茶，汤和好天气
24838897, 6.9, 1308, 愿你与这世界温暖相拥
24699085, 7.7, 433, 不允许哭泣的场合
25827271, 7.4, 626, 吃早餐，彻底改变了我
4077636, 9.4, 95, 不一样的卡梅拉 珍藏版Ⅱ
6308784, 8.4, 204, 玉想
6527856, 8.1, 270, 总有你陪伴
3786733, 8.6, 169, 超酷天使大肚子爸
26293455, 7.0, 1027, 我依然爱你，我只是不喜欢你了
26255773, 6.7, 1622, 何所冬暖，何所夏凉
6435569, 7.8, 348, 父母离去前你要做的55件事
25855719, 7.3, 633, 与凤行
26384723, 7.6, 432, 我比谁都相信努力奋斗的意义
20279510, 7.7, 382, 文艺风象
26781744, 7.2, 718, 台北女孩看大陆
10597971, 7.5, 476, 趁一切还来得及
25913805, 6.8, 1296, 对的时间对的人
1288888, 8.4, 185, 半个我正在疼痛
25962890, 7.5, 469, 我愿生命从容
26945144, 9.0, 113, 我只想一个人住在你心里
26740070, 8.6, 153, 我和老爸
25986415, 9.2, 97, 只是想和自己聊聊天
25985525, 7.6, 407, 在世界尽头遇见你
6859470, 8.5, 163, 你猫叔了没？2
1311542, 8.2, 213, 不谈年少的恋爱
6890234, 8.6, 149, 妈妈的银行账户
26934539, 9.3, 89, 长大后的世界
26374356, 8.1, 231, 刚好有你在
26818183, 9.0, 107, 失忆的爱丽丝
23289203, 7.2, 638, 以你为名的光芒
26640094, 7.7, 342, 寂寞是毒，也是解药
4872667, 8.1, 225, 爱自己
25866817, 6.8, 1145, 有些路，只能一个人走
5366003, 8.4, 169, 猫奴契约书
25912268, 8.4, 169, 木朵百睡图
3258922, 9.1, 98, 残狼灰满
25962059, 8.6, 142, 踮脚张望
10511613, 9.2, 91, 高木直子6周年纪念(套装全12册)
24739078, 8.0, 243, 彼年此时
26252929, 7.9, 267, 我只想和你说说话
2241708, 9.2, 90, Marley and Me Life and Love with the World&#39;s Worst Dog (精装)
25767531, 8.9, 111, 你们仨.1
26659614, 7.2, 605, 谢谢自己够勇敢
26419902, 8.3, 179, 明天见
25925198, 7.6, 361, 现在开始，与自己和平相处吧
26220133, 7.2, 589, 把时间浪费在美好的事物上
10586500, 8.6, 136, 四季的幸福烘焙
25982233, 8.6, 136, 家庭日记：森友治家的故事1
26895963, 9.6, 68, 一生有你
3099784, 8.4, 160, 我的雀斑会跳舞
25879449, 8.1, 209, 愿你被这世界温柔相待
5294042, 7.5, 395, 黑兔子・白兔子
20254538, 7.6, 351, 文艺风象
24708303, 7.5, 388, 横道世之介
26693270, 9.1, 90, 人生迎风向前
6998982, 7.7, 300, 闪开，让我拥抱幸福
6048038, 7.5, 374, 这杯咖啡的温度刚好
26838609, 8.6, 128, 猫山狗海，穿越人间
4813673, 7.8, 266, 一期一会好时光
1015459, 8.2, 179, 妈妈的心有多高
26756565, 8.6, 127, 一加一
25948155, 7.3, 470, 每一个优秀的人，都有一段沉默的时光
10443083, 8.4, 149, 洒落的时光
5375611, 7.7, 292, 我就要忘记你了
5325045, 7.9, 232, 暮雪上的晨星
21361336, 8.8, 106, 我妹
4628527, 7.5, 351, 决定要幸福
25959963, 7.7, 280, 深夜面包房・凌晨0点的配方笺
26728018, 6.7, 1048, 你所谓的稳定，不过是在浪费生命
3241746, 8.9, 95, 家庭主夫(01)
4821733, 8.9, 95, 大熊抱抱
25985699, 7.4, 381, 爱就是在一起，吃好多好多顿饭
26831504, 8.1, 181, 喵呜，来摸
6117918, 8.9, 94, 汪曾祺经典作品
1958733, 7.8, 241, 蝴蝶狮
25714279, 7.8, 239, 还能在一起多久
26676298, 8.2, 161, 我要渐渐忘记这个世界了
25981846, 7.4, 369, 这世上的美好，唯你而已
26610688, 8.0, 192, 忘记亲一下
3923761, 9.4, 66, 迪士尼电影故事
3337008, 7.6, 289, 孤单乘客的神秘宴会
26255858, 7.6, 289, 天定风华3・笑忘归（上下）
23122734, 7.5, 323, 时光的旅行
20272103, 7.3, 410, 旧时光的味道
26647328, 8.2, 158, 我虚度的那部分世界
25745287, 9.2, 74, 眼
5355517, 8.3, 144, 失火的天堂
25799743, 7.8, 230, 藤花抄
11523798, 8.8, 97, 今日阿婆金句
25785597, 7.9, 207, 这一天，给你的歌
26944299, 9.3, 69, 我们都是蒲公英，飘着飘着就散了
26369156, 7.6, 283, 猫饭奇妙物语
26683323, 8.3, 143, 你只是还未全力以赴
5360686, 8.4, 131, 动物医院三十九号
26861450, 8.4, 131, 丹麦女孩
26357479, 6.0, 3704, 我与世界只差一个你
26279777, 9.1, 78, 木朵彩虹糖
6425521, 8.3, 142, 姐姐，带我回家
3651484, 8.5, 120, 月下小景
4220253, 7.5, 311, 好喜欢你
26925163, 8.9, 88, 在最好的时候遇到你
3381354, 8.2, 152, 寂寞吗雪人
25923206, 7.4, 345, 只要活着，就会有好事发生
3060928, 8.7, 101, 爱的絮语
26739700, 8.4, 126, 食光深处的温暖
24089617, 6.6, 1045, 世界这么大，还是遇见你
26662988, 8.2, 148, 我明白你会来，所以我等
1082363, 8.7, 98, 大作家史努比
3796502, 8.3, 134, 梦的守护者
1781011, 8.3, 133, 我不困，我不想睡觉
4909422, 8.3, 132, 世界上的另一个我
25905855, 7.0, 540, 青梅竹马，去哪儿啊
26346686, 7.9, 189, 最初的相遇，最后的别离
26266562, 7.6, 257, 所念人，所感事
25790743, 8.2, 142, 总有一个人，爱你如生命
20366739, 7.9, 187, 意外抽得幸运签
3522714, 9.1, 72, 土拨鼠日记
3813664, 8.3, 129, 爱是一捧浓浓的蜂蜜
10488637, 8.7, 94, 守护星星的小狗
24906848, 8.3, 128, 故乡的微光
26858097, 8.5, 108, 你男神凭什么喜欢你
5397304, 8.9, 80, 葡萄
1584476, 8.7, 92, 红发安妮
26823537, 7.7, 216, 微小的命运
26074846, 8.2, 133, 我们的天真填满整个宇宙
10529091, 8.3, 122, 梦想家
26451423, 7.2, 374, 日和手帖005：日用即道
6041914, 8.7, 89, 第一次上街买东西
26596340, 7.5, 261, 只想和你好好的
26737908, 8.3, 121, 你好，抑郁
25943103, 7.1, 418, 温暖灵魂的味道
26579234, 9.1, 67, 蝴蝶狮
26860296, 9.1, 67, 亲爱的日历
5384764, 7.8, 187, 西班牙的陌生人
26774616, 8.6, 94, 你就是答案（情怀版）
26789521, 7.9, 168, 当爱情遇上科学家
26775628, 7.4, 283, 好好地吃一朵西蓝花
26866302, 8.1, 139, 光芒纪?斑斓
26752029, 8.2, 126, 我们无法再享有天真和浅薄
25840763, 7.8, 181, 我们好像在哪见过
26780237, 7.5, 244, 我和厄尔以及将死的女孩
26689237, 8.1, 135, 洁身自爱
3788873, 6.9, 511, 如果梦醒时还在一起
26738158, 9.0, 68, 人生只差好好静度时光
25887385, 8.1, 133, 我想你了，爸爸
3423196, 8.6, 89, 一定要幸福
26422856, 7.0, 438, 我一直在你身边
26266672, 7.3, 298, 你以为没有的，可能在来的路上
23164345, 7.8, 174, 幸福，一手“煲”办
25750983, 8.1, 131, 永远在一起
26448151, 6.6, 778, 离开前请叫醒我
26333102, 7.7, 189, 我不愿让你一个人
4906527, 7.8, 171, 茗想集
24722608, 7.8, 171, 我心安处是幸福
2262164, 8.7, 81, 中国第一套儿童情绪管理图画书2（全四册）
26546692, 8.2, 118, 安然于行的幸福
25785796, 7.0, 421, 既然爱情留不住
26767643, 7.5, 230, 愿所有美好如期而至
26796537, 8.0, 140, 为了你，我愿意热爱整个世界
6390089, 7.8, 168, 悦妈怀孕日记
24732614, 7.7, 185, 一日一生
25693675, 8.0, 139, 晚安集
25795734, 7.8, 166, 看不见爱情的房间
26298016, 7.5, 224, 你在世界的每一处
25857495, 7.6, 201, 未来不迎 过往不恋
3785315, 7.8, 164, 海边的疗伤小屋
6730587, 7.8, 164, 我回来了，阿嬷
25783996, 8.4, 97, 想爱你到老
26340704, 7.6, 198, 亲爱的另一个我
10530041, 7.3, 275, 把耳朵捂住
3527256, 9.0, 63, 我爱我的爷爷
26676261, 8.3, 103, 曾经，我爱过一个少年
4225101, 8.6, 82, 于是，上帝派来天使
26907595, 8.6, 82, 孤独这种病，遇见你就好了
25803377, 7.6, 193, 一起到遥远的地方看一看
26372388, 7.3, 266, 阿狸?呓语
10568097, 9.1, 58, 汤姆的小妹妹
1856490, 8.2, 109, 一个孩子的星星梦
25920516, 7.1, 333, 倾其所有去爱你
26899230, 9.4, 48, 人人心里住了一个不可能的人
26658429, 7.6, 188, 没有人会因为心碎而绝望
5908551, 7.8, 154, 种在时光里的向日葵
24845358, 8.8, 69, 伴夏
10563161, 7.7, 167, 小情人
24754262, 8.2, 106, 臆幻集
26277384, 6.9, 420, 让未来的你，感谢现在的自己
26369876, 7.1, 320, 纵然缘浅 奈何情深
25795075, 8.5, 83, 星期一的斑马线
25794725, 6.6, 639, 生命中最美好的事都是免费的
26289077, 7.6, 179, 这善变的世界，难得有你
26268385, 9.4, 46, 在路上，爱上从未有过的自己
26423164, 7.0, 353, 如果没有你
26610897, 8.5, 81, 快乐就这么简单
23164585, 6.9, 399, 爱自己，好好吃早餐
26688078, 7.8, 144, 我爱你就像十除以三
6520414, 9.3, 48, 父母在世时你要做的43件事
5340971, 7.7, 157, 放下，刹那花开
4253296, 9.4, 45, 波利安娜
26320383, 7.9, 129, 心理医生附耳细说
26675739, 8.3, 92, 朋友是，没有人像我一样在乎你
25717545, 8.4, 85, 附身
20385070, 7.2, 264, 只怕不再遇上
26771781, 8.8, 64, 我把四季用来等你
3243069, 8.3, 91, 101只斑点狗
26825133, 7.9, 126, 猫城七日
25977760, 7.0, 331, 我们都是突然长大的
25772471, 6.8, 432, 唯美食与爱不可辜负
1409154, 8.5, 77, 想北平
1510229, 8.5, 77, 於是，上帝派硖焓
26798155, 8.0, 114, 古拉格气象学家
4303174, 9.3, 46, となりのトトロ
4876939, 8.6, 71, 威尔斯，别怕！被金毛猎犬寻回的奇迹
26366750, 9.1, 51, 只有当心非常安静时
12012526, 7.6, 162, 仿佛多年前
25985522, 7.0, 319, 浅情人不知
25934145, 6.4, 773, 少年博物馆
25709048, 7.8, 133, 再不出发就老了
25832879, 7.3, 221, 愿你与这世界温暖相拥2
25914678, 8.3, 87, 每个小小的人都是一个世界
26600361, 6.8, 413, 疲惫生活中的英雄梦想
1431434, 7.6, 160, 圣诞节清单
25839850, 7.8, 132, 继续走，继续失去的青春
26658038, 9.0, 53, 每一个故事的名字都叫晚安
5328165, 7.7, 143, 那条时光流转的小巷
25720876, 8.7, 64, 十二因缘
26413830, 7.2, 239, 这辈子活得热气腾腾
26599284, 7.3, 212, 临渊（上下）
26689720, 8.7, 63, 好姑娘向暖而生
6541370, 9.1, 49, 一直爱你，永远爱你
26386047, 7.4, 189, 浅爱，深喜欢
25920205, 8.1, 98, 如果没有归途
20488429, 7.9, 115, 前尘・昨夜・此刻
26827190, 8.4, 76, 总有一天你会喜欢我
26324816, 8.0, 104, 亲爱的小孩
25790433, 7.6, 149, 小世界
26611271, 8.5, 70, 外婆，外婆
26856769, 8.2, 87, 邸ばr光
26313146, 9.4, 40, 世界上有另一个我
5413002, 8.4, 73, 张晓风散文
26806925, 9.5, 37, 你一定也最喜欢我
6710495, 7.7, 129, 走呀
26292727, 7.7, 129, 就当一次路过
2369316, 8.2, 84, P.S. I Love You
26303547, 7.9, 107, 希望有个人，爱你如生命
26422110, 9.2, 43, 世界艺术史
26318782, 8.1, 90, 二人饭店
26373384, 7.7, 127, 1cm的美好
26582858, 7.3, 189, 京都里山四季
26878858, 8.5, 66, 恋爱心理学：愿你被男人温柔相待
25926869, 7.5, 151, 那些再与你无关的幸福
26617305, 8.2, 80, 美食近似于爱
26062132, 8.0, 93, 转机
26728849, 7.7, 120, 我在时间尽头等你
26388897, 9.2, 41, 人生就是不断的相逢与别离
25920329, 7.5, 143, 异乡人
25923473, 8.1, 84, 世界上你最疼爱的那个人，还在吗
25800320, 7.7, 118, 遇见时光的慢旅行
25831244, 6.9, 272, 星星上的花
1936363, 6.7, 353, 盛开（AB卷）
25697503, 8.4, 65, 我和狗狗一起活下来
26383818, 8.2, 74, 父性
20261696, 8.1, 79, 我也曾如你般天真
26328820, 7.6, 121, 名捕夫人
2302956, 8.2, 73, 我的家
26363916, 7.7, 110, 李英爱的晚餐
26417097, 7.3, 162, 不再让你孤单
10732225, 6.9, 257, 我在时光深处等你
24758563, 7.5, 132, 樱花落海洋
26430997, 8.1, 78, 鹿鸣1朋友
26599193, 6.3, 613, 我们从未陌生过
2361644, 8.9, 45, Spinoza of Market Street
19957140, 7.2, 178, 没有人是一座孤岛
11637207, 8.4, 62, 明日拥抱
5367140, 7.2, 177, 逆夏
26590015, 8.7, 50, 天亮之后 就会很美
6472009, 7.7, 106, 说好在一起
25896113, 6.8, 278, 眼眶会红的人，一辈子都不会老
25981698, 9.2, 37, 小狸猫的自动售货机
25712479, 7.9, 88, 绘・生活 会・生活：东京TOTORO的水彩物语
26645283, 8.0, 81, 这世上没有毫无道理的横空出世
26287171, 8.4, 60, 天意眷顾，我们终有一天会各得其所
6887597, 7.1, 189, 送你一颗光芒海
26580125, 7.1, 188, 路上有微光
21355911, 7.2, 167, 喜欢你的150个小细节
25851442, 8.0, 79, 1cm+:寻找人生中那1cm的一段幸福旅程
26318884, 7.4, 132, 足足五千年
1400015, 7.3, 146, 吉本芭娜娜的文学世界
26584748, 9.6, 29, 睡宝宝
7058564, 7.7, 99, 第一辩手5・星河的泪痕
1475141, 8.2, 66, 往事恍如昨
26263150, 8.0, 75, 你和那些好时光，总有一天会相遇
26705684, 8.0, 75, 宇宙再大大不过我和你
3129164, 8.7, 46, 安妮的天使
26340583, 8.1, 69, 纯禽史：是窘女啊！
26597968, 7.3, 139, 在薄情的世界里深情地活着
26673003, 8.6, 48, 谁不是一边受伤，一边学会成长
5297233, 7.8, 86, 刹那行年
26752831, 9.5, 29, 礼物来啦！
26791532, 9.5, 29, 让一切随遇而安
26871348, 8.3, 58, 只想和你过好这一生
26060771, 6.8, 237, 我怀念的
11542227, 8.6, 47, 酌仔湔浔2004-2006
25765884, 6.8, 235, 冲绳好好玩
25927346, 7.0, 184, 趁我们还年轻，趁我还爱你
26416036, 7.4, 118, 你不必逞强，时间会为你疗伤
26339165, 9.3, 31, 帕瓦娜的旅程
25923177, 7.0, 179, 你有权以自己的方式长大
5290333, 7.4, 117, 一只雪猫的孤独午后
26295784, 6.9, 199, 去过自己想要的生活
20440818, 8.0, 69, GOGO小萨
26617302, 8.2, 59, 你是我最晴朗的客人
26312424, 6.7, 253, 北京人在北京
25896115, 7.1, 156, 一顿自己的晚餐
26115790, 8.1, 63, 浮云半书
26840198, 8.7, 42, 爱让我们更好了
5420644, 7.5, 101, 态度
25937918, 7.6, 92, 和自己喜欢的一切在一起
26342310, 8.2, 57, 只因单身在一起
26256746, 8.7, 41, 你好！特雷西・桃子镇
26114897, 7.0, 165, 你若懂我，该有多好
26586159, 8.2, 56, 美丽是心底的明媚
26704231, 7.0, 162, 那些生活中最重要的小事儿
26847843, 8.0, 64, 等待提拉米苏
26910320, 9.9, 22, 这本书吃了我的狗狗！
24867995, 8.4, 48, 寻找当下最美的自己
4004848, 8.5, 45, 安妮的盒子
5944586, 8.3, 51, 可不可以不勇敢
26637546, 7.2, 128, 晚安，我亲爱的孤独
26876489, 9.1, 31, 做一个自己喜欢的女子：温柔且坚定
26416973, 8.6, 41, 内在英雄
26615892, 8.9, 34, 像猪一样自在
26678769, 9.2, 29, 阿狸・尾巴
25798920, 6.9, 167, 我的私人劳家卓
25901647, 7.8, 69, 假如，给你一间老房子
26700387, 7.2, 118, 最动听的事
26599991, 7.9, 63, 和二木一起玩多肉II(上下)
26681724, 7.9, 63, 童话镇: 别悲伤，阳光还在温暖
5994838, 7.4, 96, 睡在你的回忆里
25920518, 7.0, 143, 难得一人心
26529839, 8.4, 44, 开一家有故事的咖啡馆
25986171, 7.4, 94, 愿你成为自己喜欢的样子
26361806, 7.4, 94, 若无相欠，怎会相见
4319942, 7.7, 72, 爱情公寓
26641733, 9.1, 29, 谢谢你用一生陪伴我
6434567, 7.4, 93, 我很重要
25790302, 7.8, 66, 红房子
26641865, 7.8, 66, 沉心十年
26879547, 8.4, 43, 一日男友
26661116, 8.9, 32, 怪诞少女日记1
26642346, 9.0, 30, 所有的相见恨晚，都是恰逢其时
26303356, 8.7, 35, 我没有房子，可我有25个大房间
26219396, 7.5, 82, 不打扰是我的温柔
20436780, 8.8, 33, 外面消失了！
25849140, 7.4, 89, 小寂寞
10739319, 6.7, 188, 如果巴黎不快乐Ⅱ
26852972, 9.5, 23, 大熊和钢琴
25985894, 8.4, 41, 麦兜我和我妈妈
26655590, 7.3, 96, 世界不曾亏欠每一个努力的人
25942487, 7.1, 115, 无法靠想象完成的旅行
26288798, 7.5, 78, 你的温度，我的幸福
7154793, 6.9, 141, 你是温暖，逆光而来
25919325, 7.9, 56, 心守一事去生活
25924400, 7.9, 56, 等爱式微
26270618, 7.4, 84, 把心放在世界最温暖的角落
26417925, 7.7, 65, 九州牧云录
26342377, 7.2, 101, 回首又见他
26873192, 8.1, 48, 普通青年回答不了的，就问张公子吧
2220798, 8.3, 42, 短鼻子大象小小
4743846, 8.8, 31, 姆咪谷的夏天
25827526, 6.9, 134, 你只负责精彩，老天自有安排
26834137, 7.6, 68, 时光里的不为人知
26617312, 8.6, 34, 逃离之后
26792605, 8.5, 36, 咬牙坚持，你终将成就无与伦比的自己
26312540, 6.5, 215, 四季锦
26670784, 7.7, 62, 体面的普通人
26611793, 7.5, 73, 人长大了，开心都想哭
26363332, 8.2, 43, 如果从未爱上你
26388902, 9.0, 27, 我们都是借道前行的过路人
26695289, 7.7, 61, 愿你的生活，既有软肋又有盔甲
26844485, 6.8, 143, 我想和你在一起
26720709, 7.0, 114, 恋物物语
26745463, 7.6, 65, 米米朵拉
26266452, 6.8, 141, 如果我是你……
5321847, 9.1, 25, 《雪之女王》
19969338, 6.7, 157, 老婆，跟我回家吧
26355360, 9.0, 26, 世界那么大，还是要勇敢
26696762, 6.6, 173, 寂寞空庭春欲晚
26694553, 7.1, 97, 日落天通苑
25976178, 9.3, 22, 爱心树
26804074, 7.6, 61, 致亲爱的你
26372554, 7.5, 66, 不如温暖过生活
26695154, 7.5, 66, 在无趣的时代活得有趣
25927955, 7.8, 52, 寻味：舌尖上的乡愁
3139661, 8.1, 42, 花草空间巧布置
26663556, 8.7, 29, 时光
25747924, 8.9, 26, 蹲下来和孩子说话
26668822, 7.3, 76, 人生总会有办法
26277143, 6.7, 141, 我若在你心上
26208383, 6.7, 138, 我的世界很小，但刚刚好
26340951, 7.9, 46, 失孤
26592112, 6.3, 230, 这世界，缺你不可
1763181, 8.1, 40, 成长的痕迹
25827537, 7.2, 81, 吃到念念不忘
26638100, 7.6, 57, 当茉遇见莉
26307071, 8.0, 42, 微笑是最好的天气
26826640, 8.0, 42, 咦，你好像喜欢我
26612658, 7.5, 61, 假如爱情听不见
20562858, 8.6, 29, 长腿叔叔
26361375, 7.6, 56, 你值得一切好的生活
26702952, 8.1, 39, 两个父亲
26655222, 8.5, 30, 严晓丽我最亲爱的人
26781148, 9.3, 20, 北京深处
26593129, 7.7, 50, 做内心强大的女子：不念过往，不惧将来
26695147, 7.7, 50, 成长是一件孤独的事
2249977, 8.9, 24, 冬天的故事
26797216, 7.8, 46, 我就喜欢不那么好的你
25984987, 7.3, 68, 最美年华邂逅你
26419609, 7.0, 90, 总有一句歌词打湿你心
26374743, 7.1, 81, 春风不若你微笑
25801171, 7.8, 45, 先吻我
26429871, 7.2, 73, 愿所有的坚持终不被辜负
26682134, 5.7, 545, 我想要两颗西柚
24744707, 7.6, 52, 听话
26472775, 7.6, 52, 梦想是这样成真的
25905982, 6.9, 97, 我想和你好好在一起
26791574, 8.6, 27, 再见，我思念如初的人
26769704, 8.2, 34, 早安，早餐
26292716, 7.4, 60, 低眉尘世，随遇而安
26282914, 6.7, 116, 吻着梦想过日子
6394266, 7.0, 84, 还有一只狗
26649538, 7.8, 43, 想你的时候很美味
26848140, 7.8, 43, 孤独的你总有星辰作伴
1112161, 8.2, 33, 假如我能行走三天
26288006, 7.9, 40, 我们好像在哪见过
25900863, 8.3, 31, 那年冬天，风在吹
6813372, 7.7, 46, 我不是好女生
26640106, 7.7, 46, 生活要有暖和光
26287483, 7.1, 75, 迷失的时候，选择更艰辛的那条路
19946145, 6.5, 142, 终难忘（上下）
25976033, 7.9, 39, 一个人的乡村
26318784, 7.9, 39, 二人饭店
26713296, 7.4, 56, 在很久很久以前
26743413, 7.0, 80, 恋爱这件小事
10569243, 6.3, 176, 出永安记
26411081, 8.6, 25, 爱有止境2：喧嚣
25836449, 6.3, 174, 如果巴黎不快乐Ⅲ
25903029, 8.2, 31, 小猫杰西：因为你我爱上这个世界
26616021, 7.7, 43, 当这个世界多了一个你
26418396, 7.8, 40, 在爱中，我们已然相遇
25981108, 8.5, 26, 水云木石
26765476, 7.9, 37, 姑娘，你比星星还耀眼
26356673, 6.9, 84, 我们都要好好的
26780654, 8.9, 21, 美味岁时记
26314445, 7.2, 63, 这世界教我的事
25728123, 6.8, 92, 台北咖啡时光
26662251, 7.8, 39, 我们说好不分手
26616478, 8.1, 32, 遇见你之后都是好时光
5360857, 8.0, 34, 娃娃亲拯救世界
26578134, 8.0, 34, 无需多言
5375502, 8.2, 30, 巴黎遇见你
26169058, 8.2, 30, 阿乐的手绘旅行日记13天云南悠游记
24532046, 7.4, 52, 妈妈可不可以等等我
26311877, 7.6, 44, 我不知道会遇见你，真好
26742205, 8.1, 31, 你时刻准备着，却错过每个机会
26296033, 7.1, 64, 一念情起
5385461, 7.4, 49, 和花和月长少年
26706788, 8.0, 32, 三只虫草
24529151, 7.3, 53, 直到世界没有爱情
26733292, 7.7, 39, 当我们从路人变成爱人
26364211, 6.6, 103, 星星上的花2
26718809, 6.9, 75, 异乡人
26767250, 8.2, 28, 内战
25997014, 7.8, 36, 再相见时，我将更美好
26318783, 7.6, 41, 二人饭店
10554715, 8.3, 26, 马背上的女孩
6530051, 8.0, 31, 听说每颗星都会寂寞Ⅱ
25915756, 7.9, 33, 顽童小番茄
24323278, 7.3, 51, 妈妈也有想妈妈的时候
25985765, 7.3, 51, 听说你还记得我
25917199, 6.9, 72, 5:2轻断食
26260731, 7.0, 64, 好久不见
1418601, 8.0, 30, Something Blue
25914825, 8.3, 25, 生活是最好的修行：世间爱情的修行课
26342468, 7.7, 36, 亲爱的小孩，原谅我不能陪你长大
26685770, 6.6, 92, 最初的你是我最后的爱
26743705, 7.8, 33, 让你喜欢这世界
26841133, 7.8, 33, 每个人都有故事，却不是他们讲的那一个
26664482, 8.0, 29, 在那里的我们
6394621, 7.1, 56, 爱情，原来是这样的
26593069, 8.4, 23, 微笑的柴犬
26847480, 8.1, 27, 从容的底气
26865859, 8.2, 25, 寂寞太近，而你太远
26042101, 6.8, 71, 世界不及你好
26148560, 7.3, 45, 你是我今生流浪的地方
26363348, 7.1, 53, 完美告别
10430452, 8.4, 22, 一句我爱你价值3个亿
11625292, 6.2, 135, 让我爱你，永远为期
26755552, 8.9, 17, 失落的微笑
26742737, 7.4, 40, 每个生命都要结伴而行
26671445, 7.5, 37, 念念不离心
26870813, 10.0, 11, 拾光来不及 让我从头喜欢你
26381771, 6.9, 59, 和喜欢的一切在一起
26729822, 7.7, 31, 深夜面包房・凌晨2点的转校生
25763794, 6.6, 77, 我把欧洲装进了日记本
25811050, 7.5, 35, 别怕，这个世界很温柔
25813070, 7.4, 37, 写给旧时光，写给回不去的自己
26807404, 7.2, 42, 一只猫的生活意见
26599744, 6.8, 59, 我最亲爱的你
25789303, 6.0, 148, 人生如此艰难
24743322, 7.5, 33, 爱你
26845171, 7.4, 35, 多年前，她曾闯入他的城
26948464, 9.5, 12, 你不会消失
26595221, 7.6, 30, 浮云半书 2
26786056, 6.8, 55, 最是人间留不住
26599013, 7.6, 29, 光影成歌
26606035, 7.6, 29, 好奇地活着
26808586, 7.9, 24, 晚安，这个残酷又温柔的世界
25928092, 6.9, 49, 愿你在平淡的日子里，不忘美好
26789862, 8.3, 19, 我的努力让我舍不得亏待自己
10955007, 8.4, 18, The Fantastic Flying Books of Mr. Morris Lessmore 《莫里斯・莱斯莫先生的神奇飞书》2012年第84届奥斯卡最佳动画短片大奖绘本版
26765486, 8.4, 18, 向暖而生
25848773, 6.6, 63, 我很忙:时光机
26743404, 7.9, 23, 趁时光未老，去旅行
26688095, 6.3, 85, 兔子压倒窝边草
25733354, 7.0, 42, 一叶一心灯
26828520, 7.6, 27, 那些让你痛苦的，终有一天你会笑着说出来
26920207, 8.7, 15, 企鹅课
26852949, 8.1, 20, 为了梦想，拼尽全力又何妨
26891593, 8.0, 21, 捡到只小狐狸
26627716, 7.3, 32, 君心不负相思意
26410268, 7.8, 23, 乖，其实你不用怕
26864798, 7.1, 37, 经年留影
26420894, 6.3, 79, 世界那么大，还是遇见你
26575886, 7.0, 40, 你这么爱我，我可要当真了
26640372, 7.7, 24, 做个光芒万丈的好姑娘
26693113, 7.4, 29, 胧月
26828475, 8.1, 19, 一个人，从心活
25902010, 7.5, 27, 来自你心底的风
26695225, 8.0, 20, 2015中国年度中篇小说（上下）
26312214, 7.6, 25, 倾车之恋
26647807, 7.8, 22, 在路上遇见你
26366821, 6.3, 73, 最初的爱，最后的爱
26169505, 7.5, 26, 我得过最重的病，是想你
26390217, 6.6, 53, 生活必须另有所想
26583935, 8.1, 18, 爱情往东
25916753, 6.7, 47, 时光深处 你我安好
10344039, 7.3, 29, 爸爸是天使
24721225, 7.0, 36, 春江水暖狐先知
26388113, 6.7, 46, 允许自己虚度时光
26600458, 7.7, 22, 咦，被看穿了呢
26327561, 7.3, 28, 冲绳・和岛猫一起散步
26411245, 6.7, 45, 昨夜星辰昨夜风2
26771604, 5.3, 300, 穿越人海拥抱你
26689040, 6.8, 41, 莎乐美汉堡店
25791003, 7.4, 26, 可不可以，你也好喜g我？
23164735, 5.7, 144, 好菜知时节
26354080, 7.7, 21, 路过风景路过你
26905719, 7.7, 21, 解忧包子铺
26256870, 7.2, 29, 绝对不说我爱你
26925001, 8.2, 16, 我的世界从此多了一个你
24396718, 6.5, 50, 刺青
26114620, 6.8, 38, 当冬夜渐暖
26417286, 6.7, 41, 玫瑰之痕
26845389, 8.0, 17, 鲜衣怒马少年心
26411997, 7.6, 21, 有间杂货铺
11633560, 6.8, 37, 水彩画手绘基础入门
26905754, 8.1, 16, 与所有美好不期而遇
26304535, 5.4, 210, 好久不见，秦先生
25906922, 7.3, 25, 枫林渡
26377004, 7.8, 18, 吃货绘旅行
20427242, 7.2, 26, 和一棵树说了一下午话
26381435, 7.0, 30, 民国风尚志
26890721, 7.9, 17, 在这浮华世界里，我只要刚刚好
26668691, 7.6, 20, 原来可以等到你
26706848, 8.0, 16, 蟾蜍和宝石
26140565, 6.8, 33, 你最珍贵
25853255, 7.6, 19, 像本这样的朋友
26421337, 7.9, 16, 喵了个咪2
26591055, 7.4, 21, 《最美的时光》绘本
26281948, 6.6, 38, 天作之合
26577454, 5.7, 104, 当你生病时，你会想起谁？
26801491, 7.1, 25, 听说你命里缺我
26847483, 8.1, 14, 世界因你而温柔
26437101, 7.6, 18, 寂寞的女子都是旧相识
26630615, 7.6, 18, 亲爱的，这世界上本没有对的人
26595739, 7.8, 16, 嘿，小伙子，你当爸爸了！
11533441, 7.4, 20, 苍老之前请你爱我
26615768, 7.1, 24, 时间会给你答案
26308050, 7.3, 21, 要有多坚强，才敢念念不忘
26433071, 7.3, 21, 致最好的你
26280748, 6.0, 65, 和你喜欢的一切在一起
26285572, 6.4, 41, 非你莫属
26712566, 7.5, 18, 内心虚胖的人，需要停下来思考
26644385, 7.6, 17, 也许已是许多年
26717712, 7.6, 17, 就这样心想事成
26456789, 7.3, 20, 让将来的你，感谢现在拼命的自己
26680310, 7.3, 20, 有梦不怕路远
1357182, 7.8, 15, 琦君说童年
25894875, 7.2, 21, 有你，时光恰好（完结篇）
26437222, 7.0, 24, 我的朋友是怪咖，不许笑
26377069, 7.9, 14, 你不曾真的离去
25919915, 5.8, 75, 刺金时代――小时代电影全记录II
2159856, 6.8, 27, 陶奇的暑期日记
26419819, 7.5, 17, 民国爱情
26718234, 6.9, 25, 最爱你的那座城，春暖花开
26381438, 7.4, 18, 待我相思放下，许你浪迹天涯
26666161, 8.4, 11, 帕布罗和他的椅子
25852585, 7.0, 23, 我爱男闺蜜
5359860, 7.2, 20, 小小姐 合订本 第1卷
25955094, 7.8, 14, 愿得时光不轻扰
26818130, 7.8, 14, 姑娘，你不必讨好全世界
26834856, 7.4, 17, 没有你的晚安，我睡不着
20365779, 6.4, 35, 人是会动的树，都有看不见的根
26592978, 7.5, 16, 总有一天，你会活成自己渴望的模样
4145701, 7.9, 13, 春のD安房直子ファンタジスタ
26648206, 7.2, 19, 只想和你好好在一起
26770144, 7.2, 19, 我自流浪，心自远方
25718173, 7.7, 14, 为爱洗手做汤羹
26858652, 7.7, 14, 一生只够爱一人
26861718, 7.7, 14, 此心光明万物生
10491778, 8.0, 12, 田田的日记
26756269, 6.3, 36, 我想和你过好这人生
26753258, 7.8, 13, 君生我未生
26636466, 7.2, 18, 只请爱进来
26792398, 7.9, 12, 姑娘，回到你的星球去吧
26847482, 8.3, 10, 幸福从不缺席
26538621, 7.7, 13, 活着便要温柔相爱
26425479, 7.2, 17, 一个人的绘画之旅
26657402, 7.2, 17, 一人相处，不曾孤独
6403852, 7.3, 16, 下一个天亮
26309546, 6.2, 36, 美人的底气
5347340, 7.0, 19, 意林：小小姐（2010.05-07）（合订本第2卷）
26339253, 7.5, 14, 又得浮生一日凉
26730686, 7.5, 14, 爱情纪念馆
26416953, 5.8, 52, 多想你也喜欢我
26281263, 7.2, 16, 午夜飞行
25791946, 5.5, 76, 终于等到遇见你
26360738, 7.5, 13, Project 30
26775065, 7.5, 13, 何必等明天
26365010, 7.0, 17, 如果可以戒掉坚强
26661131, 7.8, 11, 怪诞少女日记2
26877149, 7.8, 11, 浮生杂忆
23058721, 7.4, 13, 詹特森，谢谢你教会我爱
26398857, 7.5, 12, 放下。爱：暖心经典手绘本
25872779, 6.5, 22, 谢谢你，让我变成更好的自己
26308703, 7.4, 12, 挑战极限
26401655, 7.4, 12, 大城小爱
26592867, 7.1, 14, 装满爱与繁花的旅途
26304295, 7.5, 11, 路过世界的角落
26743302, 7.5, 11, 深深的爱，浅浅的说
25837612, 5.7, 42, 陪伴是最长情的告白
26324056, 7.3, 12, 好想轻轻喜欢你
25865473, 6.9, 15, 半杯暖
26423237, 6.6, 18, 妙手调香
26597854, 7.1, 13, 总有一人，陪你看尽世间风景
26609213, 7.4, 11, 我爱你的10个理由
26665553, 7.4, 11, 因为有你，爱很美
25790215, 7.6, 10, 不忘
26371157, 6.4, 20, 全世界都愿意宠爱这样的你
26657285, 6.0, 27, 唯有你如此不同
25879647, 7.5, 10, 浮石绘 ? 话
26835045, 7.5, 10, 以一朵花的姿态行走
26596232, 7.3, 11, 你所希望的 ，终有一天会实现
26366557, 6.1, 24, 那些只因虚度才有的快乐时光
26615773, 7.1, 12, 为自己喜欢的一切而活
25927534, 6.3, 20, 从我的全世界路过
20506061, 5.5, 39, 像森女一样去生活
26148111, 6.9, 12, 早安！我的植物
25772645, 7.1, 10, 因为爱情
