2017-01-23 16:17:59
Tag: 港台
The number of books: 708 

ID, rating, votes, title
1255625, 9.1, 53455, 天龙八部
1361264, 9.0, 53557, 撒哈拉的故事
3995526, 8.7, 73786, 目送
1002299, 8.9, 47839, 笑傲江湖（全四册）
1090043, 8.5, 83133, 倾城之恋
1255624, 8.8, 43493, 神雕侠侣
3369793, 8.7, 50262, 亲爱的安德烈
6388661, 8.8, 41045, 这些人，那些事
1044547, 8.9, 31245, 射雕英雄传（全四册）
1029111, 8.9, 29022, 哭泣的骆驼
1066462, 8.4, 69222, 向左走・向右走
3604517, 9.3, 13262, 撒哈拉的故事
1212893, 8.8, 26612, 鹿鼎记（全五册）
4207781, 8.8, 24728, 孩子你慢慢来
2068211, 9.3, 11376, 撒哈拉的故事
1963684, 8.6, 32869, 半生缘
1358873, 8.5, 34798, 月亮忘了
1426971, 8.8, 18303, 野火集
1056733, 8.3, 38738, 地下铁
1018577, 8.9, 13767, 霸王别姬 青蛇
2340100, 8.1, 52273, 遇见未知的自己
1070851, 8.5, 23575, 倚天屠龙记(共四册)
1036490, 8.8, 14023, 万水千山走遍
4842446, 8.7, 15629, 巨流河
1021847, 8.5, 21138, 我的心中每天开出一朵花
2022979, 8.1, 41251, 喜宝
1794844, 8.5, 18940, 有一天啊，宝宝……
2136140, 8.7, 13760, 雨季不再来
3344676, 8.1, 34153, 常识
5337248, 8.9, 9255, 台北人
4124727, 8.1, 32659, 孤独六讲
2068249, 9.0, 7479, 温柔的夜
1958227, 8.2, 25339, 那些年，我们一起追的女孩
1070441, 8.6, 12972, 月亮忘记了
1049354, 8.5, 15067, 又寂寞又美好
3699108, 8.7, 10853, 我的错都是大人的错
1422833, 8.7, 10691, 多情剑客无情剑(上、中、下)
1367458, 8.4, 16273, 照相本子
1089512, 8.6, 11813, 陆小凤传奇
3607117, 8.9, 7543, 稻草人手记
1264579, 8.7, 8930, 欢乐英雄
1878708, 8.3, 16478, LA流浪记
1059937, 8.4, 13451, 微笑的鱼
1089521, 8.5, 10833, 楚留香传奇
3642673, 8.0, 23118, 我执
1823349, 9.0, 4808, Happy Birth Day
3713237, 8.8, 6125, 亲爱的三毛
1261153, 8.4, 10778, 青蛇
2136133, 8.9, 5198, 万水千山走遍
1076654, 8.7, 6795, 孽子
1044446, 8.7, 6176, 在黑暗的河流上
1761056, 8.3, 10727, 蓝石头
1791664, 8.8, 4891, 千江有水千江月
2230208, 8.1, 14022, 我的前半生
1065239, 8.5, 7304, 我的宝贝
1024217, 7.4, 51661, 第一次的亲密接触
5337243, 8.6, 5926, 纽约客
4773224, 8.3, 8446, 生活十讲
3698390, 8.6, 5303, 送你一匹马
1062991, 8.4, 7073, 北京法源寺
1049070, 8.4, 7059, 等一个人咖啡
1485495, 8.1, 10982, 楼下的房客
1458164, 8.3, 7891, 她是女子，我也是女子
1057444, 8.5, 5761, 大唐双龙传
1045247, 7.7, 21451, 面包树上的女人
1046172, 8.4, 6451, 流金岁月
1013801, 8.8, 3659, 倾城
1351678, 9.0, 2842, 夏宇集／Salsa
1027247, 7.9, 14126, 丑陋的中国人
1949068, 8.4, 5989, 最好的时光
2295324, 8.6, 4488, 地下乡愁蓝调
6558708, 8.9, 2918, 稻草人手记
4113090, 7.4, 33356, 我们台湾这些年
5289756, 7.9, 12688, 爱的地下教育
1382836, 8.7, 3680, A城
1012203, 7.6, 21610, w寄生
1032581, 8.4, 5529, 胭脂扣 生死桥
2115040, 8.0, 10339, 玫瑰的故事
1026411, 8.2, 7427, 你们 我们 他们
1470158, 8.0, 10227, 圆舞
1288916, 8.6, 4048, 伤心咖啡店之歌
4159088, 7.8, 14073, 理想的下午
2123957, 8.2, 7172, 绝对小孩
5317075, 7.2, 46331, 蔡康永的说话之道
2376336, 8.4, 4954, 未央歌
2034893, 7.6, 18722, 那些男孩教我的事
5367304, 8.3, 5519, 城邦暴力团（上）
1382840, 8.7, 3158, 背影
2254582, 8.9, 2406, 以箭为翅
3880832, 8.2, 6159, 认得几个字
6007431, 8.4, 4505, 我不是完美小孩
1330009, 8.3, 5165, 我的前半生
3662594, 8.1, 6976, 荒人手记
2377012, 8.6, 3354, 聆听父亲
1089518, 7.9, 9549, 萧十一郎
2275502, 8.1, 6832, 十年一觉电影梦
1316606, 8.6, 3165, o奂o
1076045, 7.6, 14968, 连城诀
1068308, 7.6, 14882, 雪山飞狐
1382844, 8.7, 2691, [W
1337296, 8.9, 2069, 射m英雄
3053868, 7.9, 8396, 永不永不说再见
1906681, 8.8, 2210, 猎人们
4208780, 8.1, 5782, 流浪集
1089515, 7.9, 7690, 武林外史（上下）
1705507, 8.0, 6490, 胭脂扣
1668021, 8.1, 5459, 寻秦记
1013001, 7.9, 7454, 森林唱游
1793132, 7.5, 14242, 白马啸西风
1892491, 7.8, 8231, 如果墙会说话
1082369, 8.4, 3289, 滚滚红尘
5367303, 8.4, 3276, 城邦暴力团（下）
4169341, 8.3, 3700, 水问
1096118, 7.9, 6796, 流浪的面包树
3311009, 7.2, 24897, 原来你非不快乐
1028780, 7.6, 11050, 三个A Cup的女人
1382833, 8.4, 3095, 送你一匹R
1089510, 7.8, 7680, 流星・蝴蝶・剑
1038476, 8.7, 2055, 小说稗类
1052380, 7.6, 10590, 飞狐外传(上下)
1341035, 8.2, 3952, 痛快日记
1124305, 8.1, 4453, 扶桑
1351677, 9.0, 1379, 夏宇集／腹Zg
4199685, 7.6, 9996, 我读
1030153, 7.5, 11969, 她比烟花寂寞
2375972, 8.3, 3236, 今朝风日好
3099359, 8.0, 5022, 拥抱
4169342, 8.6, 2164, 女儿红
3673670, 8.2, 3618, 怨女
1082173, 7.8, 6586, 面包树出走了
1370750, 8.6, 2078, 突然我起你的
1731521, 8.2, 3488, 生死桥
1004956, 8.0, 4659, 阿修_
1061572, 8.5, 2294, 随想
1859649, 8.1, 3980, 生命的不可思议
4031698, 7.8, 6235, 读者
2284090, 7.5, 10437, 开到荼蘼
6041686, 8.3, 2862, 父后七日
1440997, 8.6, 1899, 燕子
1032945, 7.7, 6893, 荷包里的单人床
6829323, 7.9, 4885, 我，睡了，81个人的沙发
1444177, 8.6, 1820, 地底三万尺
3880846, 8.7, 1578, 学飞的盟盟
1985973, 9.1, 1006, 渫
3776157, 7.8, 5412, 破事儿
2340955, 7.4, 10691, 暖暖
1396339, 7.7, 6235, 创意市集
6937888, 8.5, 1936, 树犹如此
1322066, 7.6, 7331, 吃南瓜的人
1781120, 7.8, 5192, 可不可以不要上班
3045175, 8.0, 3654, 爱上了你
4881999, 8.4, 2031, 离魂
3073494, 7.4, 9590, 人淡如菊
1322158, 7.7, 5514, 同门
6527141, 8.2, 2526, 停车暂借问
4213445, 8.0, 3329, 击壤歌
2287123, 8.3, 2157, rbr刻
3621252, 7.4, 8818, 曾经
3439437, 7.7, 5181, 阿修罗
1016058, 7.9, 3749, 我们不是天使
1273759, 8.2, 2415, 人在欧洲
1897413, 7.6, 5995, 一点旧一点新
1057601, 7.8, 4194, 半饱
4170274, 8.5, 1577, 只缘身在此山中
1459149, 7.8, 4157, 我想跟你走
1291570, 8.9, 950, 简o散文
4901590, 7.7, 4521, 初夏荷花时期的爱情
1057211, 7.9, 3246, 永不永不说再见
1322328, 7.4, 7393, 不羁的风
1456597, 7.5, 6171, 她的二三事
1062608, 8.3, 1841, 旧时月色
2244170, 7.7, 4356, 电光幻影
4145556, 8.4, 1595, 微晕的树林
2282081, 8.0, 2725, 香港味道1
25764295, 8.4, 1581, 百年好合
1082172, 7.6, 4978, 蝴蝶过期居留
1322342, 7.6, 4952, 花常好月常圆人长久
1024701, 7.8, 3583, 回家真好
1009931, 7.7, 4185, 潘金莲之前世今生 诱僧
3644791, 7.4, 6520, 噪音太多
1316607, 8.5, 1302, 媚行者
1062326, 6.9, 17475, 爱尔兰咖啡
6048071, 8.6, 1136, 七声
1014493, 8.0, 2381, 萍踪侠影录
4621342, 7.8, 3171, 世纪末的华丽
1062235, 7.5, 5082, 卖海豚的女孩
1483923, 7.8, 3129, 雪山飞狐
5337250, 8.3, 1553, 寂寞的十七岁
1499758, 7.7, 3603, 忽今夏
1038267, 7.6, 4044, 人淡如菊
4230591, 7.3, 6776, 我终究是爱你的
1957045, 7.5, 4659, 印度墨
10570257, 7.9, 2478, 特别的一天
1291610, 7.9, 2450, 关于上班这件事
1028916, 6.9, 14327, 雨衣
1353132, 8.6, 993, 沉默。暗　Ｎ⑿　
4732427, 7.8, 2812, 十二味生活设计
1371801, 8.6, 990, 七宗罪
3662581, 7.6, 3734, 巫言
2377014, 8.2, 1568, 阅读的故事
1980585, 7.6, 3672, 寒武纪
4173156, 9.6, 363, 细说红楼梦 1-80回
11527635, 8.1, 1758, 鳄鱼手记
11527634, 7.7, 3082, 蒙马特遗书
1011882, 7.6, 3586, 两个人住
1471809, 7.7, 3063, 饺子
5293823, 7.9, 2265, 四喜忧国
1466389, 8.1, 1696, 我的我的天
4311468, 8.4, 1160, 炎夏之都
1281622, 7.5, 4096, 连环
3166511, 9.1, 545, Instant Light 塔可夫斯基拍立得z影集
1051663, 7.6, 3475, 61×57
4841303, 7.6, 3465, 人情・世故
3410812, 7.4, 4779, 死在这里也不错
1055486, 7.4, 4738, 魔法蛋糕店
1997752, 7.6, 3297, 剪刀替针做媒人
1340986, 7.5, 3862, 你睡不著我受不了
2070128, 9.2, 475, 慰WaC2之⒊鱿愀
2036345, 7.6, 3228, 创意市集2・玩心大发
1829846, 9.2, 467, 慰WaC1
1026855, 7.8, 2317, 黑白异境
1975591, 7.6, 3134, 乐未央
4154985, 8.2, 1332, 天工开物・栩栩如真
1353741, 8.5, 925, 十二女色
10794355, 7.7, 2629, 台湾念真情
5402205, 8.5, 916, 空灵
2086633, 7.4, 4220, 盛夏光年
1996037, 7.5, 3519, 嘘
1864849, 7.5, 3497, 小S之怀孕日记
3866002, 7.2, 5706, 我所爱的香港
1891084, 8.2, 1218, {~手
1349683, 8.0, 1564, y
1784456, 7.5, 3223, 悄悄的一线光
10745270, 7.7, 2345, 只剩一个角落的繁华
1353736, 8.7, 667, 摩擦．o以名
1873874, 7.6, 2705, 盛夏光年
5938219, 7.8, 1993, 昨日书
1817132, 7.3, 4290, 收到你的信已经太迟
5396845, 8.8, 579, 刹那
6889910, 8.2, 1129, 世界别为我担心
1016053, 7.5, 3010, 胭脂
2025188, 8.2, 1084, 故事
1073749, 7.6, 2458, 李敖有话说
5414639, 8.5, 757, 旧情复燃
2265482, 8.1, 1212, 遥远的乡愁
1316605, 8.7, 603, 温柔与暴烈
1054719, 8.3, 933, 古都
1316614, 8.7, 598, 七No默
1748073, 8.7, 594, 从你美丽的流域
1015026, 7.5, 2736, 一个人的KTV
1958312, 7.5, 2727, 关于方文山的素颜韵脚诗
3662614, 7.9, 1492, 淡江记
3228088, 8.2, 1007, 盛世恋
1814264, 8.3, 893, 6868，一起E班去: Tf日 2
6392678, 7.5, 2638, 想念
2060432, 7.1, 5076, 红颜露水
4736082, 7.9, 1430, 像我这样的一个女子
3072374, 8.5, 685, 生於天虻
1104557, 7.9, 1407, 海水正蓝
1289044, 8.1, 1074, 画眉记
5353386, 7.5, 2408, 我读2
6047925, 8.2, 919, 梦游书
6064336, 8.4, 716, 花花世界
5423772, 7.8, 1501, 西夏旅馆
3662629, 8.3, 792, 黄金盟誓之书
2074187, 7.3, 3173, 特首小姐你早
4215678, 7.9, 1273, 我城
1018584, 8.5, 613, 青春念想
1794333, 7.3, 3050, 再e也要
1831760, 8.0, 1086, 弱水三千
3711727, 7.5, 2179, 等待香港
1018416, 8.1, 955, 花忆前身
1499775, 7.6, 1866, 要多美，就多美
6002887, 7.5, 2149, 突然十年便过去
1685483, 7.5, 2139, 不乖蔡康永－同情我可以H我
6026129, 8.3, 739, 高处眼亮
4861485, 7.2, 3400, 就算天空再深
3127122, 7.8, 1348, 公主之死
1484307, 7.8, 1329, 纵横四海
1089509, 7.0, 4766, 圆月弯刀
3872850, 7.2, 3323, 心机母女
3073493, 7.3, 2731, 迷藏
5261729, 7.7, 1475, 志明与春娇
1382832, 8.7, 433, 我的快诽焯
6729209, 7.7, 1364, 遣悲怀
4924857, 7.2, 2910, 每一次相遇都是奇迹
1456627, 7.1, 3445, 小紫荆
1925865, 9.1, 291, 摩西五
3881360, 9.0, 306, L.I.F.E.
1016057, 7.1, 3157, 香雪海
1037857, 8.1, 742, 文字是肉做的
1786649, 7.1, 3072, 天上所有的星
2969113, 7.6, 1395, 意绵绵
3338823, 7.8, 1061, 三月曝书
1062229, 9.0, 293, 六祖坛经 禅说 菜根谭
1339258, 8.6, 423, 後殖民I
5411007, 8.0, 817, 胭脂盆地
3086295, 7.5, 1595, 恨煞
2969111, 7.7, 1185, 情未了
10529099, 8.2, 635, 笑红尘
1066134, 7.7, 1166, 倒数第2个女朋友
1082281, 7.4, 1786, 小S牙套日记
4309094, 8.3, 553, 体育时期
3033671, 7.5, 1476, 江湖有事
1105536, 8.9, 295, 台北人
10440147, 8.3, 530, 世间的名字
7051393, 7.6, 1234, 俗
2344563, 8.9, 290, 邱妙津日(上下)
1498618, 7.4, 1642, _色佳
6101070, 8.3, 519, 滚石30
1002450, 8.3, 517, 悲情城市
1070087, 8.6, 377, 鬼狐仙怪DD三生三世
1499754, 7.3, 1876, 曾深圻^
6314053, 7.5, 1384, 毫无代价唱最幸福的歌
4841292, 7.3, 1870, 十方一念
1077536, 7.9, 793, 在天涯寻觅你
1499781, 7.8, 886, 直至海枯石
6781409, 6.8, 4251, 窗里窗外
1012566, 7.0, 2915, 洛神红茶（痞子蔡）
1205053, 7.4, 1494, 秦俑
6047961, 8.2, 534, 天涯海角
11637051, 8.1, 593, 平壤水族馆
1016062, 7.2, 1998, 异乡人
1762066, 8.1, 589, 逆插桃花
3073492, 7.0, 2711, 痴情司
1016060, 7.2, 1897, 没有月亮的晚上
4189984, 9.5, 158, 周舻文集
7051478, 9.0, 231, 60首
25761068, 8.5, 350, 天桥上的魔术师
1342641, 8.6, 316, 空想科Wx本
3405814, 7.4, 1271, 豆芽集1
3289827, 7.4, 1268, 关于岁月的隐秘情事
1861772, 9.3, 171, ＲＩＶＥＲ’Ｓ５４３
1012221, 8.2, 460, 浮生三记
14449069, 8.0, 567, 春在绿芜中
3035733, 8.3, 405, 蜂蜜G茶
1875187, 8.5, 330, 微晕的树林
1393907, 8.6, 298, P眉女子
1484804, 7.7, 791, 不文集
1484313, 7.3, 1335, LM
4742948, 8.4, 346, 缝熊志
2009489, 8.3, 375, 的孤
3808684, 7.4, 1104, 明暗
1005681, 7.9, 577, 时光词场
1484304, 7.4, 1101, 一千零一妙方
1364785, 8.3, 371, 我城
1001174, 7.3, 1244, B栋11楼
1016061, 7.0, 1929, 小玩意
3105410, 8.8, 222, 房g
1066418, 8.3, 343, 鬼狐仙怪--周醋除三害.绿和尚
1043579, 6.6, 3803, 美容大王
24743163, 7.3, 1117, 世界将我包围
1939451, 8.7, 225, 哀W是童年
1015358, 8.2, 360, 仿佛
19963130, 6.7, 2896, 蔡康永爱情短信
1056120, 7.5, 776, 满洲国妖艳-川岛芳子
4282052, 7.7, 584, 传说
5416544, 6.8, 2164, 风中的费洛蒙
3288165, 7.3, 968, 阿
1922723, 7.2, 1085, 美
25961455, 8.4, 251, 重读
3036230, 6.8, 1951, 恋物百科全书
1426808, 8.3, 272, 我要活下去
1008563, 8.2, 290, 后西游记
2216174, 8.7, 183, 粉红色噪音
1194476, 7.6, 554, 这城市
5355710, 7.7, 486, 时光队伍
1394852, 8.4, 229, 陪他一段
4908970, 7.4, 693, 风格练习
1212453, 6.4, 3656, 蛋白质女孩
3829853, 7.4, 656, 爱的一百个提醒
1484312, 6.9, 1366, 曼陀罗
1288955, 7.8, 399, 一个人
3014502, 8.5, 198, o冥王星
10539598, 7.8, 397, 飘零一家
2155295, 9.2, 112, 牯X街少年⑷耸录
1823875, 7.3, 720, 吻所有女孩
1484309, 7.5, 550, 城
1479190, 7.6, 485, 逛书架
1769541, 8.0, 309, 童女之舞
5910921, 6.8, 1501, 坦白说，亲爱的
1510333, 8.6, 173, 林清玄散文
5336461, 7.4, 597, 读中文系的人
1563556, 8.2, 242, 日本蛋糕名店的私藏秘方
1351961, 9.0, 123, 怎友u造一w核子
3222747, 7.3, 674, 九降风
1484270, 7.0, 1019, 西岸光充沛
3205286, 6.9, 1177, 青花瓷
1010616, 7.9, 317, 我的男人是爬虫类
6864274, 8.8, 139, 我圻^的那r代
1849808, 7.8, 339, 似是故人来
3079907, 8.7, 145, 智慧
3880778, 7.7, 374, 镜中爹
1491373, 7.5, 471, 无爱纪
3314380, 8.8, 132, 相遇
3230417, 8.2, 216, T乏者P
2137153, 8.0, 262, 四代香港人
1786899, 8.1, 226, 又见棕榈 又见棕榈
5312162, 7.5, 427, 一个人的电影 2008-2009
1925111, 7.8, 283, 不如去流浪
4852033, 8.4, 157, 咖啡馆里的交换故事
1829919, 8.3, 170, 一峰一人一Y他
10608441, 7.8, 275, 我们
3438645, 7.6, 327, 靠窗的位子
1484305, 6.9, 819, 一把青云
1048095, 7.5, 362, 叛逆年代
3501595, 7.6, 320, 她
3830429, 7.8, 256, 朱雀
1009147, 8.5, 133, 血路
1473957, 7.9, 226, 慢慢快活
1453084, 8.1, 182, 潮骚
19967508, 6.7, 1014, 我开始轻视语言
1194474, 8.3, 150, 夏飘雪
4126869, 8.5, 125, 0.01的距x
6709852, 7.5, 323, 波希米亚香港
1362588, 7.0, 576, 居太太的情人
1382831, 7.9, 199, 突然身
26363718, 8.5, 116, 谁在银闪闪的地方，等你
3219002, 7.4, 332, 我很好
4233380, 7.9, 190, 梁羽生散文
1063604, 7.0, 542, 斗鱼
1364088, 8.5, 111, v史c怪F：v史，暴力，⑹
1055097, 7.7, 222, 青春
1993800, 6.6, 937, 紫色平原
1484306, 6.7, 767, 银女
26578400, 8.2, 132, 煮海时光
1758568, 7.9, 173, 橡皮章生活s
1008650, 7.6, 234, 火宅之猫
1506109, 7.0, 480, 红耳坠
1358402, 7.9, 171, 互吹不如未
1062352, 8.0, 155, 人间烟火
1915417, 8.5, 101, 桂花巷
3268044, 9.2, 62, 我
5043509, 6.6, 847, 下午茶话题
3432626, 6.6, 842, 德芬郡奶油
3086167, 8.0, 151, 教养可以这么浪漫
6967517, 8.0, 144, 巨大的iZ
4099626, 8.5, 95, John Ho 少年事件
1358403, 7.9, 156, 迷魂
1411194, 8.5, 94, 魂牵
3278238, 8.5, 94, 周代城邦
3330182, 7.1, 365, 四部曲
2214270, 8.6, 85, 始皇(01)
1376930, 9.0, 64, P中
1941018, 7.9, 149, 忘n愁的地方
2130016, 8.4, 97, 史蒂芬・金作
1014090, 8.2, 113, 欢喜贼
1426883, 7.8, 159, 红颜已老
24845767, 7.0, 384, 总有一次哭泣，让人瞬间长大
26279891, 8.3, 99, 台湾，请听我说
1030608, 7.6, 185, 心灵的四季
4221077, 6.7, 542, 方道・文山流
1202511, 7.9, 133, 龙应台评小说
2285006, 8.5, 81, 私房
2268780, 8.4, 86, 屁眼文化
25922753, 8.2, 99, 胡子有脸
2351866, 8.2, 97, 邸⒂望、出的哲W
24851265, 8.4, 83, 朝r
5315068, 8.8, 62, 手帖：南朝q月
3073842, 8.3, 85, |京．角落: 手L_人私房景c之旅
5995076, 7.7, 141, 昧旦书
2251673, 7.9, 114, 台好好玩
3823190, 8.2, 88, 美的曙光
4293260, 9.0, 50, 挖_兔子洞
3842640, 8.6, 64, 行路y
6441134, 7.9, 109, 地D集
1465000, 8.9, 52, 城邦暴力F＜＞
1481542, 7.8, 116, 放B^恚。盒叟手的芾庇事
4213274, 7.3, 186, t
10797617, 7.4, 167, 好天气谁给题名
25704614, 8.5, 64, 神行陌路
11615474, 9.5, 35, 超越音g
21458711, 8.0, 91, 阅读是最浪漫的教养
1368967, 8.3, 71, 台店地D
2381207, 8.0, 89, 出走
22745953, 9.5, 34, 辛波斯卡
2033477, 7.6, 126, 拜！不要每人都一
4115854, 7.5, 137, 下n後的台承÷眯
3530163, 7.9, 95, 前朝
4825365, 7.9, 93, FW
1427950, 7.6, 118, 我刍花世界
5918943, 7.2, 175, 香港三部曲
3567934, 8.8, 47, 最好的r光 01
1337022, 8.4, 61, 布考斯基煮了七十年的一|西
10446423, 8.1, 76, 答同代人
1352994, 7.9, 88, 丝慕巴黎
3266390, 8.4, 60, 一九四九：痕c家文W
4059797, 7.0, 211, 饮食男女A-Z
1966677, 7.8, 94, 反叛的凝
1975667, 8.9, 43, 成椤溉毡救恕
25956951, 8.0, 79, 告别式从明天开始
25922767, 7.7, 101, 手卷
1341890, 8.6, 51, 店L景
1917839, 8.8, 44, 白话史记（上下）
4169250, 8.8, 44, 哲W家c狼
19959618, 8.4, 55, 我的心中每天开出一朵花
1333554, 8.2, 63, 克的哲W
23009793, 8.0, 73, 英子的乡恋
2995429, 7.6, 102, 尖O的自我IW
1799457, 8.3, 58, 仙人掌的自由时光
1353575, 7.9, 78, 明信片旅行主x
1051641, 6.8, 237, 斗鱼Ⅱ
21349790, 7.8, 83, 承J你的
4170301, 8.6, 46, 色盒子
1357749, 9.5, 28, o止在
1829670, 8.4, 50, 在废墟里看见罗马
1451387, 8.3, 53, 逛逛架
24531304, 8.3, 53, 青筋
6808956, 6.5, 312, Moleskine「髌婀P本」的活用g
1765146, 8.1, 60, 我哿_
2345992, 8.3, 52, 痖弦诗选
1473190, 8.4, 48, 笔逗言
1083222, 7.5, 94, 窗外
24319076, 8.4, 46, 洪荒三B
11516838, 8.1, 56, 猿猴志
1122100, 7.9, 65, 昨日历历晴天悠悠
3575234, 7.9, 65, 吃人的街
1369078, 8.0, 60, 恍惚的慢板
2067686, 7.8, 70, 我在此撤x，只留下光
4891115, 7.8, 68, p身（作品集珍藏典版）
6146581, 6.9, 161, 慢慢走
3114877, 8.6, 39, 中国现代史
5377525, 8.1, 54, 笑傲七十年-李敖有话说纪念典藏版（全八册）
4243752, 8.2, 50, 在他l作
4734085, 7.6, 79, 夜玫瑰
3848131, 8.5, 41, Straightly gay 一直?
3218377, 8.9, 32, 白先勇作品集
5949811, 8.9, 32, 茶茗事： 故m茶
2277182, 8.0, 56, 一花一~的紊活
1353426, 7.7, 69, 巧克力全
3189895, 8.0, 54, 孤琴
3861564, 8.4, 41, 大lr期的暨[街
1848525, 8.3, 43, kieslowski 奇斯洛夫斯基
20257973, 8.7, 33, 的故事
1373736, 9.0, 28, 舞Q淡水
1839823, 8.7, 32, 新不如f
1361737, 8.1, 46, 侯孝tHOU HSIAO-HSIEN
1394355, 8.1, 46, 公主匾刮疵
3572089, 7.6, 65, 不用x完一本
3212122, 6.6, 176, 史丹利一定要热血
1360960, 8.2, 41, 影⑹
1438685, 8.4, 36, 历史激流：杨宽自传
6274734, 8.3, 38, 教育不一
2030113, 8.5, 33, 最後的S埔：老兵cx散的故事
25820398, 7.9, 46, 桃花流水杳然去
1379213, 7.8, 49, stalk
4045104, 8.3, 34, 茶餐r光
6788195, 8.4, 32, 忠孝公园
2251685, 7.9, 44, 花草生活家
1343342, 7.3, 69, YILAN的台成活滋味
1964420, 8.3, 33, s@|京
6984813, 7.6, 53, 月的另一面
2271507, 8.7, 26, 法谚
1920284, 7.9, 42, 私房
20563025, 7.5, 56, 茶余酒后金瓶梅
1367071, 8.2, 34, 哨鹿
5990275, 9.0, 22, 裙拉甩
1360940, 8.9, 23, 影是什N？
1993776, 7.0, 85, 此一r也彼一r也
3220317, 8.2, 33, 废
3848885, 7.1, 76, 茶果子
25814439, 7.4, 57, 祖父的六抽小柜
3190064, 7.8, 42, 金庸笔下的人生
3796490, 7.8, 42, 男性多重高潮
3238622, 8.9, 22, S土c中rI的起源
1441897, 6.1, 231, 美丽达人
1753987, 8.0, 35, 痛到d1
4145697, 8.3, 28, V告X媒w
1907808, 7.7, 41, 旅行 奈业姆块g_始
1917471, 7.6, 44, 画中有话
24697463, 8.4, 26, 改世界的f物事典
1367634, 8.2, 29, 喧W以後
3787295, 7.7, 40, G片工
2383182, 8.8, 21, 夜奔（电影剧本）
1223325, 7.4, 49, 杨桃文化・新手食谱系列 29
24816065, 8.5, 24, 何炳棣思想制度史
1384345, 7.6, 42, j望巴黎
1875458, 7.8, 36, 先生
2031675, 7.4, 48, 穿著Vivienne WestwoodR甲的灰姑娘：忠t+30位HI-FASHIONO的ATTITUDE的激M
4097032, 8.0, 31, 怪物描
11507061, 7.9, 33, 一直不手
3152290, 8.3, 25, 墨痕深
1417912, 7.1, 57, 房的16N[
2171666, 6.7, 83, 香港电影史
2381979, 7.9, 31, 一生承教
3718927, 8.4, 23, 也是香港人──七字^的新移民I
2275854, 7.5, 40, 我旅途中的男人。
1438698, 7.4, 42, 浮城志异
3143426, 7.9, 29, 本土述 2008
4256080, 8.1, 25, 走出政府部
3121644, 7.9, 28, 阿鼻(一)---ひ
2973399, 8.2, 23, 液B之
3877171, 7.7, 31, 香港歌~зp
1364101, 8.1, 24, 好书太多，时间太少
2139895, 8.1, 24, 淡之：中思想c美W
3121623, 6.8, 62, fq
5355493, 8.4, 20, 大河尽头（下卷：山）
3272150, 8.3, 21, 香港有文化――香港的文化政策(上卷)
4922527, 7.9, 26, 有在歌唱
1786505, 7.7, 29, 原l人
1853964, 7.7, 29, 秘密假期
2302031, 7.9, 25, 就是想回家
1926147, 8.4, 19, 黑暗r代群像
3053420, 7.0, 46, 江湖夜雨十年灯（上下）
1845926, 7.8, 25, s
4140350, 8.4, 18, 歧x
3144286, 7.8, 24, 她睡著r他最鬯
6531074, 7.5, 29, 爱的八日流浪
1470236, 7.7, 25, 性史2006 : 16篇真性告白
1790464, 7.4, 30, ex
3111740, 7.8, 23, P台司令什N事啊
1007880, 7.1, 36, 穿越仇恨的黑暗
6120786, 8.3, 17, 清末民初的Z
26590090, 7.7, 23, 蔡慧贞@台湾设计力
3056267, 7.6, 24, 漫画教学后天美女养成班――magic保养书
1360943, 7.8, 21, 度外
2146592, 6.8, 42, 甜c革命
2076949, 7.6, 23, 艺术.自然.自我
26426955, 7.6, 23, 一身w人
2157301, 7.9, 19, O生活市集901
2155831, 7.5, 24, 日本s散步
1362553, 7.8, 20, 守TT的焦]
1046529, 7.6, 22, 男痴女迷
6873694, 7.2, 28, 病夫、Sc睡{
1471462, 7.9, 18, 游@台吵鲅
10543658, 7.7, 20, 慢行。不丹
5966493, 6.6, 44, 陪你走中
25859612, 7.9, 17, 大陆台湾一百年
1862081, 6.4, 50, 尚未打烊
3836217, 6.9, 32, 啊u@就是香港
25862675, 7.0, 29, 美德
1401345, 8.2, 14, {{石T
3190738, 7.7, 18, 京都漫[帖
2297807, 7.8, 17, F在日
3072398, 7.8, 17, 帝国主义
1409237, 6.5, 42, 香港骑士
1336699, 7.8, 16, f
1368348, 7.8, 16, 是或一c也不
2125301, 7.1, 23, 大人的旅行法
26314560, 7.7, 16, 音反v史
1851183, 7.8, 15, 晚学盲言
3169251, 7.8, 15, 西洋哲学故事
25953441, 7.2, 21, 在巴洛克cU之gふ译影的空缺
6716683, 5.9, 65, 敦煌语丝
1369774, 7.5, 17, 香港老照片
4714028, 7.5, 17, 微n: 那些o事在台北走路r想起的小事
1331636, 8.1, 12, 反美W
25805124, 7.4, 17, 哀浮游
4820941, 7.5, 16, o巧不成
20470126, 7.2, 19, 粝胪淼涿
1336583, 7.6, 15, 北W:冰c光最美的偾(彩D版)
1362099, 7.6, 15, 班雅明作品x
1594609, 7.5, 15, 台湾创意百科―广告创作・1
1982494, 7.5, 15, WITTY DESIGN OBJECTS ~s下城意O
1332546, 7.6, 14, 星星的孩子
1342542, 7.6, 14, 波不曾l生
1472241, 7.9, 12, 巴伐利的{光
1740818, 7.3, 16, 凵D^
1861788, 7.4, 15, 文化想像c意R形B - 代香港文化政治u
3806343, 7.4, 15, 致同代人
4047782, 7.5, 14, 同志性勐}
5260169, 7.5, 14, 如何v史
1947157, 8.0, 11, 没有故事的故事
1419645, 7.6, 13, miaosI
5283652, 7.6, 13, 小影W
10876931, 7.6, 13, 遇见西藏
6889379, 7.2, 16, 本的危C
1374800, 7.3, 15, 宇宙．T神．人
1190471, 6.9, 19, 亲爱的风流人物
2040099, 7.9, 11, y迷（第一卷）
3439375, 7.4, 14, 木c夜孰L
4317596, 8.1, 10, t粑饔斡
3770078, 7.5, 13, 德勒．巴洛克．全球化
4050681, 6.3, 29, 不一样的景观
1866851, 7.2, 15, 香港：大英帝殖民r代的KY
2209630, 7.8, 11, 教B
10559781, 7.3, 14, 代史W研究的荨⒎椒ㄅc`
1888704, 8.0, 10, 足球
1352707, 7.7, 11, 年aW派管Q
1828006, 7.7, 11, e的L景
3010586, 7.9, 10, 自己治幕：九零年代的派εc革命
3112437, 7.5, 12, 今日，何^v史?
3450198, 7.5, 12, 永久居留
1280935, 6.5, 22, 水果妹水嫩瘦身书
1338089, 7.6, 11, 博物^W
1981287, 7.6, 11, @N}你也敢
1347966, 6.9, 16, 35N健康米煮法
3708296, 6.9, 16, 台湾小吃料理王
4749231, 6.9, 16, 序之P於
2072309, 7.4, 12, 巴黎味
24861099, 7.4, 12, 罘搽影rg
3131372, 7.5, 11, 怎N有人研究@
2228603, 7.7, 10, 培根L
1367906, 7.1, 13, 柯比意－城市．跬邪钆c超F主x
1963556, 7.1, 13, f人：xcu合集
2982646, 7.6, 10, 遇见大师流泪
26028034, 7.6, 10, 列的墓：一座共a帝的崩（下卷/全裕
1340749, 7.2, 12, 建B影W
5968317, 6.5, 18, 孔雀男与榴女
1362819, 7.5, 10, 重x石^
2067984, 7.5, 10, 洲去魔化
2972758, 7.5, 10, 哈佛ZDv座之大cT徒
26280375, 7.5, 10, 我的葡萄酒生活提案
1336720, 7.3, 11, u^花
3649895, 7.4, 10, 晚宋朝臣是的h――理宗r代的和稹⑦防c流民
26461119, 7.3, 10, 香港模式
1336584, 7.0, 11, 北W:湖c童_的王(彩D版)
1036262, 5.5, 34, 雪天使
