2017-01-23 16:17:59
Tag: 漫画
The number of books: 976 

ID, rating, votes, title
1221515, 9.5, 26483, 灌篮高手31
1474773, 9.5, 25263, 海贼王
1204889, 9.4, 27541, 机器猫哆啦A梦23
1389960, 9.2, 22054, 七珠 34
1066462, 8.4, 69222, 向左走・向右走
1337297, 9.6, 9965, 篮球飞人
1102403, 9.6, 9235, 机器猫哆啦A梦（共45册）
4188697, 9.1, 16416, 子不语(1
1474842, 9.1, 16288, NANA（1-13）
2064977, 8.9, 21467, 死亡P 1
1002898, 9.1, 15616, 父与子全集
1421921, 8.9, 20555, 幽游白书（全19册）
11622283, 9.2, 13027, 滚蛋吧!肿瘤君
4934332, 9.2, 12691, 子不语3
20470917, 9.0, 13986, 深夜食堂 01
1474688, 9.1, 10735, C器娃娃(1)
1226062, 8.9, 13921, 棋魂・光之棋（1）
1475477, 9.3, 7925, y魂
1180102, 8.9, 13764, 恐怖宠物店（10）
1937357, 9.4, 6603, 萤火之森
1388169, 8.6, 20392, 乱马1/2
1853785, 8.7, 17065, 天是红河岸
1424555, 8.9, 11341, HUNTER X HUNTER 1
20470916, 9.1, 8102, 深夜食堂 02
1418297, 9.1, 8041, 蜂蜜c四~草 1
1440589, 8.7, 14195, 浪客剑心
1364773, 8.9, 9934, 之金g 1
1452610, 9.2, 6442, x (1)  アフタヌ`ンKC (255)
1440468, 8.9, 9665, 漩涡
1459623, 9.4, 4772, 20世o少年01
3128104, 9.0, 7902, 游园惊梦
20470913, 9.1, 6753, 深夜食堂 03
1419736, 9.4, 4529, MONSTER-怪物-02
26602392, 8.8, 9556, 你今天真好看
1138986, 8.7, 10808, 名侦探柯南42
1180108, 9.0, 6985, 恐怖宠物店1
1394253, 8.7, 10702, デスノ`ト 5
1424694, 8.9, 8006, 天堂之吻 (Vol. 1)
1370274, 9.2, 5351, Level E
2043313, 9.2, 5242, 妖怪Bj簿 1
20470914, 9.1, 5938, 深夜食堂 04
1369777, 9.0, 6476, NANA 12
2285572, 8.7, 9711, 圣传
2025999, 9.8, 2382, 灌篮高手（全31卷）
1329941, 8.6, 10851, |京BABYLON (Vol. 1)
2360269, 9.3, 4087, タッチ 完全版（1）
4071859, 9.3, 4071, 我在伊朗长大
1439216, 8.6, 10489, 伯爵[ ~ 诅咒之子
3095638, 9.2, 4481, 同生
2334065, 9.4, 3448, 塔希里亚故事集
1467333, 8.6, 9481, 圣传画集
2171321, 8.4, 12903, 找死的兔子
1439894, 8.7, 8063, CLOVER（VOL.1--4）
1006639, 9.2, 3720, 蜡笔小新（全32册）
10529412, 9.2, 3685, 深夜食堂 06
2065597, 9.3, 3123, 浪客行 1
1481362, 8.5, 9010, 城市猎人
4186113, 9.5, 2325, 卒I生?春?  ＥＤＧＥＣＯＭＩＸ
23780875, 9.1, 3691, 深夜食堂 05
2067269, 9.4, 2558, MONSTER-怪物-01
1442678, 8.6, 6989, ~
4186109, 9.5, 2195, 卒I生?冬? ＥＤＧＥＣＯＭＩＸ
10759773, 9.2, 3083, 深夜食堂 07
1873281, 8.7, 5813, 少年残像
2129427, 9.0, 3869, 三毛从军记全集
1442680, 8.7, 5642, 伊藤二恐怖漫精x【1】
1436657, 8.9, 4185, 寄生F (完全版) (Vol. 1)
6967919, 8.7, 5411, 长歌行 01
1401840, 8.2, 11385, 天使禁C^
1416964, 9.2, 2800, H2 好逑p物Z 32
1536907, 9.1, 3140, 金刚葫芦娃
1458192, 8.3, 9101, 犬夜叉01
1082404, 8.4, 7312, X.1
1392604, 8.6, 5448, 金田一少年事件簿①
1769765, 9.2, 2486, 我在伊朗长大1
4324975, 8.7, 4651, 下垂眼
3114959, 8.9, 3572, 至死不渝的
10580806, 8.8, 4042, 长歌行 02
21349346, 9.1, 2753, 坂本ですが? 1
2350079, 9.1, 2616, 婆娑罗
1467239, 9.1, 2599, 铳梦
1210303, 8.9, 3289, 名侦探柯南1
1753798, 8.5, 5626, Zetsuai 01
26755503, 8.9, 3166, 我可以咬一口吗
23780881, 9.1, 2405, 深夜食堂 08
3714244, 9.6, 1366, 十日后
3215305, 9.1, 2359, どうしても触れたくない
2130986, 8.2, 7976, 美少女战士（全18卷）
1428691, 9.1, 2333, GON
1461583, 9.3, 1839, 火P燎原 1
1009273, 9.1, 2307, 三毛流浪记（全集）
1440553, 9.0, 2560, 淘庑∮HH01
1410555, 9.4, 1620, 20世o少年18
3114975, 9.0, 2544, 人^馇
1891870, 8.9, 2835, 蹦蹦跳跳的仙太郎(1)
20390101, 9.1, 2221, 深夜食堂 10
11639625, 9.1, 2220, 深夜食堂 09
25775445, 8.9, 2802, 睡不着：Tango一日一画
1814127, 8.4, 5331, 樱兰高校男公关部 vol.02
2123957, 8.2, 7172, 绝对小孩
1848193, 9.3, 1675, PLUTO 001
1427788, 8.1, 8214, 死神01
1481371, 8.6, 3919, 封神演x 1
11619743, 8.8, 3001, 长歌行 03
1769767, 9.3, 1664, 我在伊朗长大2
1764915, 8.3, 5960, I&#34;s
1437131, 8.8, 2969, 80℃ 第1、2册
1434525, 8.2, 6814, 记得
1369776, 8.7, 3317, 近所物Z
1540211, 9.4, 1455, 丁丁历险记（共22本）
1919644, 9.3, 1588, Ｊのtて　１
6890451, 9.2, 1770, 外天楼
1921479, 8.2, 6497, FF公子
1947668, 8.9, 2459, 纽约纽约
1193821, 8.0, 8777, 最游记
1781300, 8.5, 4102, 玛塔
1351652, 8.5, 4099, 路德S希革命1
3337017, 9.4, 1381, 塔希里亚故事集Ⅱ
1582541, 9.2, 1707, 樱桃小丸子（全20册）
1442697, 8.9, 2413, 伊藤二恐怖漫精x【7】
1458188, 8.7, 3062, 人~之森
1769769, 9.2, 1680, 我在伊朗长大3
1441241, 8.5, 3959, 富江
2361442, 9.1, 1864, 骨の音
1442681, 8.8, 2626, 伊藤二恐怖漫精x【2】
1499152, 8.9, 2317, KISS
3091122, 9.0, 2053, 百鬼夜行抄1 [|立]
3114955, 8.8, 2577, ~2
1769773, 9.2, 1606, 我在伊朗长大4
1436862, 9.3, 1429, バガボンド (20)
2063819, 8.0, 7925, 偷偷爱着你
1964044, 8.4, 4273, 新撰组异闻录
2267648, 9.1, 1755, 天堂之吻
1458194, 8.9, 2195, 相聚一刻（1）
1478505, 8.6, 3188, 小甜甜
6114393, 8.1, 6386, 大家都有病
25709685, 9.6, 997, 守望者 上
1458193, 8.8, 2387, Cipher 1
1773419, 8.8, 2386, 近所物语
1016845, 9.1, 1658, 史努比黄金50年
4282178, 9.2, 1479, あなたのためならどこまでも
10945834, 9.4, 1194, 蝙蝠侠：黑暗骑士归来
3395865, 9.1, 1640, 北O熊 café
1418053, 9.1, 1633, 思考少年1
2257902, 9.0, 1815, 只想告V你01
10543300, 9.3, 1296, 月刊少女野崎くん 01
2271582, 8.4, 3867, 又来了，找死的兔子
1437152, 8.9, 2008, 80℃（3、4）
1467599, 8.8, 2261, JOJO的奇妙冒U(01)
1389535, 9.0, 1740, 百鬼夜行抄12
1830208, 8.3, 4261, 尼罗河的女儿（第一部）
20416178, 9.5, 1009, 胜滕Bは羽ばたかない 1
20469374, 8.8, 2137, 长歌行 04
1874974, 8.5, 3112, 火影忍者1
3242168, 8.6, 2727, 长安幻夜(1)(2)
4219728, 9.4, 1084, 塔希里亚故事集Ⅲ
2078991, 8.7, 2384, 绝爱-BRONZE-
5906052, 8.5, 3073, M舻木奕 01
1457226, 9.2, 1323, ROUGH
1947471, 8.0, 6290, nの封印
1898609, 8.1, 5341, 吉祥寺咖啡屋
3854850, 9.4, 1059, 阿拉蕾全集
1431629, 8.6, 2620, xxxHOLiC(01)
4075203, 9.1, 1425, 鼠族（一、二部）
1337279, 8.6, 2568, 之
1844449, 9.0, 1574, 日出Iの天子 1
2344128, 9.2, 1255, 21世纪少年上
26695174, 9.0, 1552, 灯塔
25907864, 9.6, 834, 守望者 下
1449957, 9.1, 1353, 烙印勇士1
3376905, 8.5, 2759, 绝对小孩2
2003176, 8.9, 1664, 秘密 －トップ?シ`クレット－ 1
3334382, 9.0, 1468, 世界第一的初恋
1020407, 8.8, 1821, 庄子说
7058064, 9.4, 941, y之匙 01
5360394, 9.7, 699, 塔希里亚故事集Ⅳ
6784859, 9.3, 1020, KYLOOE・忧郁的蜻蜓
1495303, 7.8, 7120, 魔卡少女樱
1417577, 8.7, 1934, 庸才 1
1370245, 8.8, 1715, o限之住人 12
1386229, 8.7, 1925, 漂流教室(1)
3545614, 9.1, 1195, 爆漫王。(01)
1439687, 9.6, 724, Monster
1458341, 8.6, 2112, 禁
5354510, 9.0, 1297, 花のみぞ知る 1
4055487, 8.3, 3051, 伊藤二的日
3059083, 9.0, 1266, LIAR.GAMEⅠ
4846010, 9.4, 829, 百姓F族(01)
1418826, 8.4, 2577, 西洋骨董洋果子店
26314627, 8.9, 1391, 万物：创世
1857022, 8.8, 1529, 大剑 1
10529543, 9.1, 1095, 蝙蝠侠：第一年
3113728, 9.3, 880, REAL(04)
1029149, 8.4, 2451, 乌龙院(1-6)
2284843, 8.9, 1326, 80℃ 第5、6册
2975917, 9.2, 955, MAGIC
1006418, 8.8, 1471, 老夫子
3213367, 9.0, 1166, 昨日的美食 01
24883003, 8.8, 1451, 长歌行 05
2244267, 9.2, 935, 少年同盟 1
1049463, 9.1, 1033, 神奇宝贝特别篇（全23册）
3114973, 8.6, 1788, 快返氖罴
1007890, 8.4, 2300, 什么事都在发生
2132095, 8.4, 2296, 我和她的xxx
1424501, 9.2, 906, 四~妹妹
11606761, 9.0, 1111, 下垂眼VOL.2
2138225, 8.6, 1756, 白雪公主
25701102, 9.0, 1100, 深夜食堂  11
1440992, 8.2, 2917, 一天
2209776, 9.4, 728, 竹光侍 1
2975856, 9.2, 879, 22XX
2066868, 9.4, 716, 火B(1)
1983031, 8.9, 1196, 大奥 (第1)
3313342, 9.0, 1069, 3月的{子(01)
1389456, 8.2, 2828, 火影忍者26
25818005, 8.9, 1185, 长歌行 06
1092614, 9.2, 858, 蔡志忠古典漫画（全八册）
1689108, 9.1, 945, 名侦探柯南原画全集
1788132, 9.0, 1048, ノアの宇宙船D清水玲子茏骷
3150093, 9.5, 637, 色短篇集1-牛面人的大餐
1456203, 9.0, 1034, y河F道999 （1）
2039490, 7.9, 4236, 灵猫
1103990, 8.3, 2351, 阿衰on line之一
11632564, 9.0, 1011, 蝙蝠侠：缄默
1417778, 8.8, 1259, 17青春遁走 (Vol. 1)
1872739, 9.1, 893, v史之眼(01)
10571368, 9.1, 888, 空と原
2994917, 8.9, 1095, 郾┚ 3
3004200, 9.1, 882, Orso e intellettuale
3135034, 8.4, 1956, GANTZ⒙径际(01)
1578115, 8.4, 1916, 金刚葫芦妹
1467492, 9.0, 945, Blame! 1
1482502, 8.6, 1471, Pyongyang
4809796, 8.2, 2431, 韩国漫画血型书
25733467, 9.1, 838, V字仇杀队
1417225, 9.1, 836, 五星物Z(10)
4739494, 9.3, 684, 姊嫁物Z 01
3437246, 8.1, 2760, 夏达短篇漫画集(共2册)
3570406, 9.0, 919, うさぎドロップ 1
1048692, 8.8, 1101, 六祖坛经
2301377, 9.2, 721, 玛法达
2170344, 8.2, 2248, 傥镎Z 01
1466494, 8.7, 1180, 天然少年
3122422, 9.3, 631, 五星物Z(01)
4241767, 8.7, 1173, 邻座的怪同学 1
3408092, 9.4, 568, LEVEL E（全3册）
2072259, 8.7, 1157, A札
1416955, 9.2, 683, 和3
1455527, 9.4, 565, L之谷1
1424570, 8.6, 1267, 多重人格探丧单ぅ (10)
6517431, 9.1, 735, 北O熊 café 草莓味
7056972, 9.4, 549, 塔希里亚故事集Ⅴ
1948849, 8.0, 2730, 星座宫神话
25982252, 8.9, 876, 蝙蝠侠：致命玩笑
1800714, 9.0, 789, 东京80年代
4061279, 9.5, 483, 怪物特e篇：]有名字的怪物
1080758, 9.3, 579, 史努比全集（全25册）
1582254, 8.5, 1352, 奏家族01
10443588, 9.1, 700, 孤高之人 the climber 1
4047026, 8.8, 950, 世界末日c黎明前
2382074, 9.2, 625, 画集 百鬼夜行抄
1436997, 9.1, 689, 17青春遁走 (Vol. 6) (完)
1227986, 9.2, 624, 护生画集
1422017, 8.9, 831, O先生
20390735, 9.3, 559, ワンパンマン 1
26603439, 9.1, 677, 黑猫侦探 II：极寒之国
1476003, 8.8, 919, 者1
4727293, 9.4, 503, 理解漫画
6856422, 9.1, 661, }☆哥 01
26370164, 8.9, 805, 长歌行 08
26376049, 9.2, 596, 阿兰的战争
14278383, 8.6, 1090, 小丑丹尼
3533014, 9.4, 483, 20世o少年(ビッグコミックス)全22+21世o少年 上?下
3129820, 9.2, 580, 超智[(01)
4847858, 9.5, 436, 浪客行 2
3421741, 8.9, 770, 王黑
26371105, 7.8, 3052, 就喜欢你看不惯我又干不掉我的样子
1483797, 8.8, 832, 多重人格探丧单ぅ (1) (角川コミックス?エ`ス)
1946382, 9.0, 676, SOLANIN(01)
26369210, 8.5, 1154, 黑猫侦探 I：阴影之间
3726316, 9.8, 324, 郎雀
1291610, 7.9, 2450, 关于上班这件事
25946417, 8.7, 886, 长歌行 07
1906406, 9.2, 525, 甜甜私房 (全彩色漫) (Vol.1)
3176553, 9.1, 568, 博默示(01)
4066638, 9.4, 431, 宇宙兄弟1
1080586, 8.8, 766, 世说新语
2972043, 8.6, 944, ⒉菁
1002914, 8.5, 1057, 老夫子（共十册）
25934646, 8.6, 942, 咦，被发现了呢
3172176, 9.2, 509, F魔都(01)
1968420, 8.7, 837, 魔音少年
3245942, 8.3, 1327, 黑背糗事录
3373890, 8.9, 673, ネムルバカ
1466389, 8.1, 1696, 我的我的天
1045718, 8.5, 1029, 菜根谭DD人生的滋味
5992519, 9.3, 452, 乒乓 VOL.1
25895602, 9.5, 375, 月刊少女野崎くん(5)
6395329, 8.4, 1130, 盗墓笔记1
3176893, 9.0, 589, 豪生死Y(01)
20255214, 9.1, 528, KYLOOE 2・绿色隧道
2127207, 8.6, 865, 杀手阿一
25702287, 9.0, 567, 小丑丹尼2
1626776, 8.4, 1077, 阿衰on line
25829389, 8.9, 620, 深夜食堂 12
2994137, 8.6, 849, 深海鱼男
1213700, 8.3, 1202, 阿衰on line之二
3071150, 9.1, 506, 江舯I\F五~ 1
6998404, 8.7, 753, 艳势番1
1776127, 8.6, 837, |京鄣墓适 1
2077187, 9.1, 502, 交情人
1821423, 8.9, 608, 燕京伶人抄
1399945, 9.1, 498, 新暗行御史(共17册)
1370244, 8.3, 1168, 末日(10)
4309266, 9.3, 412, 拜见女皇陛下 1
1442676, 8.4, 1020, U柴同盟 1
26383997, 9.1, 483, 天国降临
1872343, 8.5, 893, ^望先生 01
2228794, 8.8, 645, 西[奇 大猿王 (1)
2143465, 8.7, 715, 我的存在 1
1471532, 8.9, 582, 去吧！！稻中桌球社(01)
2256243, 8.0, 1644, L是女W大人 Vol.01
1521216, 9.3, 399, 海贼王原画集
3223666, 9.4, 365, 郅工伽娘たち
1614439, 9.1, 476, 商店照明
26589018, 8.6, 783, 别做梦了
2238936, 8.5, 871, 簸韦もちゃ工
3789596, 9.0, 514, BILLY BAT 1
6790841, 9.1, 465, 水域（上）
19949958, 8.4, 962, 暗⒔淌 1
19974860, 8.6, 765, 孤的美食家
3373869, 9.2, 419, 女W咖啡d(01)
1937582, 9.2, 411, 父之
3819053, 8.8, 601, 少年よ耽美を描けDBOYS BE TAMBITIOUS (1)
1763759, 8.7, 664, N薇色ノ怪物
3071759, 8.0, 1500, 百物语
2128365, 8.5, 811, 漫画PARTY-阿衰ON LINE 8
1437776, 8.9, 533, 哆啦A梦秘密道具完全大事典
4319106, 8.6, 720, 元气少女缘结神 Vol_1
2176700, 8.1, 1292, 鬼吹灯之精绝古城（上下）（漫画版）
5367332, 8.4, 889, 请叫我英雄 Vol.1
3094201, 8.9, 520, 晚安，布布(01)
5393797, 9.0, 472, 道少女漫画
3183363, 9.4, 329, 火鸟
1010128, 8.1, 1259, 源氏物语（共七册）
26662689, 8.8, 568, 画的秘密
2209798, 9.5, 301, 竹光侍 2
26684198, 8.5, 779, 一品芝麻狐
1995171, 9.1, 424, 魅 1
3114957, 8.7, 618, 隧道奇T
3590397, 9.0, 457, flat 1
5293819, 8.4, 850, _R浴 Ⅰ
4858823, 8.6, 668, 人g失格 01
3134191, 8.5, 733, 少女椿
1067728, 8.6, 653, 六朝怪谈
2050761, 9.2, 365, 怪医黑杰克1
2978969, 8.4, 794, 守o她的51N方法01
3059928, 9.4, 298, LIAR.GAMEⅡ
3394204, 9.0, 422, 天堂餐^
1978295, 9.2, 352, `E接|1
6431143, 9.0, 418, 咬人画的
26783041, 9.3, 319, 睡魔1：前奏与夜曲
3840429, 9.0, 415, 花牌情 1
1351614, 7.9, 1414, 不安的N子1
20394889, 7.7, 1864, 妮玛！这就是大学！
20382353, 9.3, 314, 排球少年 1
26628964, 9.0, 407, 长歌行 09
5254318, 9.0, 405, 缝不起来的伤痕童年
26614368, 8.3, 834, SQ从你的名字开始
26186541, 8.9, 442, 蝙蝠侠：猫头鹰法庭
1920926, 9.1, 367, 超人：红色之子
5263544, 9.0, 401, 昨日的美食 02
3138879, 9.1, 362, 三阿道夫(01)
1039572, 9.5, 257, 季诺漫画全集
2246773, 9.1, 359, 黑血
1922807, 8.1, 1023, 洗Y 第1卷
6064336, 8.4, 716, 花花世界
1482289, 8.5, 638, 地雷震（6）
1417102, 9.4, 274, 手V治虫短篇漫
6864195, 9.3, 296, eva re-take
4884840, 8.4, 677, 我的漫画人生
19976976, 9.1, 339, 回郜z
3068623, 9.0, 369, 和 1
3122531, 9.0, 368, |01
1045558, 9.6, 222, 卡尔文与霍布斯
3414452, 8.6, 535, 阿衰21
2988328, 8.8, 435, 莉的音泛#上
3288934, 8.6, 526, 只有你得到
3113720, 9.2, 300, REAL(01)
26775078, 8.9, 388, 非人哉
5038502, 8.4, 638, 作死的发明
3196103, 9.1, 317, 日常 1
25709105, 8.8, 416, 革命之路
6511015, 9.2, 290, 昭和元禄落Z心中 1
1867482, 9.0, 344, 酷小黑的生活日 6
25819810, 9.1, 313, 罪恶之城：艰难告别
2159569, 8.9, 374, 多美好的人生(01)
25745052, 9.0, 341, 坂本ですが? 2
10466756, 8.6, 496, 狂怪t芙m1
2158150, 8.5, 547, 稻作
3172206, 8.8, 405, 凡玫瑰(01)
1483645, 9.0, 336, t色花束
3996036, 8.6, 490, 少年啊！要光耀耽美2
26779251, 9.0, 333, 黑猫侦探 III：红色灵魂
2092629, 8.6, 481, 猫ラ`メン
4136799, 8.8, 395, フラクション
5245537, 8.4, 592, 手冢治虫：原画的秘密
2301159, 8.4, 590, 超幻パラタクシス
24383253, 9.3, 252, 塔希里亚故事集Ⅵ
5960874, 7.8, 1202, 褐A 01
1436864, 8.7, 423, 童
1932095, 9.0, 319, bh的小（上）
2380369, 8.7, 421, 光之城
4252526, 8.6, 461, 今夜拯救世界
10430786, 9.0, 316, 北O熊 café 芒果味
1916634, 8.9, 338, MI物o行01
10567902, 8.1, 766, |京蟹Nト`キョ`グ`ル 1
11501462, 8.9, 333, orange 1
2087599, 8.7, 398, 阿衰on line
3024207, 7.8, 1099, 熟女养成日志
1776250, 8.5, 483, ExistD崎武士画集
26819342, 9.0, 298, 波丽娜
2039755, 8.2, 656, 请别太过分
2062869, 8.5, 474, 神之水滴08
4096120, 8.8, 353, 兄弟同体
3259511, 8.7, 386, 人g昆x 1
1785626, 9.3, 228, 丰子恺漫画选
26646733, 9.0, 292, 尾文字鱼
2375997, 8.5, 466, Diary of a Wimpy Kid
1784458, 8.9, 315, 佛陀(1)
3026511, 8.8, 345, 死亡A告 1
6396386, 9.2, 242, oの学校は山の上 九井子作品集
4161958, 8.9, 313, sc3
3772797, 7.8, 1016, 李雷和韩梅梅
4823479, 8.6, 409, ウツボラ 1
3187898, 8.6, 407, ⒉菁 大江o残十三苦
3034386, 9.0, 278, o限住人1
26471474, 9.0, 278, 罗小黑战记 01
4051727, 9.2, 234, 魔偶RF 27
4953117, 9.2, 234, 千 L夜の契
26642650, 9.3, 215, 蝙蝠侠：漫长的万圣节
6727803, 9.0, 275, 元气少女缘结神 5
25853069, 9.0, 273, 切尔诺贝利之花
25799687, 8.4, 480, 人 01
1916248, 8.6, 392, Lと木の/风与木之诗
1832435, 8.5, 431, 雨柳堂梦语
2010622, 8.5, 431, 超级漫画素描技法-基础篇
2147980, 8.8, 317, 艾 1
25939157, 8.2, 579, 吃货的孤单心事
1932275, 9.0, 264, 死刑执行中脱狱进行中
3000468, 8.8, 313, 阿衰on line
1463651, 9.1, 239, 花男 #1
25811761, 8.9, 283, 只有我不存在的城市 01
1811844, 8.7, 337,  1
6853624, 8.2, 559, 神さまの言うとおり 1
3125625, 9.1, 235, 魁!!天兵高校01
3025985, 9.0, 253, パノラマu_T
2087601, 8.4, 444, 阿衰on line
3142383, 9.1, 232, bh的小（下）
25905798, 8.6, 361, 10 count (第1集)
2209050, 9.1, 231, The How to be British Collection
3180448, 7.6, 1118, 偷星九月天1
1057645, 8.5, 390, 大学
3057239, 8.4, 431, 吸血鬼骑士 3
26780588, 9.1, 226, 长歌行10
1998020, 9.2, 207, 手V治虫恐怖短篇集
1171912, 9.1, 220, 永远的丁丁
25820299, 8.9, 260, 罪恶之城：红颜祸水
2150352, 8.1, 572, 路漫漫
25720027, 7.8, 818, 19天
1626777, 8.6, 338, 阿衰on line
1981371, 9.4, 172, 拍脑袋的发明
2099118, 8.6, 337, 阿衰on line
3056022, 8.3, 454, Present for me~C器人的}QY物~
26582360, 8.2, 500, 滚蛋吧!肿瘤君
25903644, 9.4, 169, 罪恶之城：黄皮恶棍
2078611, 8.7, 301, 多重人格侦探
6811405, 8.9, 247, 比马大战记 1
3057111, 9.5, 154, 藤子・F・不二雄SF短篇完全版 1
25868407, 8.6, 319, 之形 01
4727295, 9.1, 206, 制造漫画
1948769, 8.9, 243, 沃木
3081701, 8.7, 289, 阿衰on line
5355783, 8.6, 315, 超人不会不会飞
25982649, 8.8, 261, 深夜食堂 13
1428451, 8.7, 285, 危U{查T(01)
2113859, 8.5, 341, 阿衰15-原创校园Q版漫画
6754589, 9.1, 200, 我的奋斗
2087600, 8.8, 256, 阿衰on line
10738226, 8.7, 278, 鬼灯的冷 01
2090998, 8.7, 272, 阿衰on line
26600657, 9.2, 179, 超人：秘密身份
2345597, 8.6, 298, 阿衰 on line 17
26577096, 9.1, 193, 吉米・科瑞根
5293424, 9.1, 192, 海F之子 1
24751049, 8.8, 246, 全明星超人
6718193, 9.5, 141, Sunny 1
6001310, 8.9, 223, ねこだらけ
1919878, 8.4, 349, 14q
3040228, 9.3, 159, Under the Rose (1) 冬の物Z
4047749, 8.0, 526, 死亡清呷(1)
1782294, 9.2, 171, 2001夜物Z(01)
26634871, 9.0, 200, 迷m 1
4000102, 8.0, 524, 自u 1
26613709, 8.3, 379, 快把我哥带走
25762729, 8.7, 256, 四月是你的e言 01
26693438, 8.7, 256, 局外人
3638202, 8.3, 374, 虹之原
11523639, 8.4, 337, クロネコ彼氏のアソビ方
3310028, 7.7, 736, 鬼畜眼R
10536672, 8.8, 231, 我家的街 01
1030512, 8.2, 395, 乌龙院(全三册)
25912907, 8.7, 243, 烦恼都是自找的
4638933, 6.9, 2294, 小时代1.5・青木时代VOL.2
1467905, 7.3, 1201, 孔雀王01
25867880, 9.3, 149, 塔希里亚故事集VII
1265832, 9.1, 173, 两性之间
25727153, 9.2, 160, 永玉六记・珍藏版
4714003, 9.6, 119, 史努比六十周年
1014529, 8.4, 314, 中庸
26613906, 8.5, 285, 野生动物在长春・第壹辑
10565975, 8.9, 200, 超级漫画家圣经
2375981, 9.1, 170, LES YEUX DU CHAT
25738452, 9.1, 168, へんなねえさん
25745889, 7.2, 1327, 知日・太喜欢漫画了
4735768, 9.4, 134, 蔡志忠经典漫画
3751736, 8.1, 417, 身体も心もボクのもの
3929437, 8.1, 417, 血族 BLOODLINE ・ 空想白昼篇 01-02
26794876, 9.2, 153, 一日谈
26258748, 8.6, 248, 阿咪
1068437, 9.3, 140, 玛法达的世界：娃娃看天下(B卷3册)
2128143, 8.5, 268, 漫画PARTY-阿衰ON LINE 7
4072852, 8.7, 222, 芋虫
22171973, 9.2, 148, ひきだしにテラリウム
1763484, 8.6, 240, }堂教父(1)
26326526, 8.9, 185, 下垂眼 Vol.3
19948883, 9.3, 136, 九井子作品集 oのかわいい七つの子
3193774, 7.7, 614, ブラッドハ`レ`のR
1471904, 9.1, 157, 惑星奇航 1
25789789, 8.1, 387, 南烟斋笔录:子夜歌
26895508, 9.7, 102, 睡魔2：玩偶之家
5423692, 9.1, 155, 王牌酒保 Vol.1
26830134, 7.7, 597, 就喜欢你看不惯我又干不掉我的样子2
26545120, 9.7, 101, 塔希里亚故事集Ⅷ
3091214, 8.7, 212, 海街diary~sQ盒r~
2030747, 9.2, 142, 花田少年史(01)
3173236, 9.0, 165, 月亮的距x(01)
1950269, 9.4, 122, 残酷な神が支配する 1
5399602, 9.7, 99, Framed Ink
1073993, 9.3, 129, 丰子恺精品画集
4638931, 6.8, 2175, 小时代1.5・青木时代VOL.1
23717403, 9.4, 120, 星屑c妮娜1
1000607, 9.4, 119, 丰子恺漫画全集（全九卷）
2171584, 8.6, 220, 阿衰on line
26869695, 9.0, 157, 棕色的世界
1254502, 8.2, 316, 四月物语
3180449, 7.8, 483, 偷星九月天2
2029937, 9.3, 123, Noé
4010128, 8.1, 343, 漫画统计学
26924424, 9.1, 140, 喜欢我也没关系
6796256, 9.3, 121, Habibi
25903643, 8.9, 162, 罪恶之城：背水一战
25790386, 8.3, 273, 阿扎克
6787210, 8.7, 190, 封神o
25946370, 9.3, 118, |京タラレバ娘 1
10736844, 9.4, 109, In These Words
1975756, 8.9, 157, 攻C雨 1
1778420, 8.5, 219, 昨日之歌 (01)
2374243, 9.7, 89, 40 DAYS DANS LE DESERT B
4195825, 8.8, 167, 星之
25977301, 8.3, 259, 我只是对人生过敏
3216466, 8.9, 153, 阿衰
25857969, 7.6, 549, 拿不动的世界
26760537, 8.8, 165, 给孩子的动物寓言
1967149, 9.0, 141, 天餐^(01)
7060214, 7.5, 616, 日本漫画为什么有趣
3142127, 9.0, 139, 神之山X01
26642026, 8.2, 277, 蝙蝠侠：灭族之灾
3289922, 8.4, 228, 大|京玩具箱(01)
19967857, 8.0, 337, 冰与火之歌漫画
10563612, 9.2, 118, 西游漫记
25917499, 9.2, 118, Kylooe 3 再微笑
3710653, 7.5, 593, 泡沫之夏（漫画版）
3561415, 7.5, 592, 熟女单身日记
2216837, 8.3, 244, 克?浈楗芝攻醛`リ`スペシャル
4005499, 9.6, 89, 史努比典藏漫画全集
1949676, 8.5, 200, 动漫大百科
6097348, 8.5, 200, 罗素的故事
1479871, 8.8, 155, The Nikopol Trilogy
20383692, 8.7, 167, 山海师1
10511365, 8.4, 216, 镇魂街 1
20424611, 8.4, 216, 艾莎的森林（下）
4296177, 8.0, 313, 偷星九月天
26591912, 9.0, 129, 惊世奇人
14267092, 8.7, 162, SC5
24847411, 8.2, 251, 日本漫画60年
25739928, 8.1, 277, 累 1
3915753, 9.1, 117, ヴィンランド?サガ（1）
3208048, 8.9, 135, 爆笑校园5
1374272, 8.9, 134, Ghost World
26582466, 8.8, 144, 银翼夜枭01：暗夜女巫
4237387, 8.9, 133, キングダム / KINGDOOM / 王者天下
26367556, 8.7, 155, 深夜食堂 14
3204343, 9.1, 114, 天上之弦
3631241, 9.2, 106, チェ`ザレ（1）
3832690, 8.6, 167, 最新漫画色彩使用技巧
4199619, 8.3, 217, 神之~
26028247, 8.2, 238, 南烟斋笔录：花间意
10733856, 8.5, 181, 生为传奇
26883964, 9.5, 86, 老街的童话
11628722, 9.3, 98, Building Stories
26825522, 8.9, 129, 生活三部曲：生活的样子
10545441, 8.1, 257, 幽塔 1 (ビッグコミックス)
26631828, 9.1, 110, 正义
1001771, 9.6, 79, 皮德漫画全集
5549871, 8.5, 176, SC4
2981774, 7.2, 731, B少年
3929780, 8.9, 126, {的旋律 1
26278402, 8.8, 136, 倾斜的女孩
4926492, 9.4, 88, 日本漫画大师讲座1
1447001, 9.9, 65, The Complete Calvin and Hobbes
2378697, 7.8, 339, ワ`ルドアパ`トメントホラ`
3439738, 8.4, 187, 新快啡松(01)
25799703, 9.1, 107, Tf日 01
1479830, 9.0, 114, Hellboy
3109740, 8.1, 243, 爆笑校园4
20257127, 8.2, 220, 从小李到老李
26797183, 8.0, 267, 喵呜，原来你是这种汪
26280915, 9.2, 98, 阿宝两只脚 凳子四只脚
3150009, 8.5, 166, 耗人01
4205372, 8.5, 166, 阿衰-24
26591418, 9.0, 112, 超人 四季
25986415, 9.2, 97, 只是想和自己聊聊天
20388106, 9.0, 111, スピリットサ`クル 魂h 1
4022411, 8.6, 151, yのA 上
2135407, 8.7, 138, Blue
1937583, 9.4, 83, 少的r代
10744844, 8.1, 229, n的拉斯普金 01
2458039, 8.9, 116, Fun Home
5949213, 8.0, 252, 大叔上等
1833245, 9.4, 82, Gogo Monster
1340079, 8.6, 146, nLu耕作1
3887778, 8.3, 188, 日本漫画名家的艺术世界2-漫画作品主题的表现方法
1337145, 8.9, 115, LONG1
24859164, 7.9, 276, 食戟之` 01
3264778, 9.4, 81, 柳色三之亮瑜op
4906035, 8.9, 114, Ctrl+T
24745051, 8.8, 122, Hyperbole and a Half
6780970, 9.0, 105, 天地明察(1)
10590870, 8.7, 131, prism
21348348, 8.5, 153, 我不受g迎，怎N想都是你的e！ 01
26852252, 8.0, 241, 有我在，没人敢动你一根寒毛！
1918006, 8.9, 111, 溺水小刀（01）
4010125, 7.9, 265, 漫画线性代数
3923500, 8.6, 139, Oran猪漫画教室
25785763, 7.7, 325, 大家都有病2
25711585, 8.8, 118, 莎拉珊德
3021613, 8.4, 163, B山明漫教室
3264585, 7.8, 287, 拳皇97 (全13册)
24716772, 7.5, 403, Blue is the Warmest Color
25758083, 8.3, 172, 妮玛和王小明
24876143, 9.2, 86, 银与金
3410291, 8.5, 144, 料理仙姬(01)
3177055, 8.2, 186, 搬家
26278406, 8.6, 132, 巨塔
26603443, 8.6, 132, 法国往事1：约瑟夫的帝国
4837454, 8.7, 122, 漫画分镜头表现教程
26591907, 8.8, 113, 烽火世家 1
4010127, 8.0, 222, 漫画傅里叶解析
2996402, 7.7, 303, 爆笑校园1
1856633, 8.6, 130, Blankets
25815862, 9.2, 84, 百姓F族 03
4081851, 9.1, 89, 阿衰23
2380004, 8.3, 165, 奇人画
5292888, 8.5, 138, 美少女u造C
24846037, 8.3, 163, 行尸走肉1
26610794, 8.4, 149, 你好，旧时光：漫画版1
3167231, 8.4, 148, 怪奇n案
24705618, 8.9, 100, イノサン 1
3772705, 9.0, 92, 漫画Party22
4173551, 8.5, 134, 日本漫画名家的艺术世界3
1792954, 8.7, 114, 欧洲漫画史
11581273, 8.1, 188, 减肥这件正经事儿
2354860, 8.5, 132, 魔女 1
26582467, 8.9, 97, 银翼夜枭02：莉莉娅同志
25933949, 9.3, 74, 300勇士
3082471, 8.8, 104, F路便之旅(01)
3276262, 8.6, 119, PRIDE
1483692, 9.0, 88, Le Bruit du givre
26642025, 8.0, 198, 小丑
10606490, 8.5, 127, o限食女 01
3785183, 8.8, 99, PRIDE (下) (爆男COMICS)
5245576, 8.8, 99, 星球大战前传三部曲・漫画限量典藏版
24739135, 8.7, 105, 我在屋长大
10759335, 6.9, 699, 撒旦叔叔给你讲故事
26702984, 9.0, 84, 镖人
3765218, 7.6, 279, 18禁(01)
10518721, 8.2, 154, e位的青春 1
2301755, 7.5, 310, 恐怖桃源
26925163, 8.9, 88, 在最好的时候遇到你
3636515, 8.6, 109, G-Taste 01
19972249, 7.7, 244, 江舸y步人^ 01
26906382, 9.2, 71, 黑猫侦探 Ⅳ：缄默地狱
1480126, 9.5, 59, 罪恶都市
1783370, 8.8, 92, Lovecraft
3134967, 8.1, 161, 神之~01
10508104, 8.6, 106, 镇魂街 2
3156049, 8.4, 124, 夕M之街阎
2046995, 7.4, 330, 17q 1
26575912, 9.0, 79, 银翼夜枭03：伍尔夫与莉莉娅
25872051, 7.9, 192, 我就是一个笑话
26840504, 7.7, 235, 人人都有妄想症
3308083, 9.4, 61, Asterios Polyp
3229590, 8.5, 113, 噬谎者VOL1
25707505, 8.3, 133, 云中兰若
25975447, 8.0, 173, 扭曲的同居生活 1
6751197, 7.6, 258, 相（第一辑）
1010160, 9.0, 78, 唐诗
26286422, 8.4, 120, 高台家的成T (1)
3163648, 8.7, 95, 漫漫食
26394906, 8.0, 165, 凤囚凰 漫画壹
7052661, 9.0, 75, 少女椿
26806721, 9.3, 61, 皱纹
26612118, 9.0, 73, 烽火世家 3
24289267, 8.9, 78, Mox Nox
26863265, 9.2, 64, 白纸味儿的书
26595249, 8.9, 77, 烽火世家 2
24635766, 8.6, 94, Injustice: Gods Among Us Vol. 1
1346283, 8.7, 87, 激情香水 I 
5906141, 8.4, 109, 漂流武士 01
1226201, 9.2, 62, 无人岛探险记
1983222, 8.5, 100, Fables Vol. 1
26345261, 8.8, 80, 小森食光 1
26681602, 8.6, 92, 作死的兔子大全集
26733785, 9.1, 65, 法国往事2：乌鸦在盘旋
26926849, 9.2, 61, 长歌行11
26772930, 9.0, 69, 大理寺日志 卷1
26834939, 9.0, 69, 生活三部曲：美好的生活
20452762, 8.4, 106, 深夜食堂之偈挚
19963546, 6.9, 516, 激色猫小叮当
26664119, 7.7, 197, 内战
3244647, 7.0, 445, 会有天使替我爱你（漫画版）
26832895, 9.1, 63, 生活三部曲：生活的意味
1821580, 7.8, 173, JAPON：看见日本，法×日漫画创作合集
4829597, 7.9, 155, 漫画数据库
5356194, 9.0, 65, 超级漫画素描技法
1053602, 9.1, 61, 古希腊罗马神话(漫画版1-2)
3126586, 9.3, 54, 恶女 1
3017840, 8.4, 99, 南瓜c美乃滋
4010147, 8.1, 125, 漫画统计学之回归分析
6429365, 8.2, 113, 咖啡时间
2128361, 7.6, 194, 漫画PARTY-豌豆笑传3
26802130, 8.0, 132, 南烟斋笔录・如梦令
6750685, 9.4, 48, anusman的无字漫画
6395810, 8.2, 108, 魔兽世界 第一部
2295448, 8.1, 116, 宗像教授考(01)
25936306, 8.3, 96, 傲慢与偏爱
1226202, 9.1, 55, 亚马逊丛林历险记
26909607, 9.1, 55, 酝酿之道
26606363, 9.4, 46, 史高治的光辉岁月
1957870, 9.0, 58, 消逝边境
25817203, 9.0, 58, 我很好
26292240, 8.8, 65, 放下是舍更是得
26396730, 8.3, 93, 犬屋敷1
10731928, 8.4, 86, 帝一之 01
24892377, 8.2, 100, 巴黎的艺术女神：吉吉画传
3683002, 8.4, 85, 生物心理学漫画笔记
3426139, 7.3, 225, 好色吉田家(01)
10532407, 7.1, 281, 达令是外国人
24522011, 8.9, 57, r空建B幻T 01
26677364, 8.0, 110, 雪国列车
1867514, 9.5, 40, 诸神混乱
10345003, 7.5, 174, 企w派 Blood Covered 01
1275915, 8.7, 64, 张光宇绘民间情歌
11522532, 7.9, 115, 斗破苍穹漫画版2
1877866, 8.7, 62, 花
25804027, 8.5, 71, 部兵l物Z?浮世はつらいよ? 1
26794875, 9.0, 51, 战俘营回忆录：1680天
1067527, 7.9, 113, 呆伯特法则
25784025, 9.2, 45, 托芙・扬松经典漫画：姆咪谷故事全集
1226200, 8.9, 53, 极地冰河历险记
1759281, 8.9, 53, Tom of Finland
25700563, 8.4, 74, 重版出来! 1
26611159, 8.7, 60, 深夜食堂 15
26834128, 8.4, 73, 一品芝麻狐2・探林卷
4827789, 8.7, 59, 酌鬃髌啡集
2335111, 7.2, 216, 真?F代d奇
26899836, 8.5, 67, 不如，重新开始
11595913, 8.1, 90, 思春期诱惑 01
25873023, 8.5, 65, 吸血大耳窿 1
2282127, 6.7, 382, 非法侵入(01)
26594587, 8.3, 74, 影子
1447008, 8.2, 79, Black Hole
4010145, 7.8, 109, 漫画统计学之因子分析
2282130, 6.8, 322, 非法侵入(02)
26842849, 9.1, 43, 法国往事3：荣誉与警察
26308522, 8.6, 58, 矮子画廊
1057454, 7.9, 98, 悟空传(漫画)
25711578, 8.0, 89, 一位无足轻重的神
6896008, 8.5, 61, 战斗圣经I
3408787, 7.2, 190, 摇滚藏獒
26860145, 8.3, 70, 蝙蝠侠：零年 秘密之城
3191890, 7.8, 104, 血まみれ天使
24893711, 8.4, 64, 漫画圣经故事――新约
21362229, 7.5, 135, クズの本 1
25821700, 8.7, 52, Bread &amp; Butter 1
4877782, 8.1, 79, 重构漫画
5283526, 8.6, 55, 横滨故事ヨコハマ物语
26768963, 8.7, 51, 撒玛利亚的城墙
3152186, 6.9, 245, _德候爵-古典色名作集1
26612107, 8.1, 75, 超人：挣脱束缚
3035118, 8.5, 55, ё永(1)
24713836, 8.5, 55, 村田雄介 漫画教室R
26776776, 9.3, 34, 终极战队2
1596810, 9.6, 29, 开往古罗马的时光列车
26207447, 9.6, 29, 未生
6532566, 6.9, 223, 斗罗大陆1
3174235, 7.4, 128, 出包王女(01)
26561125, 9.1, 36, 小森食光 2
25759525, 9.2, 34, }堂黑停翰吉家族套
4010133, 7.3, 137, 漫画微积分
26739959, 8.4, 54, 不义联盟
26357434, 7.8, 84, 复仇者联盟 1
26611782, 8.5, 50, 包_f象
5907491, 8.9, 39, 簸位石
11522531, 7.6, 99, 斗破苍穹漫画版1
26785579, 8.8, 41, 脱力的彼尔德
26897325, 8.7, 43, 一定要画出来才好玩：伦敦
1956579, 9.0, 36, トラベル
6532567, 7.2, 141, 斗罗大陆2
5354673, 8.2, 59, 漫画流体力学
26709997, 8.8, 40, 幻想女人 1
3930339, 8.1, 63, 幻想数学大战1
1050911, 8.4, 51, 时代漫画（全两册）
20257112, 7.9, 73, 伤痕
25971870, 9.1, 33, 克鲁尔
3800643, 8.6, 43, The Walking Dead
1103991, 7.1, 144, 豌豆笑传
2378861, 9.5, 26, Inside Moebius Tome 1
26926618, 9.5, 26, 史蒂夫・乔布斯传（漫画版）
26818144, 8.8, 37, 明安小师父
4271372, 9.4, 27, Nekojiru Udon
25748267, 8.6, 41, 一分钟医学速记――协和医学博士的漫画
26739958, 8.1, 57, 正义联盟・第四卷:天罗地网
26721074, 9.1, 30, ZONZO
26803092, 8.1, 55, 我烦死跑步了，我爱死跑步了！
26392457, 8.2, 51, 耗蛙男 1
25705625, 8.7, 37, 漫画之神：手冢治虫的艺术
25774415, 8.7, 37, 少女
26314456, 8.1, 54, 星球大战：正传三部曲
26630849, 8.1, 54, 嗷大喵真棒・欢腾篇・一起来嗨
3184483, 7.7, 73, ヘルタ`スケルタ`
26708495, 7.6, 79, 包拯传奇1：玉凤钗
2297061, 9.4, 25, ナンバ`ファイブ 吾 1
2353912, 8.6, 38, 工作狂人
26661116, 8.9, 32, 怪诞少女日记1
2268711, 6.7, 192, 非法侵入(03)
6829264, 7.8, 63, Q版漫画技法从入门到精通
1867529, 9.5, 23, 寒冷赤道
26776329, 8.2, 47, 心灵的声音1
26848844, 9.0, 29, 你好，旧时光：漫画版2
26370384, 7.7, 67, 淫夜 ～二人の花嫁～
26730388, 7.9, 57, 超人：一号地球 2
26278203, 7.5, 76, 鬼父
25855939, 9.5, 22, 叙事癖7
26324467, 7.6, 69, 以图代言
26613695, 7.7, 63, 沙粒效应
26392682, 7.9, 54, 终极X战警
4454068, 8.5, 36, The Walking Dead
3102905, 6.9, 130, 黄龙之耳
3146548, 7.5, 72, 最不良髡f(01)
3930338, 7.8, 56, 幻想数学大战2
2980459, 8.7, 31, 消逝边境II
26437218, 7.6, 64, 一个人也要美美哒
26365975, 7.2, 91, 浩克
25940601, 7.1, 99, 怪咖的自我修养
26589615, 7.9, 50, 超图：二次元漫游指南
26854281, 8.9, 27, 拉戈・云奇1：继承者&amp;W集团
26815038, 7.1, 98, 说医不二
26883960, 8.7, 30, 伊比库斯的预言
3000405, 7.4, 73, 豌豆笑传9
26272656, 9.4, 21, 少女K末旅行
26814868, 8.4, 35, 天才与巨匠
4820236, 7.9, 48, O上H父
25763851, 7.6, 60, 格列芙[
26641341, 8.7, 29, GRANDBLUE 碧{之海 01
1047084, 8.4, 34, 文化发掘 老夫子出土
26904330, 8.3, 36, 100颗子弹1
26842448, 8.2, 38, 不见江湖：水浒108人物图谱
26776777, 8.0, 43, 内战 : 超凡蜘蛛侠
26839169, 8.7, 28, 一人之下
26804205, 8.0, 42, 死侍2：黑暗王朝
4317960, 6.7, 133, 战后漫画50年史
20372707, 7.4, 66, るもo惨
10748124, 8.5, 30, 百日t
6866457, 9.3, 20, Hokusai manga
2255266, 8.1, 38, 和好色日
20492388, 8.6, 28, 日本经典动漫技法教程
10458519, 6.6, 141, オオカミどものしつけ方
25880365, 9.5, 18, 小红狼
3646652, 6.8, 109, Y式解体新
4782808, 8.0, 39, 想い想われスリスラレ
26586277, 7.7, 48, 淞沪会战
26345880, 8.8, 24, 荒木w窝澶温画g
26840523, 8.3, 31, 柴犬大叔
26877340, 8.1, 34, 生于1968 ・ 我的清华
26783054, 7.7, 44, M氏家族
26781628, 8.4, 28, Adulthood is a Myth: A Sarah&#39;s Scribbles Collection
2123707, 7.8, 39, 新宿夜啼鸟
26858853, 7.9, 36, 内战前传
26789646, 7.4, 51, 四万十食堂
26380290, 7.3, 54, 橘さん家ノ男性事情
26658541, 9.1, 18, Levius/est 1
26876351, 8.5, 24, 最好的我们（漫画版）1
26825825, 7.8, 36, X特遣队
6138904, 8.4, 25, xkcd
26763038, 8.8, 20, 三味合租屋 1
26292525, 8.9, 19, 巴士四c
3714465, 8.2, 27, AX Volume 1
26866719, 7.2, 53, 食帖11：美食漫画万岁！
3592574, 8.6, 21, Star Trek
3258474, 8.1, 27, あかいはこD佐伯俊男彩色画集 (大型本)
26680679, 6.8, 72, 银带
26922076, 6.3, 125, 长城
26801183, 8.0, 27, 乘上时光机，日本动漫小旅行
26795672, 7.8, 30, 幻境三日游
26739947, 8.3, 22, 超人：一号地球 3
2004395, 8.2, 23, 夜夜春梦
4776827, 8.6, 18, Wilson
6308010, 6.7, 65, 西方漫画史
3286216, 7.6, 30, 汁男
26617248, 7.4, 34, 开封奇谈.1
26863269, 7.6, 29, 天下第几（全三册）
2336818, 8.3, 19, 小无知的故事（1-4）
26904058, 8.4, 18, 漫长的夏天
26769766, 8.0, 22, 开封奇谈.3
5949297, 7.8, 24, Mめ!、海、空!!
1945286, 8.1, 20, 失踪日
26815577, 8.1, 20, 私の少年
26819067, 7.7, 25, 南京
26905143, 9.4, 11, 哥谭重案组1：分内之事
26944655, 7.6, 25, 下垂眼4
26916804, 9.3, 11, 开封奇谈.4
26858851, 8.0, 19, 美国队长：冬日战士2
26892737, 8.9, 12, 亚辛的世界
4137135, 7.8, 20, 病毒世界历险记 1 我的第一本科学漫画书 21
26874433, 8.5, 14, 终极蜘蛛侠2
26325180, 7.7, 21, 母姊W相奸
11500265, 7.9, 18, Le Transperceneige
26774853, 7.9, 18, 深夜食堂 16
26606988, 7.5, 22, 阿黛拉的非凡冒险 1
10770708, 7.0, 31, 之空 1
26628217, 7.1, 28, たちの
26809214, 7.8, 18, 觉醒的异度城市
25887816, 8.0, 16, xx你，在@世界的一隅找到我（上）
25698146, 6.5, 45, ニシキくんのなすがまま
26814733, 8.0, 14, さびしすぎてレズL俗に行きましたレポ
26859507, 7.4, 19, 布鲁塞
4478736, 7.7, 15, Low Moon
26827227, 8.1, 12, 七海游侠：盐海传奇
26858854, 8.1, 12, 复仇者联盟2
20450967, 7.7, 14, 少女×少女×少女
26321127, 8.0, 12, Killing and Dying
10433882, 6.9, 22, 零基础学画漫画1
26278202, 7.1, 19, 鬼父2
26668640, 7.5, 15, 开封奇谈.2
6809277, 7.5, 14, 漫画人物素描从入门到精通
26068085, 7.3, 15, ^ち、はじめまして。F役女子大生とのれた肉体vS
26881891, 7.9, 11, 深夜食堂 17
1034861, 7.3, 14, 我的野蛮女友全集（漫画版全五册）
2346376, 7.7, 11, 阿娜答得了忧郁症
24753365, 7.4, 12, 逃げるはuだが役に立つ
26853062, 7.3, 11, 你哪里都不好
26780644, 7.3, 10, 漫画创作法
3277995, 7.1, 11, yFW@ 1
11583978, 2.0, 18, 未必の恋
