2017-01-23 16:17:59
Tag: 灵修
The number of books: 954 

ID, rating, votes, title
2340100, 8.1, 52273, 遇见未知的自己
3158482, 8.9, 4378, 新世界
1761759, 8.9, 3128, 超越死亡
3413836, 8.4, 5693, 当下的力量
5332713, 9.0, 2454, 人间是剧场
3834938, 8.3, 5647, 与神对话（第一卷）
1829799, 8.7, 2740, 爱的觉醒
6526752, 8.8, 2416, 生命之书
3266968, 7.3, 26361, 秘密
5290370, 8.6, 3007, 禅的行囊
2066374, 9.1, 1629, 返璞归真
3800022, 8.2, 4106, 活出全新的自己
24749465, 7.5, 12280, 断舍离
3123393, 7.6, 9172, 遇见心想事成的自己
10546850, 8.9, 1425, 内在的天空
1859649, 8.1, 3980, 生命的不可思议
2376506, 8.8, 1487, 生命的轨迹
1841625, 8.9, 1312, 标竿人生
2372450, 8.6, 1634, 改变，从心开始
1258513, 8.5, 1843, 爱与寂寞
1105890, 8.2, 2557, 生命的重建
3671442, 8.5, 1644, 修炼当下的力量
1485625, 9.1, 759, 瑜伽之光
10512506, 7.8, 3574, 世界上的另一个你
3137185, 8.8, 923, 阿米I-星星的孩子
5450660, 8.7, 979, 次第花开
3327830, 7.7, 3542, 前世今生：16堂生死启蒙课
2241168, 8.4, 1329, 内在的探索
3649304, 8.9, 753, 无语问上帝
2049781, 8.5, 1136, 世界在你心中
6052834, 8.2, 1600, 亲密关系
4836697, 8.3, 1376, 看见真相的男孩
6966843, 7.8, 2652, 重遇未知的自己
1256282, 8.5, 1022, 心灵自由之路
3874168, 8.1, 1652, 零极限
2125593, 8.6, 873, 克里希那穆提传
2347737, 8.1, 1573, 深夜加油站遇见苏格拉底
1256284, 8.4, 1064, 谋生之道
1057879, 9.1, 503, 荒漠甘泉(附黑门山路)
4932095, 7.6, 3120, 好好爱自己
4884858, 9.4, 371, 魔鬼家书
3875610, 8.9, 584, 内观
3005066, 8.1, 1447, 在爱中修行
3277343, 8.1, 1436, 生命四元素
25858068, 7.6, 2911, 100个基本
5248376, 8.6, 764, 一味
3894081, 8.7, 665, 最后的日记
1478831, 8.8, 592, 当鞋合脚时
3642050, 8.3, 1015, 宽恕就是爱
4874162, 8.3, 988, 与神对话（第二卷）
1319893, 8.1, 1256, 当和尚遇到钻石
4892883, 8.5, 772, 爱是一切的答案
4053315, 8.3, 959, 一念之转
1091751, 8.9, 501, 瑜伽
2157629, 8.2, 1005, 平常禅
3005076, 8.7, 567, 再活一次
26827590, 8.9, 465, 八万四千问
25693190, 8.3, 869, 舍得让你爱的人受苦
4830829, 9.2, 349, 根道果
19963287, 9.0, 414, 诸神的面具
1483573, 8.8, 498, 其你已很塔_了
3910883, 8.8, 495, 观呼吸
1986775, 8.7, 543, 丽质天生
2241169, 8.7, 539, 解脱之道
21324451, 8.9, 440, 不是为了快乐
1722020, 8.7, 528, 最初和最终的自由
2241170, 8.6, 585, 自我的真相
4710580, 8.7, 522, 智慧的觉醒
21214091, 9.0, 384, 人生的十二个面向
3582354, 8.0, 1107, 找回你的生命礼物
4165838, 8.0, 1096, 接纳不完美的自己
4893616, 8.9, 401, 占星相位研究Aspects in Astrology
2240928, 8.7, 485, 当生命陷落时
2306659, 9.0, 357, 道德经心释（上下）
3276880, 9.1, 318, 光耀生命
6010792, 8.5, 551, 与神对话（第三卷）
3012903, 9.0, 337, 关于这颗心
6125682, 7.5, 1927, 力量
3784639, 8.6, 489, 超越时空
10747361, 7.8, 1238, 遇见心想事成的自己
4045849, 8.8, 388, 无可摧毁的纯真
6079385, 9.3, 250, 耶稣真貌
1754852, 9.5, 211, JR神
3228781, 9.1, 289, 阿米Ⅱ-宇宙之心
4726852, 8.5, 509, 正念的奇迹
6773583, 9.0, 313, 意识光谱
3023149, 8.5, 500, 狂喜之后
19963296, 9.3, 240, 一掷千金的上帝
23780225, 8.8, 370, 能断
2062160, 8.8, 363, 庄子心解
3696966, 8.9, 330, 踏上心灵幽径
3236762, 9.0, 300, 事事本无碍
6807767, 8.6, 436, 拥抱你的内在小孩
2367799, 8.7, 394, 莲心禅韵
1485079, 8.6, 425, 心灵神医
10545691, 7.9, 922, 好好修养爱
3358570, 8.5, 464, 你可以不怕死
4827904, 9.2, 241, 入T：古埃及女祭司的`魂旅程
4249313, 7.7, 1165, 活在当下
1482890, 8.8, 339, 静心：狂喜的艺术
10759777, 7.9, 889, 秘密副作用
3823020, 8.8, 337, 性、生态、灵性
4909716, 7.5, 1504, 谁说这辈子只能这样
19928975, 7.8, 980, 去印度学倒立
1913947, 8.3, 541, 万物简史
4767833, 9.2, 232, 恩典多奇异
1367126, 9.4, 198, c神υIII
4258808, 8.3, 537, 还我本来面目
10747362, 7.9, 845, 活出全新的自己
2240911, 8.7, 352, 老子心解
6858459, 8.2, 587, 当下的力量Ⅱ
2281420, 8.8, 316, 巴坦加里的瑜伽经
19989305, 8.4, 460, 做才是得到
6427971, 7.7, 1045, 学会爱，超越爱
4151190, 8.2, 567, 完美的爱，不完美的关系
4062809, 8.6, 370, 改善情绪的正念疗法
2252366, 8.1, 610, 恩主
4835563, 8.8, 299, 奥义书
1366878, 9.3, 192, 与神对话
3183283, 8.5, 377, 无常
1958486, 9.2, 202, 自由的迷思
1489218, 8.8, 275, 旷野的声音
3842681, 8.7, 299, 面对危机中的世界
4159343, 7.7, 881, 潜意识的力量
4817590, 8.3, 426, 雪洞
5362056, 8.3, 423, 无量之网
3010573, 8.1, 521, 遇心想事成的自己
3753941, 9.2, 186, 我爱吕西安
4812801, 9.1, 200, 太上感应篇
3221766, 8.9, 233, 男孩遇女孩
5260230, 8.8, 253, 与生命相约
1264155, 9.1, 196, 带着爱来中国
1367052, 9.2, 181, c神υII
3317244, 8.9, 228, 阿米III-爱的文明
10796071, 9.0, 208, 里外更新
2363639, 8.7, 269, 点亮自性之光
5288625, 8.9, 225, 活在喜悦中
4260799, 9.2, 176, 灵魂幸存者
1911166, 8.3, 392, 活出自己
7001419, 9.4, 151, 突破修道上的唯物
2241291, 8.7, 266, 转逆境为喜悦
4062735, 8.4, 353, 对生命说是
5028585, 8.5, 319, 关系之镜：两性的真爱
4006535, 8.7, 263, 神的杰作
1482894, 9.1, 186, 隐藏的和谐
1221710, 7.6, 863, 塞莱斯廷预言
10345559, 8.0, 515, 少女布莱达灵修之旅
1423465, 8.8, 232, 爱与思
3719427, 8.8, 230, 心灵瑜伽
5994832, 8.3, 358, 天空之R
4881692, 9.0, 190, 了凡四训讲记
3796598, 8.6, 267, 爱情与工作的每日禅
2363654, 9.0, 188, 与爱同在
1789108, 9.3, 149, 发现心中的日月
6062348, 9.3, 149, 前往伊斯特兰的旅程
3662079, 8.5, 288, 呼吸之间
23780851, 8.4, 316, 金刚经修心课
20394988, 9.0, 185, 灵性炼金术
4857084, 8.4, 314, 守护者
5291640, 7.5, 883, 灵魂的自由
21329705, 8.5, 283, 灵性开悟不是你想的那样
1418383, 9.1, 169, `魂永生（斯）
4134761, 8.9, 193, 跳过墙垣
2286166, 8.9, 191, 大师在喜马拉雅山
3772058, 7.5, 829, 吸引力法则
2241263, 8.7, 224, 与无常共处
26323530, 8.3, 324, 念完哈佛念阿弥陀佛
1822467, 9.4, 128, 竭诚为主
2125536, 8.5, 260, 懂得生命
6714584, 8.2, 346, 轮回
21266953, 8.6, 234, 灵魂的功课
1899741, 9.2, 143, W修U卡
3238342, 8.6, 232, 山中花开
4834886, 8.4, 279, 我需要你的爱
1791175, 9.4, 122, 证悟者的心要宝藏
1082496, 8.7, 209, 黑门山路
2142176, 9.5, 113, 渴慕神
1367116, 9.1, 150, 奇n程
1915479, 8.7, 207, 从岁首到年终
2365621, 8.6, 225, 心的对话
4826395, 8.4, 270, 巫士唐望的教诲
2309208, 8.4, 269, 你就是世界
2352192, 8.4, 266, 启动心的力量
1658437, 9.0, 158, 作门徒的代价
1982432, 9.0, 158, 新铁证待判
6507601, 9.3, 126, 生命喜悦的祈祷
6967540, 9.4, 117, 《加拉太书》注释
25741377, 9.6, 101, 圣洁
4035941, 8.9, 166, 与马同跑
11629355, 9.1, 141, 简朴生活真谛
1423466, 9.0, 152, 单纯的品质
4199618, 8.2, 296, 做梦的艺术
4262950, 8.4, 243, 关系的真谛
20496057, 9.3, 117, 约书亚的传导
4011299, 8.6, 202, 创造金钱
6557779, 8.4, 241, 告别娑婆
1799933, 8.4, 239, 所罗门的智慧
26546733, 9.0, 144, Q雪松系列1：阿{z塔夏
3681639, 8.2, 287, 正念
4864406, 8.7, 180, 教育就是解放心灵
5404240, 8.9, 153, 无我的智慧
4823003, 8.2, 283, 比神更快乐
3838032, 9.1, 131, 给孩子们的信
1003972, 8.5, 212, 般若之旅
20507210, 7.6, 543, 爱情觉醒地图
1336339, 8.5, 211, `魂占星
3245529, 8.7, 176, 赐我甘露
1854879, 9.0, 138, 智慧金块
2184905, 8.4, 225, 天下大道
1881776, 8.7, 173, 现在开始讲解瑜伽
1578810, 8.7, 172, 生存智慧
1085245, 8.1, 290, 天路历程
24533105, 8.5, 198, 生命这出戏
3813384, 8.2, 261, 你值得^更好的生活
6101341, 8.4, 216, 回到当下的旅程
6732497, 8.7, 166, 活在时间之外
1428473, 8.6, 180, 告e娑婆
4164215, 7.7, 439, 当一切改变时，改变一切
3024819, 9.4, 98, 浪子回头
3248865, 8.6, 177, 活着，就要幸福
6098128, 7.7, 433, 简单生活的艺术
23037911, 9.1, 119, 正念禅修
10755668, 8.6, 175, 自我观察
2080980, 8.2, 251, 懂得健康
4030358, 7.9, 341, 心灵午夜密谈
6894147, 8.3, 227, 妻子，荣耀的帮助者
4214860, 7.3, 701, 绅士生活
3928558, 8.7, 159, 宁静的森林水池
6759677, 8.7, 159, 走出恐惧
3513006, 7.8, 373, 失落的致富经典
1456019, 9.0, 125, 到达真爱的旅程
11498624, 9.1, 116, 心湖上的倒影
3352074, 8.1, 269, 萨提亚冥想－内在和谐、人际和睦与世界和平
26377479, 8.1, 268, 素食
5905901, 9.1, 112, 78度的智慧
25805198, 8.3, 214, 初学者的冥想书
1345276, 8.4, 194, 塔_葵花典
6006409, 7.7, 393, 生命数字密码
2382103, 8.6, 162, 生与死的冥想
1950044, 9.1, 110, 生命、爱与欢笑
1892443, 9.0, 118, 属灵操练礼赞
2216161, 8.9, 127, 心灵花园
3193134, 8.8, 137, 人生观的故事
1427682, 9.3, 95, The Ra Material: An Ancient Astronaut Speaks (The Law of One 
6772445, 7.2, 725, 李欣频的私房50
20273641, 9.1, 108, 狂热的爱
4225194, 8.6, 157, 生活的难题
2134786, 9.1, 107, 觉悟之道
4326244, 8.4, 185, 与心对话
4039401, 8.1, 244, 放下的幸福
11527197, 9.1, 106, 谦卑
5907290, 8.6, 154, 业力管理
1433002, 9.1, 105, 寂静的知识
6001611, 8.4, 182, 瑜伽之树
3070942, 8.3, 199, 如实生活如是禅
6800946, 7.1, 791, 做自己的先知
4060789, 9.0, 112, 天路客的行囊
5253349, 8.8, 130, 解离的真实
3189696, 7.2, 681, 两个人的孤独
1775301, 9.2, 97, 上帝唇边的长笛
3662078, 8.6, 152, 生活在禅中
1388359, 8.9, 120, 瓶同\
1388288, 9.4, 84, 人相的本|（斯）上、下
4729791, 9.4, 84, 回到当下
3424068, 7.6, 395, 生命的心流
2368198, 8.5, 161, 一生必读的关于信仰与人生的30部经典
1418371, 8.4, 175, 灵魂之旅
1248766, 8.4, 174, 稳行高处
1474445, 8.8, 125, 静心
5301258, 8.6, 145, 个人觉醒的力量
4872667, 8.1, 225, 爱自己
22166524, 9.5, 76, 圣徒永恒的安息
1423467, 9.0, 106, 浩渺无垠
6310967, 8.9, 114, 一生的呼召
26315455, 7.9, 274, 心之道
4278367, 8.1, 224, 好好圩约
3994012, 9.3, 86, 入中论讲记
10825291, 9.2, 91, 心灵爱语
6852021, 7.6, 374, 与内心的小孩对话
3041616, 8.6, 140, 奥秘心理学
4882456, 8.7, 129, 有话问苍天
6018571, 9.3, 84, 轮回是战场，菩萨是勇敢的战士
1795105, 9.0, 103, 春来草自青
4247651, 8.6, 139, 生命不再等待
6894125, 8.4, 164, 回家之旅
6313401, 8.5, 150, 生命即当下
25783890, 8.1, 214, 素黑：爱在136.1
3640005, 8.5, 148, 全然接受
6986029, 8.1, 211, 心灵突破60问
1267063, 8.9, 108, 让心自由
21249031, 8.6, 135, 灵性亲密关系
1292291, 8.8, 115, 白云之道
6557708, 8.6, 134, 真爱的旅程
4323622, 7.5, 393, 向宇宙下订单
7014878, 9.1, 92, 基督徒的生活
4890641, 8.6, 133, 天・藏
4126251, 9.1, 91, 八正道
25798953, 8.4, 155, 大地母亲时代的来临
3804304, 8.8, 112, 证悟
2240291, 8.3, 168, 秘苑玫瑰
3830650, 9.1, 90, 胜过黑暗
1423464, 8.8, 111, 思考从结论开始吗
1436700, 9.0, 96, 做个喜悦的人
1460381, 8.6, 129, 沙的智慧
3582276, 9.6, 65, 正常的基督徒生活
10521979, 8.2, 180, 唤醒内在的智慧
19941238, 8.4, 150, 预备成为帮助者
6002550, 8.0, 214, 轻而易举的富足
1332029, 8.0, 212, 胞
1491082, 7.2, 527, 一个瑜伽行者的自传
11522757, 8.6, 125, 生命之花的`性法t
3464891, 8.3, 160, 西藏的睡梦瑜伽
25711748, 8.5, 134, 灵性的自我开战
10868148, 8.8, 106, 改变带来医治
25746237, 8.2, 171, 生命之轮
7154813, 7.9, 226, 治疗密码
6072799, 8.8, 104, 冥王星：`魂的演化之旅
20390893, 9.3, 73, 次第花开
1316620, 8.2, 167, 花香满径
2278308, 8.4, 140, 生命
4831476, 8.6, 119, 美好人生的挚爱与告别
19949017, 7.2, 494, 魔力
4879054, 8.7, 109, 回到你心中
10809149, 8.1, 180, 别忽视上帝的提醒
10548353, 8.8, 101, 你当刚强壮胆
4932903, 8.5, 127, 灵魂之心
6886394, 8.4, 137, 你可以不生气
2371271, 8.7, 107, A知生命大：由恐肿呦鄣撵`魂M化旅程
10557754, 8.2, 161, 荣格与炼金术
4194910, 7.7, 262, 开启的世界
1473879, 9.0, 86, 虚舟
4233071, 8.8, 99, 静思语
6424417, 8.7, 106, 一心走路
4712849, 9.1, 79, 神的形象
20503637, 7.9, 208, 遇见我的前世今生
5063378, 7.8, 230, 进入你的感官世界
3091645, 9.3, 69, 噍
3885660, 8.2, 156, 生命不仅仅如此
4077967, 8.5, 121, 这个世界的真相
1372203, 9.2, 73, 仍诘幕鹧妫唐望故事
10601559, 8.7, 103, 上帝的情书
3005084, 8.9, 89, 信心铭
25747198, 9.3, 68, }全
25662148, 8.6, 110, 南师所讲呼吸法门精要
2025443, 8.1, 166, 十诫人生
26740257, 8.0, 182, 内在革命：一本关于成长的书
5269191, 8.2, 151, 迦陵频伽
1005770, 8.9, 87, 寻找奇迹
2159947, 8.6, 108, 参禅日记
3317555, 7.9, 198, 真爱密码
2382235, 9.5, 59, 负伤的治疗者（the wounded healer）
5260073, 8.1, 163, 最简单的方式
2327357, 9.1, 75, 博伽梵歌原意
4293302, 9.3, 66, 神的植物
4908969, 7.3, 377, 灵魂的目标
5364479, 8.6, 106, 静谧之心
3900685, 9.5, 58, 生命的重整
1756645, 8.4, 123, 禅的智慧
2215053, 8.4, 123, 现在开始讲解瑜伽
2981084, 7.5, 287, 吸引力法则
2161713, 8.6, 103, 因果的真相
3643702, 8.3, 130, 作樯的妻子：我和邱巴的人生
6027725, 8.3, 130, 生死学十四讲
4870813, 7.8, 205, 世界尽头的目标先生
10502466, 8.2, 141, 与神对话
5326861, 8.8, 88, 喜悦无处不在
2133610, 8.3, 129, 召咎焓
1437359, 9.1, 71, 力量的传奇
1796044, 8.7, 93, 地球守o者
23788417, 8.3, 127, 铃木大拙说禅
4922703, 8.6, 100, 克里希那穆提画传
1291214, 9.0, 75, 生活智慧
2977280, 9.0, 75, 降伏其心
3230321, 9.1, 70, 奥修传
4742960, 7.8, 198, 冥想的艺术
3837304, 8.0, 163, 镜子的法则
6963813, 8.8, 85, 灵境追踪师
1971644, 9.0, 74, 与神同在
2284458, 9.0, 74, `?奇?光行者
1888099, 8.7, 91, 馨香的没药/Sweet Smelling Myrrh
4879642, 8.9, 79, 大师读心经
1057794, 8.3, 123, 东洋冥想的心理学
5408900, 8.1, 146, 阴影的力量
5974322, 8.6, 97, 与神回家
4817594, 8.5, 104, 觉知生命的七封信
4932919, 8.3, 122, 黄庭禅
6265875, 7.1, 427, 水知道答案3
6868959, 8.3, 121, 信念的力量
6011081, 6.9, 550, 冥想5分钟，等于熟睡一小时
2969365, 8.4, 110, 七重山
2382099, 8.3, 119, 自由是什么
3103049, 8.1, 140, Thiaoouba Prophecy
4703163, 8.3, 118, 立足当下
4861583, 7.9, 168, 抛开妄想，告别任性
4312357, 8.2, 128, @一生楹味
10767378, 8.5, 100, 不再约会
20452425, 7.3, 316, 自爱，无须等待
3377058, 8.4, 108, 返璞归真
25853217, 6.8, 615, 一切都是最好的安排
1393343, 8.6, 92, 回归内在
6902720, 8.4, 107, 意念力
10546097, 8.4, 107, 陪伴生命
1338285, 9.1, 65, 如何樽约憾\告
25792009, 7.7, 197, 不分心：初学者的正念书
1074601, 9.1, 64, 穿越生命之界
6775832, 8.5, 97, 生而为人
4855578, 8.0, 145, 麻雀变凤凰
19899498, 8.9, 71, 花精物语
1331738, 9.4, 52, y以置信(II)ぴLT神的W站
3272443, 8.0, 142, 生命的教导
25769406, 7.6, 209, 一个人不要怕：完美升级版
5367631, 7.8, 170, 生命的奇迹水知道
3411745, 7.3, 290, 出走年代
10480843, 8.9, 70, 身心灵全面疗愈
3653133, 9.4, 51, 光的课程
1859392, 9.8, 41, 不再一
1082832, 8.8, 73, 生命的七大精神法则
5581690, 8.6, 84, 当好男人遇上试探
25774384, 8.6, 84, 冥想
26372364, 7.6, 200, 你在忙什么
25827479, 8.7, 78, 再活一次，和人生温柔相拥
6105662, 8.2, 114, 不思考的
11513516, 9.5, 47, 琉璃光如肀绢功德
2380804, 8.0, 133, 恐惧的由来
5377591, 8.3, 103, 开启潜意识
2117870, 8.7, 76, c神合一
1359219, 9.2, 55, 郏自由c为
1352455, 9.0, 62, 和尚遇到石
3195320, 9.0, 62, 祷告的学校
3223370, 9.0, 62, 生命的真意
6963840, 9.0, 62, 草原狼导师
3944885, 8.1, 120, 全然美丽
1370367, 9.1, 58, 老的予－唐望故事
4262949, 8.7, 75, 从破碎到完整
1439458, 8.6, 80, 心我论
3021808, 8.9, 65, 祈祷出来的能力
2371261, 9.1, 57, 新世oPN之光
3713669, 9.1, 57, `性低潮
25893196, 8.6, 79, 与自己和解：治愈你内心的内在小孩
3810394, 9.3, 50, 磐石之上
3099811, 8.7, 73, 你就是世界Ⅱ
19987165, 8.0, 125, 破碎重生
3628063, 8.3, 96, 奈粗中解
6437041, 7.7, 161, 沉默入门
3733323, 8.3, 95, 重塑心灵
3012966, 9.0, 58, 祈祷真谛（港版译名《亲爱主，牵我手》
5346154, 9.0, 58, 佛陀之心
26610897, 8.5, 81, 快乐就这么简单
2284446, 8.9, 61, 梦参禅学系列:修行.随缘.禅・简单启示
10791825, 8.9, 61, 觉醒之后
5340971, 7.7, 157, 放下，刹那花开
26296901, 9.0, 57, 一日浮生: 十探生命意x的故事
4236607, 7.3, 238, 情绪的惊人力量
4941751, 9.4, 45, 效法基督
6952711, 8.2, 100, 生命之光
3267944, 7.4, 212, 《秘密》的秘密
20440847, 7.9, 129, 前世今生2
24371384, 7.9, 129, 遇见未知的自己
1186561, 8.0, 118, 只有分手才有幸福
3269870, 8.3, 92, 奥义书
6021817, 8.2, 99, 另一个上帝
3388249, 9.5, 42, `性成L
6869786, 9.4, 44, 佛教眼中的神秘
20371004, 7.5, 185, 生命咖啡馆
20423414, 8.0, 115, 不思考的练习
1331944, 8.9, 59, 成熟
25693212, 9.3, 46, 接纳生命中的不完美:承认不完美
10557518, 7.7, 149, 谁设计了宇宙?
4826446, 8.0, 113, 爱的功课
4301498, 8.9, 58, 
4932918, 7.2, 250, 找到你的灵魂伴侣
1332010, 9.1, 51, c神橛
26366750, 9.1, 51, 只有当心非常安静时
4212459, 8.4, 81, 心的导引
5360776, 7.7, 146, 上帝的公式
4073606, 8.5, 75, 为约会立界线
6423681, 8.5, 75, 灵心小史
24743325, 8.6, 69, 从伤痛中开出最美的花
4001861, 9.5, 40, 与神同行
20493285, 7.9, 119, 只想静下来
2111837, 9.0, 53, 瑜伽气功与冥想
6998712, 8.8, 60, 灵魂之旅
1395436, 7.1, 270, 塞莱斯廷预言Ⅱ第十种洞察力
10812235, 8.5, 73, 荷欧波诺波诺的幸福奇迹
6890297, 9.3, 44, 莫测树下
3550605, 8.4, 78, 禅与自在解脱
10493986, 8.7, 63, 行在水面上
6901549, 9.0, 52, 完全饶恕
20442237, 7.6, 153, 这一生为何而来
1312295, 9.2, 46, 送你一座玫瑰园
5243469, 8.2, 90, 觉醒与冥想
10580991, 8.2, 90, 觉醒之旅
23746652, 8.6, 67, 宇宙之
10800709, 7.7, 137, 孤独是一种修行
10452429, 7.9, 114, 念力的秘密
10862347, 8.4, 76, 生命的重建2
20509730, 8.2, 88, 生活就像练习
2125589, 8.4, 75, 塔_入T＋原bM口f特塔_牌
4854924, 7.9, 111, 米尔顿的秘密
3161191, 9.0, 50, 旋宇宙序曲
3684053, 9.0, 50, 爱的纯全
1360193, 8.9, 53, }能量1
4831351, 7.8, 120, 让寂寞来，让寂寞走
4753973, 8.7, 59, 属灵传统礼赞
25867744, 8.3, 78, 简单冥想术：激活你的潜在创造力
11516429, 7.5, 155, 只要会呼吸.就能做冥想
2157500, 8.6, 61, 每日与主同行
6024014, 7.7, 124, 呼吸的奇迹课程
3450104, 8.9, 50, 活在圣灵中
1367200, 8.8, 53, c奇人相遇 Meetings With Remarkable Men
1437167, 8.0, 94, `魂的符
10484725, 7.6, 134, 冥想
1456823, 8.2, 80, 花香常漫
2133617, 9.7, 32, 大天使神I占卜卡：45精美大天使卡＋+雅致zq袋
3113156, 8.5, 64, 有求必
3449836, 8.5, 64, 死亡
4894608, 8.0, 93, 阴影，属于你的生命礼物
2330891, 9.4, 37, 始于静谧处
26615848, 7.8, 110, 当励志不再有效
2246943, 8.9, 49, 世界伟人成功秘诀之分析
19955762, 8.1, 85, 灵性的觉醒
10440537, 7.4, 160, 淡定
2245997, 8.2, 78, 把好\吸^
3924299, 8.1, 84, 问道
3739780, 8.5, 62, 做个真女人
3179498, 9.0, 45, X悟勇士：香巴拉的智慧鞒
10354347, 9.0, 45, 哈达瑜伽之光
1418382, 9.3, 38, 簟⑦M化cr值完成（斯）
6438580, 9.3, 38, 荒漠甘泉
24888041, 9.4, 36, 敬虔与圣洁生活的严肃呼召
4327996, 9.2, 40, H鄣模e把上帝s小了
6810299, 9.2, 40, ⑷衄r的三十六堂表演n
2381207, 8.0, 89, 出走
20493038, 8.9, 47, 太阳，我的心
10573963, 7.2, 189, 好好爱自己
6829168, 8.7, 53, 唤醒能量
25910207, 8.7, 53, 灵性冲撞
26263508, 7.5, 137, 阿克拉手稿
24854454, 9.0, 44, 生命之花的`性法t2
5405128, 7.6, 124, 生命的重建
22712251, 9.2, 39, 异乡客
2999307, 7.3, 166, 秘密全集
4243315, 8.4, 64, 寻找精神家园
1408609, 9.4, 35, 心`成L－地球生命n程
5340502, 8.3, 68, 失落的幸福经典
3433704, 8.5, 59, 轮回转世之约
2373376, 9.0, 43, 亚当――神的爱子
5327868, 8.6, 55, 智慧瑜伽
19990843, 8.0, 85, 天空之镜
3925873, 8.8, 48, 大乘百法明门论讲记
6517272, 8.8, 48, 慧心自在
11615777, 8.7, 51, 生命的注释
1320083, 8.0, 84, 瑜伽的基础
5336215, 9.3, 36, 老神再在
6969134, 8.9, 45, 凯龙星
23008777, 8.9, 45, 论真理
1418377, 8.6, 54, 襞c意R投射（斯）
1007652, 8.1, 77, 禅
1367488, 9.0, 42, 勇猓在生活中冒U是一N喜COURAGE:THE JOY OF LIVING DANGEROUSLY
10607781, 8.5, 57, 耶稣也说禅
1761732, 8.8, 47, 水晶光能⒚
6866219, 8.7, 50, 真正的修行
2000099, 8.6, 53, 生命底秩
4748894, 7.7, 105, 情绪的力量
1957786, 8.5, 56, 人的破碎与灵的出来
26782080, 7.6, 113, 用安静改变世界
25772285, 6.4, 477, 当时忍住就好了
2343336, 9.2, 36, 活出有爱的生命
5341571, 9.2, 36, 地心文明桃乐市（第一册）
5297205, 7.2, 165, 一辈子做女孩2――承诺
2160751, 8.2, 67, 活出美好
4848591, 8.1, 72, 开启的禅
4838589, 8.5, 54, 零阻力的S金人生
5401928, 8.9, 42, 炼爱
3105408, 8.6, 50, s格c密宗的29「X」
3411501, 8.6, 50, 如何无忧无惧过生活
25695309, 8.5, 53, 超越自我之道
4723785, 8.0, 76, 冥想的力量
2311715, 9.0, 39, 叛逆的`魂
3185951, 7.7, 97, 吸引力法则
1418387, 9.3, 33, 心`的本|（斯）
3211855, 9.3, 33, 心思的战场
1331720, 8.9, 41, y以置信：科W家探神z信息
5373553, 6.7, 286, 淡定的力量
10764917, 8.4, 56, 不与自己对抗你就会更强大
10825369, 8.0, 75, 30000倍的潜意识
25810092, 8.7, 46, 如其本来
19954280, 7.6, 105, 卖掉法拉利的高僧
4246438, 7.8, 88, 与自己的生命对话
3671027, 8.1, 69, 心的依止
6014494, 8.5, 52, 爱，不是你以为的那样
4317969, 8.2, 64, 克里希那穆提精选集
2240394, 7.0, 194, 吸引力法则
20282379, 8.8, 43, 沙漠教父言行录
2227642, 7.6, 103, 你是做梦大师
6853067, 9.2, 34, 失而复得的日记
3526023, 8.9, 40, 效法耶稣的服侍
11607921, 7.8, 86, 故事的疗愈力量
25977138, 7.6, 102, 金钱的灵魂
2117867, 9.5, 29, 小`魂c太
5922748, 8.5, 50, 心灵之药
20563181, 8.5, 50, 巴坦加里的瑜伽经
2023782, 9.0, 37, 罗马城的小丑戏
3778806, 9.0, 37, 天使之
4067264, 9.1, 35, `魂之
4932573, 8.1, 66, 身心合一
26823158, 8.7, 44, 能量：9个能量场实验激活不可思议人生
2042225, 9.2, 33, 水晶高l治
10750459, 7.6, 98, 慢慢喝水，就能消除焦虑的慢动作冥想法
4838579, 9.3, 31, `性法t之光
4317808, 9.5, 28, 常常祷告
15994287, 6.2, 545, 你要配得上自己所受的苦
4229353, 8.1, 64, 情感自由
5920824, 5.9, 943, 气场修习术
1418379, 9.1, 34, 未知的相（斯）一、二卷
2849081, 9.1, 34, The Law of One
4730245, 7.9, 74, 内在小孩解道德经
3163939, 8.5, 48, 永活的信心
4334314, 8.2, 58, 拙火瑜珈
26256971, 8.2, 58, 新零极限
1347979, 9.3, 30, 健康之道：最後的一堂斯n（斯）
3012588, 9.3, 30, 心`面包
6047831, 7.7, 85, 十字架上的爱
4842743, 8.5, 47, 自在的幸福
4091110, 9.5, 27, 五十奥义书
5254286, 8.3, 53, 奇异恩典
1359201, 8.7, 41, 印加能量法
1335288, 9.2, 31, 石途II-存在c自由
1511427, 9.4, 28, 雪狮的蓝绿色鬃毛
2301958, 8.2, 56, 人可能进化的心理学
1331681, 8.6, 43, 超越自我之道
1761576, 8.1, 60, 影.也是一N力量
4215929, 8.1, 60, 你可以再塔罗一点
5373686, 7.0, 162, 承认不完美，心灵才自由
3999054, 7.8, 75, 仁慈的吸引力
1360194, 9.1, 32, }能量II
3021781, 9.1, 32, 从幻想到祈祷
1367665, 8.4, 48, 直X式塔_牌
4731759, 8.4, 48, Power of Now
2370820, 9.5, 26, 碜哉世界的音 Views from the Real World
19995305, 9.5, 26, 释迦牟尼佛广传・白莲花论
26388575, 9.5, 26, 《马太福音》释经默想（莱尔四福音释经默想）（内部发行）
4209407, 7.2, 127, 专注的惊人力量
3280857, 8.8, 37, 雅比斯的祷告
4245441, 8.8, 37, 三个国王的故事
6800010, 7.8, 73, 爱与被爱的艺术
5299299, 8.1, 58, 前世的愿望是今生的际遇
6510382, 8.1, 58, 生命之重建
3226652, 9.0, 33, 般若心经
3358357, 7.7, 79, 心理占星W全
10566302, 7.6, 86, 富在工作
1151098, 8.7, 39, 埃克哈特大师文集
6978645, 8.7, 39, 内证观察笔记
21331442, 8.7, 39, 转逆境为喜悦
1266197, 8.3, 50, 宽恕就是爱
7006517, 8.3, 50, 刹那冥想
3434994, 9.3, 28, 占星学
7564799, 8.6, 41, 马太福音
4279135, 7.9, 66, 正向能量
5372473, 8.0, 61, 心灵的重建
2382165, 8.8, 36, 自然与生态
2133692, 9.7, 23, My Utmost for His Highest
26844382, 8.3, 49, 和这本书一样安静
1360237, 9.6, 24, 再次成楹⒆樱W修f孩童 
1353177, 9.2, 29, 阿姜查的U修世界：定(第二部) Food for the Heart: The Collected Teachings of Ajahn Chah 
3183277, 8.7, 38, 心的世界
4294466, 8.1, 56, 沉思课
5989473, 7.9, 65, 生命的重建
2256989, 9.0, 32, 简朴生活真谛
3012933, 9.0, 32, 黎明路上
7053270, 6.5, 276, 玛雅日历2012
3611687, 9.4, 26, 祷告
6808038, 9.1, 30, 廖阅鹏催眠圣经
2382668, 8.1, 55, 古代神zW院入T：超感能力c}_通
1495041, 9.3, 27, 信心
23679340, 8.7, 37, 生命的旅程
2054252, 7.9, 63, 灵感
10550568, 7.9, 63, 生命的重建
3778814, 8.4, 44, 如何聆天使息
3202123, 9.0, 31, 大成就者之歌（上：法源篇）
4722608, 7.7, 73, Alien Interview
25834771, 7.8, 67, 活得优雅
1427846, 8.5, 41, 解x地球生命密a
3691428, 8.5, 41, 灵性科学入门
10426428, 8.5, 41, 当下觉醒
10554057, 8.5, 41, 情绪的“处方”
4009714, 9.7, 22, 基督教教义
1332023, 7.7, 72, 碜造`界的答案
26383445, 8.7, 36, 开悟者眼中的生命真相
11601992, 7.5, 85, 世界之战
4811880, 8.4, 43, 不再一样
6007305, 8.6, 38, 愤怒之舞
6773038, 8.9, 32, 生命的完整
4747122, 7.7, 71, 通行`界的科W家
4704707, 8.2, 48, 灵花灵火
1332025, 8.7, 35, `魂D生的W秘
4258869, 8.0, 55, 生命可以如此（下）
20493040, 8.8, 33, 来自心上的答案
1359334, 8.6, 37, 荷光者
11589955, 8.6, 37, 来，做我的光
25850143, 8.6, 37, 我们真正的归宿
26326433, 8.6, 37, 瑜伽经的禅修要诀
10529545, 9.1, 28, 再见耶稣
10541079, 8.9, 31, 灵魂之旅Ⅱ
6875697, 7.8, 63, 失落的神谕
6526342, 7.6, 74, 冥想空间
4186088, 8.3, 44, 当和尚遇到钻石II
3807973, 9.6, 22, 神操
3374612, 8.2, 47, 神圣的自我
10449397, 8.2, 47, 好好爱自己
2285229, 9.4, 24, 克里昂`性寓言故事 The Parables of Kryon
3013759, 9.4, 24, 奉耶稣的名
23754813, 7.3, 96, 东灵
4162005, 9.3, 25, 吸引好事的魔法咒语
26686645, 7.5, 79, 过好日子的190个基本
21427100, 7.2, 104, 内在小孩
25848584, 7.2, 103, 在旅行中找到自己
4060733, 9.1, 27, 做人的佛法
5243431, 8.0, 52, 矍榈奈引力法t
4244650, 6.9, 139, 没有你的故事，你是谁？
1422191, 7.8, 60, 另一宇宙淼娜
20492337, 8.1, 48, 海的礼物
3528012, 8.7, 33, 坦呈自我
26910859, 8.7, 33, 冥想
26574996, 8.5, 37, 赛斯书：个人与群体事件的本质
26838900, 9.6, 21, 塔罗冥想
6753671, 8.4, 39, 空性之舞
25866991, 7.9, 54, 手印
3090784, 8.3, 41, My Stroke of Insight
3126372, 7.6, 68, 心想事成的秘密
19949360, 8.5, 36, 寻便寻见
2283335, 7.9, 53, 心灵的密码
25758333, 7.9, 53, 活得累，学冥想
1389035, 8.8, 30, 巴哈花疗法心灵的解药
6952509, 8.3, 40, 祈愿的力量
26585473, 8.5, 35, 上帝的火柴
26661519, 9.4, 22, 富裕，凫犊诖bM快返娜
5407498, 8.9, 28, 真鄣墓φn
7062464, 8.7, 31, 灵界见闻录
3774494, 8.4, 36, 心灵导师
5031917, 8.3, 38, 奇迹30
1418385, 8.7, 30, 心`探U─斯修法
21318023, 8.7, 30, 内在父母与内在小孩的拥抱
10781603, 9.2, 23, 风闻有你
24755040, 8.8, 28, 你天生就是性叟神
1478748, 9.5, 20, Conversations with God
1938230, 9.5, 20, Healing Pluto Problems
1341738, 8.3, 37, 死亡．奇．A言
4825563, 7.6, 60, 财富吸引力法则
5341152, 8.5, 32, 遇见100%的幸福
1439496, 8.6, 30, 不逃避的智慧
3398362, 7.9, 46, 涂鸦日记
10519204, 9.0, 24, X醒r刻
22601779, 9.0, 24, 与无常共处
4233083, 8.4, 33, 瑜伽大全
21364254, 8.2, 37, 丈夫，天生需要帮助者
1282131, 8.0, 42, 脑内革命 第一卷:重新认识、开发、利用你的大脑
25873654, 7.3, 72, 不纠结的修行
25775617, 8.8, 26, 倾听内心的声音
26276646, 8.2, 36, 灵魂的暗夜
20273179, 8.0, 41, 苹果禅
10522588, 8.5, 30, 面对心中的巨人
25981306, 7.5, 59, 少有人走的路4
1346471, 9.0, 23, 西藏心瑜珈 
6985230, 9.0, 23, 神智学
21329286, 9.0, 23, 为何是k
4246474, 7.3, 69, 女人的幸福女人定
4251258, 7.6, 53, 卡巴拉智慧
25983893, 8.6, 27, 瑜伽?生活禅
10583429, 8.3, 32, 禅：两刃相交
1895990, 9.1, 21, 橘子U
4820443, 9.1, 21, 肀你的仍谛『
5326866, 8.1, 36, 乔普拉七法则
2046190, 8.9, 23, Be Here Now
26589040, 8.9, 23, 转化生命的友谊
3411148, 8.4, 30, 老子人法地思想揭秘
6892010, 7.5, 55, 这是我的人生，不是别人的
2064837, 8.7, 25, 狂野作
2384364, 8.7, 25, Peace Is Every Step
26792798, 8.7, 25, Q雪松系列3：鄣目臻g
20435605, 9.4, 18, 男挠X醒
6845717, 6.9, 92, 我是谁
4177973, 8.9, 22, 再BYK法
4222475, 8.9, 22, 天堂教我的七堂n
1556615, 8.5, 27, 梦里晴空
20283127, 8.5, 27, 活在恩典中
26256212, 8.5, 27, 与上帝拔河
6759143, 7.5, 52, 冥想日记
10743130, 8.1, 34, 轻而易举的富足.2
4061286, 9.2, 19, 重寻圣洁
24845147, 7.8, 41, 坎贝尔生活美学
26201934, 7.5, 51, 零极限
4074775, 9.3, 18, 了解性，超越性―从性到超意识
2101454, 8.6, 25, 与天堂对话
3927591, 8.6, 25, 萨提亚转化式系统治疗
4015556, 8.1, 33, 天使底
26600223, 8.5, 26, 幸福的三个真相
6903272, 6.9, 85, 猫的禅
10490980, 6.7, 104, 与神为友
6524075, 6.2, 194, 前世的秘密
6872501, 8.4, 27, _放通`
6012507, 8.2, 30, 圣经里的女性
25850137, 8.2, 30, 森林里的一棵树
26661766, 8.2, 30, 李中莹亲密关系全面技巧（升级版）
6875427, 8.3, 28, 成功的七大精神法则
6722287, 6.4, 141, 三分钟爱上催眠
4291226, 8.0, 33, 真爱无惧
25920693, 8.2, 29, 心灵之镜
25718092, 7.7, 40, 零极限的美好生活
1338144, 8.8, 21, W修f女人
1938660, 8.7, 22, `108
26411434, 7.5, 46, 重遇未知的自己
4820559, 8.3, 27, 沙漠的智慧
4008617, 9.1, 18, 地狱游记
1332106, 8.5, 24, 恕十二招：せ卣鄣拿卦E
3277935, 8.3, 26, 室利・罗摩克里希那言行录
6002631, 8.3, 26, 逆境中的祝福
2227151, 8.7, 21, `槟碡S盛
26306760, 8.1, 29, 生命的所有可能
11444869, 8.9, 19, 扔^瑜伽
10494256, 6.5, 111, 活在当下
10436113, 6.7, 88, 谢谢你折磨我
1358642, 8.4, 24, |疑克里希那穆提
1958923, 7.9, 32, 易`魂出w法
1367666, 9.1, 17, 造力
4208761, 8.3, 25, 沙漠教父的苦修主义
24863300, 8.3, 25, 你可以通灵
10524093, 7.4, 44, 改变大脑的灵性力量
6731393, 7.4, 42, 活着即修行
1825701, 8.5, 21, s格解：舻睦碚c解析
10332444, 7.9, 29, 特蕾莎修女
4278490, 8.2, 24, 邀你的指ъ`
1332065, 8.2, 23, 密宗T崔的精神c性
5044643, 7.3, 41, 负面思考的力量
4202360, 7.5, 35, 我心医我病
5908575, 5.7, 255, 气场的秘密
4714893, 8.0, 25, 爱的勇气
6903285, 7.0, 51, 蒙淘克的金字塔
2037066, 8.4, 20, c玫瑰
3013763, 8.4, 20, 新造的人
3205460, 8.3, 21, 超功能气功宝典
3997930, 8.6, 18, 巴夏
4015601, 7.3, 39, 30天W`魂出w
1353238, 7.9, 25, 塔_入T典牌
21424115, 8.2, 21, 幸好!人生可以推倒重来
24704442, 8.2, 21, `魂的出生前
5329647, 7.3, 36, 七田真超右脑学习法
6878785, 7.8, 25, 活出内在的力量
3235100, 8.0, 22, 禅宗公案
1857799, 7.4, 32, 戴尼提
2982662, 7.8, 24, 如何安心如何空
10448566, 7.6, 27, 疗愈场
26107847, 8.1, 20, 丰盛的恩典（基督教经典译丛）
1439636, 7.4, 30, 指ъ`，我的朋友?我的影子
23134222, 6.8, 48, 这些年，我们都忘了爱自己
3763110, 7.6, 26, 催眠术入门教程
26605714, 7.1, 37, 与神对话3
10745487, 8.1, 19, 精读本圣经
25923670, 8.1, 19, 超个人心理学
10549092, 7.5, 26, 隐士的生活
25911995, 7.2, 32, 别让小情绪害了你
1462604, 7.0, 37, 拙火
1367288, 8.0, 19, 全然的自由（上）－克里希那穆提要x
24704110, 7.9, 20, 自由之旅-与剑桥大学心灵导师的精神对话
25763702, 7.9, 20, 看不见的彩虹：人体的耗散结构
10600369, 6.5, 57, 不可思议的色彩能量书
25847219, 7.4, 27, 10% Happier
1418281, 8.3, 16, 能量t
26710502, 8.3, 16, 幕后：一位觉者的实修日记
6723905, 7.3, 28, 身心灵修行与疗愈大全(灵之卷)
3794437, 8.0, 18, 超越生死T
25910940, 8.0, 18, 西游原旨
3569853, 7.8, 20, ひ\生的`性伴H
10550574, 6.8, 40, 睡眠，最自在的修行
3011473, 8.2, 16, 默观生活探秘
3056633, 8.3, 15, 如何明白神的引I
1538499, 7.5, 23, 灵商
26422126, 7.2, 28, 冥想
3540706, 7.3, 26, 人体特异功能的实验研究与诱发训练
6027375, 7.9, 18, 华理克读经法
26285518, 7.9, 18, 佛陀传
26585417, 7.9, 18, 冥想，活在当下的练习
10560601, 7.8, 19, 呼吸的科学
26556930, 8.0, 17, 生命之树
25709120, 7.7, 20, 神是微服出巡
2160114, 8.1, 16, 印加巫士的智慧洞
6791741, 7.3, 25, 步行冥想
20390624, 7.7, 19, K密a
6870643, 8.3, 14, 瑜珈:身心`合一之旅
1470244, 7.9, 17, 美赫巴巴语录
26728772, 7.9, 17, 对生命说是
26766844, 6.1, 70, 遇见未知的自己（修订版）
1378069, 7.6, 20, 叟c自由
3545439, 8.0, 16, 巴赫医师的人生教科书
1727124, 8.1, 15, The Sorcerer&#39;s Crossing
3358681, 8.1, 15, 简易祈祷法/Experiencing the Depths of Jesus Christ
24531572, 6.8, 34, 能量场
24531902, 6.6, 40, 全观的视野
11601379, 7.6, 19, 生命的真相
26051394, 7.8, 17, o坐的科W、tWc心`之旅
6756178, 8.3, 13, 君尊皇族的觉醒
1386889, 7.5, 19, 大脑的秘密档案
11525222, 7.5, 19, 跟著大W塔_
1987536, 7.8, 16, 涞寞K能量
3242693, 7.8, 16, 不可思h的直X力
3013926, 7.9, 15, `性团d：科Wc宗教的整合道路
26028785, 7.9, 15, 师徒之道
2011594, 8.2, 13, 白
11620528, 8.2, 13, 与指导灵沟通
25751841, 7.3, 21, 不纠结过去，不忧心未来
26377143, 7.3, 20, 诸般不美好皆可温柔相待
26384643, 7.8, 15, 整合心理学-人类意识进化全景图
11631078, 7.9, 14, 升起你的`性天
5283390, 8.2, 12, 人学
26700517, 8.2, 12, 通往天堂的入口
10602324, 6.9, 25, 念力的秘密2
1770958, 8.0, 13, What the Bleep Do We Know!??
26352492, 7.7, 15, 巴赫花精与自我疗愈
1408608, 8.1, 12, 不要以人的方式思考
25756624, 7.4, 17, 对话稻盛和夫：利他
24845339, 7.3, 18, 冥想的力量
1266288, 7.9, 13, 非常态心理学
25955929, 7.7, 14, 和平勇士的智慧之道
11026658, 8.0, 12, 名望，富c野心
2258155, 7.8, 13, Surprised by Joy
24755316, 7.8, 13, 印度さz之旅：在印度遇R哈希
25902141, 8.1, 11, 正见
26431244, 8.1, 11, 危机四伏的呼召
26291539, 7.4, 15, 正念冥想
1319485, 7.2, 16, 有爱无恐
1870844, 7.2, 16, 生命密码
25857408, 7.2, 16, 心静了，世界就静了
6750736, 6.6, 24, 思移力
4885262, 7.7, 12, 翳べづc自然光的修
11577298, 7.7, 12, 地球大拙火
2206100, 7.1, 16, 这辈子，你该做什么?
25872084, 7.2, 15, 神秘现象探索
25879144, 6.9, 18, 超意识
6963747, 7.8, 11, 今生
2887221, 7.6, 12, Meditation for Dummies
4216649, 7.6, 12, 密教特异功能开发法
26715299, 8.0, 10, 《马可福音》释经默想
10536686, 7.9, 10, 克里昂息:DNA`性12揭密
3285276, 7.6, 11, 拙火之乐
26307846, 7.8, 10, 贤德的妻子
20438719, 7.4, 12, 生活，原本可以更美
3010287, 7.1, 14, 巧合是故意的
4215935, 7.1, 14, 塔罗牌占卜完全学习手册
25930051, 7.7, 10, 人D：找回你的原SO定
1981332, 6.8, 16, 通`教鹗
21248946, 6.9, 15, 宠物通心术
1332227, 7.5, 10, 密教超能力咒g
3799280, 7.5, 10, 积极思考
11535669, 6.7, 10, 空行母
