2017-01-23 16:17:59
Tag: 现代
The number of books: 985 

ID, rating, votes, title
1008145, 8.9, 179804, 围城
1090043, 8.5, 83134, 倾城之恋
1057244, 8.6, 64008, 边城
1449351, 8.8, 34621, 呐喊
1461903, 8.0, 114246, 何以笙箫默
1963684, 8.6, 32870, 半生缘
3879301, 8.1, 73967, 微微一笑很倾城
1088065, 8.6, 28215, 阿Q正传
1011754, 8.9, 17168, 海子的诗
1014278, 8.4, 36424, 红玫瑰与白玫瑰
1020459, 8.4, 34393, 此间的少年
3017857, 8.5, 26916, 金锁记
4231381, 8.5, 25926, 那些回不去的年少时光
2209098, 7.9, 78854, 致我们终将逝去的青春
1080309, 8.4, 28168, 尘埃落定
1449352, 8.6, 19665, 朝花夕拾
1398395, 8.6, 19339, 狂人日记
1060852, 8.8, 13437, 呼兰河传
1391191, 8.5, 21466, 京华烟云
1013416, 8.5, 20868, 雷雨
4732378, 8.7, 14188, 那些回不去的年少时光・终场
2567919, 8.3, 26260, 匆匆那年（上下）
1033825, 8.7, 13512, 顾城的诗
1004992, 8.8, 11475, 张爱玲文集
1449348, 8.8, 11017, 彷徨
3610681, 9.2, 6176, 海子诗全集
1043815, 8.2, 28046, 骆驼祥子
1085883, 8.6, 14039, 青铜时代
3633461, 8.6, 13884, 一句顶一万句
1962929, 8.0, 35203, 佳期如梦
4874131, 8.1, 27981, 东霓
4238754, 8.0, 33201, 失恋33天
1066165, 9.3, 4024, 卡尔维诺文集（第三卷）
1082162, 8.3, 16741, 第一炉香
10601616, 9.3, 3775, 我爱摇滚乐
1322455, 8.8, 7257, 遥远的救世主
1915958, 9.2, 4170, 野草
1016300, 7.2, 142968, 梦里花落知多少
1073349, 8.8, 6705, 写在人生边上 人生边上的边上 石语
1883991, 9.3, 3479, 王小波全集
6531656, 9.4, 3040, 麒麟之与子同袍
1980436, 8.7, 7357, 流言
1058679, 8.7, 7263, 人・兽・鬼
1442720, 9.4, 2945, 鲁迅全集（2005最新修订版）
1054917, 8.5, 9383, 沧浪之水
2331434, 7.7, 36557, 原来你还在这里
1036613, 8.9, 5071, 茶馆
1760432, 9.2, 3385, 受戒
1082522, 8.2, 13359, 家
3616310, 7.6, 38859, 小团圆
1000517, 8.8, 5190, 故事新编
1073744, 9.0, 3978, 四世同堂（上下）
1081422, 8.9, 4407, 卡夫卡小说全集（全三册）
1061242, 8.8, 4980, 写在人生边上
2230208, 8.1, 14022, 我的前半生
1078250, 8.2, 11724, 洗澡
6730371, 9.5, 1851, 麒麟之生死c共
2376306, 7.8, 20236, 第三种爱情
1830445, 9.0, 3148, 阿城精选集
10555486, 8.7, 4628, 分成两半的子爵
1043485, 8.1, 11305, 檀香刑
3131626, 8.9, 3429, 荒原狼
3506871, 7.6, 26522, 曾有一个人，爱我如生命
3293231, 7.8, 17915, 许我向你看
6730832, 9.5, 1623, 麒麟之快意人生
2165063, 9.2, 2256, 纳尔齐斯与歌尔德蒙
4241870, 7.7, 19746, 我在回忆里等你
1157014, 8.8, 3477, 伤逝
6773643, 8.2, 8075, 橘生淮南・暗恋
1394433, 8.4, 5802, {宇
1055128, 9.0, 2584, 传奇(上下)
6896252, 9.5, 1422, 麒麟之兵天血地
26264967, 8.3, 6191, 神们自己
5290433, 8.7, 3483, 当代诗人作家书画集
2267883, 7.9, 11643, 色，戒
6732193, 7.9, 11532, 十年一品温如言
3730731, 8.0, 9424, 许我向你看（终结篇）
1748232, 8.0, 9225, 忽而今夏
2376336, 8.4, 4954, 未央歌
3522694, 8.6, 3734, 史上第一混乱・第一季神仙预备役
10607710, 8.0, 9064, 世间的盐
21242062, 8.2, 6389, 长相思
4115227, 7.5, 21241, 岁月是朵两生花
3061282, 7.6, 17392, 山月不知心底事
1951384, 8.4, 4594, 郁金香
1044994, 9.3, 1413, 鲁迅全集(1)
1982001, 8.7, 2825, 月牙儿
10569619, 8.4, 4204, 自由
3674353, 7.7, 12924, 沥川往事
1052074, 8.7, 2737, 喧哗与骚动
1151873, 8.2, 5452, 我是你爸爸
1207819, 8.1, 6302, 过把瘾就死
1751925, 8.3, 4518, 引玉
1420368, 7.6, 14199, 裂锦
1925218, 7.4, 20951, 翻译官
5275500, 7.7, 11527, 尘曲
3183785, 7.7, 11502, 爱你，是我做过最好的事
10561209, 8.9, 1971, 全职高手1・放逐斗神
2165076, 9.0, 1751, 玻璃球游戏
1444077, 9.2, 1366, 汪曾祺小说经典
1469051, 7.1, 35532, 左耳
1045365, 8.6, 2651, 恶之花
1015398, 8.8, 2040, 卡尔维诺文集（第二卷）
10343062, 8.3, 3921, 暗恋
1474736, 9.0, 1605, 鲁迅杂文全集
2271177, 7.7, 10034, 青春酷语（第四辑）
4906195, 8.3, 3834, 人间烟火
1079838, 8.7, 2226, 湘行散记
1596305, 7.0, 40911, 泡沫之夏
1317899, 8.1, 5011, 生死场
4266008, 8.3, 3701, 给一个未出生孩子的信
1008732, 8.4, 3215, 失败之书
1469878, 8.6, 2445, 日瓦戈医生
4098989, 8.2, 4122, 我的青春从爱你开始
1076598, 8.7, 2105, 宋诗选注
1009043, 8.4, 3106, 日出
26680113, 8.6, 2382, 那个不为人知的故事
1963786, 8.4, 3091, 怎样鉴别黄色歌曲
1015403, 7.7, 9027, 今生今世
2032964, 9.1, 1304, 正红旗下
2345727, 7.5, 12825, 蜗居
3284067, 7.6, 10626, 佳期如梦之海上繁花
3887847, 8.5, 2573, 浮光
26331014, 8.3, 3351, 怨庾测1・食骨
23795254, 8.0, 5201, 骄阳似我
4100407, 8.0, 5128, 浮沉2
2221889, 8.3, 3289, 无限恐怖
4732123, 8.5, 2491, 爸爸，我们去哪儿？
2237621, 8.4, 2823, 十八岁出门远行
2010284, 8.0, 5017, 春风沉醉的晚上
1812895, 8.2, 3707, 东宫・西宫
3727329, 7.3, 17219, 千山暮雪
3293232, 7.7, 8045, 过客，匆匆
1069805, 8.7, 1879, 给青年的十二封信
1855343, 7.2, 20730, 泡沫之夏Ⅱ
3673670, 8.2, 3618, 怨女
1059040, 8.6, 2102, 雅舍小品
2062430, 7.2, 20185, 泡沫之夏Ⅲ
1440490, 8.6, 2065, 王朔文集（纯情卷）
26309691, 8.3, 3022, 月光落在左手上
1418648, 8.4, 2613, 胡适口述自传
2081058, 8.4, 2549, 归途
2284090, 7.5, 10437, 开到荼蘼
1200843, 8.1, 3845, 芙蓉镇
3191328, 6.7, 58370, 小时代1.0折纸时代
2135149, 8.4, 2470, 晨曦 上
2359687, 8.0, 4310, 堕落天使
1558547, 9.1, 1066, 鲁迅小说全集
2222148, 8.4, 2405, 迟爱 下
5414084, 8.0, 4173, 智斗
1291760, 6.8, 41969, 会有天使替我爱你
3336465, 7.3, 13726, 被时光掩埋的秘密
25704797, 8.0, 4038, 思念成城
1257294, 9.2, 910, 传奇
1040131, 8.6, 1778, 茶馆 龙须沟
20499504, 9.5, 678, 麒麟・之王・浴血南珈
1768332, 8.3, 2608, 喜福会
1174721, 8.4, 2279, 丧钟为谁而鸣
4706499, 7.8, 5342, 燃烧的男孩
2081063, 8.4, 2213, 殊途
20499500, 9.5, 651, 麒麟・之王・劫後重生
6800500, 7.6, 7271, 南音 （下）
10762477, 9.0, 1071, 全职高手2・千机初芒
4124855, 7.4, 10345, 人生若只初相见
1041650, 8.7, 1474, 现代建筑
1083509, 8.1, 3181, 人面桃花
3733083, 8.8, 1286, 你往何处去
4025916, 8.6, 1619, 唇诺
4011668, 8.5, 1803, 女生徒
26662515, 8.0, 3530, 他知道风从哪个方向来
25897707, 9.0, 1003, 沈从文的后半生
10867759, 9.0, 999, 全职高手3・副本风云
1886402, 7.4, 9436, 如果这一秒，我没遇见你
3345595, 8.5, 1755, 猫城记
3028009, 7.2, 13771, 温暖的弦
2107816, 8.3, 2235, 无声深处
4621099, 8.3, 2173, 死于威尼斯
3359739, 7.7, 5268, 格子间女人
3829004, 8.3, 2163, 明月照人来
1063401, 8.4, 1889, 精灵宝钻
4037337, 7.9, 3794, 一个人的欢喜与忧伤
1272866, 8.8, 1168, 世界文学文库
3323311, 8.9, 1041, 从文自传
1444558, 8.7, 1302, 博尔赫斯谈艺录
2031604, 8.8, 1161, 离婚
1958872, 7.6, 6103, 凉生，我们可不可以不忧伤
1139945, 8.1, 2794, 春
2008406, 8.2, 2408, 红楼梦魇
1051127, 8.8, 1147, 张爱玲典藏全集--中短篇小说：1945年以后作品
5336240, 8.3, 2098, 异乡记
1397659, 8.0, 3176, 国画
1008660, 8.4, 1837, 马桥词典
26352002, 8.4, 1837, 怨庾测4・黑蝶
3921405, 7.7, 4995, 芙蓉如面柳如眉
3335951, 7.6, 5783, 我的波塞冬
21321839, 8.2, 2314, 十年一品温如言
3881584, 8.8, 1082, 第十年
4135618, 7.6, 5437, 丹尼海格
1139941, 8.1, 2518, 秋
1418711, 8.7, 1169, 中国现代小说史
1999983, 7.8, 3876, 不能动
10522844, 8.7, 1168, 游戏的终结
1066627, 8.2, 2148, 中国现代文学三十年
1468916, 8.6, 1294, 王朔文集 谐谑卷
2165084, 8.3, 1869, 在轮下
26331660, 8.3, 1857, 怨庾测2・根P
3609422, 8.4, 1633, 错觉 (上)
5302695, 8.7, 1130, 七里香
3070952, 7.3, 8723, 佳期如梦之今生今世
26351997, 8.3, 1824, 怨庾测3・w天
1040924, 8.1, 2360, 金粉世家（上下）
26598807, 9.0, 800, 人鼠之间
6310320, 8.7, 1103, 人都是要死的
3205245, 7.4, 7066, 落落清欢
4920005, 9.0, 794, 终极往事
1009931, 7.7, 4185, 潘金莲之前世今生 诱僧
5988597, 7.8, 3572, 独家记忆
5366006, 8.4, 1554, Blood X Blood：血族传说大结局
1024785, 9.1, 712, 西方现代思想史
3891452, 7.7, 4164, 纸婚
1041896, 8.3, 1740, 巴黎的忧郁
1437687, 8.7, 1049, 性经验史
5908161, 8.5, 1309, 雨天的书
1276479, 8.8, 928, 发达资本主义时代的抒情诗人
24759683, 9.0, 742, 末日曙光
3069728, 7.1, 11261, 良辰讵可待
3294516, 8.5, 1275, 荼蘼肆野
1393473, 8.8, 904, 遍地风流
3622445, 8.7, 1008, 贫民窟的百万富翁
3898994, 7.3, 7522, KAO，被潜了！
6712214, 7.9, 2781, 是我W生又怎
1082946, 8.8, 891, 我弥留之际
2075175, 8.8, 889, 缘缘堂随笔
6087472, 7.2, 8814, 浮世浮城
25912734, 7.2, 8810, 他来了，请闭眼
6896040, 8.2, 1785, 好小猫
5906099, 8.7, 958, 毛以后的中国1976-1983
25851002, 8.1, 1993, 世界微尘里
1083054, 9.0, 694, 现代性与大屠杀
2160864, 8.0, 2261, 束`（上）
7056649, 8.6, 1055, 歧路
6010144, 8.3, 1499, 动物寓言集
1220904, 8.9, 755, 春醪集
26365847, 7.6, 4077, 美人为馅
3310627, 8.4, 1317, 繁花将尽
3271283, 7.7, 3445, 奢侈品男人
20473093, 8.5, 1160, 大逃杀
2111394, 8.3, 1475, 驱魔人・第一季・你是谁
1060779, 7.4, 5633, 圈里圈外
1334600, 7.9, 2511, 不可抗力 上
2156168, 8.4, 1284, 书读完了
4203630, 8.5, 1135, 鳄鱼街
1054776, 8.7, 903, 我这一辈子 月牙儿
3696953, 7.9, 2457, 绿红妆之军营穿越
2133270, 8.6, 1003, 魔法的颜色
3621144, 7.3, 6507, 良言写意
1334601, 8.0, 2112, 不可抗力 下
25733170, 8.7, 887, 吾国教育病理
3872378, 8.0, 2083, 青城
10769845, 8.6, 979, 猫蛊手记
3671352, 7.4, 5248, 嗨，我的男人
1050407, 8.5, 1091, 我从战场归来
1038861, 7.8, 2728, 手机
4090777, 7.9, 2346, 他，来自火星
1084078, 7.9, 2334, 钟鼓楼
11527635, 8.1, 1758, 鳄鱼手记
1908267, 8.2, 1542, 酒店关门之后
3174844, 8.0, 2012, 君子之交 上
4018261, 8.5, 1057, 向我开炮
6967983, 8.2, 1510, 罪行
2142376, 8.5, 1036, 警察张同志
3333758, 7.3, 5771, 大爱晚成
2970249, 8.6, 908, 魂祭（上下册）
6534919, 7.5, 4032, 然后、爱情随遇而安
4243284, 7.4, 4734, 直到最后一句
3795720, 7.2, 6771, 任凭这空虚沸腾
1065250, 8.9, 642, 呼兰河传?小城三月
6041632, 8.1, 1591, 雷峰塔
1468917, 8.4, 1082, 王朔文集 矫情卷
1468918, 8.4, 1080, 王朔文集 挚情卷
6003394, 8.2, 1372, 爱，始于冬季
1032570, 9.1, 511, 哈耶克文选
2174400, 8.2, 1367, 达洛卫夫人
25803547, 7.8, 2338, 一生一世，美人骨
24882309, 7.7, 2695, 与我十年长跑的女友明天要嫁人了
5261719, 7.7, 2660, 只为爱
2036569, 8.2, 1324, 愤怒的葡萄
1316651, 8.3, 1169, 北京人
1205303, 9.5, 348, 汪曾祺全集(2)
1174722, 7.9, 1959, 太阳照常升起
6792678, 6.9, 10902, 杉杉来吃
1907663, 8.1, 1484, 屠宰场之舞
6437880, 7.7, 2586, 哑舍
21770836, 8.5, 902, 八九十枝花
2341489, 7.1, 7112, 香寒
3151078, 7.2, 5874, 大约是爱（全二册）
1084388, 8.2, 1256, 寒夜
26210632, 8.1, 1414, 2018
5980585, 8.3, 1101, 走在蓝色的田野上
26110579, 7.6, 2860, 暗店街
24339872, 7.8, 2106, 至此终年
26255776, 8.0, 1580, 一厘米的阳光
6390810, 8.1, 1378, 记我们单纯的小美好
3289609, 7.1, 6595, 这么远，那么近
1051163, 7.1, 6531, 同学少年都不贱
3065698, 7.3, 4430, 白昼的星光
4061972, 8.5, 826, 狼王梦
11443061, 8.0, 1502, 别拿爱情说事儿
4162625, 7.4, 3678, 衾何以堪
5936030, 8.1, 1304, ab日记
1322445, 8.4, 902, 林语堂散文
4224227, 7.5, 3050, 怪你过分美丽
3057124, 8.3, 1005, 行过死荫之地
4174098, 8.2, 1120, 那一场呼啸而过的青春
5366444, 8.7, 634, 六个寻找剧作家的角色
6040895, 7.9, 1638, 憾生
3816859, 7.4, 3478, 四重音
2973657, 7.5, 2947, 微雨红尘（上下）
4729502, 9.2, 388, 现代诗歌的结构
3302642, 8.6, 693, 萧萧
2049339, 8.3, 963, 变化的位面
1460596, 7.7, 2100, 山河岁月
25741244, 7.1, 5675, 我承认我不曾历经沧桑
3027642, 7.5, 2820, 青春酷语 第七辑
1045578, 8.7, 604, 长河
3128636, 7.2, 4582, 末路相逢
3132641, 8.8, 538, 中国现代思想史论
3420384, 7.2, 4524, 告诉大雄我爱她
25849892, 8.8, 525, 人间滋味
5376367, 8.2, 1008, 相思长梦河
1437162, 8.1, 1136, 随想录
1394402, 8.4, 792, 死水微澜
1052477, 7.6, 2251, 中国式离婚
1077499, 8.6, 630, 重寻胡适历程
1077898, 8.1, 1119, 原野
25767862, 7.1, 5123, 如果蜗牛有爱情
5397152, 8.4, 766, 边缘少年
20433605, 7.8, 1621, 因自由而美丽
4175344, 7.6, 2121, 一辈子暖暖的好（全二册）
5269361, 7.9, 1369, I情
1205388, 8.5, 662, 茵梦湖
21370565, 7.6, 2082, 凶宅笔记
2117535, 8.5, 660, 如果可以这样爱・续
4255002, 7.6, 2074, 日光微澜
1748075, 8.9, 439, 槐园梦忆
1908268, 8.0, 1183, 到坟场的车票
1005411, 7.8, 1545, 透明的红萝卜
7015296, 7.5, 2382, 最美遇见你
6041631, 8.1, 1034, 易经
25896617, 7.4, 2769, 第十一根手指
1077834, 7.9, 1318, 沉沦?春风沉醉的晚上
4729680, 7.8, 1505, 路鸟
3055252, 7.7, 1711, 梧桐那么伤
1277389, 8.3, 790, 食荤者
1262344, 7.7, 1677, 盛夏的樱花树
3413211, 7.3, 3091, 花开半夏
4887524, 7.0, 5278, 夏有乔木雅望天堂
3733074, 7.7, 1641, 重访边城
4136640, 7.1, 4289, 盛开
3040409, 8.0, 1091, 妖孽横生
1058669, 8.8, 447, 现代危机与思想人物
4809782, 7.1, 4256, 路从今夜白
6534922, 7.5, 2171, 听说姻缘命中注定
1119829, 9.1, 337, 汪曾祺小说
1928490, 7.9, 1227, 如果可以这样爱
26599743, 8.1, 951, 有生之年
4249302, 7.3, 2974, 我的名字，你的姓氏
6792277, 8.6, 539, 燃烧的原野
1071187, 9.0, 366, 老舍幽默诗文集
25891017, 8.5, 595, 不疯魔，不成活
3895158, 7.5, 2129, 哪瓣洋葱不流泪
4217086, 7.5, 2114, 晨曦之雾
3097587, 7.6, 1818, 微光
4819994, 8.0, 1038, 也同欢乐也同愁
1112781, 7.7, 1549, 罂粟的情人
3239048, 7.2, 3378, 相亲以后
6528739, 7.4, 2417, 谁的等待，恰逢花开
6790474, 8.4, 642, 别拿穿越不当工作（全三册）
26289739, 8.0, 1022, 误入浮华
3706295, 8.5, 571, 剪刀上的蘑菇
4849493, 7.6, 1739, 在寂与寞的川流上
5288540, 7.6, 1738, 朱雀
1937955, 8.5, 567, 胡适之先生晚年谈话录
3061895, 7.0, 4639, 心素如简
2372670, 7.9, 1130, 兔子，跑吧
25789570, 7.4, 2315, 满满都是我对你的爱
3266335, 7.7, 1478, 爱与乐的彼岸
1044989, 8.6, 503, 鲁迅作品十五讲
1086444, 7.5, 1976, 沉沦
3015786, 8.0, 984, 有一种爱情叫兄弟Ⅰ
1462101, 8.4, 615, 北岛诗选
4277650, 7.8, 1263, 结爱・异客逢欢
4104793, 7.6, 1668, 冰眼看日本
10876729, 8.1, 860, 何欢
1262580, 7.6, 1657, 像邦妮一样爱你
1050368, 7.3, 2632, 子夜
3393295, 9.2, 280, 改革历程
1086449, 7.6, 1632, 男人的一半是女人
3098649, 8.1, 843, 一长串的死者
4158875, 7.5, 1889, 爱如指间沙
4709375, 7.4, 2203, 我只是难过不能陪你一起老
1457149, 7.8, 1225, 英儿
5501668, 8.2, 739, 赠尔余生
1072248, 7.9, 1064, 永不瞑目
1048364, 8.8, 393, 日本现代文学的起源
1468906, 8.7, 429, 二心集
1974027, 8.7, 429, 热风
1074660, 8.5, 523, 我这一辈子
6813370, 8.2, 722, 雾中回忆
3409619, 7.3, 2445, 耳洞
1030699, 7.1, 3424, 繁星春水
4845007, 8.3, 634, 南极
10770739, 7.7, 1333, 哑舍Ⅱ
6560283, 8.5, 506, 这世上我最爱你
2179956, 7.0, 4010, 左手倒影.右手年华
1000407, 8.8, 374, 竹林的故事
1011180, 8.7, 410, 顾准日记
25734190, 9.0, 309, 末日曙光Ⅱ
1001769, 8.8, 366, 知堂回想录（上下）
1292354, 7.6, 1465, 空山
3733114, 7.3, 2292, 被遗忘的时光
1395228, 8.5, 484, 五号屠场
21349024, 8.6, 436, 王子病的春天 上
4012250, 7.9, 957, 色已成空
4856537, 7.6, 1428, 你是我的独家记忆
25759086, 9.3, 232, 追问阳光财政――2009公民税权手册
1035562, 8.6, 429, 在通向语言的途中
3137080, 7.3, 2215, 那一杯咖啡的爱情
3988842, 7.8, 1063, 结婚十年
7001042, 8.5, 471, 无计花间住
2069604, 7.4, 1860, 成全了自己的碧海蓝天
1082821, 6.7, 6518, 水晶般透明
20444964, 7.7, 1202, 突然想要地老天荒
6424154, 8.1, 719, 张爱玲私语录
1911509, 8.8, 342, 桥・桃园
1038949, 8.5, 457, 资本主义、社会主义与民主
1005993, 7.6, 1321, 压伤的芦苇
3803838, 7.2, 2426, 作茧自缚
3006825, 7.6, 1308, 是以见放
1072541, 8.4, 492, 中国现当代文学名篇十五讲
4703557, 7.3, 2027, 君生我已老
3160035, 7.7, 1122, 流木
1889764, 8.7, 361, 燃犀奇谈
4077879, 8.4, 484, 零起点学中医
1505936, 8.4, 482, 鬼恋
26341728, 8.4, 482, 山河表里
1228316, 8.7, 357, 荷尔德林诗的阐释
1049586, 8.1, 670, 朱自清散文
1082820, 6.7, 5851, 无往而不胜的童话
4088400, 8.0, 745, 城外的月光（套装上下册）
1003155, 7.6, 1224, 化妆
6729710, 8.0, 729, 鬼叫魂之阴阳先生
5261747, 7.3, 1902, 薄暮晨光
2058427, 8.8, 314, 沈从文散文
20394637, 6.9, 3724, 蚀心者
3302545, 8.0, 717, 蝴蝶肋骨
26755914, 9.2, 220, 先生们（《环球人物》10周年典藏书系）
4224756, 7.7, 1038, 危险关系
1017907, 9.2, 219, 沈从文小说选(上下)
1322444, 8.9, 280, 鲁迅散文
4742967, 8.5, 407, 城堡・变形记
3259415, 7.6, 1174, 彼爱无岸
25929667, 7.6, 1171, 你是我学生又怎样
1186176, 8.3, 498, 海上花列传
20258506, 7.8, 889, 怎样读书
25786283, 6.8, 4294, 女王乔安
4270633, 9.0, 252, 沈从文家书
5068504, 7.4, 1520, 十五年等待候鸟
11524816, 7.8, 871, 你迟到了许多年
3447140, 9.3, 195, 废名集（全六册）
1437160, 7.7, 985, 平原
6981431, 8.0, 674, 废物们
3664816, 7.0, 2843, 尽在不言中
1608314, 9.3, 192, 沈从文别集
3241883, 7.6, 1092, 眼泪的上游
4859438, 7.5, 1254, 没有烟总有花
1104713, 8.3, 454, 狄兰・托马斯诗选
1081010, 7.4, 1384, 莎菲女士的日记
24738208, 8.5, 364, 圣路易斯雷大桥
1278571, 7.5, 1172, 天瓢
3024962, 7.2, 1831, 满身风雨你从海上来
25756932, 7.5, 1151, 两个故宫的离合
1003140, 9.4, 165, 沈从文全集.1-17
26743436, 7.7, 874, 忍冬
10515109, 7.6, 995, 重生之名流巨星
1079044, 8.7, 292, 张爱玲散文全编
4167370, 7.2, 1782, 寂静流年遍开花
3065701, 7.1, 2092, 哪一年让一生改变
4718093, 7.9, 660, 路人甲的矍楣适
1434335, 8.8, 260, 讨山记
24716171, 8.6, 311, 沉默的大多数
4932088, 7.4, 1259, 灯火阑珊处
3215504, 7.9, 640, 死亡的渴望
1484272, 9.1, 197, 世界经典名著文库 第三辑
5290283, 7.6, 925, 最寒冷的冬天
6072853, 8.4, 361, 橙红年代
3389953, 7.7, 794, 天长地久
4742942, 8.4, 359, 归于尘土
3098640, 8.0, 546, 向邪恶追索
26882320, 8.9, 225, 嗨，好久不见
1875715, 9.5, 141, 奥尼尔文集（全六册）
1282824, 8.1, 484, 史家陈寅恪传
3037793, 7.2, 1567, 此去经年
10535987, 7.3, 1344, 轻易放火
1051010, 7.2, 1557, 斑马森林
1041527, 8.1, 477, 郁达夫散文
25867617, 8.2, 428, 洛书河图
3077729, 7.8, 675, 寂静的房子
1025321, 8.8, 239, 纪德文集
7916067, 7.6, 866, 忘言书
26825085, 8.1, 468, 阿南
26646456, 8.1, 464, 无尽绿
2009489, 8.3, 375, 的孤
6059063, 7.5, 966, 时光若有张不老的脸
5269118, 8.4, 334, 抒情传统与中国现代性
1904516, 9.0, 195, 张爱玲全集
3015008, 6.8, 2859, 何须浅碧轻红色
1427824, 8.7, 249, 无政府、国家与乌托邦
4766662, 7.4, 1075, 爱情来了你就上
10484442, 6.6, 4126, 爱你是最好的时光
1031720, 7.8, 626, 现代西方哲学十五讲
26436743, 7.5, 921, 曾少年
1507365, 8.2, 397, 抗拒的诱惑
6895934, 8.3, 358, 读史求实
6100940, 7.9, 553, 岁时记
26275998, 8.2, 393, 寒武再临
4113797, 7.3, 1201, 女人现实男人疯狂
3584719, 6.4, 6132, 景年知几时
3709462, 6.8, 2717, 放弃你，下辈子吧
1012703, 7.8, 595, 林家铺子
26148475, 7.0, 1847, 你和我的倾城时光
1073404, 8.9, 198, 长河孤旅
1085518, 8.4, 309, 临床医学的诞生
4085277, 7.3, 1139, 下一次爱情来的时候
4867235, 7.3, 1134, 原来我只是忘记和你说再见
24849600, 7.6, 749, 第三种爱情
3993819, 7.4, 978, 喜欢
3069730, 7.5, 851, 乐小米.天已微凉
20556208, 7.5, 832, 故国人民有所思
1434346, 8.1, 404, 儒教与道教
25795770, 8.3, 327, 革命的年代：1789～1848
6004232, 7.7, 637, 浮世爱
4012252, 7.1, 1477, 一路繁花相送
1028008, 8.2, 361, 一个伪知识分子的警察生涯
1013127, 8.1, 397, 鲁迅批判
10794265, 7.1, 1448, 黑白
3654619, 8.2, 354, 梵澄先生
4320831, 8.8, 202, 责任与判断
1195690, 7.9, 486, 唐人街
1256131, 7.7, 616, 这一世木已成舟
1826007, 8.2, 347, 朱自清散文集
4120698, 7.9, 479, 下一站，幸福
5407722, 7.3, 1019, 世间所有相遇都是久别重逢
6012075, 6.6, 3318, 星光璀璨
2227325, 8.4, 279, 现当代诗歌精选集
3265347, 8.5, 252, 斑羚飞渡
20444642, 7.1, 1352, 慈悲城
26375993, 8.5, 251, 狼行成双
4874141, 7.5, 751, 网游之公子连城
1043093, 8.6, 226, 现代儒学的回顾与展望
5243507, 7.3, 974, 许你再见钟情
26707942, 7.1, 1307, 知更鸟女孩
3863695, 7.8, 500, 一路疼，一路爱
5905885, 7.2, 1103, 绝色倾城
11507163, 7.0, 1503, 心肝
5321791, 7.3, 945, 中文系
1795716, 8.3, 285, 今夜有暴风雪
24699353, 8.0, 386, 现代世界的诞生
3238253, 7.1, 1222, 放弃你，是我做过最勇敢的事
3376746, 8.0, 379, 老张的哲学
1982707, 7.1, 1208, 时尚女魔头
20509118, 7.5, 681, 我的房东叫别扭
1274937, 8.9, 163, 雅舍菁华
20282520, 7.9, 413, 首席医官
26280494, 7.3, 874, 活着之上
3214461, 6.8, 1912, 水北天南
3499283, 6.9, 1602, 夜凝夕
5947457, 8.8, 173, 虚实之间
3594808, 8.9, 158, 萧红十年集
4895097, 7.2, 983, 身将腐朽，其爱不渝
26365848, 7.6, 572, 美人为馅2・大结局
25927528, 7.9, 401, 善男信女
1316144, 7.5, 643, 我的哈佛岁月
1020930, 8.6, 200, 苦茶随笔
6902585, 7.5, 639, 你是我左上角的心跳
2608363, 7.2, 945, 因为女人
1043903, 8.7, 180, 哲学的故事
5414077, 7.0, 1247, 一霎风雨我爱过你
2998717, 6.3, 4616, 午后薰衣茶
3795516, 7.6, 532, 源义经:镰仓战神
2341970, 7.8, 415, 误读红楼
4035998, 6.8, 1671, 凶画
4202322, 7.4, 670, 有一种爱谁敢言说
26310686, 8.7, 171, 鸟道
26882355, 8.2, 267, 去别处
1087833, 7.6, 511, 现代西方哲学新编
5976260, 7.3, 752, 我要逆风去
21693203, 7.9, 359, 耶稣的童年
25712589, 7.6, 507, 夜行
1017848, 8.2, 263, 杂记赵家
1608633, 7.8, 400, 神鞭
24714640, 7.0, 1130, 我站在桥上看风景
1039886, 8.6, 178, 看云集
6440622, 7.4, 625, 亿万老婆买一送一
6963561, 8.5, 192, 借来的时间
1022476, 8.7, 162, 苦竹杂记
24524403, 6.5, 2632, 晨昏
1038078, 8.1, 275, 夏济安日记
1085585, 8.3, 226, V.
26781333, 8.6, 173, 格格不入（全两册）
1692610, 8.4, 206, 周作人精选集
1000586, 8.6, 172, 泽泻集 过去的生命
4175356, 7.0, 1064, 网游之没事找找虐
4882116, 8.2, 243, 在华五十年
25954519, 8.0, 294, 致遥远的你
6557103, 7.4, 584, 彩虹的重力
1117768, 7.9, 322, 郁达夫小说集
10566260, 7.6, 451, 若你爱我如初
1075022, 7.7, 400, 毕竟是书生
4104723, 7.2, 752, 和你一起住下去
4245704, 7.3, 654, 我相信，幸福是会重生的
1052127, 7.7, 395, 活动变人形
24719916, 7.7, 394, 殊途同爱
1535594, 9.0, 119, 穆旦诗集(1939-1945)
1521489, 7.0, 992, 小二黑结婚
26255773, 6.7, 1622, 何所冬暖，何所夏凉
24232307, 7.5, 497, 最后一束米迦勒雏菊
1421014, 7.2, 737, 我和你
10788510, 7.2, 725, 若不是因为爱着你
1014263, 8.5, 174, 知堂文集
3436133, 8.7, 147, 丰子恺漫画精品集
1018912, 7.8, 343, 胡适评传
2998603, 9.0, 116, 倒人生
5355823, 6.7, 1563, 无爱承欢
4859592, 7.2, 710, 我不是精英
1009258, 8.0, 273, 背影
5063254, 8.9, 124, 雪国
1515701, 6.2, 4172, 天使街23号 Ⅰ
10786462, 7.4, 541, 你的诺言，我的沧海
25913805, 6.8, 1296, 对的时间对的人
5366004, 7.3, 593, 惜年
4205297, 7.5, 454, 听说爱会来
1801977, 8.3, 194, 施蛰存精选集
10759340, 8.0, 258, 我的乡土我的国
26590901, 8.4, 174, 一百年漂泊
26593903, 8.5, 159, 洗牌年代
4849081, 7.1, 737, 有多少爱可以重来
10536046, 6.4, 2385, 爱你是最好的时光Ⅱ
25829575, 9.2, 92, 末法时代的声与光
11538355, 6.9, 975, 我曾爱过你，想起就心酸
2129679, 8.0, 246, 现代汉诗100首
19964958, 8.5, 155, 周作人俞平伯往来通信集
26680107, 8.5, 155, 制霸好莱坞
5247942, 7.2, 623, 人生若只如初贱
1951438, 8.7, 131, 奥吉・马奇历险记
24743202, 8.8, 120, 红蕖留梦
1799371, 6.5, 1872, 天使街23号Ⅲ
5245543, 9.0, 103, 钱钟书作品集
6784958, 8.4, 163, 偶遇
3182750, 8.6, 137, 陈寅恪诗笺释（上下）
1771915, 6.4, 2178, 天使街23号II
1200841, 7.2, 588, 许茂和他的女儿们
5422980, 7.1, 667, 妙不可言
4820582, 7.5, 385, 晨光搁浅
6970366, 7.6, 342, 不小心，祸大了！
1083006, 8.1, 202, 铁屋中的呐喊
1783734, 8.0, 221, 现代性与后现代性十五讲
4146758, 9.1, 89, 聂绀弩旧体诗全编注解集评（全三册）
10794790, 7.6, 333, 六人晚餐
1320222, 6.4, 1985, 恶魔之吻1
1486116, 6.2, 2950, 麻雀要革命Ⅰ
2002866, 6.4, 1957, 天使街23号. V5
26806997, 8.5, 136, 平面设计中的网格系统
1959795, 6.4, 1886, 天使街23号Ⅳ
21615534, 7.0, 684, 情与谁共
1417143, 6.5, 1534, 恶魔之吻2
1758109, 7.6, 310, 犬与鬼
1999550, 8.0, 203, 父子
1785086, 6.5, 1430, 龙日一你死定了3
20501208, 7.7, 265, 中国的礼乐风景
24878188, 9.5, 63, 汪曾祺全集（全十六卷）
25931861, 6.5, 1408, 洗澡之后
10539827, 8.2, 162, 张爱玲庄信正通信集
4323844, 8.7, 107, 神巫之爱
1792307, 6.3, 2013, 麻雀要革命Ⅱ
26612679, 7.6, 287, 南方有乔木
5329637, 6.7, 965, 网游之天上红绯
1010845, 8.7, 105, 风雨谈
2339902, 8.2, 157, 一个人的呐喊
1414742, 6.2, 2349, 龙日一，你死定了
1165463, 8.3, 141, 人间鲁迅
6711004, 8.5, 119, 野马的爱情
20258928, 7.3, 393, 摘星
4260019, 8.6, 110, 奥西普・曼德尔施塔姆：诗六十五首
1957692, 6.4, 1549, 麻雀要革命Ⅲ
5366446, 8.2, 151, 地下室里的黑豹
4814377, 9.0, 81, 同一与差异
6394943, 9.0, 81, 西方建筑史
1789807, 8.6, 107, 萨特文集（全三册）
1950971, 8.8, 92, 明暗
1292199, 8.1, 161, 犯罪现场调查
7051099, 7.8, 213, 和首席社长谈谈情
2043346, 6.4, 1439, 麻雀要革命Ⅳ
20276283, 7.3, 367, 此致
3321567, 7.8, 209, 百年五牛图
11625788, 7.6, 257, 资本剑客
25789595, 6.4, 1392, 寻找爱情的邹小姐
1223790, 7.9, 186, 胡适与中国现代知识分子的选择
1039735, 8.7, 94, 周作人书信
26278884, 8.4, 118, 文化不是味精
1458042, 8.3, 127, 苏青文集（两册）
20393131, 7.4, 306, 春风十里.不如你
3175373, 6.7, 792, 君如陌上尘
4605595, 9.4, 58, 沈从文全集（修订本）（1-27卷+附卷）
1010640, 7.9, 179, 在传统与现代性之间
26851278, 9.2, 65, 浮生物语4（下）
4908875, 9.3, 61, 康德与形而上学疑难
20393132, 7.9, 176, 闭起双眼你会挂念谁
4713070, 8.5, 104, 浅浅
1065127, 6.5, 1060, 女神
26597462, 8.3, 122, 失书记?得书记
1398393, 8.1, 144, 蝴蝶夫人
20379949, 7.2, 371, 最后的闺秀
25905020, 7.6, 232, 花花果果枝枝蔓蔓
20441778, 6.2, 1799, 爱情的开关
10479639, 6.8, 631, 你的天堂，我的地狱
20279525, 8.1, 139, 现代艺术：1851―1929
1203259, 8.4, 108, 福尔赛世家
20425869, 7.4, 279, 妖孽也成双
26636314, 7.3, 312, 别那么骄傲
1045089, 8.5, 98, 永日集
1106736, 7.9, 163, 曾国藩传
4905941, 7.6, 218, 达达和超现实主义
1272898, 8.7, 83, 自我的根源
1059696, 9.0, 67, 陈寅恪诗集附唐J诗存
1144302, 8.9, 71, 纪德精选集
1024423, 8.3, 110, 高阳说诗
1836569, 6.5, 911, 恶魔的法则Ⅰ
3087897, 7.1, 360, 1王9帅12宫1
1317919, 7.3, 280, 玻璃鞋（上下）
26431623, 7.6, 201, 灯之湖畔
1056695, 8.5, 90, 药堂语录
2973882, 6.7, 619, 恶魔的法则Ⅳ・大结局
4234914, 8.2, 114, 潜入深海
6851644, 8.4, 97, 世界史前史
10774651, 8.4, 97, 费玛
1874070, 6.4, 1005, 214度恶龙王子
2154744, 8.8, 72, 迟子建文集（全四册）
1043243, 7.8, 160, e班e女孩
1214891, 8.2, 112, 欧美现代诗歌流派诗选
26609967, 6.9, 451, 他与月光为邻
4218128, 7.9, 144, 苏青经典散文
1016875, 8.1, 120, 古韵
1051827, 8.1, 120, 周作人研究二十一讲
25812290, 8.0, 129, 依然如旧的月色
25920516, 7.1, 333, 倾其所有去爱你
10573197, 7.0, 377, 洞房花烛，隔壁
1489676, 8.1, 116, 文化理论关键词
25714285, 7.3, 253, 回眸一笑秋波起
20427495, 7.9, 133, 沈从文家书
1925208, 6.5, 728, 214度恶龙王子2
3345618, 7.8, 143, 江湖异人传
25789593, 7.8, 143, 不如我们重新来过
3519774, 9.2, 50, 中国新文学大系导言集 (1917-1927)
20385070, 7.2, 264, 只怕不再遇上
4909051, 8.7, 68, 历史讲演录
1144301, 8.8, 62, 梅里美精选集
1469610, 7.5, 181, 断鸿零雁记
26758067, 7.8, 134, 君子一诺
2036527, 8.2, 95, 经济增长的秘密
25803912, 8.2, 95, 朝歌集
5985553, 9.2, 48, 现代中国思想的核心观念
25720876, 8.7, 64, 十二因缘
1084405, 7.7, 142, 新星
3436961, 8.1, 99, 解读欧陆哲学
20504673, 7.0, 302, 老公，天然呆
1794089, 7.8, 127, 以赛亚・伯林的遗产
1119308, 8.0, 106, 小坡的生日
1259305, 8.9, 54, 当代哲学主流（上卷）
1029701, 8.2, 88, 语际书写
6403850, 6.5, 583, 如果巴黎不快乐
4149841, 8.1, 94, 我的老师沈从文
26319249, 8.0, 100, 怪客书店①
3057119, 7.7, 130, 江湖奇侠传（全四册）
26743403, 7.1, 243, 一生一世，黑白影画
26278431, 8.2, 84, 脱腔
4822761, 6.4, 647, 大神
1273683, 8.4, 72, 关于女人
10757268, 7.0, 270, 最美不过初相见
5414076, 8.4, 71, 启蒙如何起死回生
26360337, 8.1, 89, 美人轲W（下）
1925195, 6.2, 892, 壁花小姐奇遇记1
25982808, 7.4, 167, 针锋对决（上）
19962933, 8.7, 57, 被贬低的思想
26345618, 8.7, 57, 看名画的眼睛.2
1442139, 8.8, 53, 饿乡纪程 赤都心史 乱弹 多余的话
1485130, 9.1, 44, Arcadia
24871492, 8.0, 93, 绕颈之物
10808389, 9.4, 37, 胡适书信选
21365989, 6.7, 375, 南风过境
1948614, 6.3, 696, 壁花小姐奇遇记2
6772689, 6.3, 694, 步步错
3071507, 7.6, 130, 亚拉巴马之歌
26820841, 7.5, 143, 沉默的告白
26591420, 7.9, 99, 池塘
6809102, 7.4, 157, 中国人的病
10866978, 7.5, 141, 沈从文家事
2066355, 8.7, 54, 北平笺谱精选
5913460, 8.7, 54, 鬼恋
25956998, 8.3, 71, 有人将至
1073774, 7.9, 97, 斯巴达
3606438, 7.5, 137, 仙度瑞拉・水瓶&amp;双鱼
3129185, 7.4, 151, 潘多拉的眼泪2
1974036, 8.5, 60, 鲁迅日记（全三册）
6784447, 6.9, 265, 金岳霖回忆录
25985785, 5.7, 2133, 半暖时光
20393124, 6.5, 455, 有生之年/狭路相逢
6028368, 7.9, 93, 孤独的异邦人
5350170, 8.4, 63, 西方现代艺术史
5263198, 7.1, 202, 幸福的苹果控
24758563, 7.5, 132, 樱花落海洋
3803279, 8.1, 77, 论传统
4827982, 6.7, 327, 忘川堂夜话
20425868, 7.0, 217, 你是我最好的遇见
1220866, 6.6, 366, 太阳照在桑干河上
25773913, 8.0, 81, 乡愁北京：寻回昨日的世界
1810991, 7.6, 111, 缀网劳蛛
1188358, 8.7, 47, 周作人与鲍耀明通信集
7060215, 7.9, 83, 流沙河诗话
26425611, 7.3, 141, Modern Romance
20471896, 8.0, 74, 师友记往
21692861, 7.8, 87, 诗经现场
2120274, 9.1, 36, 洪流
6435156, 6.8, 243, 28岁未成年
3317821, 8.3, 58, 密?2503房(上下)
26779714, 7.6, 101, 意外事故
25835801, 7.5, 110, 1933，聆听民国
25915944, 9.0, 37, 人生三书
1259309, 9.2, 33, 当代哲学主流（下卷）
22487876, 6.5, 342, 有生之年
24871667, 7.4, 117, 海的沉默
3757914, 6.5, 329, 浅浅心事
1288386, 8.7, 42, 理与人
5914506, 8.8, 39, 吴宓书信集
26769899, 7.5, 101, 君子有九思
10758721, 7.9, 71, 文学的祖国
1350097, 7.1, 148, The Woman Warrior
6124203, 8.8, 38, 胡塞尔思想概论
3259409, 9.7, 24, 训诂方法论
11498237, 7.4, 106, 盛世偏多文字狱
24843715, 8.4, 48, 个人自由与社会进步
24542160, 7.0, 158, 名草有主
1066339, 7.5, 95, 赵树理选集
26583402, 7.9, 67, 百年斯文
3523039, 8.5, 44, 朱东润自传
26633470, 7.1, 138, 隔壁那个饭桶
1133896, 9.3, 28, 百年中国文学经典（1-8卷）
26253702, 7.6, 85, 写我的书
1311655, 7.3, 112, 时髦的身体
4602196, 8.8, 36, 爱殇
10511888, 8.2, 52, 现代的悖论
1091706, 8.1, 55, 罗马故事
6973023, 9.2, 28, 周作人论儿童文学
19941513, 7.4, 95, 方圆四十里
1021496, 8.7, 36, 胡适书信集(上中下)
10345057, 7.6, 76, 知识人
4189744, 8.8, 33, 农民工进城防骗手册
23781717, 7.1, 119, 重生豪门千金（下）
26706618, 8.5, 39, 种地书
3105329, 9.5, 23, 陈寅恪史学论文选集
1313142, 8.2, 47, 现代信息检索
25714264, 7.4, 86, 如果牛有矍椋ㄏ拢
26288798, 7.5, 78, 你的温度，我的幸福
25926549, 7.2, 103, 师友杂忆
5990087, 7.4, 85, 爱情定则
2354047, 8.9, 30, 丰子恺文集(1-7)(精)
25698781, 7.5, 77, 叶落淮南
4727326, 6.4, 262, 荆棘花园
1475423, 7.6, 70, 日本学人中国访书记
5502986, 8.8, 31, 顾颉刚年谱
26866574, 8.8, 31, 岭南花木镜
25790192, 6.8, 152, 完美替身恋人
25940602, 8.1, 47, 梁漱溟日记（上下）
25813176, 7.3, 88, 完美替身恋人：终结篇
26688712, 7.3, 88, 他站在夏花绚烂里
23858351, 7.2, 94, 音皇1
11626650, 8.6, 33, 家事、国事、天下事
1314295, 7.7, 60, 浪花集
1135065, 9.1, 25, 全唐五代词（上下）
26732443, 7.2, 91, 我和你差之微毫的世界
25698499, 6.5, 200, 半欢半爱
3072433, 8.4, 36, 野百合花
26856665, 8.6, 32, 与时光擦肩而过
1903203, 8.3, 38, 小说美学经典三种
1014905, 8.7, 30, 恩怨录.鲁迅和他的论敌文选 (上下)
25743859, 8.1, 43, 新史学（第七卷）：20世纪中国革命的再阐释
1041822, 7.6, 62, 聂绀弩杂文集
24859369, 7.8, 53, 裹尸布
26284598, 7.7, 57, 书滋味
26806150, 9.9, 17, 呆萌土豆龙环球游记1：出发啦
1499410, 8.6, 31, The Blank Slate
24541967, 7.3, 77, 柿楼杂稿
1169976, 7.6, 58, 文学与现代性
1274431, 8.0, 43, 王实味文存
26612658, 7.5, 61, 假如爱情听不见
20282382, 6.7, 133, 南京味道
1596161, 8.1, 39, 中国现代学术研究机构的兴起
6844010, 8.1, 39, 圣洁百合
24259946, 8.4, 32, 念楼小抄
1919003, 8.9, 24, 看来看去或秘密交流
6710695, 8.0, 40, 东西两场访书记
25984987, 7.3, 68, 最美年华邂逅你
26762696, 8.7, 26, 民国清流2
2146129, 7.9, 42, 新疆五十年
1054786, 7.8, 45, 中国现代戏剧史稿
2278292, 8.5, 28, 书法概论
1047392, 7.4, 59, 周作人和他的苦雨斋
1394089, 8.1, 34, 少女的心
5945595, 9.2, 19, 顾颉刚书信集
3757950, 8.4, 28, 追忆王国维
26788518, 8.1, 33, 想念熊:我和喜欢和你在一起
21364395, 6.9, 83, 王国维家事
4941434, 7.5, 48, 一个已婚男人的自述
22224900, 6.3, 151, 东岑西舅
6397040, 7.0, 67, 我用苍老疼爱你
20266528, 8.6, 22, 守道1957
26359358, 8.5, 23, 和钱理群一起阅读鲁迅
26598321, 7.6, 39, 感时忧国
26883476, 8.6, 21, 汪曾祺书信集
26135014, 9.0, 17, 读南大中文系的人
7055116, 7.8, 32, 另一种学术史
3028537, 8.0, 28, 用思想点燃课堂
26702158, 7.5, 39, 单恋，是在机场等一艘船
21757982, 7.0, 58, 微微一吻到天荒
26418326, 7.8, 31, 我们的朋友胡适之
25744238, 7.3, 44, 亿万大人物
25961491, 7.6, 34, 秋籁居闲话
1585406, 8.4, 21, 西亚考古史
26266063, 7.1, 49, 我的世界分你一半
2355196, 6.7, 70, 小M日记
6527768, 7.4, 38, 鬼话连篇
26845171, 7.4, 35, 多年前，她曾闯入他的城
26129238, 8.6, 17, 钱玄同日记（整理本）
26575659, 8.0, 23, 转益多师
4904583, 8.7, 16, 顾随致周汝昌书
26791192, 7.4, 33, 各在天一涯
1120531, 8.2, 20, 马克思、尼采、弗洛伊德、胡塞尔
1641478, 8.1, 21, 尼古拉斯・尼克尔贝
25768888, 7.5, 30, 旧日笺
26593482, 7.9, 23, 师承集
26867104, 7.9, 23, 易经与老子
25934785, 6.5, 67, 有一种爱情叫学霸
10434774, 8.3, 18, 我想W生活
26272222, 8.0, 21, 觉有情
20434831, 7.3, 32, 网游之回眸一笑狠温柔
26383037, 7.6, 26, 重看民国人物
3530898, 7.7, 24, 面对他者
11509404, 7.1, 36, 启功日记
26901043, 8.0, 20, 那些书和那些人
11542735, 6.0, 107, 塔尖的恋人啊
20385110, 7.1, 35, 网游之挚爱狼总裁
11606548, 6.9, 40, 我希望没那么爱你
26671820, 6.9, 37, 直男宜家
26767502, 6.5, 46, 顾盼生辉
26604308, 7.9, 17, 胡兰成全集・甲辑・政论卷
1538129, 7.9, 15, 丁玲全集
26297258, 7.8, 15, 从世界看中国
10742145, 7.2, 21, 妖孽王牌特工
10766046, 7.5, 17, 香港方物志
26576431, 6.7, 29, 我在怀念，你不再怀念的
25818925, 7.9, 13, 励耘家书
26935670, 7.5, 15, 通往你的路
26267063, 6.8, 23, 学渣扶上墙
25978577, 6.6, 25, 凶宅P之事
2045736, 7.8, 12, 漫长的旅行（诺贝尔文学奖精品典藏文库/精装本）
26598314, 7.6, 13, 江海平生
25747627, 5.6, 65, 一日为叔，终身不负
25714356, 7.8, 11, 施蛰存先生编年事录
25723738, 7.8, 11, Van Gogh on Demand
26604349, 7.4, 13, 《春申旧闻续闻》合集
26670551, 6.2, 24, “御宅族”的精神史
26680099, 6.6, 16, 原来一直都深爱
26847440, 6.8, 13, 汉服归来
26855410, 7.0, 11, 不负时光不负你
21331462, 6.7, 12, 君要怜我
