2017-01-23 16:17:59
Tag: 生活
The number of books: 992 

ID, rating, votes, title
1082154, 9.1, 120289, 活着
1200840, 9.0, 93946, 平凡的世界（全三部）
1361264, 9.0, 53557, 撒哈拉的故事
3995526, 8.7, 73789, 目送
4238362, 8.6, 82846, 送你一颗子弹
1023045, 8.6, 68714, 我们仨
1029791, 8.7, 56410, 许三观卖血记
3369793, 8.7, 50264, 亲爱的安德烈
6388661, 8.8, 41046, 这些人，那些事
4207781, 8.8, 24733, 孩子你慢慢来
11622283, 9.2, 13027, 滚蛋吧!肿瘤君
3014576, 8.4, 40666, 陪安东尼度过漫长岁月
20470917, 9.0, 13986, 深夜食堂 01
1346815, 8.4, 33796, 一人住第5年
2340100, 8.1, 52274, 遇见未知的自己
1088581, 8.9, 13441, 浮生六记
4187411, 8.8, 14420, 万物有灵且美
3026879, 8.8, 13345, 爱的艺术
6397275, 9.0, 9834, 此生未完成
3369600, 8.1, 42022, 当我谈跑步时我谈些什么
20470916, 9.1, 8102, 深夜食堂 02
5327697, 8.3, 27147, 橙
26382433, 8.2, 32156, 无声告白
1794844, 8.5, 18940, 有一天啊，宝宝……
3598313, 8.0, 45556, 西决
4884218, 8.8, 11313, 我的阿勒泰
2008284, 8.7, 13143, 佐贺的超级阿嬷
3261600, 9.3, 5593, 人生的智慧
20470913, 9.1, 6753, 深夜食堂 03
3633461, 8.6, 13885, 一句顶一万句
1865089, 8.4, 19158, 瓦尔登湖
2068249, 9.0, 7479, 温柔的夜
1032501, 8.7, 11284, 心理学与生活
10522856, 9.0, 7154, 冬牧场
20470914, 9.1, 5938, 深夜食堂 04
4874131, 8.1, 27981, 东霓
3607117, 8.9, 7543, 稻草人手记
3316422, 8.9, 7268, 猫国物语
2194123, 8.4, 15436, 相约星期二
2250587, 7.6, 67394, 一个人的好天气
3465080, 9.0, 5935, 好妈妈胜过好老师
4881850, 9.0, 5902, 阿勒泰的角落
1878708, 8.3, 16478, LA流浪记
1692648, 8.9, 6558, 一个人的村庄
26340138, 7.7, 49805, 岛上书店
24934182, 8.1, 22993, 一个人的朝圣
2251434, 9.0, 5560, 被爱路过
1056461, 8.3, 14850, 旅行的艺术
4953695, 8.0, 24723, 拆掉思维里的墙
1336968, 8.4, 12382, 一人上|京
1095634, 8.7, 7481, 小狗钱钱
1056868, 8.5, 9458, 河童旅行素描本
1758767, 8.2, 14666, 人气绘本天后高木直子作品典藏（全6册）
26278687, 7.8, 29129, 皮囊
4780102, 8.4, 10131, 一个人住第9年
20431965, 8.5, 8406, 只有医生知道!
23780875, 9.1, 3691, 深夜食堂 05
2363651, 8.2, 13376, 十四堂人生创意课
4714015, 9.0, 4136, 万物既伟大又渺小
2082194, 8.2, 12957, 小时候
6387054, 8.6, 6690, 一个人住的每一天
1079680, 8.7, 5639, 你今天心情不好吗？
21346636, 9.4, 2293, 三毛典藏全集
6425061, 8.6, 5864, 哲学家们都干了些什么？
1075538, 8.2, 10732, 普罗旺斯的一年
2070012, 8.2, 10654, 一个人的第一次 第一次一个人旅行
25697520, 8.2, 10651, 他们最幸福
25753361, 8.7, 4999, 最好金龟换酒
20507206, 9.1, 2976, 众病之王
4127527, 8.2, 10515, 厨房
4906101, 8.4, 7667, 一个人旅行2
1253310, 8.9, 3763, 人间草木
2143304, 8.1, 11832, 我爱问连岳
1227844, 8.8, 4125, 雅舍谈吃
4773224, 8.3, 8446, 生活十讲
25984204, 7.6, 28822, 乖，摸摸头
25747921, 7.2, 68431, 从你的全世界路过
4882023, 9.2, 2452, 万物既聪慧又奇妙
3826899, 8.6, 5221, 布鲁克林有棵树
4238144, 9.1, 2665, 岁朝清供
2258803, 8.3, 7788, 一人去旅行
1047719, 8.5, 5621, 傅雷家书
1053088, 9.2, 2263, 陶庵梦忆 西湖梦寻
1262986, 8.1, 9316, 我不是教你诈
25920202, 8.6, 4326, 泛若不系之舟
6709834, 8.4, 5742, 爸爸爱喜禾
3413836, 8.4, 5693, 当下的力量
25775445, 8.9, 2802, 睡不着：Tango一日一画
4159088, 7.8, 14073, 理想的下午
20425053, 7.7, 16910, 我所理解的生活
25717097, 8.7, 3486, 囚徒健身
5317075, 7.2, 46332, 蔡康永的说话之道
3533221, 8.5, 4429, 非暴力沟通
2240482, 8.0, 9302, 走到人生边上
3711733, 8.6, 3785, 那个姐姐教我们的事
5940434, 8.3, 5754, 一个人的美食之旅
10607710, 8.0, 9064, 世间的盐
10440130, 8.8, 2764, 家庭日记
1033248, 8.9, 2427, 幸福之路
6003067, 9.5, 1240, 未来ちゃん
26291984, 8.8, 2654, 最后的耍猴人
10747883, 8.0, 8161, 怦然心动的人生整理魔法
2377012, 8.6, 3354, 聆听父亲
3264665, 8.6, 3268, 三十而立
4173403, 7.7, 13038, 温柔的叹息
6114393, 8.1, 6386, 大家都有病
1721111, 8.6, 3092, 周国平人生哲思录
3277199, 8.1, 6324, 多田便利屋
4905854, 8.9, 2096, 将饮茶
25735727, 8.2, 5240, 站在两个世界的边缘
3000997, 7.6, 13756, 牛奶可乐经济学
26376603, 8.1, 5861, 秘密花园
1288925, 8.8, 2219, 五味
25808222, 8.2, 4976, 黄
1906681, 8.8, 2210, 猎人们
4208780, 8.1, 5782, 流浪集
3227126, 8.2, 4882, 30分老妈
1924318, 8.9, 1928, 汪曾祺谈吃
5410174, 9.1, 1528, 万物刹那又永恒
20278799, 7.6, 13157, 三十六大
1015123, 8.7, 2429, 生存手册
3871911, 8.4, 3600, 大树
6731566, 8.6, 2709, 一个人去跑步
3640067, 8.7, 2384, 革命之路
1050566, 8.0, 6411, 一地鸡毛
3410833, 8.6, 2681, 给青年艺术家的信
3264644, 8.8, 2084, 地久天长
11602267, 8.9, 1771, 羊道・春牧场
4912688, 8.5, 2902, 干校六记
1026317, 7.7, 9837, 可爱的骨头
2000641, 8.2, 4357, 求医不如求己
4266008, 8.3, 3701, 给一个未出生孩子的信
3759806, 8.4, 3192, 西藏一年
3178741, 9.2, 1200, 来自民间的叛逆
1874488, 8.1, 4804, 别做正常的傻瓜
1223845, 7.6, 10905, 男人来自火星 女人来自金星
25982254, 8.1, 4733, 大萝卜和难挑的鳄梨
1024846, 9.2, 1171, 所罗门王的指环
4146756, 8.5, 2594, 浮生取义
3181927, 7.6, 10287, 大便书
6864307, 7.4, 14987, 像我这样笨拙地生活
1492634, 8.3, 3367, 生活的艺术
2080764, 8.3, 3367, 为何家会伤人
24749465, 7.5, 12280, 断舍离
3267934, 8.4, 2883, 日本四季
1007196, 8.5, 2524, 闲情偶寄
11602263, 9.1, 1238, 羊道・深山夏牧场
11602265, 9.1, 1236, 羊道?前山夏牧场
5389557, 8.5, 2511, 姥姥语录
4732123, 8.5, 2491, 爸爸，我们去哪儿？
1440885, 8.0, 5026, 人体使用手册
4246151, 8.0, 4980, 厨房里的人类学家
1069805, 8.7, 1880, 给青年的十二封信
1254942, 9.2, 1070, 黄帝内经
2118743, 8.6, 2120, 银元时代生活史
10588835, 8.8, 1653, 别处生活
10485696, 7.6, 9434, 我就是想停下来，看看这个世界
4212607, 7.6, 9253, 有味
4251473, 8.6, 2069, 手绘的奇思妙想
7058059, 8.0, 4732, 我们心中的怕和爱
3123393, 7.6, 9172, 遇见心想事成的自己
1071821, 8.1, 3834, 你不可不知的人性
2118032, 8.2, 3284, 窥视工作间
11614293, 7.5, 10089, 人生需要揭穿
3018322, 7.6, 8325, 活着活着就老了
11506941, 7.9, 5034, 我们始终牵手旅行
1444900, 8.6, 1872, 爱的五种语言
21360827, 9.0, 1174, 朱生豪情书全集
4121562, 7.9, 4901, 吃的真相
6829323, 7.9, 4885, 我，睡了，81个人的沙发
10739290, 7.9, 4875, 30岁前别结婚
1006884, 8.6, 1839, 随园食单
4238299, 8.1, 3593, 宝贝，宝贝
21346008, 8.5, 2081, 米格尔街
7067916, 9.3, 846, 施瓦辛格健身全书
20507212, 8.0, 4025, 习惯的力量
1768332, 8.3, 2608, 喜福会
20435633, 9.2, 900, 小艾，爸爸特别特别地想你！
2257188, 7.6, 7532, 致女儿书
3682204, 7.6, 7503, 佐藤可士和的超整理术
1281653, 7.8, 5357, 秦腔
10519369, 9.4, 731, 万物生光辉
3131814, 8.7, 1524, 笔记大自然
1929825, 9.3, 798, 农民进城防骗手册
2036993, 8.1, 3319, 幸福的建筑
1050349, 8.1, 3313, 上海的金枝玉叶
10565151, 7.5, 8530, 我是个年轻人 我心情不太好
1799984, 8.6, 1654, 家庭收纳1000例
26575812, 7.3, 12267, 阿弥陀佛么么哒
2372450, 8.6, 1634, 改变，从心开始
11542577, 8.6, 1624, 天生就会跑
4189446, 8.8, 1281, 跟着君之学烘焙
3622904, 7.3, 11963, 不抱怨的世界
11608712, 8.7, 1435, 无器械健身
10587562, 8.2, 2699, 东京日和
3273876, 8.1, 3075, 被劫持的私生活
1884249, 8.0, 3479, 当我们旅行
25748787, 7.7, 5563, 平生欢
4059800, 8.0, 3457, 私语书
1105890, 8.2, 2557, 生命的重建
11588848, 8.2, 2528, 坦白书
25778837, 8.3, 2204, 时差党
1987453, 7.9, 3894, 人生不过如此
24875416, 8.3, 2186, 生命最后的读书会
2287123, 8.3, 2157, rbr刻
1101921, 8.7, 1294, 定本育儿百科
25870384, 8.4, 1857, 你的生命有什么可能
4589142, 9.7, 477, Book
1273759, 8.2, 2415, 人在欧洲
6885715, 7.7, 4996, 蓝另一种蓝
19963049, 8.5, 1596, 留住手艺
4177120, 8.7, 1257, 西尔斯亲密育儿百科
2307720, 8.2, 2345, 幸福的方法
1057601, 7.8, 4194, 半饱
1877096, 8.1, 2670, 花间十六声
10768064, 8.0, 3059, 涡虫
1438461, 7.8, 4131, 窥视日本
10354317, 8.7, 1228, 荒野求生手册
20270670, 8.2, 2248, 为何爱会伤人
1053174, 8.6, 1353, 你干吗在乎别人怎么想？
6391166, 7.8, 4002, 碎片
2974903, 8.1, 2562, 香港味道2
3318174, 8.2, 2224, 这书能让你戒烟
11588627, 7.9, 3341, 无非求碗热汤喝
1485625, 9.1, 759, 瑜伽之光
4260576, 7.4, 7545, 有些事现在不做，一辈子都不会做了
2074851, 8.1, 2450, 食品真相大揭秘
24827456, 8.6, 1288, 万箭穿心
3786755, 7.2, 10774, 每天懂一点色彩心理学
25957554, 8.0, 2784, 在不安的世界安静的活
2209227, 8.3, 1841, 一个孤独漫步者的遐想
3805407, 8.5, 1422, 美国走着瞧
20389195, 7.4, 7250, 慢慢来，一切都来得及
26300508, 8.7, 1122, 万物的签名
6794016, 7.5, 6021, 如何成为一个怪物
2282081, 8.0, 2725, 香港味道1
4904074, 8.3, 1758, 塔莎奶奶的美好生活1－跟着感觉走就对了
7154688, 8.1, 2282, 知日・书之国
3225748, 7.9, 3002, 路上有惊慌
1013369, 7.7, 4069, 格调
26349261, 8.3, 1714, 孤儿列车
7067934, 7.7, 4009, 打工旅行
20272112, 8.2, 1933, 欢喜
3224456, 7.7, 3980, 少有人走的路Ⅱ
2282946, 7.8, 3392, 直面内心的恐惧
1436707, 7.6, 4639, 如何掌控自己的时间和生活
6847760, 7.2, 9429, 随遇而安
6048071, 8.6, 1136, 七声
6861517, 8.5, 1262, 时时刻刻
2075175, 8.8, 889, 缘缘堂随笔
10554464, 8.2, 1801, 去他的巴西
6872434, 7.6, 4327, 最好的时光在路上
4274472, 8.2, 1791, 茶之书
2070807, 8.5, 1230, 懂得爱
6896040, 8.2, 1785, 好小猫
3410763, 8.6, 1066, 最后的演讲
6746290, 8.9, 767, 奥丽芙・基特里奇
25731506, 8.0, 2254, 乱时候，穷时候
19977313, 8.8, 843, 花乱开
6844469, 8.1, 1953, 走夜路请放声歌唱
26819477, 9.0, 679, 东京本屋
3218534, 8.1, 1919, Eat
4818177, 8.2, 1678, 英国人的言行潜规则
26359758, 7.9, 2506, 硬派健身
11535030, 8.3, 1456, 一个一个人
3253854, 7.7, 3361, 书店的灯光
10570257, 7.9, 2478, 特别的一天
4746128, 7.7, 3341, 家
25793667, 8.2, 1633, 植物知道生命的答案
26367364, 8.2, 1630, 爱吃沙拉的狮子
5913475, 8.2, 1628, 高难度谈话
10570587, 7.4, 5382, 就想开间小小咖啡馆
4732427, 7.8, 2812, 十二味生活设计
6735972, 8.2, 1608, 兔子什么都知道
2280027, 7.6, 3820, 自杀俱乐部
25858916, 8.3, 1411, 感谢自己的不完美
6052834, 8.2, 1600, 亲密关系
7003354, 7.7, 3249, 谣言粉碎机
26390229, 8.0, 2084, 把生命浪费在美好的事物上
25898124, 7.6, 3785, 得未曾有
4917641, 8.9, 710, 故乡的食物
21617690, 8.4, 1233, 再会，老北京
10678825, 8.4, 1223, 小白素食记录
3024623, 8.1, 1772, 布鲁克林的荒唐事
1084078, 7.9, 2334, 钟鼓楼
26775466, 8.5, 1072, 小家，越住越大
6879215, 7.6, 3662, 乌克兰拖拉机简史
25913413, 8.2, 1532, 四季便当
26387640, 8.2, 1526, 忧伤的时候，到厨房去
25934646, 8.6, 942, 咦，被发现了呢
1011882, 7.6, 3586, 两个人住
2270925, 8.5, 1050, 病者生存
1056968, 8.2, 1505, 老饕漫笔
4934733, 8.3, 1326, 真实的幸福
2301475, 8.4, 1162, 人间食粮
10553189, 8.6, 921, 传家
1995655, 9.2, 495, 演员自我修养(第一部)
26146992, 7.4, 4803, 我们为什么会分手？
6967496, 8.2, 1461, 不去吃会死
4149893, 7.0, 10194, 每天懂一点好玩心理学
1607478, 8.3, 1285, 巴黎伦敦落魄记
1004719, 8.6, 900, 谈修养
11606760, 8.2, 1448, 家住南塘路
20475794, 8.1, 1645, 身体知道答案
2133074, 7.0, 10038, 20几岁，决定女人的一生
26735064, 7.3, 5604, 孤独小说家
2341848, 7.9, 2137, 身体语言密码
10345560, 7.8, 2461, 离别之音
26325928, 8.4, 1112, 人在纽约
4746130, 7.8, 2457, 家
1357843, 9.1, 526, Cui cui
10946178, 8.0, 1833, 无尾狗
6084703, 7.3, 5469, 独立，从一个人旅行开始
1415311, 8.1, 1598, 美食家
1984347, 8.3, 1238, Power Sleep
2071207, 8.4, 1092, 到黑夜想你没办法
2140496, 8.5, 971, 幸福的拾荒者
24083865, 7.7, 2790, 女人明白要趁早之三观易碎
20413742, 7.5, 3749, 不说，就真来不及了
20267987, 7.4, 4431, 孤独美食家
2119843, 6.9, 11337, 钝感力
4932095, 7.6, 3120, 好好爱自己
5914563, 8.1, 1504, 边走边啃腌萝卜
25768216, 8.8, 665, 冀连梅谈：中国人应该这样用药
21770836, 8.5, 902, 八九十枝花
3376635, 8.6, 806, 咖啡品鉴大全
24527845, 7.0, 8699, 我讲个笑话，你可别哭啊
2381093, 7.4, 4147, 一辈子做女孩
3410797, 7.8, 2200, 吃，吃的笑
4311471, 8.3, 1130, 门
26841146, 8.3, 1127, 人间乐
7063932, 8.2, 1268, 东京散步
25858068, 7.6, 2912, 100个基本
25845203, 8.5, 879, 五岁熊孩子教我的事
1049016, 8.7, 704, 戴眼镜的女孩
26733854, 8.7, 703, 明天也是小春日和
5341225, 8.3, 1101, MUJI o印良品
4240403, 7.1, 6837, 最好的女子
5419801, 8.3, 1097, 别样的色彩
6967980, 7.4, 3957, 然后，我就一个人了
25784438, 8.2, 1235, 不留心，看不见
6890672, 8.7, 693, 这一生，至少当一次傻瓜
3931849, 7.6, 2819, 天黑前的夏天
26606389, 7.4, 3896, 白说
1220789, 8.1, 1385, 爱上双人舞
19974860, 8.6, 765, 孤的美食家
25935074, 8.1, 1381, 文・雅人：憧憬的日子
25799716, 8.6, 763, 一日一花
20389192, 7.2, 5453, 30岁前的每一天
5344908, 8.0, 1560, 别独自用餐
26610864, 8.1, 1337, 浮生六记
25895442, 6.8, 11659, 你的孤独，虽败犹荣
26796558, 8.8, 595, 走来走去
25870629, 7.7, 2296, 亲爱的生活
26272073, 8.1, 1289, 一生里的某一刻
26371292, 8.1, 1280, 不在他方
1515170, 8.8, 574, 室内设计资料集
6404040, 8.1, 1254, 三行情书
10437353, 8.1, 1252, 我想遇见你的人生
26337198, 8.8, 566, 多多，爸爸一直在这儿
3769019, 8.5, 777, 闪亮的日子
26592648, 9.0, 464, 癌症・真相：医生也在读
6826615, 7.8, 1844, 台北小吃札记
1310112, 8.3, 961, 诫律
25917140, 7.2, 4787, 不要让未来的你，讨厌现在的自己
25741244, 7.1, 5675, 我承认我不曾历经沧桑
4249967, 8.1, 1203, 财务自由之路
25849895, 8.9, 490, 人间草木
1070899, 8.6, 658, 浮生悠悠
25935075, 8.1, 1165, 文・雅人：健康的日子
2054246, 8.0, 1313, 你的误区
6519759, 7.5, 2683, 记事本圆梦计划
25849892, 8.8, 525, 人间滋味
3655433, 8.4, 800, 西尔斯怀孕百科
26214729, 8.4, 798, 如果我能说了算
4934590, 8.5, 713, 活出最乐观的自己
25897333, 7.5, 2635, 我讲个故事，你可别当真啊
3006483, 7.7, 1934, 每周工作4小时
23186549, 7.8, 1667, 我们家
6517150, 7.6, 2226, 31岁又怎样
1850861, 8.0, 1268, 托斯卡纳艳阳下
25693190, 8.3, 869, 舍得让你爱的人受苦
25903198, 7.8, 1632, 做衣服
25775069, 7.2, 4191, 让我留在你身边
26416401, 7.4, 2965, 我敢在你怀里孤独
20433605, 7.8, 1621, 因自由而美丽
1483573, 8.8, 498, 其你已很塔_了
1101447, 7.7, 1845, 不要用爱控制我
4908957, 7.5, 2475, 我的100件时尚单品
2222030, 8.0, 1216, 生活中的经济学
26831788, 8.0, 1199, 旅行与读书
4692016, 9.1, 366, 西式糕点制作大全
26584387, 7.7, 1792, 一个人的朝圣2
20499702, 7.7, 1786, 味道・第一宗罪
22993829, 7.7, 1771, 我们这儿是精神病院
19899834, 7.2, 3922, 只愿你曾被这世界温柔相待
10566257, 8.0, 1173, 出国自助游教室
11627774, 8.2, 909, 贪食纪
26648238, 7.7, 1722, 且将生活一饮而尽
1912653, 9.0, 384, 朱光潜谈美
11625032, 7.4, 2680, 欢乐颂  第一季
5333049, 8.8, 463, 最详尽的甜点制作教科书
25788697, 7.6, 1943, 一切都是最好的安排
2980475, 8.4, 694, 长路漫漫
24839553, 7.3, 3096, 拖拉一点也无妨
2344105, 8.1, 981, 把妹_人之i男方法
4001445, 8.9, 411, 梁启超家书
3896758, 8.4, 678, 参谋助手论
25746421, 8.2, 852, 公开的秘密
25774772, 8.5, 599, 做饭
26785701, 7.5, 2119, 月童度河
4816212, 7.4, 2475, 真希望我20几岁就知道的事
10439099, 9.0, 361, 旅之绘本（全六册）
25777461, 8.4, 654, 日日是好日：茶道带来的十五种幸福
1764940, 8.3, 727, 爱是一种选择
26687647, 7.8, 1352, 至味在人间
24754720, 6.9, 5892, 我的朋友陈白露小姐
2996680, 7.8, 1345, 蔡澜食材字典
26420555, 8.0, 1021, 何必等来生
25836825, 7.3, 2759, 你是最好的自己
4912669, 7.3, 2758, 忧伤的老板
6510522, 7.0, 4666, 分开旅行
11620497, 8.2, 786, 简单的艺术
24696902, 8.2, 783, 和二木一起玩多肉
26852275, 8.7, 456, 好妈妈胜过好老师2:自由的孩子最自觉
6851608, 8.0, 989, 奢侈的！
25750714, 7.7, 1472, 爱上跑步的13周
6556332, 7.8, 1282, 旅行，人生最有价值的投资
7061613, 8.5, 554, Steal Like an Artist
1050083, 8.1, 862, 我就喜欢你这样的地方
26693418, 7.5, 1930, 按自己的意愿过一生
25961294, 8.2, 761, 虫子旁
1315187, 8.1, 854, 植物的欲望
5408843, 7.7, 1435, 旅行从客房开始
26303520, 9.0, 334, 婚姻的意义
1460123, 8.0, 960, 寒夜客来
4214217, 7.5, 1899, 女人明白要趁早
25858712, 8.5, 538, 这样装修不后悔（插图修订版）
20480681, 7.4, 2200, 你当温柔，却有力量
25752046, 8.1, 830, 心如钢铁地追求幸福
5914555, 8.0, 934, 暴食江湖
2331702, 8.3, 654, 大拙至美
20271923, 8.5, 525, 彼得・科恩木工基础
26413835, 8.2, 730, 匠人
25802595, 7.3, 2506, 灵魂有香气的女子
1435793, 9.2, 269, 世界园林植物与花卉百科全书
5423785, 8.1, 806, 千年繁华
25933841, 7.2, 2885, 蔡康永的说话之道2
5409459, 8.0, 905, 摩托日记
25982794, 7.1, 3421, 世界上所有童话都是写给大人看的
2141865, 8.5, 510, 家庭会伤人
3729173, 7.5, 1774, 时间投资法
4229525, 7.4, 2052, P女王的手せ钣眯g
26431217, 8.6, 457, 在江湖
1223612, 8.5, 506, 唐鲁孙谈吃
26171593, 7.5, 1747, 今天也要用心过生活
1083309, 8.9, 341, 论可能生活
24883513, 6.8, 5835, 猫力乱步
26337959, 8.3, 613, Lens・目客001:花朵与我
5914556, 7.6, 1474, 台湾味道
5068077, 8.3, 611, 拉伸
1151386, 8.4, 546, 怀孕圣经（最终定本）
26673941, 8.2, 679, 正午故事001
26757657, 8.3, 603, 望春风
1879497, 8.5, 486, 新家庭如何塑造人
3744041, 7.1, 3166, 晨间日记的奇迹
4705912, 8.9, 327, 意大利餐制作大全
26797271, 8.8, 354, Lens・目客004・猫：懒得理你
26656018, 9.1, 268, 那些年，我们一起追的球星
20434430, 8.0, 819, 你要如何衡量你的人生
25948154, 7.7, 1187, 扛得住，世界就是你的
25843908, 7.7, 1172, 怦然心动的人生整理魔法2
26363926, 8.6, 413, 何为良好生活
26685539, 8.1, 705, 有鹿来
5338233, 8.3, 561, 我的法兰西岁月
25763528, 8.1, 695, 植物学家的锅略大于银河系
5954632, 8.4, 496, 寿司品鉴大全
26183848, 7.3, 2051, 完美关系的秘密
26285734, 8.1, 685, 6点27分的朗读者
1150414, 9.4, 200, 篆刻学
24732964, 7.9, 865, 佛陀与想太多的猪 1
26747208, 8.2, 605, 优秀的绵羊
10426611, 8.3, 540, 一本摄影书
4320555, 8.6, 396, 别对我撒谎
6781486, 8.1, 663, 趣味生活简史
26318808, 7.5, 1445, 我的脖子让我很不爽
25852665, 7.6, 1249, 孤独的人都要吃饱
25921293, 6.8, 4705, 愿有人陪你颠沛流离
24307336, 7.5, 1436, 跟巴黎名媛学到的事
26761291, 9.0, 268, 人间草木
6061658, 8.7, 349, 幸福超越完美
3215829, 8.3, 522, 住宅读本
5321843, 6.5, 8658, 假装的艺术
25870967, 8.3, 519, 时蔬小话
25939157, 8.2, 579, 吃货的孤单心事
24838958, 8.7, 344, 我们的小镇
4843911, 7.1, 2572, 魔鬼搭讪学
6456211, 8.4, 452, 塔莎的花园
1019959, 7.8, 899, 精力管理
26706730, 9.1, 233, 肠子的小心思
26599283, 8.2, 550, 梅子青时
2374070, 9.0, 252, 夫妻双修功
26665498, 7.5, 1323, 生命中最简单又最困难的事
6902934, 9.3, 196, 学徒面包师
6957796, 8.4, 433, 爱得太多的女人
25871638, 7.7, 978, 品味四讲
1916819, 8.1, 597, 美丽圣经
2276901, 8.3, 475, 斯波克育儿经
26258977, 8.8, 291, 四季花传书
6797947, 8.5, 386, 茶之书・“粹”的构造
4114636, 8.3, 470, 性学观止（上下册）
3374562, 8.5, 382, 营养圣经
25837146, 7.3, 1687, 倾我所有去生活
25827812, 7.5, 1244, 我这个普通人的生活
25732461, 7.9, 733, 住宅设计解剖书
20395651, 7.6, 1079, 我不是一本型录
5299847, 8.0, 643, 与全世界做生意
10494251, 8.6, 339, 塔莎的世界
4086725, 7.3, 1636, 不持有的生活
24714245, 7.8, 809, 看得开
26362975, 8.0, 632, 藏在这世间的美好
26801361, 9.2, 199, 鹿苑长春
26672748, 8.9, 254, 山居杂忆（插图精装版）
25908552, 7.5, 1187, 上瘾五百年
26529262, 8.3, 446, Lens・视觉002：想在一生中做一件正确的事
10564563, 7.1, 2162, 闺蜜
25747597, 7.5, 1165, 不能不去爱的两件事
25912887, 6.8, 3675, 练习一个人
26821757, 8.4, 396, 他们说，我是幸运的
21622634, 8.9, 248, 滚吧，生活
4605558, 7.9, 687, 布鲁克林
24297906, 6.7, 4441, 不畏将来 不念过去
4780211, 9.3, 178, 世界葡萄酒地图
3875750, 7.8, 766, 完美伴侣
26905389, 8.4, 388, 人生所有经过的路，都是必经之路
25900802, 7.6, 981, 我在底层的生活
10481061, 7.8, 752, 小&#34;食&#34;光
25660015, 6.9, 2906, 以自己喜欢的方式过一生
5936610, 8.2, 469, 工艺之道
26313575, 8.2, 468, 各自爱
11586903, 7.9, 656, 夏目漱石的百合
25882638, 7.0, 2373, 轻断食
25985499, 7.6, 947, 这一生，静待时光检验
26893033, 8.4, 370, 把小日子收进手帐里
26761859, 7.9, 635, 精要主义
25843055, 9.1, 196, 花花朵朵坛坛罐罐
26802388, 7.6, 915, 自在独行
26215044, 7.4, 1208, 我们台湾这些年2
25955940, 8.6, 298, 透过佛法看世界
2340062, 7.4, 1199, 跑步圣经
26384985, 7.4, 1191, 我有个恋爱想和你谈下
26810629, 8.4, 357, 岁月如风小少年
6039397, 8.0, 547, 哪啊哪啊神去村
26712787, 8.2, 438, 可爱的诅咒
26882320, 8.9, 225, 嗨，好久不见
25847224, 6.9, 2635, 世界与你无关
26295733, 7.2, 1592, 我知道你没那么坚强
1443662, 9.2, 176, 拒斥死亡
10527118, 8.9, 224, 精品咖啡W 上
26935001, 9.4, 151, 豆瓣电影生活日历
24878414, 8.3, 389, 少有人看见的美
4137809, 7.8, 680, 让大脑自由
26108007, 7.8, 680, 我已经结婚了  我心情还不好
6751045, 8.2, 429, Wabi-Sabi
25761310, 8.4, 347, 汽车是怎样跑起来的
26656779, 7.4, 1140, 当你的才华还撑不起你的梦想时
25731751, 7.8, 669, 99%的新人，没用心做好的50件事
25895467, 7.6, 859, 鲤・一间不属于自己的房间
25872643, 9.1, 185, 不可思议的旅程
26628313, 8.3, 380, 柴犬绅士
24736494, 8.5, 311, 地理学与生活（插图第11版）
26801831, 7.3, 1304, 在宇宙间不易被风吹散
26335687, 7.6, 854, 我在最温暖的地方等你
25951868, 8.6, 282, 茶之路
26646456, 8.1, 464, 无尽绿
25978468, 7.8, 656, 遇见孩子，遇见更好的自己
5411583, 8.6, 279, 中国居民膳食指南
6079823, 8.1, 459, 物尽其用
25852441, 6.9, 2434, 当我足够好，才会遇见你
25963932, 8.0, 511, 女孩像你
25918524, 7.7, 730, 美好百科：这个知识点超纲了
6513841, 8.6, 274, LIFE家庭味
2130184, 8.0, 505, 叫醒布拉格
26883447, 9.3, 153, 在人群中消失的日子
25978608, 7.1, 1694, 再美也美不过想象
4160588, 7.8, 630, 带着我去化妆品柜台
2310529, 8.8, 226, 遵生八笺
25818124, 8.2, 399, 翡翠岛编年
3270647, 7.7, 707, 玛丽莎的心愿清单
6839883, 9.7, 113, 共和国教科书
26357269, 7.2, 1383, 京都山居生活
21764541, 8.7, 240, 爱的五种能力
26292422, 7.7, 686, 顾中一说：我们到底应该怎么吃？
6021094, 7.9, 538, 喜乐京都
26844348, 6.7, 3221, 好吗好的
25828868, 7.5, 884, 快活馋
26235467, 7.5, 877, 你不懂咖啡
26348121, 8.4, 311, 由内向外看世界
3405756, 7.9, 525, 生活的暗面
1861252, 9.1, 167, 普利策新闻奖 特稿卷
26805297, 7.5, 857, 我必须恋爱的理由
6507262, 7.5, 853, 如何让你爱的人爱上你
25778505, 7.7, 657, 女人明白要趁早之和潇洒姐塑身100天
26248587, 7.6, 746, 美好古董衣店
2224566, 7.3, 1118, 香料传奇
4292120, 7.0, 1775, 低智商社会
20273181, 8.1, 408, 生命是长期而持续的累积
1339273, 9.6, 114, 如何在KTV出人^地
26925068, 9.7, 106, 不敢不乐
2252637, 8.0, 445, 诱惑的艺术
26263052, 7.9, 494, 毫无必要的热情
5286675, 7.2, 1244, 我的风格小黑皮书
26805083, 9.4, 128, 心理治疗之路
25727991, 7.9, 492, 不靠谱的演员都爱说如果
22993407, 7.7, 622, 跑步，该怎么跑？
26409799, 7.4, 917, 独立日：用一间书房抵抗全世界
6844359, 8.2, 349, 绿光往事
25736470, 8.7, 217, 素材与身体
26672723, 7.5, 775, 女神日常修炼手册
14267490, 9.3, 133, 厨神的家常菜
26830134, 7.7, 598, 就喜欢你看不惯我又干不掉我的样子2
26282087, 7.8, 530, 把所有失眠的夜都给你
26293066, 7.7, 596, 你是一切的答案
26848146, 7.8, 527, 民国太太的厨房
25839107, 7.4, 869, 魔鬼约会学
25945941, 7.1, 1350, 日和手帖001：我们终究是一个人
1411023, 8.3, 300, 独居日记
1082917, 8.0, 406, 让每天的生活更有品位100ideas
26707942, 7.1, 1307, 知更鸟女孩
20493284, 7.6, 644, 寻欢者不知所终
26586771, 7.5, 727, 神奇手账
4016036, 9.4, 118, 食物cN
26367995, 7.7, 559, 你心柔软，却有力量
25836981, 8.8, 185, 爬出窗外并消失的百岁老人
10441244, 6.8, 2097, 整理的艺术
26658841, 8.6, 219, 走进建筑师的家
26235729, 7.6, 630, 单身社会
26877306, 8.7, 199, 微习惯
1892409, 8.2, 316, 口
26416276, 7.9, 434, 愿生命从容
25820165, 8.6, 213, 田园之秋
26721548, 8.3, 281, Lens・视觉005：以手抵心
4156058, 9.4, 114, Mastering the Art of French Cooking
1967845, 8.5, 231, 从出生到3岁
24318989, 8.5, 231, 崔玉涛
26762941, 8.7, 193, 一个人的博物馆
26383741, 8.5, 229, 和妈妈如影随形的日子
11442509, 8.4, 250, 读懂恋人心
3094686, 7.6, 590, y座桑fg
4195722, 9.1, 138, 好吃的西c蛋糕zE
26394204, 8.4, 245, 爱情故事
25807523, 7.3, 862, 唯爱与美食不可辜负
26236436, 7.2, 995, 我们夜里在美术馆谈恋爱
1396959, 8.2, 296, 化妆品好坏知多少
26312476, 7.5, 652, 你的身体，是一切美好的开始
26679036, 8.6, 201, 地道风物003・舌尖上的新年
3420221, 8.5, 219, 实用程序育儿法
1358404, 7.5, 640, 穿KENZO的女人
26897699, 8.6, 199, 极简
26899220, 9.0, 143, 生活，是很好玩的
24870163, 7.6, 556, 万物皆有伤心处
1485694, 7.7, 490, 雅致生活
26849123, 9.1, 131, 厚积落叶听雨声
24863442, 7.4, 710, 无印良品生活研究所
26760537, 8.8, 165, 给孩子的动物寓言
26681392, 8.1, 310, 去山里盖座小屋吧
26775412, 9.0, 140, 最朴素的生活和最遥远的梦想
24713564, 7.6, 543, 不要和鲨鱼接吻
2209663, 7.2, 921, 孤独的性
26774272, 8.2, 277, 一平米健身：硬派健身
20393127, 6.9, 1455, 请把我留在最好的时光里
26895254, 9.1, 128, 雪中的印记
26801234, 7.9, 375, 我二十九岁的夏天
26672581, 7.3, 786, 嘿，三十岁
25921388, 8.3, 249, 大自然笔记
3535331, 8.7, 174, 食经
26538428, 7.6, 523, 造物有灵且美
4894977, 8.6, 187, 长物志
26293675, 7.2, 888, 晚安，我亲爱的人
20391459, 7.8, 409, 一觉睡到小时候
26578484, 7.3, 764, 世界上有趣的事太多
26892222, 8.2, 267, 生活的哲学
21617698, 7.1, 1011, 二十五岁的世界
26791930, 8.1, 291, 生于一九八四
26849731, 8.1, 290, 看了高兴的爱情故事
26694904, 7.6, 503, 世界很大
26108383, 6.9, 1332, 人生永远没有太晚的开始
26775414, 8.9, 140, 茶，汤和好天气
1012401, 8.5, 194, 蓝色笔记本
26108423, 7.3, 723, 你看起来很美味
26648290, 9.0, 129, 酸痛拉筋解剖书
7058387, 8.9, 139, 手艺中国
25827271, 7.4, 626, 吃早餐，彻底改变了我
26771603, 8.2, 252, 英雄的食材和神做法
5976521, 8.1, 277, 女t教你真正愉的性
1911799, 9.0, 127, 酒吧圣经-调酒师宝典
4214860, 7.3, 701, 绅士生活
26576308, 8.0, 303, 我喜爱一切不彻底的事物
25855770, 8.1, 269, 就因椤]rg」，才什N都能k到
26377479, 8.1, 268, 素食
26333114, 8.0, 295, 不想讨好全世界
25913147, 7.7, 409, 因为深爱，所以放手
24298657, 6.7, 1712, 永远热泪盈眶
26293455, 7.0, 1027, 我依然爱你，我只是不喜欢你了
26814859, 8.2, 238, 独立日：日出之食
11628722, 9.3, 98, Building Stories
25958461, 6.5, 2399, 一人食
26825522, 8.9, 129, 生活三部曲：生活的样子
19925567, 6.7, 1616, 过日子要有技术含量
23010110, 7.3, 639, 如何征服英俊少男
26782113, 7.3, 639, 筑巢记
26925239, 9.7, 74, 那些年，我们一起追的球星Ⅱ
26769450, 8.0, 279, 400次
26693234, 8.5, 174, 心有欢喜过生活
26384723, 7.6, 432, 我比谁都相信努力奋斗的意义
26681333, 7.4, 553, 日日100
25800850, 8.0, 277, 动荡的世界
26781744, 7.2, 718, 台北女孩看大陆
2343561, 8.1, 246, 演讲的艺术
26253714, 7.9, 300, 在西伯利亚森林中
1344535, 8.4, 184, 搞定男人
25962890, 7.5, 469, 我愿生命从容
4832482, 7.9, 297, 真实的颜色
26797183, 8.0, 267, 喵呜，原来你是这种汪
20549889, 7.0, 920, 厨房里的哲学家
26373220, 9.0, 112, 西尔斯健康育儿百科
26596713, 7.6, 409, 知中・山水
6519055, 7.6, 407, 买基金为自己加薪
26741879, 8.1, 238, 诗经：越古老，越美好
26782781, 7.6, 404, 不必交谈的时刻
10554274, 8.0, 260, 关于写作
26377453, 7.6, 401, 谷物大脑
25885921, 7.5, 448, 摩托车修理店的未来工作哲学
26934539, 9.3, 89, 长大后的世界
24868861, 7.6, 394, 倾听术
2009207, 8.9, 117, 生活之道
19952425, 7.0, 868, 再冷门的问题也有最热闹的答案
26806660, 8.6, 147, 一夫食堂
24745650, 7.5, 438, 我怕没有机会，选择真正喜欢的生活
26416549, 8.3, 189, 兰屿之歌 清泉故事
26841391, 7.6, 386, 把你交给时间
3884424, 8.9, 115, 料理Da
26281730, 7.9, 276, 南华录
24754142, 7.6, 381, 柔软的距离
25866817, 6.8, 1145, 有些路，只能一个人走
4706662, 9.4, 80, 食物cN
26548374, 7.0, 819, 好物100
24528199, 7.9, 267, 恋爱从失恋开始
11636270, 8.4, 165, 最简单的小户型收纳整理术
26682087, 7.2, 606, 借山而居
26688691, 8.3, 179, 美物抵心
20472494, 9.0, 102, 漫长的革命
26590171, 7.3, 523, 做事的常识
24310435, 7.4, 459, 卑微的套套
26741843, 9.1, 94, 你不懂葡萄酒
26425651, 6.3, 2673, 你只是看起来很努力
26674136, 7.9, 257, 京都手艺人
1925936, 9.0, 99, 默克家庭诊疗手册
26422097, 7.6, 348, 这就是台湾
26652812, 7.4, 441, 匠人精神
26284233, 6.6, 1446, 鬼水瓶录
26891340, 9.3, 80, 我不过别人指定的生活
20278805, 7.2, 563, 鱼为什么放屁
26894476, 9.6, 66, 华人育儿百科
25894861, 6.5, 1688, 跟任何人都聊得来
26770722, 8.2, 183, 一个人的面包屑生活
25833051, 8.5, 140, 幸福的婚姻
26844959, 8.3, 166, 学会花钱
21734703, 8.0, 218, 失业之旅
26921283, 9.7, 61, 惜君如常
26838609, 8.6, 128, 猫山狗海，穿越人间
26785986, 8.3, 164, 食帖09：了不起的面包
26756565, 8.6, 127, 一加一
25948155, 7.3, 470, 每一个优秀的人，都有一段沉默的时光
26352480, 9.0, 94, 魔法岁月
26470077, 9.1, 87, 西尔斯亲密育儿练习手册
1085007, 8.0, 211, 敏感的人:如何面对外界压力
26921021, 9.5, 67, 一辈子很长，要和有趣的人在一起
11581273, 8.1, 188, 减肥这件正经事儿
26593188, 8.9, 97, 一日一果
1473957, 7.9, 226, 慢慢快活
26733302, 7.5, 347, 自控力：和压力做朋友
26789264, 7.3, 442, 极简生活：简而美地活
26728018, 6.7, 1049, 你所谓的稳定，不过是在浪费生命
26835061, 8.7, 111, 扫把的旅行手账
25724107, 8.8, 103, 家事的嵛浚ㄉ裕
26868621, 7.8, 244, 一生欠安
25922761, 7.1, 561, 我是如何一步步毁掉我的生活的
2136135, 7.3, 429, 充满奇想的一年
26615680, 8.5, 127, 暖暖的女人不生病
26676298, 8.2, 162, 我要渐渐忘记这个世界了
25981846, 7.4, 369, 这世上的美好，唯你而已
3133917, 8.8, 99, 男人不排人不High
26852845, 8.4, 135, 仅记住所有快乐
10831736, 8.1, 174, 故事技巧
26893634, 9.0, 85, 树之生命木之心
26862433, 8.7, 104, 不为我们改变的世界
26671406, 9.3, 69, 儿童健康讲记：一个中医眼中的儿童健康、心理与教育
26896875, 9.2, 73, 极简整理术
25870117, 8.7, 103, 木工全书
26722322, 8.7, 103, 我的时尚厨房
26285423, 8.1, 168, 亲密关系的秘密
24699306, 6.9, 678, 整理的艺术2：时间是整理出来的
1773430, 8.6, 110, The Omnivore&#39;s Dilemma
26910938, 9.5, 60, 让经济学回归常识
26925163, 8.9, 88, 在最好的时候遇到你
26740257, 8.0, 182, 内在革命：一本关于成长的书
26640061, 7.4, 343, 谷物01
26779589, 6.3, 1849, 我喜欢这个&#34;功利&#34;的世界
25732459, 7.2, 437, 装修设计解剖书
26387817, 8.3, 137, 核心基础运动
26739700, 8.4, 126, 食光深处的温暖
6970804, 7.6, 269, 活用一子的Pg
4293302, 9.3, 66, 神的植物
26590273, 7.8, 215, 你会想念你自己吗
10739339, 7.9, 194, 北欧风格小屋
26577701, 8.0, 176, 我的美的世界
6722886, 7.1, 482, 设计准则
26782151, 7.8, 212, 黄小厨的美好日常
26580165, 8.0, 174, 这世界，只是一个食堂
20507377, 8.1, 157, 永a如新的日常O
26266562, 7.6, 257, 所念人，所感事
26770999, 8.4, 120, 斯坦福大学创业成长课
25905227, 7.5, 284, 你的生存本能正在杀死你
1018426, 9.0, 77, 服装缝制图解大全
26796536, 9.4, 59, 身体从未忘记
26681994, 7.3, 346, 日和手帖006：人生有一百万种活法
26588107, 7.4, 306, 只有大众
6913349, 7.1, 442, 巴黎女人的时尚经
26180267, 7.1, 439, 我们是不是该结婚了
1674916, 9.1, 69, 专业烹饪
26914080, 9.6, 51, 咖啡咖啡处处开
26747676, 9.0, 73, 愿世上所有的孤单，都有温暖相伴
26677405, 8.0, 158, 老灵魂
26671358, 8.2, 132, 周末田舍生活
26865490, 8.7, 89, 明日的便当
26826236, 7.3, 328, 负负得正的人生奥义书
26919061, 7.7, 207, 晚安・夜风相伴
26775628, 7.4, 283, 好好地吃一朵西蓝花
25892661, 6.9, 531, 就想开间自己的小店
26834939, 9.0, 69, 生活三部曲：美好的生活
25876757, 8.2, 125, 鲜花帝国
26721353, 8.1, 135, 遇见怦然心动的小书店
26738158, 9.0, 68, 人生只差好好静度时光
26340273, 6.8, 588, 我们这个时代的怕和爱
26831768, 9.3, 56, 人生有信
26933142, 9.3, 56, 让美好现在发生
5336293, 7.0, 438, 风格白痴
26266672, 7.3, 298, 你以为没有的，可能在来的路上
26832895, 9.1, 63, 生活三部曲：生活的意味
26857572, 8.7, 82, 处处见生机
26717862, 8.8, 76, 让教育回归美好生活
26826894, 8.8, 76, 我们是穷得开朗，所以不用担心
26825931, 9.1, 62, 一曲终了
19954650, 9.1, 61, 日本古店的手L旅行
26853572, 7.9, 152, 理想家：2025
26646578, 8.4, 99, 文艺复兴的故事02：我的朋友马基雅维利――佛罗伦萨的兴亡
10830941, 10.0, 37, 美甲时尚讲堂
25941678, 6.8, 543, 他爱的是玫瑰，而你是蔷薇
26953899, 8.8, 73, 一人一饭
26730678, 7.9, 149, 我不过无比正确的生活
26775415, 9.2, 55, 到山中去
6064406, 8.6, 81, 配色美人
25797851, 8.4, 93, 山家清供
26672590, 7.6, 187, 此时此刻相爱的能力
26860716, 8.4, 92, 视觉008：那就无所畏惧地老去
26388428, 8.0, 127, 匠人
4894568, 8.2, 107, 个人理财
26745200, 7.3, 254, 我的衣橱故事
26335804, 7.2, 281, 相遇是比爱更美好的事
26411821, 7.9, 133, 无印良品的人气菜肴
26819850, 8.5, 81, 世界咖啡地图
26806934, 9.4, 45, 自然怪咖生活周记
26281415, 7.5, 185, 早餐礼赞
26869120, 8.6, 72, 走路健身法
26576605, 6.1, 1403, 这么慢，那么美
26889630, 8.6, 71, 对这个残酷的世界说情话
26928533, 8.8, 62, 日本料理神髓
26703717, 8.0, 113, 我Q定蔚纳活
26813986, 8.0, 112, 如果可以这样做农民
26879195, 8.4, 80, 食帖12：厨房，治愈人生的避难所
26761558, 6.9, 355, 日常生活中的思维导图
20172597, 7.7, 142, 优雅与质感
26278430, 7.4, 192, 别害怕你所向往的生活
26413830, 7.2, 239, 这辈子活得热气腾腾
4910688, 8.1, 99, 超级名模教你show出明星腿
25834256, 8.4, 78, 培养高情商的孩子
26411560, 7.2, 231, 不被理想束缚的生活
26890742, 8.9, 54, 看见・看不见
26882312, 9.2, 45, 我有一切的美妙
26830671, 8.1, 95, 愿你出走半生，归来仍是少年
20375073, 9.5, 38, 艺术博物馆
26826899, 9.1, 47, 走进世界最美的家
26851707, 7.9, 110, 等一朵花开
26393558, 8.6, 64, 水彩画的实质
26879049, 8.8, 56, 和果子
26840552, 8.0, 100, 西瓜的香气
26667817, 8.9, 52, 早安，生活
11614503, 9.4, 39, 20世纪中外散文经典
25867744, 8.3, 78, 简单冥想术：激活你的潜在创造力
26755786, 8.1, 91, 耕食生活
26878858, 8.5, 66, 恋爱心理学：愿你被男人温柔相待
4884761, 7.9, 104, 旅行的所在
26890247, 8.6, 61, BEAMS AT HOME 2
26767011, 6.9, 284, 先谋生，再谋爱
26843309, 8.1, 84, 过去现在，一并深爱
26844750, 7.7, 118, 优秀的人，都敢对自己下狠手
26699409, 7.1, 219, 明天过得怎么样，取决于今天的你怎么做
10493119, 8.2, 77, 女性健康私密书
26904196, 9.5, 34, 愿你不必取悦任何人
26879048, 9.1, 42, 京料理
26902122, 9.1, 42, 卖晾衣杆的小贩为何不会倒：懂点会计很有必要
6795816, 8.3, 70, O致挑逗：p人共崛D解120招
26609131, 9.0, 44, ?S盛?美好
26369001, 8.2, 74, 一起来吃早午餐
26883163, 8.5, 58, 好一座浮岛
26738072, 8.5, 57, 这就是二十四节气
26827563, 8.4, 60, 胡椒树上的鹦鹉
1127432, 8.7, 49, 乐理自学指南
26843917, 8.9, 43, 和食十品
26837959, 8.4, 59, 设计冲刺
26802430, 8.3, 63, 诚实的手艺
26692621, 7.2, 165, 猫可以作证
26853723, 9.3, 34, 唐人街
10520093, 7.4, 133, 型男日志
26890720, 8.4, 56, 你所羡慕的一切，都是有备而来
26948148, 9.4, 31, 好好说话
26809302, 7.7, 95, 食器之美
26857129, 7.9, 80, 把日子过成诗
25863453, 8.3, 59, 专属你的解决方案:完美皮肤保养指南
26871348, 8.3, 58, 只想和你过好这一生
26849278, 7.6, 101, 你的善良必须有点锋芒
26775411, 8.6, 46, 祝，一切安好
26905289, 8.5, 49, 掌中花园
26850083, 8.3, 56, 致命药瘾
10464055, 8.4, 52, a?手LP
26869816, 8.9, 38, 上海屋里厢（中英双语）
26423783, 8.5, 48, 树的秘密生活
26904716, 9.4, 28, 跑到最后是飞翔：我的跑步生活
26744946, 9.0, 34, 英国皇家园艺学会植物学指南
26841235, 8.6, 42, 我要内脏变年轻
26901529, 9.2, 30, 怎样观察一棵树
26844382, 8.3, 49, 和这本书一样安静
26779450, 8.2, 52, 何以为家
26874250, 8.5, 42, 好好说话
26865498, 8.7, 37, 医治受伤的自信
26319654, 7.4, 96, 护肤品全解码 100款超人气护肤品成分大检阅
26845423, 9.2, 28, 十二幅画
26898505, 9.0, 31, 奢侈的滋味
26659834, 7.5, 85, 盐糖脂
26849540, 8.6, 37, 弄堂风流记
26803573, 8.9, 31, 文艺青年的自我修养
26827019, 7.5, 81, 旅之良品
26827725, 8.7, 34, 安身与立命
26722320, 7.9, 57, 感知艺术
26760973, 8.4, 40, 战略高手
26878653, 7.6, 71, 无罪辩护
26878090, 8.6, 35, 以父之名
26743743, 8.3, 42, 穿越孤独
26761470, 8.3, 42, 唯有香如故
26910859, 8.7, 33, 冥想
26113847, 8.5, 36, 原硎み@油
1108590, 8.6, 33, 周恩来邓颖超通信选集
26794006, 9.3, 23, 撒切尔夫人
26720709, 7.0, 114, 恋物物语
26838713, 9.0, 25, 告别节食时代
26851858, 8.7, 29, 画的力量
26757192, 9.1, 23, 简简单单做面包
26919685, 8.4, 32, 365日
26760972, 8.4, 31, 危险关系
26769704, 8.2, 34, 早安，早餐
26852140, 7.8, 43, 冷眼观爱2：一切情感问题的答案
26711352, 8.1, 34, 面包制作的科学
3729119, 6.7, 106, 我要一双明星腿
26894664, 8.0, 35, 看脸
26914156, 8.1, 32, 你不努力，就别怪世界残酷
26844050, 8.2, 30, 器物帖
26892231, 7.9, 34, 早安，生活2017（蓝）
26894809, 8.2, 24, 家有小苗初长成
26822490, 8.8, 17, 我们在为什么样的广告买单
26911451, 8.2, 22, 小津安二郎美食三昧
1676582, 8.2, 21, 猫头鹰的咖啡馆
26907493, 8.3, 19, 种满院植物，安守四季阳光
26911258, 8.0, 22, 食帖13：腐的品格!初心者的发酵料理书
26929201, 8.1, 19, 聪明女人背小包
26868554, 8.2, 16, 小津安二郎美食三昧・关东篇
26934638, 8.5, 13, 今天以后，人生无数可能
26853740, 6.9, 31, 你好，焦虑分子!
26889364, 7.8, 17, 英国皇家植物园植物画教程
26825896, 8.0, 12, 自给自足生活简明指南
26927624, 8.1, 10, 为生活的设计
26798371, 7.4, 13, 冬天的故事
