2017-01-23 16:17:59
Tag: 电影
The number of books: 946 

ID, rating, votes, title
2326403, 8.9, 8447, 认识电影
1115748, 9.2, 4592, 故事
1914636, 8.4, 10015, 蛤蟆的油
1005660, 9.0, 3784, 雕刻时光
3547099, 8.5, 6062, 贾想1996―2008
1949068, 8.4, 5989, 最好的时光
1035326, 8.7, 3448, 一次?图片和故事
2275502, 8.1, 6833, 十年一觉电影梦
3227478, 8.9, 2058, 电影艺术（插图第8版）
5290534, 7.8, 8997, 为了报仇看电影
1863619, 9.3, 919, 与他共度61世
25924242, 8.9, 1401, 爱在黎明破晓前&amp;爱在日落黄昏时
10607793, 8.5, 2257, 刀与星辰
1428066, 8.8, 1489, 海上钢琴师
1155722, 8.8, 1421, 电影批评
1091203, 8.9, 1259, 少年凯歌
1320206, 8.7, 1481, 电影是什么？
3263006, 8.8, 1298, 飞越疯人院
2142574, 8.7, 1375, 时光中的时光
10739689, 8.8, 1163, 伟大的电影
1011673, 8.7, 1273, 基耶斯洛夫斯基谈基耶斯洛夫斯基
26613052, 8.7, 1271, 我的造梦之路
1968670, 8.7, 1117, 希区柯克与特吕弗对话录
4213525, 8.6, 1226, 电影镜头设计
3667132, 8.2, 1851, 侯孝贤电影讲座
1422231, 8.4, 1329, 电影剧本写作基础
2979694, 9.2, 558, 赫尔佐格谈赫尔佐格
1035146, 7.7, 3271, 非常罪，非常美
3609269, 8.7, 886, 黑色电影
1016806, 8.2, 1567, 与安东尼奥尼一起的时光
2116307, 8.4, 1205, 荣誉
4213397, 8.9, 692, 莱昂内往事
6539790, 8.1, 1752, 你的剧本逊毙了！
1995655, 9.2, 495, 演员自我修养(第一部)
1061534, 8.2, 1448, 导演功课
3239824, 7.4, 4682, 一个人的电影
3009030, 8.5, 981, 天堂沉默了半小时
1056917, 8.8, 696, 十诫
26698598, 8.2, 1373, 有如走路的速度
1002607, 8.5, 924, 一个导演的故事
25793459, 8.5, 840, 电影编剧的秘密
1320205, 8.2, 1195, 法国电影新浪潮
1228098, 8.4, 924, 魔灯
1075743, 7.3, 4366, 我把青春献给你
4007145, 8.5, 790, 我有平安如江河
6773642, 7.7, 2069, 猛虎细嗅蔷薇
1424373, 7.7, 2033, 电影×音乐
2300813, 8.7, 595, 收割电影
1021914, 8.2, 1033, 香港电影的秘密
4262685, 8.0, 1326, 戏梦巴黎
1012256, 9.0, 430, 电影书写札记
22519910, 8.6, 637, 编剧的艺术
22542435, 7.6, 2238, 我是开豆腐店的，我只做豆腐
1010866, 8.6, 626, 我的最后一口气
4319553, 8.5, 688, 小武
3605216, 8.3, 844, 小津
26931507, 7.6, 2093, 罗曼蒂克消亡史
2248578, 8.6, 586, 电影理论与批评
1066833, 8.5, 637, 镜与世俗神话
6012933, 8.2, 890, 救猫咪
4196774, 8.4, 701, 看电影的艺术
1071597, 8.0, 1120, 慢慢微笑
3765359, 8.2, 868, 四季
25697249, 9.7, 211, 哈利.波特电影魔法书
3662262, 8.0, 1102, 电影化叙事
4722905, 8.2, 849, 大师镜头
10530128, 7.7, 1611, 晚秋
1938337, 8.8, 442, 外国电影理论文选(修订本)
1057092, 8.6, 525, 世界电影史
2365288, 8.3, 711, 波兰斯基回忆录
11601218, 8.1, 890, 眨眼之间
4934772, 8.2, 783, 迷影文化史
2296690, 8.1, 880, 拍电影
3806309, 7.6, 1693, 如何写影评
20386243, 9.1, 310, 复眼的影像
4208765, 7.8, 1247, 浅草小子
4177701, 8.3, 663, 红气球的旅行
3894806, 8.2, 735, 等云到
2364152, 8.1, 807, 我生命中的电影
2132838, 8.3, 628, 拉片子
1255097, 8.0, 878, 世界电影史
1777410, 8.7, 405, 我，费利尼
5363492, 7.9, 908, 盗梦空间
1042149, 8.1, 701, 伯格曼论电影
3033673, 7.5, 1532, 爱恋无声
3033671, 7.5, 1476, 江湖有事
1394855, 7.8, 974, 王家卫的映画世界
5905979, 8.8, 321, 斜目而视
1023246, 8.5, 425, 雾中风景
1048907, 8.3, 513, 我是说谎者
2160732, 7.5, 1383, 莎乐美的七层纱
1076105, 7.5, 1380, 后窗看电影
1349822, 9.8, 141, s的影世界 1
2378592, 8.2, 560, 双重生命，第二次机会
1621181, 8.6, 369, 蒙太奇论
20516061, 8.6, 369, 电影语言的语法
1723055, 8.6, 364, 电影艺术词典
26386370, 9.0, 252, 胡金铨武侠电影作法
2042805, 9.7, 147, s的影世界3
1762088, 9.8, 137, 张国荣的电影世界2
4230140, 8.2, 542, 乡关何处
4823845, 8.2, 537, 洛丽塔：电影剧本
4202342, 8.6, 349, 电影史
1084616, 8.4, 423, 光影大师
25713815, 9.1, 220, 经典电影理论导论
1766119, 8.8, 281, 银河映像・难以想像
6965468, 8.1, 567, 香港有个荷里活
5939300, 7.3, 1597, 垃圾筐电影院
10537662, 8.0, 600, 世上的光
4221356, 9.1, 204, 现代自然
1049180, 8.0, 589, 法斯宾德论电影
10515067, 8.0, 584, 杨德昌的电影世界
3203560, 8.6, 312, 巴赞论卓别林
7064581, 7.9, 655, 张艺谋的作业
4115076, 7.8, 739, 伍迪・艾伦与哲学
10607712, 8.0, 581, 迷人的谎言
1358395, 9.2, 182, 杜可L春光乍z影手
1426432, 8.0, 564, 诞生
6851810, 8.5, 332, 作家之旅
2368805, 8.1, 500, 异端的影像
26840568, 9.2, 180, 草疯长
26184644, 9.8, 117, Criterion Designs
1424715, 8.4, 361, 费利尼对话录
1837549, 7.7, 781, 日本电影100年
26935001, 9.4, 151, 豆瓣电影生活日历
26307399, 9.0, 205, 吉尔莫・德尔・托罗的奇思妙想
3183671, 8.0, 539, 光影言语
4242053, 8.2, 432, 好莱坞启示录
6831032, 8.2, 426, 在黑暗中醒来
3654912, 8.4, 344, 小津安二郎周游
10441263, 8.5, 312, 电影编剧创作指南（修订版）
4882052, 8.5, 310, 电影诗学
3574690, 7.6, 851, 小导演失业日记
1915388, 8.5, 308, 电影的故事
1022897, 7.9, 579, 法斯宾德的世界
1317892, 8.1, 461, 文德斯论电影
3808684, 7.4, 1104, 明暗
5379138, 8.2, 409, 场面调度
2025390, 8.0, 508, 太阳少年
1072739, 8.5, 301, 时间D影像
24318971, 8.5, 293, 孔雀
24296282, 8.5, 291, 我是怪人，我是独行者
6967829, 9.0, 188, 电影理论读本
1915011, 8.5, 286, 电影理论史评
1074142, 7.9, 533, 看不见的影像
4208771, 8.3, 345, 尤利西斯的凝视
1069249, 8.2, 382, 卓别林自传
3194284, 8.1, 421, 我们时代的叙事
3172128, 8.7, 233, 从卡里加利到希特勒
3287014, 8.4, 304, 电影的力量
1812687, 8.4, 303, 电影的本性
1155250, 8.1, 408, 电影美学
1023668, 8.0, 455, 解读电影（上下）
1709754, 8.3, 331, 电影语言
3224315, 7.2, 1281, 钓大鱼
2077064, 7.9, 503, 特写：阿巴斯和他的电影
1141882, 7.3, 1091, 外国电影史
10518072, 8.2, 359, 跟自己的名字赛跑
1426817, 8.3, 322, 陌生人日记
1004391, 8.5, 264, 中西风马牛
25931540, 6.6, 3482, 告白与告别
1063171, 7.7, 616, 楼上楼下，屋里屋外
5347801, 7.7, 612, 编剧：步步为营
26838873, 8.5, 257, 伍迪・艾伦谈话录
10601552, 7.2, 1185, 例外
26282087, 7.8, 530, 把所有失眠的夜都给你
26368561, 8.3, 307, 薄薄的故乡
4861173, 8.2, 337, 六个道德故事
10567711, 8.1, 371, 闪回：电影简史（插图第6版）
1830429, 7.8, 518, 低俗电影
1417942, 8.3, 299, 电影剧作者疑难问题解决指南
1040501, 8.2, 324, 我心狂野
25841158, 8.8, 185, 白鹿原
1394978, 7.3, 945, 等待是一生最初苍老
4760262, 7.6, 627, 香港电影演义
5913963, 8.4, 261, 香港电影百年
3008949, 8.2, 315, 戈达尔
25729024, 8.9, 167, 对话比利?怀尔德
21683667, 8.7, 194, 电影研究关键词
1463468, 7.9, 414, 这只是一部电影
25731402, 8.7, 189, 剧本
26762263, 8.1, 331, 我被封杀的抒情
1461751, 8.3, 270, 纪录片创作完全手册
22001180, 9.5, 103, The Wes Anderson Collection
25925760, 8.6, 203, 再见杨德昌
25789478, 8.7, 186, 宽忍的灰色黎明
1045535, 7.6, 559, 我的摄影机不撒谎
2010619, 9.1, 132, 演员自我修养（第2部）
1963548, 7.8, 437, 不敢问希区柯克的，就问拉康吧
3297869, 7.6, 550, 日本映画惊奇
6772374, 7.7, 487, 骑驴找马
4319558, 8.2, 282, 站台
25908039, 8.6, 193, 少年派的奇幻漂流：一部电影的诞生
1817037, 7.4, 695, 伍迪・艾伦：电影人生
26758416, 8.4, 229, 路野餐
4814391, 8.8, 161, 经典的真身
21328036, 7.5, 601, 逃离德黑兰
19971953, 8.7, 173, 蝙蝠侠黑暗骑士三部曲
10566471, 7.7, 466, 混大成人
1424782, 9.1, 126, 七部半
2122834, 8.0, 330, 不准调头
22506376, 8.0, 330, 看不见的剪辑
26286364, 9.0, 135, 剪辑之道
5288459, 8.0, 327, 野生金基德
20452670, 7.5, 583, 看电影的门道（插图第2版）
26853060, 9.3, 108, 我心深处
1288947, 8.0, 324, 斯科塞斯论斯科塞斯
2000789, 8.1, 291, 里芬施塔尔回忆录
10801135, 8.6, 182, 以眼说话
25866291, 9.8, 77, 温斯顿特效
4151206, 8.3, 235, 美国电影美国文化
2287268, 7.8, 393, 流动的光影声色
26434974, 7.5, 562, 行云纪
2155295, 9.2, 112, 牯X街少年⑷耸录
6872645, 9.9, 71, Harry Potter Page to Screen
4082445, 8.1, 278, 有生之年非看不可的1001部电影
1004710, 8.6, 175, 犹在镜中
4319562, 8.1, 277, 任逍遥
1881655, 7.9, 340, STORYBOARDING分镜头脚本设计
2213509, 8.4, 203, 理想主义的困惑
1967041, 7.0, 1057, 感官王国
6843464, 7.7, 409, 长天过大云
1017176, 8.1, 265, 贾樟柯电影故乡三部曲
1215598, 8.1, 265, 载满鹅的火车
25910698, 8.2, 239, 迷人的假象
1004632, 8.1, 258, 独立精神（全三册）
1066757, 7.2, 739, 与电影一起私奔
1265777, 7.4, 561, 时间的灰
20269004, 9.0, 115, 电影美学与心理学
1463830, 7.6, 421, 导演电影
26416533, 8.1, 245, 坐看重围
4828304, 7.6, 419, 好莱坞的七宗罪
20259527, 9.1, 106, 低俗小说
4892882, 7.5, 459, 许鞍华说许鞍华
4850324, 8.1, 238, 韩国电影史
1076289, 7.3, 591, 映城志：电影中的城市
1857410, 8.6, 151, 马龙・白兰度传
1034523, 8.2, 214, 纪录中国
2290934, 7.8, 305, 当代电影艺术导论
5312162, 7.5, 427, 一个人的电影 2008-2009
4191615, 8.1, 223, 剥削好莱坞
5983379, 7.3, 547, 电影镜头入门
3537594, 7.2, 617, 日本电影
4807993, 8.4, 167, 谁在敲我的门
10530163, 7.5, 419, 你的，大大的坏
2036954, 7.8, 294, 欲望电影
1088968, 8.0, 239, 电影的元素
6517419, 7.4, 467, 问道
4725168, 7.9, 261, 放映 001
2121301, 6.8, 1077, 春光乍泄
1949510, 7.6, 359, 江湖外史之港片残卷
25760132, 9.0, 101, 重访希区柯克
25900308, 8.2, 193, 黑色电影
1578187, 8.3, 176, 电影作为艺术
3044564, 8.5, 148, 施拉德论施拉德
1288871, 7.7, 316, 文德斯的旅程
1956423, 7.7, 313, 电影讲稿
25758141, 8.6, 134, 尊重表演艺术（修订版）
10566132, 7.5, 392, 青年电影手册（第五辑）
3163370, 7.1, 653, 未删的文档
4834412, 6.9, 875, 21天搞定电影剧本
1464580, 8.6, 131, 影视导演技术与美学
6101116, 8.2, 184, 巴赞传
6791661, 7.8, 272, 戏剧浮生
3003344, 8.3, 166, 电影剪辑技巧
24869024, 7.7, 296, 镜头的语法（插图第2版）
25764618, 8.3, 163, 纪录片创作六讲
25885237, 7.9, 236, 编剧心理学
1164108, 7.7, 291, 影片分析透视手册
4743452, 8.7, 116, 志明c春呻影
26371256, 8.6, 125, 光影创作课
1394347, 8.9, 99, 图像 声音 运动
1624062, 7.7, 285, 西方电影史概论
26284858, 8.7, 112, 欲望的眩晕
26856493, 8.5, 131, 与光同尘
2148381, 7.6, 307, 非主流动画电影
1437645, 8.3, 153, 小津安二郎的艺术
1114091, 6.8, 877, 中国电影史
6430976, 7.7, 269, 救猫咪Ⅱ
1672392, 8.2, 164, 剧作法
6773626, 8.1, 179, 安德烈・塔可夫斯基
1800104, 8.6, 117, 从影五十年
1949026, 8.9, 93, 影海生涯(上、下)
20499737, 7.3, 421, 木乃伊防腐指南
1041033, 8.1, 177, 戈达尔
25827534, 9.3, 71, 导演创作完全手册（插图第4版）
1874256, 7.7, 262, 革命！1960年代世界电影大爆炸
4919904, 8.1, 174, 眼之愉悦
25913083, 8.0, 191, 无人是孤岛：侯孝贤的电影世界
3017632, 8.3, 145, 双城故事
4222560, 8.0, 190, 戈达尔访谈录
1475861, 7.2, 464, 台湾电影三十年
1082447, 7.8, 231, 艺术电影速查手册
1456436, 7.1, 527, 光影记忆
1342974, 8.8, 97, 影I：\-影像 
10562768, 8.1, 171, 电影或想象的人
1724394, 7.6, 281, 西方电影史论
1433314, 7.9, 205, 关于电影
4912683, 8.0, 185, 极权制造
1014872, 7.0, 587, 电影理论笔记
5288461, 8.2, 153, 电影理论与批评辞典
25894484, 8.6, 110, 视听
1482365, 7.5, 307, 想象的能指
1578179, 7.7, 245, 电影导演艺术教程
25895402, 8.9, 87, 郊[
1897991, 7.5, 303, 黑客帝国与哲学
4915892, 7.2, 436, 香港电影血与骨
3842216, 7.7, 243, 好莱坞的叙事方法
25928292, 7.7, 242, 不懂色彩 不看电影
1493924, 8.4, 126, 繁花盛放
1964271, 7.6, 269, 恋物与好奇
1023850, 7.9, 197, 中国独立纪录片档案
1000433, 7.4, 337, 电光幻影100年
4071848, 8.0, 177, 美国往事
26369908, 7.4, 333, 北野武自述
1985875, 7.6, 264, 科恩兄弟的电影
20396039, 8.6, 105, 武侠大宗师：张彻
20423230, 8.5, 113, 电影摄影照明技巧教程
1258370, 7.7, 233, 中国电影文化史
4715742, 8.0, 172, 电影导演方法
26389380, 8.5, 112, 捕风者宫崎骏
6813397, 7.0, 539, 香港制造
26284609, 9.5, 57, The Wes Anderson Collection
1968473, 8.4, 121, 英国影视制作基础教程
26747250, 8.6, 103, 开发故事创意（第2版）
6830090, 6.9, 609, 青年电影手册（总第四辑）
1437899, 7.5, 282, 魔鬼秀
4264090, 8.3, 129, 再弹一弦江湖曲
1453569, 7.8, 204, 凝视的快感
23040106, 7.2, 397, 杨德昌
1438070, 7.7, 223, 映像中国
4782503, 8.0, 166, 天神下凡
25760481, 8.7, 93, 电影研究导论（插图第4版）
5420992, 7.6, 247, 纪录片也要讲故事（第2版）
23777102, 8.4, 117, 大师镜头（第二卷）
6517445, 8.0, 165, 光影之隙
26312905, 8.8, 86, 炮声中的电影
1440107, 8.7, 92, Film Art: An Introduction
1432446, 8.3, 125, 科克托访谈录
3184279, 7.7, 215, 电影色彩学
1071519, 8.1, 146, 影像中的正义
1493522, 9.4, 57, 活下去
1056284, 8.0, 158, 电影手册
26578400, 8.2, 132, 煮海时光
1455909, 8.2, 131, 世界电影史（1960年以来）（上、下）
25774694, 8.3, 120, 梦书
1812733, 8.7, 88, 电影剪辑技巧
24532902, 7.6, 230, 影君子
26737210, 8.2, 129, 莫里康内
1442406, 7.6, 227, 什么是电影叙事学
1481674, 7.7, 204, 世界动画电影大师
26111126, 8.7, 86, 目光的伦理
1956546, 7.2, 356, 中国电影史
26695223, 7.1, 404, 独立日：用电影延长三倍生命
5383511, 7.2, 354, 蒂姆・波顿的电影世界
25723679, 7.6, 223, 莱昂纳多・迪卡普里奥：在世界的中心流浪
1320204, 7.4, 273, 当代电影分析
4167329, 8.2, 124, 光影人李屏e
2375216, 7.5, 243, 电影导演论电影
26812867, 8.6, 90, 幕味
1458162, 7.3, 303, 世界电影理论思潮
2679108, 7.5, 241, 分镜头脚本设计教程
19977119, 8.4, 104, 音效圣经
3258856, 7.5, 238, 也许并没有故事
1918352, 7.9, 158, 费德里柯・费里尼
1261555, 8.2, 121, 好莱坞电影
1426188, 7.9, 156, 李安
26382931, 8.3, 109, 达斯・维德本纪
1793665, 7.3, 288, 导演视野
2382323, 8.0, 140, 声音设计
26206654, 8.3, 107, 昨日之岛
2157167, 7.9, 151, 香港百年光影
5397835, 7.9, 150, 桃色与黑色剧・骰子
25827282, 9.1, 60, 悉德・菲尔德经典剧作教程
11533561, 8.4, 96, 电影符号学质疑
4146818, 7.3, 273, 中国导演访谈录
3662523, 7.7, 177, 好莱坞类型电影
1440719, 7.2, 306, 通向电影圣殿
24737196, 8.0, 132, 故事的道德前提
6973412, 8.4, 94, 英格玛・伯格曼
26901257, 9.5, 46, 三十年细说从头 (上下)
1070592, 7.0, 378, 大话西游宝典
11501798, 7.7, 170, 永远和三秒半
1918354, 7.4, 232, 佩德罗・阿尔莫多瓦
26333278, 6.8, 495, 宿命
26304875, 8.5, 85, 漫不经心的传奇
1775913, 8.6, 78, 亠Lm
4199355, 8.1, 115, 现代电影美学
26012244, 8.1, 114, 编剧的策略
1578127, 8.5, 83, 并非冷漠的大自然
3071221, 9.0, 59, 演技六讲
26692203, 8.8, 67, 日本电影史
3877806, 8.2, 103, 电影摄影技巧
1618056, 9.4, 46, 楚门的世界……(原装正版普通话配音)(VCD)
4851813, 8.3, 95, 危险，切勿把头伸进来！
1023746, 7.3, 245, 现代人精神病历本
2973011, 7.5, 195, 青年电影手册（第一辑）
26270790, 8.3, 94, 清晨5点的第五大道
1578109, 8.4, 87, 世俗神话
26935435, 9.2, 51, 大裂
5904021, 7.4, 216, 香港新浪潮电影
1578100, 8.2, 100, 戏剧与电影的剧作理论与技巧
5904020, 7.7, 155, 戏缘
1493533, 9.2, 50, 乱
1499500, 9.2, 50, 张彻
20284687, 7.6, 170, 七武士
6750176, 8.1, 107, 日本电影与战后的神话
25839097, 8.3, 91, 此生是我吗
3598685, 7.6, 169, 好莱坞怎样讲故事
6068289, 7.1, 291, 电影之死
1923461, 8.9, 59, 性e中
3691350, 7.7, 151, 影视美学
5269185, 8.2, 97, 桃色与黑色剧・玩火
1421648, 8.5, 77, 影的七段航程
1451631, 9.3, 46, 奇遇・夜・蚀
1455858, 8.2, 96, 日本电影史
26889630, 8.6, 71, 对这个残酷的世界说情话
1416951, 7.8, 135, 《美女与野兽》电影日记
21332126, 8.1, 103, 电影人之眼
10345194, 7.7, 147, 看懂李安
10740047, 7.9, 122, 库布里克传
26303058, 7.5, 179, 我是怎样拍电影的
24089002, 7.8, 133, 像导演一样思考
3918599, 7.4, 198, 电影撞新闻
25986624, 8.5, 75, 幽僻处可有人行？
26772174, 8.8, 61, 哈内克论哈内克
1439901, 8.9, 57, 夏夜的微笑
26247601, 8.2, 93, 十二公民
10564000, 8.0, 109, 弗朗索瓦・特吕弗
24753340, 8.3, 85, 我写的故事胜过你写的!
25987241, 8.6, 68, 享受你的症状！
25876134, 7.3, 212, 不敢问希区柯克的，问S先生吧
20278047, 8.0, 107, 影视导演成长记录
25907631, 8.0, 107, 父子电影俱乐部
2062889, 7.7, 140, 中国现代文学与电影中的城市
6801700, 7.6, 153, 必要的静默
6397149, 8.2, 90, 艺术光晕中的电影
1448617, 8.6, 67, 电影・电视・广播中的声音
2282705, 7.4, 187, 绝顶天才的混蛋
2154347, 8.3, 83, 杨德昌电影笔记
10512238, 7.9, 115, 天才的阴暗面
1409845, 7.6, 152, 电影的意义
23008959, 8.0, 105, 超越套路的剧作法
4019408, 8.5, 71, 奥斯卡最佳动画短片
25897451, 8.6, 66, 表演的艺术
20645110, 7.4, 183, 致青年电影人的信
3041738, 8.3, 81, 一一重F：畹虏
2266292, 9.0, 50, 罗生门
4833132, 8.5, 69, 故事片电影摄影创作
20366617, 8.0, 101, 斯皮尔伯格传
1945522, 7.1, 249, 1945年以来的意大利电影
10757708, 8.6, 64, 银幕艳史
10566436, 8.0, 100, 导演小津安二郎
6126790, 8.5, 68, 魅力剪辑
4230635, 8.1, 91, 伯格曼的电影
5433534, 8.4, 72, 弗朗索瓦・特吕弗
1814324, 8.0, 98, 我的第1部电影
1918357, 7.4, 171, 英格玛・伯格曼
2220895, 7.5, 154, 电影本体心理学
1639470, 8.6, 62, 回顾香港电影三十年
20423227, 8.6, 62, 光色留影
25769265, 7.0, 267, 青年电影手册（第六辑）：100位华语导演的处女作
1459635, 6.9, 303, 香港电影新浪潮
2309346, 7.6, 137, 视听语言
25717499, 8.4, 70, 声音
24840471, 7.8, 113, 电影通史
2068611, 8.3, 75, 中立影：L
2258472, 8.9, 50, 建筑物与像
4915871, 7.9, 103, 激情迷宫里的凝视
10446299, 7.2, 205, 爱LOVE
4101356, 7.4, 164, 电影理论基础
25905279, 8.1, 86, 观照电影
1918359, 7.3, 180, 埃里克・侯麦
1153795, 7.5, 146, 电影的形式与文化
26390072, 9.4, 37, 影视光线创作
1361361, 8.3, 72, 杨德昌电影研究
3012406, 8.6, 58, 旧好莱坞/新好莱坞：仪式、艺术与工业
2005707, 8.2, 77, 动画概论
1578131, 7.2, 194, 中国电影发展史 第一卷
6779294, 6.9, 277, 绘色
26754346, 9.1, 42, 如何指导演员
1578116, 8.3, 70, 电影实践理论
1422230, 7.7, 114, 独立制片
3774656, 9.0, 44, 数字短片创作
6511269, 7.9, 95, 电影营销实务
2015956, 8.2, 74, 创新激情-一九八0年以后的日本电影
25807354, 7.7, 110, 导演的摄影课
3141848, 7.8, 99, 影像中国
24870781, 8.6, 54, 《简・爱》的光影转世
25959167, 8.6, 54, 大师镜头（第三卷）――导演视野：让电影脱颖而出的100个镜头调度
1115747, 7.6, 118, 剧作练习
3011549, 7.5, 127, 天堂陌影
25901646, 7.5, 127, 剪辑的语法（插图第2版）
10802186, 7.2, 173, 一生要看的500电影
25975557, 8.2, 70, 眩晕
1216526, 7.3, 155, 电影摄影画面创作
4952713, 7.6, 115, 国际政治梦工场
1021701, 7.0, 216, 中国电影史
4814790, 7.9, 88, 电影概论
6017467, 8.4, 60, 影视剪辑
26389472, 8.5, 56, 影像背后
1473120, 8.2, 69, 可见的人
25849703, 8.7, 49, 私人摄像机：主观电影和散文影片
1959906, 7.4, 137, 激情的疏离
3907769, 7.4, 136, 编剧大师班 ― 众编剧巅峰杰作访谈录
26221429, 8.2, 68, 李安哲学
1130728, 8.5, 55, 纪录电影文献
26873229, 8.0, 79, 打草稿
1469031, 7.8, 93, 黑泽明的世界
4922651, 6.9, 231, 开拍之前：故事板的艺术
1981061, 8.3, 62, 平成年代的日本影1989-2006
26285570, 8.3, 62, 创意制片完全手册
1137610, 8.5, 54, 无间道
3834725, 7.5, 119, 电影音乐
4252068, 8.0, 77, 眼之快感
1084615, 7.6, 108, 文化批评与华语电影
5279590, 8.8, 44, 数字校色
3274299, 7.1, 178, 日本异色电影大师
1451637, 9.1, 37, 红色沙漠
26637112, 7.1, 175, 身不在场
20493910, 8.6, 49, 一代宗 (限量典藏版)
26584946, 7.5, 115, 刺客聂隐娘
25744010, 7.4, 126, 杜琪峰与香港动作电影
1364800, 9.4, 31, M穆
10518111, 7.1, 172, 香港电影夜与雾
3044466, 7.9, 80, 奥逊・威尔斯
21354730, 7.9, 80, 好影的法t
1794725, 8.9, 40, 石挥谈艺录
1316426, 8.0, 73, 摄像基础
20458163, 8.5, 51, 算命
5446520, 7.6, 102, 战争与电影
1963628, 7.7, 93, 纪录片编导与制作
4082026, 7.7, 93, 早期香港电影史
1439899, 9.3, 32, 冬日之光
6078885, 7.5, 111, 电影之书
5320875, 7.4, 121, 希区柯克的电影
4170301, 8.6, 46, 色盒子
2368858, 9.3, 31, Film School Confidential
1907830, 7.7, 89, 西方先锋派电影史论
4915931, 6.9, 201, 电影，另一种生活的可能
7015177, 7.8, 81, 罘rg
1851976, 8.9, 38, 广岛之恋 去年在马里安巴德
5957593, 8.3, 55, 波兰斯基传
26824373, 8.3, 55, 在好莱坞图谋不轨
1344549, 8.5, 48, 表演中
10834609, 7.7, 87, 开始写吧!
20452239, 8.4, 51, 有生之年非看不可的101部科幻电影
6967601, 7.0, 173, 编剧的核心技巧
6723530, 7.9, 73, 民国时期的上海电影与城市文化
6719234, 8.8, 39, а莨φn
26878042, 9.1, 33, 等待电影的日子
2222589, 8.7, 41, 好莱坞的黄金时代
1026923, 7.6, 91, 电影电视剪辑学
3702993, 7.0, 166, 美剧编剧入门
25861640, 9.4, 28, The Grand Budapest Hotel
1469119, 8.0, 65, 看见的世界
2238407, 7.8, 76, 纪录片导论
26268296, 8.6, 43, 迪士尼的艺术（插图第5版）
26716512, 7.9, 70, 好剧本是改出来的
26706519, 8.1, 60, 黄柳霜
25926716, 9.0, 34, 雷・哈里豪森的电影概念艺术
6712822, 8.8, 38, 凝望・r代
3637889, 7.7, 82, 梦与日记
24872814, 7.2, 131, 恐怖电影逃生指南
5778057, 9.3, 29, 大y幕後：好R]X嗟z辛
1180393, 7.6, 88, 中国当代电影史
3111570, 7.8, 74, 报考艺术院校快速充电
2177803, 8.3, 51, 电影特技教程
25950447, 6.9, 178, 有一只老虎在浴室
2010617, 9.2, 30, 演员创造角色
20441752, 8.1, 58, 有生之年非看不可的101部邪典电影
1578132, 7.1, 140, 中国电影发展史(第二卷)
26862170, 7.9, 66, 冰雪纪行
1578209, 7.7, 77, 场记
3418409, 6.2, 448, 库布里克的电影
1899928, 8.3, 49, 朱天文电影小说集
3091558, 8.9, 34, 喜宴
2118425, 8.7, 38, 悲情城市
1645563, 7.9, 65, 极上之梦:《海上花》电影全纪录
10576528, 7.9, 65, 冰雪o行
1578144, 7.7, 76, 电影叙事学
5311683, 8.0, 60, 电影产业经济学
7152958, 7.4, 99, 阴阳界：胡金铨的电影世界
10734871, 7.2, 120, 编剧自我修养
24857903, 7.9, 64, 电影剪辑：电影人和影迷必须了解的大师剪辑技巧(图文版)
26298299, 7.9, 64, 生活本身
1463347, 8.3, 48, 论电影艺术
4180311, 8.3, 48, 电影摄影应用美学
25912682, 9.1, 30, 创造奇迹
19952402, 8.1, 55, 光影之忆
26304040, 8.8, 35, 新浪潮（第三版）
1080873, 7.5, 88, 电影与方法
25778277, 7.8, 68, 电影行话手册
1262117, 7.2, 116, 中国电影史1905-1949
2059593, 8.3, 47, P\i的光影
1427405, 7.7, 73, 独立纪录
26297412, 8.5, 41, 世界导演对话录
3876270, 7.4, 94, 寻找楚门
24529217, 7.7, 72, 胡金铨谈电影
1342039, 8.7, 36, 影理解x
1153534, 7.5, 85, 电影专业英语
1325209, 7.3, 102, 影视类型学
1645562, 8.6, 38, 青少年哪吒
2299327, 6.8, 173, 色戒的世界
1439775, 9.3, 26, Cinema 1
5416886, 8.1, 52, 黑泽明VS好莱坞
6120777, 7.4, 91, 沟口健二的世界
4282069, 7.5, 83, 从文学到影片
1772620, 8.3, 45, 蚣偾檎
1074334, 6.9, 151, 声色现场
26663966, 8.4, 42, 表演训练手册
26319307, 8.0, 55, 100岁的人生方式
3417439, 8.8, 33, 电影导演基础
26787191, 7.3, 98, 黑泽明100
1779729, 8.9, 31, 邵氏电影初探
26325341, 7.5, 81, 小津安二郎的反电影
5904017, 7.3, 97, 严浩电影讲座
1765148, 8.3, 44, I磁娜搜u作手
26312479, 7.7, 68, 不要给我讲故事，我需要的是人物
3574349, 8.0, 54, 穿越午夜之门
2175575, 7.5, 80, 电影编剧学习-北京电影学院文学系剧作专业硕士研究生毕业作品点评集
5290578, 8.1, 50, S昏未晚
24751251, 7.4, 87, 救猫咪3:反击战
1126271, 7.7, 67, 世界电影鉴赏辞典
25950429, 6.6, 207, 我们不懂电影
26699138, 8.6, 36, 星球大战：死星完全图解
25920880, 7.8, 60, 法国新浪潮电影史
1361070, 8.6, 35, 小城之春
1872902, 8.3, 42, [江湖 : 徐克c香港影
26148555, 8.7, 33, 盘丝洞1927
1434519, 8.5, 37, lF安哲_普洛斯
1469090, 8.5, 37, 我需要的一点现实
26783056, 9.0, 28, 电影中的僵尸文化
1466860, 7.9, 55, 性/e光影
2367033, 7.9, 54, 日本影的巨匠
25863642, 7.5, 74, 好莱坞模式
6827943, 7.6, 68, 电影制片人融资指南（第6版）
1087121, 8.0, 50, 中外影视大辞典
26711251, 8.7, 32, 新藤兼人传
3805096, 7.4, 80, 功夫片的秘密
7564392, 8.4, 38, 德莱叶的电影
26476661, 7.5, 73, 嘿！恐怖
1361737, 8.1, 46, 侯孝tHOU HSIAO-HSIEN
1409302, 7.9, 53, 大电影产业
10811173, 7.7, 61, 电影与文化的现代性
1055384, 7.9, 52, 镜头像自己的眼睛一样
3128224, 8.6, 33, 奥逊・威尔斯论评
19969956, 9.4, 22, 暗香浮动
26596278, 8.2, 42, 导演的控制
1029873, 7.2, 93, 北京电影学院故事
25662306, 7.4, 77, 蔡明亮:从电影到当代/艺术
26209238, 7.4, 77, 短片的法则
26779398, 9.6, 20, WKW
3129450, 7.3, 84, 影视视听语言
26834259, 8.3, 39, 遇你之前
20393617, 7.5, 70, 编剧备忘录
25910725, 7.8, 55, 电影政治
10440754, 7.1, 100, 流影海德园
1352935, 9.0, 26, 小津安二郎百年o念展
1360960, 8.2, 41, 影⑹
5972003, 8.2, 41, 意大利电影
26279351, 7.2, 90, 重返20岁
20396037, 7.8, 54, 故事与话语
26832692, 7.2, 89, 喜欢你是我做过最好的事
10539922, 8.2, 40, 技术与时间 3
21328173, 7.9, 49, 费里尼
2973800, 8.8, 28, 影g－形式cL格（第八版）
3562503, 8.4, 35, 影`魂深度的贤ㄕ摺―廖c松
2380206, 9.5, 20, 七武士 蛛网宫堡
25851724, 9.5, 20, 《哈姆雷特》的影舞编年
24696330, 8.3, 37, 帕索里尼传
25838041, 8.0, 45, 这不只是一部电影
24744431, 7.7, 56, 号脉电影
6758650, 6.9, 116, 日本电影十大
20282667, 7.9, 48, 一起走过的日子
4719356, 6.9, 114, 疯狂影评
1852588, 8.1, 41, 光和时间的神话
26318807, 7.3, 76, 讲故事的人：斯皮尔伯格传
4820237, 8.3, 36, 中国电影，你不知道的那些事儿
2052972, 8.8, 27, 风花雪月李翰祥
21320028, 8.8, 27, 创作法
4214197, 7.8, 50, 电影作为社会实践
25817001, 7.6, 58, 微电影剧作教程
3211667, 7.0, 99, 追寻快乐
3646083, 7.9, 46, 影视剪辑编辑艺术
25782653, 7.6, 57, 序列编剧法
1156522, 7.5, 61, 皮埃尔・保罗・帕索里尼
11640274, 6.5, 170, 遇见罗伯特・麦基2011-2012
10435515, 7.1, 87, 电影的历史
26302352, 8.6, 29, 狼图腾 : 视觉设计与叙事语言
24737859, 7.8, 48, 编剧点金术（第3版）
1023025, 6.9, 105, 写电影剧本的几个问题
1767638, 7.7, 51, 大岛渚的世界
26835537, 7.6, 55, 并指如刀
10451761, 8.2, 36, 音乐之声
1578113, 7.8, 47, 电影哲学概说
25798909, 7.8, 47, 光影之痕
1958573, 9.0, 23, 电影的观念
3568452, 9.0, 23, Film Theory and Criticism
2006355, 7.4, 64, 纪录电影分析
21328301, 8.1, 38, 一代宗
1578138, 7.6, 54, 电影摄影入门
25778278, 8.3, 33, 未被驯服的梦境
1494721, 8.2, 35, 中国电影
10430583, 7.6, 53, 纪录电影手册
25982840, 7.7, 49, 公民凯恩
20493208, 7.0, 89, 喜剧难写
6970851, 7.3, 67, 让・雷诺阿
1115746, 8.3, 32, 不宣而战
26435134, 8.2, 34, 梦回仲夏
26781734, 6.8, 107, 北京遇上西雅图之不二情书
24859367, 6.4, 172, 香港电影史记
26250111, 8.1, 36, 成濑巳喜男的电影
1981350, 8.9, 23, 立r代
1353739, 8.4, 30, 焦c美指叔平．WILLIAM CHANG Art Director
25903082, 7.9, 41, 501位电影导演
1981677, 6.6, 132, 电影演员
19940366, 6.9, 94, 陈可辛 自己的路
25723370, 7.8, 43, 胡金铨随笔
25907955, 7.4, 58, 导演思维
1468968, 8.4, 29, 影片读解
6387035, 7.1, 75, 高清电影摄影 （插图第3版）
4167379, 8.0, 37, 电影学笔记
1361780, 7.7, 45, 蔡明亮
1775957, 8.9, 22, z影手
2033658, 7.5, 52, 电影剧本的结构
2260797, 8.2, 32, 渐隐
3371900, 8.2, 32, 电影市场营销学
1824195, 8.8, 23, 中国电影研究资料
2053588, 7.4, 56, 电影美学概述
3552213, 6.5, 138, 世界怪物图鉴
25841394, 7.3, 60, 日本电影大师
3070340, 7.4, 55, 电影艺术论
3168200, 7.4, 55, 电影和历史
26586310, 7.2, 63, 不仅仅是好莱坞：细读伍迪・艾伦
1751188, 8.4, 27, 中国电影专业史研究
3836096, 7.1, 68, 法国电影
1048122, 8.1, 32, 北欧电影哲人
26910119, 9.5, 16, 如何看电影
1810325, 7.3, 57, 影视技术概论
26783055, 8.6, 24, 科幻电影导论
4223791, 6.6, 111, 镜头在说话
25919665, 7.2, 60, 白日美人
26269967, 7.2, 60, 电影学导论（第3版）
11505393, 7.3, 55, 书面叙事・电影叙事
25907688, 8.0, 33, 希区柯克电影制作大师班
2131796, 8.1, 31, 戏梦人生 - 侯孝贤电影分镜剧本
26285560, 6.7, 97, 剧本结构设计
25831431, 7.9, 35, 以卵击石
25875938, 7.6, 43, 电影叙事学研究
2383182, 8.8, 21, 夜奔（电影剧本）
4208020, 7.4, 50, 明星
10581013, 7.5, 46, 从文字到影像
5288943, 8.6, 23, 俄狄浦斯的眼睛
25856242, 7.5, 44, 日本新浪潮电影
23270810, 7.2, 56, 电影布光技法
26752287, 8.8, 20, 《猩红山峰》暗黑艺术设定集
26372869, 8.1, 29, 如何不搞砸一部短片
1890956, 8.9, 19, 秋刀~物Z
19935607, 7.8, 35, 奥林匹亚
5323847, 8.2, 27, ふ蚁愀垭影的立景^
20452222, 8.2, 27, 有生之年非看不可的101部黑帮电影
25847557, 7.4, 46, 人间烟火
4854012, 6.7, 87, 日本电影
6728940, 8.4, 24, 电影声音实用艺术
26431296, 7.4, 45, 科幻电影写作
6746054, 7.1, 57, 电影疗伤心理学
3644578, 8.6, 21, 当代西方电影美学思想
2281359, 7.5, 41, 中国电影批评史
1394392, 8.5, 22, r空的E：塔可夫斯基的世界
26308290, 8.4, 23, 瑟克论瑟克
4775049, 7.5, 40, 纪录何为
26422638, 7.6, 37, 导演攻略
6712412, 7.8, 32, 光・影・移动
25913737, 7.0, 59, 八部半
26922076, 6.3, 125, 长城
1358417, 8.2, 25, Z樟柯影世界特集
2056099, 7.7, 34, 我的故事
2380000, 8.0, 28, 100N影拍z手法
4035416, 8.0, 28, 铸就传奇：约翰・福特的生命与时光
25750161, 6.3, 124, 这个人必须也很爱电影
5333844, 7.4, 42, 香港电影研究
6560646, 6.5, 97, 平成电影的日本女优
1426506, 6.3, 123, 世界著名导演的镜头语言
26677705, 8.5, 21, 谁谋杀了好莱坞
1440092, 8.1, 26, 爱森斯坦论文选集
6952338, 7.5, 38, 你不属于
3770555, 8.2, 24, 浪漫演义
26277385, 7.3, 43, 再烂的电影也能卖出去
25708681, 7.8, 30, 电影照明器材与操作（插图版・附赠DVD）
1563497, 8.1, 25, 女性与电影
11596818, 7.7, 32, 剧本写作元素练习方法
6872594, 7.1, 50, 小说与电影中的叙事
3706619, 7.9, 28, 超现实主义艺术思想中的电影银幕
2175497, 7.6, 34, 电影编剧教学实践-北京电影学院文学系教师电影文学剧本集
1578173, 8.5, 20, 20世纪中国电影理论文选（上下）
1901416, 8.6, 19, Making Movies
4040768, 8.6, 19, 电影的元素
10557037, 8.3, 22, ^影：1992-2011台畴影
10537651, 7.2, 45, 费里尼画传
1440341, 7.5, 35, 侯麦：四季的故事
20452229, 7.8, 28, 有生之年非看不可的101部恐怖电影
2257926, 8.3, 21, How to Read a Film
3150423, 8.3, 21, 索菲娅罗兰自述：生活和爱情
6127116, 6.6, 74, 数字时代的电影摄影
26386463, 8.2, 22, 大师场景：导演、编剧、剪辑师必知的顶级场景转换术
26607386, 8.2, 22, 大卫・林奇的奇异世界
26911451, 8.2, 22, 小津安二郎美食三昧
25727474, 7.1, 46, 100个改变电影的伟大观念
10780870, 6.3, 102, 地狱中的爱神
3225423, 7.7, 29, 西方女性主义电影
24721719, 7.7, 29, 顶级电影剪辑大师访谈
25965290, 7.7, 29, 电影分析功课：拆解李安电影（修订版）
5906293, 7.8, 27, 导演艺术观念
10590640, 7.9, 25, 视觉原理
19968818, 8.3, 20, 多元中国
22623070, 6.7, 62, 我的影评不撒谎
1709753, 8.1, 22, 世界纪录电影史
20434600, 8.1, 22, 可见的签名
24744492, 8.1, 22, 我们需要怎样的电影（第2辑）
2141021, 7.8, 26, From Underground to Independent
2137852, 7.5, 31, 从小说到电影
5957607, 6.0, 134, 拆解好电影
3727049, 8.3, 19, 论电影的编剧、导演和演员
1361313, 8.2, 20, z影?影?影?z影：狂俟庥按υ
26627940, 8.2, 20, 押井守的角色W
10772685, 7.8, 25, 缤纷法影
5291179, 7.7, 26, 拟音圣经
25916104, 7.1, 39, 编剧的内心游戏
24846641, 7.8, 24, 剪辑圣经：剪辑你的电影和视频（第2版）
26579753, 7.5, 29, 艺术电影手册
6047781, 8.3, 18, 焦c影人: f家x
5441661, 8.4, 17, Cult Films
1547358, 6.9, 43, 影视语言教程
6048326, 7.4, 29, 好莱坞的金钱法则
1902254, 8.1, 19, 日本电影剧本选
1341898, 7.6, 25, 台畴影90新新浪潮
4067552, 7.7, 23, 溜走的激情：80年代香港影
5405636, 6.5, 58, 宽银幕
2149929, 7.6, 24, 影视制片项目管理
5361831, 7.6, 24, 电影赋比兴
5487472, 8.2, 17, Color Correction Handbook
6397125, 6.5, 56, 实验电影史与录像史
5501725, 7.5, 25, 在夹缝中求生存
3081237, 7.6, 23, 三片а菔钟（上）（下）
1036661, 7.1, 32, 日美欧比较电影史
21459995, 7.9, 19, 数字时代影视制作人完全手册（套装共2册）
20304684, 6.7, 44, 爵迹
19907200, 6.5, 53, 好莱坞电影类型
26308696, 6.5, 53, 好剧本如何讲故事
25916702, 8.1, 17, 电影明星们
10354833, 5.8, 122, 电影遇见书
1892406, 8.2, 16, American Beauty
26362089, 7.2, 28, 波兰当代电影
26319410, 7.3, 26, 好莱坞明星制
5254223, 6.7, 41, “满映”电影研究
26276645, 7.7, 20, 好莱坞的犹太人
24721717, 7.6, 21, 顶级电影服装设计大师访谈
2171326, 8.1, 16, 台湾电影:政治、经济、美学(1949-1994)
20499156, 7.8, 18, 中国新闻纪录电影史
1863228, 7.9, 17, 电影的创作过程
26836283, 8.1, 15, 喜剧的真相
20470540, 6.0, 75, 纸间映像
25887895, 7.6, 19, 世界电影史（第一卷）
3836028, 7.8, 17, 冷战与香港电影
25960555, 7.8, 17, 有生命的影像――吉尔・德勒兹电影影像论研究
3097991, 7.9, 16, 怎样看电影
5341108, 7.4, 21, 文W改影
26800767, 6.5, 40, 穿帮：电影大师的秘密生活
26762176, 7.6, 18, 电影理论自修课
11582168, 7.5, 19, 对白剪辑
26759824, 7.8, 16, 花拥哪耆A・|廿五
25773533, 7.4, 20, 法国电影新生代
1345763, 7.0, 26, 弗洛伊德看电影
2510135, 7.9, 15, The Virtual Life of Film
25798774, 6.7, 32, 好莱坞如何读懂观众
6952799, 7.0, 25, 华语电影工业
26717284, 6.4, 41, 日本电影纵横谈
26579516, 7.6, 17, 姜就是老的辣
26854494, 6.7, 31, 电影审查
7055245, 8.3, 12, 奇士谒够的影g
3711810, 7.8, 15, 国泰故事（增订本）
26807037, 7.8, 15, 好莱坞怎样谈生意
25953441, 7.2, 21, 在巴洛克cU之gふ译影的空缺
26419776, 7.2, 21, 后9?11时代的恐怖片
26579479, 7.9, 14, 电影瞬间
25774853, 7.5, 17, 城市一代：世纪之交的中国电影与社会
25762091, 7.2, 20, 韩国电影
22992030, 6.3, 39, 焦雄屏的电影天地
25938100, 8.1, 12, 视效合成初级教程（插图第2版）
26655733, 7.9, 13, 电影导演大师课：亚历山大・麦肯德里克教你拍电影
25753108, 7.6, 15, 影艺的政治
24721716, 7.1, 20, 顶级电影摄影大师访谈
24533013, 6.9, 22, 从文字到影像：好莱坞黄金时代编剧访谈录
26904453, 7.3, 17, 编剧的自修课
24851800, 7.4, 16, 动画电影
26364409, 7.4, 16, 世界电影史（第三卷）
25979325, 7.2, 18, 电影，剧场和运动
19955731, 7.5, 15, 影像与时间
25808351, 7.5, 15, 日本电影大师们1
26836277, 8.1, 11, 好莱坞之父：威廉?塞利格
26437389, 5.7, 65, 江晓原科幻电影指南
4158060, 7.7, 13, 影坛忆旧
26429581, 7.7, 13, 电影机械模型制作
25935960, 7.2, 17, 欧洲电影类型
25847927, 7.3, 16, 演技教程（修订版）
26283018, 7.3, 16, 民族志纪录片创作
26632532, 7.3, 16, 小津安二郎的餐桌
26671177, 7.1, 18, 改编的艺术
25942227, 7.0, 19, 隔空观影
26845410, 7.5, 14, 电影美术设计语言
26606105, 8.0, 11, 未名之匙
26582033, 7.6, 13, 大奖电影手册
5262846, 6.3, 31, 片的Nr光
25769112, 7.9, 11, 娱乐产业经济学
25807241, 7.7, 12, 电影配乐完全指南
19976995, 7.5, 13, 电视剧脚本作法48讲
24849964, 7.5, 13, 槭颤N你的故事被打 ×
6535084, 7.0, 17, 电影商业
1578117, 7.6, 12, 电影摄影造型基础
25888046, 7.3, 14, 完全制片手册
3298483, 8.0, 10, 中国电影美学
25855987, 7.4, 13, 江湖路冷
1345111, 7.7, 11, 影城市 
26816953, 7.7, 11, 图像的肉身
6067577, 7.9, 10, 电影的语言
24861099, 7.4, 12, 罘搽影rg
6041150, 6.3, 24, 影评范文精选
26902165, 7.5, 11, 愤世嫉俗
3056354, 7.7, 10, The Hoods
3136093, 7.7, 10, 甜蜜的生活
3284180, 7.7, 10, 美术电影创作研究
26364564, 7.7, 10, 好莱坞电影编剧揭秘
26818705, 7.7, 10, 拍摄现场
26827211, 7.7, 10, 小北野武
26779604, 6.8, 16, 无常素描
26465394, 7.6, 10, 唐 L尚
1340749, 7.2, 12, 建B影W
25732307, 7.0, 13, 工业光魔--创新的艺术
2071128, 7.5, 10, 日本实验映像40年史
26607393, 7.5, 10, 玛雅・德伦论电影
26425974, 7.3, 11, 电影分镜训练
26869050, 7.3, 11, 影像中的生死课
10582332, 7.1, 12, 帝国的银幕
26312482, 7.3, 10, 影视预算手册（影印第5版）
26756845, 6.0, 21, 电影漫步者
