2017-01-23 16:17:59
Tag: 社会
The number of books: 979 

ID, rating, votes, title
1082154, 9.1, 120289, 活着
20427187, 8.8, 108755, 看见
4820710, 9.3, 28339, 1984
4238362, 8.6, 82848, 送你一颗子弹
2035179, 9.2, 28211, 动物农场
1054685, 9.0, 36700, 沉默的大多数
3674537, 9.1, 30905, 明朝那些事儿（1-9）
5414391, 9.0, 28888, 寻路中国
25985021, 9.3, 18101, 人类简史
1027191, 9.0, 26866, 历史深处的忧虑
3813669, 8.6, 51536, 民主的细节
1449351, 8.8, 34623, 呐喊
4242172, 8.3, 84697, 天才在左 疯子在右
1003479, 9.1, 21223, 中国历代政治得失
7060185, 9.0, 21134, 江城
1970428, 8.8, 18995, 激荡三十年（上）
1426971, 8.8, 18303, 野火集
3239549, 9.1, 11406, 夹边沟记事
2380307, 8.9, 13426, 激荡三十年（下）
1056315, 8.8, 14162, 总统是靠不住的
1014825, 9.0, 10546, 我也有一个梦想
1795079, 9.2, 7789, 乡土中国
1012611, 8.3, 29681, 乌合之众
1476651, 9.0, 9402, 社会心理学
6781808, 9.2, 7075, 杀死一只知更鸟
20424526, 8.9, 10319, 邓小平时代
1813841, 8.8, 11269, 枪炮、病菌与钢铁
5375620, 8.8, 11259, 失控
1062193, 8.6, 15229, 娱乐至死
3344676, 8.1, 34154, 常识
1043815, 8.2, 28048, 骆驼祥子
3633461, 8.6, 13886, 一句顶一万句
26576861, 9.0, 7303, 最好的告别
1022238, 8.2, 25112, 菊与刀
4872671, 8.2, 24872, 佛祖在一号线
1762869, 8.9, 8212, 如彗星划过夜空
1077528, 8.9, 8072, 通往奴役之路
1277981, 8.8, 8068, 社会契约论
1015699, 8.3, 17369, 中国大历史
4071859, 9.3, 4072, 我在伊朗长大
1041385, 9.2, 4505, 论美国的民主
20463108, 8.3, 16427, 观念的水位
1261560, 9.0, 5738, 国富论
1060774, 8.7, 8593, 君主论
1322455, 8.8, 7257, 遥远的救世主
3057556, 9.0, 5476, 狂热分子
6401128, 8.9, 6232, 批评官员的尺度
10471333, 8.9, 5788, 叫魂
1442720, 9.4, 2945, 鲁迅全集（2005最新修订版）
1054917, 8.5, 9383, 沧浪之水
1003284, 8.1, 17916, 退步集
1005492, 8.9, 5196, 光荣与梦想
5408882, 9.1, 3995, 公正
2328458, 9.1, 3948, 社会性动物
1321789, 8.5, 8944, 美丽新世界
1032063, 8.9, 4966, 旧制度与大革命
1025723, 8.3, 11698, 潜规则
1070711, 8.7, 6385, 城记
1310228, 9.2, 3312, 乡土中国 生育制度
2363651, 8.2, 13376, 十四堂人生创意课
1082522, 8.2, 13360, 家
5252677, 8.1, 15693, 幸福了吗?
6902639, 7.9, 20135, 青春
2376486, 8.8, 4750, 中国近代史
1907199, 8.6, 5973, 扫起落叶好过冬
1012307, 9.1, 3017, 规训与惩罚
20507206, 9.1, 2976, 众病之王
3137289, 8.5, 6526, 姐姐的守护者
19920715, 8.6, 5353, 论中国
1004322, 8.6, 5231, 第二性
6892579, 8.4, 6737, 美国种族简史
4002701, 8.4, 6526, 朱F基答记者问
1006560, 8.2, 8873, 血酬定律
1027247, 7.9, 14127, 丑陋的中国人
1292405, 8.6, 4691, 自私的基因
1036541, 8.7, 4092, 疯癫与文明
5401989, 8.1, 9802, 自由在高处
6712255, 8.8, 3519, 天真的人类学家
1325507, 8.9, 3064, 江村经济
4199761, 8.4, 5991, 重新发现社会
4071842, 8.6, 4448, 路西法效应
1262986, 8.1, 9317, 我不是教你诈
4113090, 7.4, 33356, 我们台湾这些年
3662230, 8.5, 4789, 七十年代
1534951, 8.9, 2729, 逃避自由
4169424, 7.9, 11689, 蛙
24851460, 8.7, 3485, 历代经济变革得失
1433411, 8.8, 3037, 新教伦理与资本主义精神
4010186, 8.6, 3909, 跌荡一百年（下）
5406559, 8.7, 3371, 鼠疫
1065977, 8.6, 3839, 共产党宣言
2025235, 9.1, 2023, 顾准文集
2791877, 9.1, 1980, One Billion Customers
2033081, 8.2, 6424, 身份的焦虑
3313327, 8.6, 3563, 跌荡一百年（上）
1033248, 8.9, 2427, 幸福之路
1870268, 8.7, 3106, 美国大城市的死与生（纪念版）
1076378, 9.1, 1895, 传统十论
3432304, 9.1, 1888, 大江东去（共三部）
26291984, 8.8, 2654, 最后的耍猴人
2143904, 8.9, 2342, 进化心理学
1400195, 8.7, 2991, 论自由
6403593, 8.6, 3384, 时寒冰说
6085181, 8.1, 6955, 二号首长
25902942, 9.0, 2041, 文明之光（第一册）
1777823, 8.1, 6930, 八十年代访谈录
3890174, 7.7, 13503, 信
1010204, 8.5, 3719, 宽容
1393447, 9.1, 1759, 忧郁的热带
1867642, 7.7, 13049, 世界是平的
10569619, 8.4, 4204, 自由
1315213, 9.0, 1916, 中国文化要义
1456692, 8.5, 3571, 金瓶梅
26704403, 9.0, 1893, 二手时间
1048930, 9.0, 1887, 联邦党人文集
3274851, 8.0, 7363, 原谅我红尘颠倒
25639223, 8.3, 4626, 身边的江湖
1277275, 9.2, 1486, 学术与政治
2052596, 8.2, 5206, 退步集续编
20453024, 8.6, 2938, 不要因为走得太远而忘记为什么出发
3688489, 7.8, 9636, 异类
5347699, 7.8, 9471, 彷徨之刃
1315190, 8.8, 2181, 想象的共同体
6742586, 7.8, 9002, 我不是潘金莲
1050566, 8.0, 6411, 一地鸡毛
1491239, 8.5, 3077, 吾国与吾民
4745950, 9.2, 1329, 第二性Ⅱ
1050929, 8.7, 2360, 隐蔽的秩序
4312810, 8.6, 2678, 裸猿
1015748, 8.9, 1849, 开放社会及其敌人（全二卷）
1437973, 8.7, 2343, 亲密关系
4832553, 8.2, 4573, 侯卫东官场笔记
1224279, 9.2, 1287, 中国法律与中国社会
4075203, 9.1, 1425, 鼠族（一、二部）
3101021, 8.7, 2261, 极权主义的起源
1070007, 8.8, 1978, 致命的自负
1005325, 8.4, 3297, 童年的消逝
4199363, 8.6, 2526, 九人
1010349, 8.0, 5871, 丰乳肥臀
1010888, 8.4, 3212, 一路走来一路读
25881102, 8.9, 1678, 独裁者手册
10601137, 7.6, 10980, 你永远都无法叫醒一个装睡的人
20503529, 9.2, 1186, 古拉格：一部历史
1963786, 8.4, 3090, 怎样鉴别黄色歌曲
3163104, 9.3, 1052, 变化社会中的政治秩序
2345727, 7.5, 12825, 蜗居
1116367, 8.7, 2027, 道德情操论
4146756, 8.5, 2594, 浮生取义
3891900, 7.7, 8439, 金融的逻辑
1053623, 8.4, 2878, 文明的冲突与世界秩序的重建
20429677, 7.5, 12045, 大数据时代
1028268, 8.8, 1731, 正义论
1062423, 8.3, 3283, 牛棚杂忆
1150503, 9.0, 1363, 资本论（第一卷）
26658379, 8.4, 2796, 必然
1068912, 8.6, 2143, 中国文化的深层结构
2118743, 8.6, 2120, 银元时代生活史
6878212, 8.0, 4875, 一个村庄里的中国
10588835, 8.8, 1653, 别处生活
25822105, 8.4, 2721, 无缘社会
1468426, 8.7, 1854, 利维坦
25902222, 9.0, 1298, 文明之光（第二册）
10733032, 8.3, 2980, 王二的经济学故事
6558202, 9.0, 1255, 容忍与自由
20366370, 8.6, 1992, 变革中国
1657455, 8.6, 1977, 论人类不平等的起源和基础
10607615, 8.8, 1553, 第三种黑猩猩
3032690, 9.3, 901, 被人遗忘的人：中国精神病人生存状况
25845647, 8.7, 1729, 天空的另一半
1071821, 8.1, 3834, 你不可不知的人性
1465543, 8.8, 1523, 异端的权利
10594781, 8.6, 1916, 模仿犯BOOK3
4220020, 8.8, 1504, 相助
25782902, 8.3, 2824, 反脆弱
1473250, 7.6, 8265, 魔鬼经济学
1905742, 8.8, 1477, 金枝（上下册）
5283699, 7.7, 6898, 郎咸平说：我们的日子为什么这么难
1016864, 8.9, 1286, 士与中国文化
1072189, 8.8, 1438, 百年思索
3239913, 8.0, 4037, 推拿
1274469, 8.4, 2258, 自杀论
1455138, 8.8, 1375, 白色巨塔（第一部）
1277259, 8.6, 1735, 社会学的想像力
1929825, 9.3, 798, 农民进城防骗手册
6980818, 8.6, 1714, 浩荡两千年
5313010, 7.9, 4496, Facebook效应
4240969, 8.6, 1709, 民主是一种现代生活
3206270, 8.9, 1205, 拥抱战败
21458706, 8.4, 2165, 出梁庄记
1116338, 9.0, 1063, 叔本华论说文集
4247000, 9.0, 1061, 欲望号街车
3025921, 7.7, 5929, 黑天鹅
3263006, 8.8, 1298, 飞越疯人院
1016930, 9.0, 1040, 论法的精神（上）
3097539, 8.9, 1149, 自由选择
3995799, 7.8, 4922, 蚁族
3273876, 8.1, 3075, 被劫持的私生活
1731825, 7.5, 7927, 读大学，究竟读什么
1291355, 7.9, 4045, 非常道
25752043, 8.7, 1385, 信息简史
3345595, 8.5, 1755, 猫城记
3623831, 8.1, 2936, 温故一九四二
4229282, 8.5, 1712, 革命年代
3900987, 7.7, 5379, 引爆点
26275177, 9.0, 964, 文明之光 （第三册）
1012379, 8.6, 1510, 知识分子论
5253757, 7.9, 3900, 怪诞行为学2
1456524, 7.9, 3828, 这个世界会好吗
3391717, 8.1, 2842, 中国好人
4915989, 8.5, 1652, 大法官说了算
1273759, 8.2, 2415, 人在欧洲
4312825, 8.6, 1443, 人类动物园
6759059, 8.0, 3180, 二号首长2
1397659, 8.0, 3176, 国画
1804960, 9.3, 677, 社会与政治运动讲义
24736900, 8.2, 2377, 千只鹤
3431988, 9.1, 817, 人的境况
6265779, 8.3, 2042, 地下
1064734, 8.4, 1788, 疾病的隐喻
6539860, 8.6, 1390, 大地孤独闪光
2026281, 8.6, 1382, 大棋局
1491537, 8.9, 977, 近代中国社会的新陈代谢
25808056, 8.1, 2593, 纸牌屋
2259198, 9.0, 862, 合作的进化
1065142, 8.5, 1513, 欧洲文明十五讲
1005813, 9.0, 858, 自由秩序原理
19986372, 8.7, 1186, 沉默的大多数
10539126, 8.5, 1495, 社会动物
2988944, 8.6, 1322, 金翼
2350407, 8.2, 2135, 寂静的春天
24540864, 6.8, 24690, 第七天
10466438, 8.0, 2682, 上课记
5350804, 8.0, 2659, 中国在梁庄
26413154, 9.0, 784, 李光耀观天下
1039311, 8.4, 1537, 职场动物进化手册
10773358, 8.1, 2255, 意志力
1812833, 8.7, 1068, 穷人的银行家
4723735, 8.8, 955, 没有神的所在
1013369, 7.7, 4069, 格调
1027030, 8.4, 1504, 常识
4850629, 8.6, 1182, 言论的边界
1417905, 7.1, 11847, 废都
6749832, 9.0, 761, 复杂
1437687, 8.7, 1049, 性经验史
22806583, 8.7, 1044, 国家的常识
3689168, 9.1, 683, 社会学
10828002, 8.1, 2190, 游戏改变世界
5414385, 7.7, 3939, 不分东西
1444252, 9.3, 561, 城市发展史
1809150, 8.4, 1473, 公众舆论
1754836, 8.8, 924, 向加泰罗尼亚致敬
4243276, 9.3, 552, 田园诗与狂想曲
3908625, 7.8, 3282, 单向街 001
3111979, 8.4, 1425, 采访本上的城市
3062632, 8.6, 1101, 日常生活中的自我呈现
7060184, 8.4, 1395, 落脚城市
25750468, 8.6, 1099, 中国现代国家的起源
1393233, 9.2, 584, 古典时代疯狂史
1787729, 8.4, 1380, 单向度的人
1047001, 8.1, 2032, 资本主义与二十一世纪
1399297, 8.9, 783, 社会研究方法
5906099, 8.7, 958, 毛以后的中国1976-1983
19976381, 8.9, 771, 政治秩序的起源
1083054, 9.0, 694, 现代性与大屠杀
1025001, 8.5, 1194, 东方学
3016590, 9.1, 625, 大众传播理论
1911687, 7.4, 5830, 厚黑学
1006991, 8.6, 1057, 一个无政府主义者的意外死亡
4920062, 7.3, 6962, 别跟我说你懂日本
25731506, 8.0, 2255, 乱时候，穷时候
1704159, 8.6, 1053, 街角社会
1196945, 8.5, 1182, 集体行动的逻辑
26613724, 7.6, 4094, 余罪
5906321, 9.1, 612, 开放中的变迁
25902226, 8.3, 1477, 时寒冰说：未来二十年，经济大趋势（现实篇）
4818177, 8.2, 1678, 英国人的言行潜规则
1042070, 8.5, 1154, 历史的经验
25728092, 9.1, 606, 小张和小丽
11535030, 8.3, 1456, 一个一个人
1438669, 8.6, 1014, 这个动荡的世界
6965746, 8.2, 1641, 科技想要什么
1029794, 8.5, 1130, 法治及其本土资源
2287712, 8.8, 808, 美国精神的封闭
3035593, 8.2, 1615, 崩溃
25733170, 8.7, 887, 吾国教育病理
1823058, 8.3, 1407, 关于他人的痛苦
4312829, 8.3, 1405, 亲密行为
5400595, 7.8, 2771, 中国，少了一味药
21617690, 8.4, 1233, 再会，老北京
26692468, 8.6, 974, 智识分子
4124834, 8.6, 966, 冬吴相对论
4836697, 8.3, 1376, 看见真相的男孩
1470622, 8.2, 1559, 二十年目睹之怪现状
11636077, 8.3, 1369, 饥饿的盛世
1970116, 8.1, 1764, 这一代人的怕和爱
1247769, 8.6, 952, 家庭、私有制和国家的起源
1034847, 8.4, 1201, 美国与中国
26708306, 8.7, 852, 北欧，冰与火之地的寻真之旅
11626951, 8.8, 763, 解读中国经济
1084434, 9.0, 614, 以自由看待发展
6967983, 8.2, 1510, 罪行
7916069, 8.8, 744, 被禁锢的头脑
19949881, 8.8, 741, 绝非偶然
1089142, 8.4, 1156, 消费社会
1422105, 8.6, 917, 江湖丛谈
4285631, 8.7, 816, 意识形态起源和影响
4846032, 8.0, 1911, 性别战争
6308034, 8.4, 1143, 从&#34;东欧&#34;到&#34;新欧洲&#34;
10594802, 8.0, 1902, 写给无神论者
1607478, 8.3, 1285, 巴黎伦敦落魄记
3874168, 8.1, 1652, 零极限
3747044, 8.9, 649, 一无所有
26425892, 8.5, 995, 我的凉山兄弟
21370840, 7.6, 3361, 打工女孩
2568067, 8.1, 1624, 中性
1037148, 8.9, 643, 社会分工论
2213965, 8.2, 1404, 他人就是地狱
3056620, 7.7, 2814, 声音与愤怒
21432137, 8.7, 779, 共同的底线
2071207, 8.4, 1092, 到黑夜想你没办法
4252006, 7.6, 3271, 祖国的陌生人
1971678, 9.3, 432, 国家间政治
6913343, 8.3, 1217, 理性乐观派
5992743, 7.9, 2046, 看懂世界格局的第一本书
1032570, 9.1, 511, 哈耶克文选
2382433, 8.7, 754, 罗伯特议事规则
1043419, 8.9, 612, 自由与繁荣的国度
6826619, 8.3, 1188, 大中东行纪
25934176, 8.4, 1051, 雪隐鹭鸶
5906312, 8.7, 749, 兴盛与危机
3126411, 8.9, 609, 与社会学同游
6808941, 8.0, 1723, 七日谈
10794355, 7.7, 2629, 台湾念真情
26394018, 9.1, 491, 生活与命运
11605940, 8.5, 912, 倒转红轮
4012145, 7.9, 1944, 中国的经济制度
1013058, 7.8, 2215, 武士道
6822683, 8.9, 589, 朱F基讲话实录 第一卷
1044499, 9.3, 399, 菲利普二世时代的地中海和地中海世界（上下卷）
24862771, 9.0, 523, 熔炉
1085366, 9.1, 474, 组织社会学十讲
1421923, 8.2, 1253, 大国的兴衰
25871778, 8.4, 978, 数据之巅
6802371, 7.9, 1847, 一个游荡者的世界
26584286, 8.8, 624, 大学之路（套装）
5344908, 8.0, 1560, 别独自用餐
1916533, 8.8, 612, 毛泽东选集 第五卷
26298832, 8.7, 673, 零年：1945
3238339, 8.6, 748, 人以什么理由来记忆
6877598, 8.7, 670, 士人风骨
1060931, 8.5, 828, 幽黯国度
1001013, 8.8, 598, 杨绛散文
2328178, 9.0, 490, 态度改变与社会影响
25752592, 8.9, 539, 从黎明到衰落（上下）
1578545, 8.4, 918, 背叛
2079931, 8.7, 654, 大转型
1048922, 8.2, 1145, 硬球
1479194, 8.2, 1143, 他们的世界
5288521, 7.7, 2239, 时代的噪音
24748615, 8.4, 892, 天幕红尘
4212276, 8.4, 891, 苏联的心灵
1014737, 8.2, 1129, 政法笔记
25730239, 8.1, 1279, 李光耀论中国与世界
1047370, 8.5, 790, 拉丁美洲被切开的血管
26354440, 8.9, 520, 野蛮大陆
25777331, 8.4, 882, 美国十讲
1032937, 8.9, 518, 问题与主义
4742971, 7.9, 1630, 错把妻子当帽子
10544307, 8.6, 693, 自私的皮球
4313213, 8.3, 970, 白老虎
26896859, 9.2, 384, 当呼吸化为空气
20366533, 8.7, 620, 中国与中国人影像
5350197, 8.6, 684, 中国文化的命运
25741244, 7.1, 5676, 我承认我不曾历经沧桑
25833450, 7.6, 2388, 奇石
2267824, 8.4, 823, 制度是如何形成的
1031857, 7.8, 1759, 虐恋亚文化
10799984, 7.5, 2751, 大数据
1777853, 8.2, 1033, 屠猫记
1870212, 9.0, 439, 宗教生活的基本形式
4243135, 7.4, 3174, 别告诉我你懂PPT
2079351, 9.2, 363, 睦硐胫髁x到主x
6840152, 8.0, 1312, 甘南纪事
1780035, 8.6, 646, 如何改变世界
24316409, 8.2, 1016, 忍不住的“关怀”（增订版）
1919723, 8.4, 798, 台的香港P @ 沙25
1048109, 8.6, 638, 第三波
1931769, 9.1, 391, 心理学
2315287, 8.6, 635, 技术垄断
1080750, 8.1, 1129, 精子战争
3401286, 8.2, 984, 冷记忆1
1930235, 9.0, 421, 社会心理学
25953571, 8.8, 510, 耳语者
1796672, 8.2, 980, 万古江河
1517400, 9.2, 349, 清代地方政府
2128063, 8.4, 771, 抗战时代生活史
2051821, 8.7, 558, 论革命
1918220, 8.4, 769, 性与性格
1907517, 8.3, 861, 社会学与生活（插图修订第9版）
26220798, 7.7, 1873, 生命不息，折腾不止
19963287, 9.0, 414, 诸神的面具
24751865, 8.9, 454, 暴力与社会秩序
10749394, 8.5, 674, 法官能为民主做什么
2222030, 8.0, 1216, 生活中的经济学
5380072, 8.2, 947, 思想与乡愁
6826594, 8.2, 941, 故事照亮未来
21966353, 7.7, 1811, 贫穷的本质
10563202, 8.3, 829, 可操作的民主
2113347, 8.6, 594, 卡耐基经典全集
25870998, 8.3, 824, 西部招妻
4220193, 8.5, 658, 治理中国
6157548, 7.6, 2066, 房间里的大象
1002958, 8.7, 529, 战争论（全三卷）
3803268, 8.5, 648, 历史决定论的贫困
6556296, 8.3, 798, 亚洲教父
3785326, 8.4, 712, 黑猩猩的政治
23780847, 8.8, 468, 民企江湖
3735295, 7.5, 2312, 未来是湿的
26435040, 8.4, 707, 世界秩序
1082196, 8.8, 464, 林村的故事
3321968, 7.7, 1694, 说谎
5408346, 8.6, 563, 九栋
5379664, 7.6, 1936, 浅薄
1782312, 9.1, 343, 发现社会之旅
1394395, 7.6, 1908, 歌舞伎町案内人
26712353, 8.7, 496, 血疫
1065003, 8.5, 610, 中毒的父母
20435635, 8.5, 609, 里斯本夜车
3896758, 8.4, 678, 参谋助手论
3525645, 8.0, 1087, 蒙元入侵前夜的中国日常生活
20373351, 8.2, 848, 城市的胜利
3595095, 7.5, 2170, 统计数字会撒谎
2310726, 8.7, 482, 社会学
4062752, 8.8, 433, 古典自由主义
24841290, 8.3, 730, 美国最高法院通识读本
2981480, 9.1, 328, 美国人民：创建一个国家和一种社会（上卷）
24754123, 7.0, 4821, 所有人问所有人
3184668, 8.0, 1030, 人人都爱经济学
3669381, 8.8, 426, 坏世界研究
2149971, 8.7, 468, 链接
7055536, 8.9, 386, 资中筠自选集（全五册）
1828292, 8.6, 509, 黑暗时代的人们
26274949, 8.3, 702, 昨天的中国
2247109, 9.0, 346, 社会学入门
1033273, 7.8, 1292, 海蒂性学报告
1789444, 8.4, 621, 第三次浪潮
6851608, 8.0, 989, 奢侈的！
25745691, 7.2, 3192, 罗辑思维
26150549, 8.7, 451, 人性中的善良天使
25778829, 9.0, 340, 明亮的对话
24851599, 7.2, 3168, 知日・断舍离
1810945, 8.5, 548, 东西文化及其哲学
4162766, 7.8, 1259, 中国人的精神
6859959, 9.1, 308, 健全的社会
4046736, 8.4, 606, 神似祖先
26431215, 8.3, 676, Lens・目客002：我这样爱你
25794334, 7.5, 1910, 知日!知日！这次彻底了解日本 01
3222065, 8.6, 488, 伦理学与生活
1276771, 8.1, 846, 政府论（上篇）
1274491, 8.3, 670, 文化、权力与国家
1315182, 8.7, 439, 权力与繁荣
1790005, 8.7, 438, 蒙面骑士
20499070, 8.1, 835, 这个社会会好吗
5269192, 7.9, 1068, 创业的国度
1033561, 8.8, 394, 文明论概略
24878434, 8.5, 529, 城乡中国（上）
26178426, 7.6, 1598, 稀缺
1009891, 8.5, 528, 公共领域的结构转型
2280161, 9.1, 298, 小镇喧嚣
26413835, 8.2, 731, 匠人
1493134, 8.6, 474, 文化人类学
26579966, 8.6, 473, 医生的修炼
1004329, 8.7, 428, 个人主义与经济秩序
3555039, 8.9, 353, 现代世界史
1927487, 7.7, 1362, 乌托邦
24839756, 8.1, 810, 死亡如此多情
24700123, 8.5, 518, 一炮走红的国家
25723799, 7.7, 1348, 野心优雅
1801813, 8.3, 639, 血族1：侵袭
1063540, 8.3, 635, 中华帝国晚期的叛乱及其敌人
4189598, 8.8, 377, 战后欧洲史
1799788, 8.5, 504, 华夏边缘
20563189, 7.8, 1136, 中国人的焦虑从哪里来
1057095, 8.6, 450, 一切坚固的东西都烟消云散了
26334500, 8.3, 614, 说中国
1171881, 8.0, 867, 有闲阶级论
26673941, 8.2, 680, 正午故事001
10446295, 8.1, 760, 权力
4853094, 9.0, 303, 探索现代社会的起源
1024810, 8.1, 758, 印度：受伤的文明
24371383, 7.7, 1261, 中国国民性演变历程
1034759, 8.6, 439, 礼物的流动
3339862, 8.6, 436, 性别麻烦
1428050, 8.7, 393, 礼物
25870757, 8.3, 592, 现代日本
21329758, 8.7, 391, 博弈与社会
1053109, 9.0, 295, 封建社会（上、下卷）
10546119, 8.4, 526, 弯曲的脊梁
25836270, 8.6, 423, 厌女
1193658, 8.2, 646, 机器新娘
3260366, 9.1, 267, 社会主义
2183559, 8.6, 420, 发展心理学
20452802, 7.8, 1036, 带灯
1038949, 8.5, 457, 资本主义、社会主义与民主
26363926, 8.6, 413, 何为良好生活
4126261, 8.1, 701, 身份与暴力
1853552, 8.5, 452, 中世纪的城市
6060491, 8.1, 694, 现代中国的历程
3071861, 8.4, 494, 周有光百岁口述
3094349, 8.6, 403, 羌在汉藏之间
26209381, 8.7, 365, 我见：马克・吕布纪实经典
4242368, 8.6, 401, 茶馆
11442895, 8.5, 443, 永不抵达的列车
20366367, 7.8, 990, 金钱不能买什么
2158889, 8.3, 546, 权力的48条法则
26292057, 8.4, 488, 性审判史
26747208, 8.2, 605, 优秀的绵羊
1740073, 8.5, 439, 中国绅士
1429998, 8.8, 328, 社会学主要思潮
4320555, 8.6, 396, 别对我撒谎
24530428, 7.6, 1273, 许倬云说历史：台湾四百年
25717107, 8.8, 326, 红色资本
1040351, 8.3, 533, 印度：百万叛变的今天
6781486, 8.1, 663, 趣味生活简史
2155342, 8.7, 353, 货币的非国家化
26929955, 8.1, 660, 腾讯传
4151189, 8.5, 424, 物
5321843, 6.5, 8658, 假装的艺术
26109489, 8.3, 519, 我是马拉拉
25939157, 8.2, 579, 吃货的孤单心事
26593670, 8.2, 579, 天鹅绒监狱
1421310, 8.6, 381, 知识分子的鸦片
2138608, 8.7, 346, 中国社会中的宗教
6687032, 8.8, 315, 经验的疆界
3701456, 8.7, 345, 文明的进程
6799513, 8.9, 287, 跨国灰姑娘
10770743, 9.4, 190, 林达作品集（全九册)
1432078, 8.0, 717, 历史的终结及最后之人
3689121, 8.4, 458, 美国
1083052, 8.3, 507, 现代性的后果
1044347, 9.0, 259, 走向共和（上中下）
25927672, 8.0, 704, 时寒冰说：未来二十年，经济大趋势（未来篇）
1916614, 7.8, 901, 我，十三岁，妓女，吸毒者……
1190181, 8.4, 445, 国家的视角
24529162, 8.2, 550, 民主的奇迹
2082044, 8.1, 612, 金赛性学报告
20499536, 7.8, 873, 时代的稻草人
1675500, 9.0, 250, 后现代主义与文化理论
26384375, 7.8, 869, 平乐镇伤心故事集
1340429, 8.0, 679, 女性主义
4891219, 8.3, 482, 甜与权力
10427332, 7.9, 755, 当代中国八种社会思潮
1278268, 8.9, 268, 十年沧桑
6540232, 8.8, 292, 过去与未来之间
11637051, 8.1, 593, 平壤水族馆
3815282, 8.9, 266, 技术与文明
1089508, 7.8, 846, 数字化生存
3988256, 7.9, 746, 说话的魅力
20481426, 8.5, 385, 处在十字路口的选择
26266067, 8.9, 265, 重返美丽新世界
25498796, 8.4, 424, 梦醒子
4114636, 8.3, 470, 性学观止（上下册）
2030855, 8.5, 382, 弱者的武器
2048787, 8.4, 422, 国家与社会革命
25848493, 8.4, 420, 猿猴的把戏
26807576, 8.4, 416, 赡养人类
1491734, 8.2, 514, 私人生活的变革
3067148, 8.5, 376, 去政治化的政治
24838641, 8.5, 376, 神堂记忆
1809130, 8.7, 309, 野性的思维
3191237, 8.0, 639, 众声喧哗
20394150, 8.7, 308, 八次危机
1254597, 9.2, 200, 15至18世纪的物质文明、经济和资本主义（第一卷）
1025547, 8.4, 410, 纵乐的困惑
2567964, 8.6, 334, 道德的重量
3662234, 8.6, 334, 日本的思想
1918353, 8.7, 303, 流放者归来
24530336, 8.0, 626, 至关重要的关系
4011286, 8.0, 625, 1968
4149376, 8.0, 625, 朝闻道集
25908552, 7.5, 1187, 上瘾五百年
26816981, 8.6, 330, 十二幅地图中的世界史
24525262, 7.8, 785, 当历史可以观看
1778511, 8.6, 327, 象征交换与死亡
1775264, 8.2, 490, 景观社会
4145560, 8.4, 394, 巴黎城记
1873802, 9.2, 193, 人的行
26320417, 8.9, 246, 自然社会
1064298, 7.6, 1000, 海蒂性学报告：男人篇
6518053, 9.0, 225, 脆弱的崛起
6799474, 9.0, 225, 文化与社会
3215660, 8.2, 480, 社会学的邀请
26799348, 8.5, 352, 演讲的力量
4246667, 7.6, 990, 粘住
25900802, 7.6, 981, 我在底层的生活
26578141, 8.5, 349, 医生的精进
26653460, 8.3, 427, 烟雾弥漫你的眼
26791257, 8.6, 314, 没眼人
4138066, 7.9, 655, 老师的谎言
1074037, 9.3, 172, 法律、立法与自由(第二、三卷)
24878818, 8.4, 375, 改革的逻辑
25885021, 8.3, 413, 砂女
26052898, 7.7, 827, 我从新疆来
26577691, 7.5, 1076, 人间采蜜记
1051928, 9.1, 198, 跨越边界的社区
25924311, 8.4, 370, 盲眼钟表匠
1340525, 8.9, 233, 贫困与饥荒
1291535, 7.6, 934, Blink
10344037, 7.1, 1957, 给理想一点时间
3077186, 8.1, 499, 群氓之族
2186646, 8.8, 250, 蒙塔尤
26215044, 7.4, 1208, 我们台湾这些年2
26415165, 7.9, 621, 沐猿而冠
25766497, 9.3, 165, 城市化转型与土地陷阱
1316549, 8.6, 296, 极端的年代
5910460, 7.5, 1029, 看不见的大猩猩
1054762, 9.0, 207, 实践与反思
3521728, 8.8, 245, 城市文化
2972538, 9.0, 206, 民主转型与巩固的问题
1278703, 8.6, 291, 中华帝国晚期的城市
2006592, 8.3, 390, 资本的秘密
4011303, 9.0, 205, 历史学与社会理论
26789604, 8.8, 242, 茶馆之殇
7007666, 7.2, 1554, 认知盈余
21326266, 8.1, 477, 与机器赛跑
10531723, 8.5, 314, 爱因斯坦传
26910673, 7.1, 1786, 巨婴国
21370327, 8.5, 308, 学做工
26693438, 8.7, 256, 局外人
1439253, 8.9, 215, 国家精英
1929832, 9.6, 126, 农民进城赚钱秘诀
25944294, 7.5, 960, 来到地球第一天
25947310, 7.3, 1267, 21世纪资本论
1427824, 8.7, 249, 无政府、国家与乌托邦
6528928, 7.9, 562, 沉疴遍地
25867785, 8.7, 247, 正义之心
4193722, 8.3, 360, 国富国穷
2025385, 7.9, 555, 后物欲时代的来临
1870759, 8.0, 494, 东周战争与儒法国家的诞生
3233097, 8.7, 245, Capitalism with Chinese Characteristics
5916004, 8.5, 294, 欲望的演化
25913619, 7.9, 547, 理性动物
1464575, 8.4, 320, 危险的愉悦
4747128, 8.8, 221, 乌托邦的年代
10571219, 8.2, 387, 必要的丧失
3729665, 8.3, 348, 欧洲同性恋史
1085518, 8.4, 309, 临床医学的诞生
25928984, 8.1, 420, 叶
3405756, 7.9, 525, 生活的暗面
2116353, 9.3, 144, 不列颠百科全书（全20卷）
19978001, 8.1, 413, 镜子
2379345, 8.7, 229, 中国农村的市场和社会结构
10581480, 8.5, 274, 地球的法则
4292120, 7.0, 1775, 低智商社会
20556208, 7.5, 832, 故国人民有所思
1026593, 8.4, 295, 信息时代三部曲：经济、社会与文化
2252637, 8.0, 445, 诱惑的艺术
10829270, 8.3, 324, 法的门前
26338071, 7.5, 814, 新闻的骚动
5348296, 8.4, 292, 理性选民的神话
4320831, 8.8, 202, 责任与判断
1316771, 8.7, 220, 最好的辩护
20473872, 8.2, 353, 幻影公众
5417235, 7.9, 489, 失败的逻辑
19941577, 9.2, 147, 叩响命运的门
2995283, 7.3, 1055, 脏话文化史
1112447, 8.1, 390, 群氓的时代
5414013, 8.1, 390, 美好生活
24325270, 8.2, 351, 道德动物
26315820, 8.4, 287, 火花
1003013, 8.7, 218, 时尚的哲学
25911858, 8.3, 313, 我们能做什么
7051892, 7.8, 538, 文明
5911531, 8.5, 258, 独自打保龄
26737694, 8.0, 424, 西风东土
26133770, 8.9, 181, 盗火者
10785860, 8.6, 233, 现代性
26711101, 8.2, 341, “边缘人”纪事
2338638, 8.2, 340, 预知社会
3158094, 8.8, 195, 英国个人主义的起源
25790421, 8.2, 339, 红雨
20477116, 9.0, 165, 对权威的服从
26785959, 8.6, 230, 疯狂人类进化史
25758414, 8.3, 304, 苏联的最后一天
6885949, 8.8, 192, 网络、群体与市场
1821224, 8.6, 227, 地域文化与国家认同
1772151, 8.6, 226, 翻身
23116732, 8.3, 299, 国会现场
25831406, 8.3, 298, 陌生的中国人
4230636, 8.2, 328, 不平等的童年
4187474, 8.4, 267, 西方世界的兴起
20380464, 7.8, 502, 谁来守护公正
3268426, 8.3, 291, 洁净与危险
26349048, 7.4, 824, 鱼羊野史・第3卷
26235729, 7.6, 630, 单身社会
19912132, 8.1, 354, 民主的限制
26904479, 8.1, 349, 余罪7
11589947, 7.7, 546, 这个时代的无知与傲慢
24699353, 8.0, 386, 现代世界的诞生
3267519, 8.4, 257, 李普曼传
24527462, 8.6, 214, 人类学入门
26581737, 8.7, 196, 权力的毛细管作用
1068301, 8.4, 256, 意识形态与乌托邦
7054138, 7.3, 911, 洗脑术
6851587, 8.3, 281, 神话的力量
26700104, 8.5, 232, 穿越百年中东
26652242, 7.9, 422, 文明是副产品
26824237, 8.7, 193, 大国大城
1869096, 8.4, 252, 乱伦禁忌及其起源
1203329, 8.3, 277, 人类行为的经济分析
26591565, 8.1, 337, 香港重庆大厦
1026534, 8.5, 228, 布拉格精神
3156699, 8.8, 175, 社会生物学
26786719, 8.7, 188, 以色列：一个国家的诞生
1029957, 7.8, 456, 大狗:富人的物种起源
25849758, 8.1, 328, 富足
10581521, 8.8, 172, 西方人文主义传统
10048862, 8.3, 268, 中国社会的个体化
1843001, 8.5, 221, 给莉莉的信
26837082, 9.2, 125, 消失的微生物
1266211, 9.1, 134, 论意识操纵（上下）
24706897, 7.4, 725, 我这一代香港人
4730209, 9.0, 143, 经济与社会（第二卷 上下）
2016501, 8.6, 198, 另一条道路
4122414, 9.1, 132, 经济与社会（第一卷）
2068710, 8.3, 258, 国家的兴衰
26903805, 9.8, 82, 交对人  做对事
1000506, 8.5, 213, 蜜蜂的寓言
2155344, 8.8, 165, 权力与市场
1058804, 8.4, 233, 存在与荒谬
1262815, 8.1, 311, 关键词
1556409, 8.4, 232, 信任论
25960996, 8.1, 309, 中国十亿城民
26171466, 9.2, 120, 筚路维艰:中国社会主义路径的五次选择
20266235, 8.9, 150, 新阶级
26866846, 9.4, 104, 长远看来，我们都已死去！
1080481, 7.7, 474, 色情史
23789345, 8.9, 146, 渐行渐远的红利
26592869, 7.5, 587, 鱼羊野史?第4卷
24845389, 7.7, 458, 潜意识
1810530, 8.6, 185, 中产阶级的孩子们
25846075, 8.1, 294, 技术的本质
25758308, 7.7, 455, 巨富
26427244, 8.9, 144, 我所缄默的事
1898651, 8.3, 237, 民主与专制的社会起源
10486206, 8.5, 197, 教养与文明
25953932, 8.2, 259, 第二次机器革命
26591902, 9.2, 113, 中国思想史十讲（上卷）
2354988, 7.6, 497, 集装箱改变世界
1157293, 8.3, 234, 原始思维
24872278, 7.2, 838, 信号与噪声
7058387, 8.9, 139, 手艺中国
26791407, 6.5, 2659, 孤独深处
4882056, 7.9, 344, 为什么是欧洲？
26593037, 7.9, 342, 苏丝黄的世界
1369755, 9.0, 127, The Production of Space
6559258, 8.0, 304, 西方将主宰多久
10587755, 9.0, 125, 以利为利
24902403, 9.2, 108, 忙总管理笔记
6833967, 7.7, 413, Why Nations Fail
22196844, 8.4, 202, 我知道笼中鸟为何歌唱
10544787, 8.8, 144, 暴力
25764449, 8.8, 144, 社会学的邀请
6042298, 9.2, 107, 符号学原理与推演
1322992, 8.3, 215, 理解人性
26369891, 8.7, 150, 猿形毕露
1052528, 8.6, 162, 流动的现代性
1787092, 8.3, 210, 文化与权力
1070147, 7.7, 386, 大分流
11612914, 7.1, 839, 恶俗
1315269, 8.3, 208, 心灵、自我与社会
24847834, 8.8, 136, 黄河边的中国
21331443, 8.0, 277, 中国是部金融史
1399258, 8.5, 172, 人情、面子与权力的再生产
1042765, 8.7, 145, 金钱、性别、现代生活风格
25858710, 8.2, 222, 为什么？
3023839, 8.1, 244, 苦痛和疾病的社会根源
26878947, 8.3, 201, 我不过低配的人生
26864850, 8.2, 220, 香蕉的低语
25876615, 8.4, 182, 信徒的国度
26699004, 9.0, 112, 掩饰
5920388, 9.1, 104, 李光耀：新加坡赖以生存的硬道理
25762006, 8.8, 129, 笨蛋没活路
2976744, 8.5, 164, 若干重大决策与事件的回顾（上下）
1860946, 8.7, 138, 白领
1460235, 8.6, 149, 创新的扩散
1016822, 8.5, 161, 美德的起源
2009207, 8.9, 117, 生活之道
25708550, 8.0, 254, 知识分子与社会
26431646, 9.2, 94, 语言学的邀请
26590901, 8.4, 174, 一百年漂泊
25893995, 9.0, 108, 亚洲大趋势
4091025, 8.4, 172, 消解性别
26291216, 6.5, 1961, 我们生活在巨大的差距里
24754142, 7.6, 381, 柔软的距离
1843275, 8.4, 169, 超越自由与尊严
2222424, 7.6, 375, 女人的起源
1556289, 8.7, 131, 立法者与阐释者
25854138, 8.0, 241, 右派国家
20480678, 7.0, 814, 逆转
23782049, 8.3, 181, 儿童的世纪
24838578, 8.3, 181, 西南联大行思录
25986746, 7.5, 414, 零边际成本社会
19934597, 9.0, 102, 收缩的城市
20472494, 9.0, 102, 漫长的革命
1057378, 7.8, 287, 非同寻常的大众幻想与群众性癫狂
3134906, 7.8, 283, 公共人的衰落
25807475, 8.3, 173, 城市里的陌生人
26422097, 7.6, 348, 这就是台湾
25841470, 8.3, 171, 1491
1092680, 8.1, 204, 消费文化与后现代主义
25744065, 8.3, 169, 决断力
10517695, 6.7, 1192, 你以为你以为的就是你以为的吗
25894861, 6.5, 1688, 跟任何人都聊得来
25908573, 7.7, 299, 昨日之前的世界
11524925, 9.2, 83, 阿斯伯格综合征完全指南
6954093, 8.7, 116, 追寻事实
10593781, 8.2, 176, 如何做田野笔记
1933952, 8.3, 160, 废弃的生命
1085007, 8.0, 211, 敏感的人:如何面对外界压力
26683648, 8.5, 134, 民主的不满
4218900, 8.9, 97, 美国人的历史
26728018, 6.7, 1049, 你所谓的稳定，不过是在浪费生命
20506299, 7.4, 384, 中国化的日本
25961876, 8.3, 152, 断臂上的花朵
4111974, 7.8, 243, 黑帮老大的一天
1397773, 8.3, 149, 被围困的社会
26592899, 8.3, 148, 政治秩序与政治衰败
25794646, 8.4, 134, 你的权利从哪里来？
25788989, 8.1, 174, 遗失在西方的中国史（三册）
11597313, 8.3, 143, 地下世界
1053848, 8.7, 103, 看得见的手
20388034, 7.3, 396, 大连接
26577706, 7.8, 219, 档案
25768304, 8.0, 178, 社会工程
2381209, 8.8, 92, 纵向社会的人际关系
4882022, 9.1, 74, 马克斯・韦伯社会学文集
26544961, 8.0, 174, 24/7
25721226, 8.1, 157, 沉默的螺旋
2053303, 8.5, 112, 神话学
1462854, 8.9, 83, 理想的冲突
26652354, 8.4, 120, 世界重启
1029464, 8.5, 110, 道咸宦海见闻录
25899380, 8.8, 86, 桑切斯的孩子们
26588107, 7.4, 306, 只有大众
25902031, 8.2, 136, 她们知道我来过
26577705, 8.4, 115, 罪孽的报应
4832495, 7.8, 196, 工作、消费、新穷人
1025829, 8.1, 147, 信任
2269047, 7.8, 192, 游戏的人
26334506, 8.9, 77, 正常的另一面
26847432, 8.9, 77, 榱嘶钕氯ィ好北女孩朴研美
3188381, 7.5, 257, 绅士的准则
25720885, 8.2, 130, 超级合作者
25971616, 7.9, 170, 没有宽恕就没有未来
26879317, 7.9, 170, 王阳明：一切心法
19977973, 8.8, 81, 空间・时间・建筑
26286741, 8.7, 86, 文化记忆
26636503, 8.6, 92, 正义的慈悲
24888083, 9.0, 69, 西方文明的文化基因
26340273, 6.8, 588, 我们这个时代的怕和爱
5354688, 8.0, 144, 怀旧的未来
24740871, 8.3, 111, 乡村与城市
10785930, 8.2, 120, 消散的现代性
26315800, 7.5, 231, 智慧社会
4736004, 8.9, 70, 美国文明的兴起（上下）
26237163, 8.4, 100, 民国北京城
26853572, 7.9, 153, 理想家：2025
3066800, 9.0, 65, 性e打Y――拆除父噙`建
26895836, 9.4, 51, 不发表 就出局
26646578, 8.4, 99, 文艺复兴的故事02：我的朋友马基雅维利――佛罗伦萨的兴亡
10432187, 8.3, 107, 面对疾病
26873207, 8.9, 69, 爱是唯一的真相
25755771, 8.1, 125, 清教徒的礼物
3864313, 8.8, 73, The Art of Not Being Governed
26714703, 7.2, 310, 我们香港这些年
26260335, 8.0, 134, 上帝与黄金
2984021, 7.8, 160, 制造中国
25794332, 8.1, 121, 反社会的人
6867541, 8.3, 102, 法国大革命前的畅销禁书
4199233, 9.1, 58, 人间喜剧
1480720, 8.1, 118, 冲突的战略
26388428, 8.0, 127, 匠人
26751849, 9.3, 50, A
26545443, 7.8, 150, 自由的基因
26775503, 8.3, 97, 伦敦传
26341543, 8.2, 105, 汤姆斯河
26012244, 8.1, 114, 编剧的策略
6309931, 8.6, 77, 自我・群体・社会
25751980, 7.5, 200, 他们以为他们是自由的
20563266, 8.6, 74, 社会认知
26841898, 8.7, 68, 现代的历程
25848953, 7.0, 334, 群体性孤独
26798155, 8.0, 116, 古拉格气象学家
26813986, 8.0, 112, 如果可以这样做农民
26656350, 8.2, 93, 增长的本质
10454494, 8.5, 74, 比较的幽灵
26667196, 8.8, 60, 奥斯维辛集中营的志愿者
26840828, 8.4, 79, 古拉格之恋
26393046, 7.6, 153, 机器人时代
24734224, 9.4, 41, 中国的捐纳制度与社会
26279954, 7.2, 233, 知识的边界
25897451, 8.6, 66, 表演的艺术
26890742, 8.9, 54, 看见・看不见
5333574, 7.6, 148, 烹饪、菜肴与阶级
25836383, 7.7, 133, 真相
20271283, 8.6, 64, 人类沟通的起源
26201890, 8.0, 99, 第四消费时代
26804200, 8.6, 63, 希姆莱兄弟
26881057, 8.6, 63, 视觉009：接受彼此的那种亲密
1659228, 8.8, 55, 战略与结构
26810502, 8.5, 66, 暴力
26827391, 8.6, 60, 如何应对愤怒的公众
26806961, 8.0, 92, 社交天性
25840535, 8.7, 55, 致命的海滩
25807521, 8.3, 72, 政治的细节（第10版）
26867512, 8.8, 51, Homo Deus
26827314, 7.7, 117, 逆向管理
26711164, 8.2, 76, 再也不怕跟人打交道
25725855, 8.6, 57, 人情、面子与权力的再生产（修订版）
25733957, 7.3, 168, 权力的终结
1281180, 7.3, 166, 《耶路撒冷的艾希曼》:伦理的现代困境
4924898, 7.1, 206, 群体的智慧
26902280, 9.5, 33, 田野调查.被遗忘的村落
10344778, 8.3, 68, 大中国史
26043606, 9.2, 38, 美国人
3088531, 8.1, 76, 论人的天性
26705829, 8.3, 65, 特权
26891160, 8.2, 69, 科技之巅
26606521, 7.3, 150, 日本第一
26797406, 7.3, 144, 美国独行
26862325, 9.0, 39, 人类的荣耀
2072973, 8.5, 52, 有无之间
25822107, 8.3, 58, 未来考古学
26771798, 7.5, 111, 凸法则
26675905, 8.4, 54, 统治与教育
26636805, 9.5, 28, 民国四川话英语教科书
26832725, 8.2, 57, 王国与权力
26840507, 9.2, 31, 哈佛中国史04?儒家统治的时代：宋的转型
26838122, 9.7, 24, 痞子英雄
26804793, 7.9, 69, 她身之欲
26390714, 7.7, 79, 大断裂
25863979, 7.7, 78, 民主的阴暗面
26827326, 8.5, 43, 行走在非洲丛林
25986829, 9.2, 29, 威廉・夏伊勒的二十世纪之旅
26851895, 8.9, 33, 哈佛中国史02?分裂的帝国：南北朝
26764853, 7.9, 63, 迦太基必须毁灭
3394945, 8.4, 40, K格m人如何l明F代世界
26642260, 8.4, 40, 中国历史研究手册
26742300, 7.4, 84, 极简医学史
26838835, 7.2, 99, 一个人的世界史
26834474, 7.9, 54, 海盗共和国
26604202, 8.7, 32, 皇权不下县?
26737948, 8.2, 43, 小城市空间的社会生活
26883590, 9.0, 27, 美国裂变
1187241, 9.3, 23, 零售管理
25859274, 8.0, 45, 感官的教育
25782295, 8.9, 25, 裁者的M化：收、分化、假民主
26821267, 8.1, 38, 对民主之恨
26816955, 8.4, 30, 两岸新编中国近代史・民国卷
26860869, 7.5, 51, 如何实现有效社交
26260799, 8.1, 32, 农民自杀研究
26612253, 8.5, 25, 剑桥二十世纪政治思想史
26890706, 8.4, 21, 科学与宗教的领地
26831650, 8.0, 26, 转向：用工程师思维解决商业难题
10618037, 7.4, 37, 丁戊奇荒
26803405, 8.0, 24, 战争与革命交织的近代中国
26836252, 9.3, 13, 你一动，我就懂
26890250, 7.1, 39, 北冥有鱼
25928882, 7.9, 21, In Manchuria
26821908, 8.5, 15, 朋友之间
26884338, 8.4, 15, 资本社会的17个矛盾
26695107, 7.8, 19, 发明污染：工业革命以来的煤、烟与文化
26893673, 7.8, 19, 战略
4891197, 7.0, 28, 未来简史
26738494, 7.9, 16, Evicted
26815879, 8.1, 13, 论政治・上卷
26862541, 7.8, 13, 中国农民土地产权幻觉研究
26858099, 8.2, 10, Strangers in Their Own Land
