2017-01-23 16:17:59
Tag: 社会学
The number of books: 969 

ID, rating, votes, title
20427187, 8.8, 108755, 看见
5414391, 9.0, 28888, 寻路中国
25985021, 9.3, 18102, 人类简史
3813669, 8.6, 51536, 民主的细节
4242172, 8.3, 84697, 天才在左 疯子在右
7060185, 9.0, 21134, 江城
1795079, 9.2, 7789, 乡土中国
1012611, 8.3, 29681, 乌合之众
1476651, 9.0, 9402, 社会心理学
1813841, 8.8, 11270, 枪炮、病菌与钢铁
26576861, 9.0, 7303, 最好的告别
1022238, 8.2, 25112, 菊与刀
1277981, 8.8, 8068, 社会契约论
1041385, 9.2, 4505, 论美国的民主
3057556, 9.0, 5476, 狂热分子
6401128, 8.9, 6232, 批评官员的尺度
10471333, 8.9, 5788, 叫魂
2328458, 9.1, 3948, 社会性动物
1025723, 8.3, 11698, 潜规则
1310228, 9.2, 3312, 乡土中国 生育制度
1012307, 9.1, 3017, 规训与惩罚
20507206, 9.1, 2976, 众病之王
19920715, 8.6, 5353, 论中国
1004322, 8.6, 5231, 第二性
6892579, 8.4, 6737, 美国种族简史
1006560, 8.2, 8873, 血酬定律
1036541, 8.7, 4092, 疯癫与文明
5401989, 8.1, 9802, 自由在高处
6712255, 8.8, 3519, 天真的人类学家
1325507, 8.9, 3064, 江村经济
4199761, 8.4, 5991, 重新发现社会
1534951, 8.9, 2729, 逃避自由
1433411, 8.8, 3037, 新教伦理与资本主义精神
1870268, 8.7, 3106, 美国大城市的死与生（纪念版）
1076378, 9.1, 1895, 传统十论
2143904, 8.9, 2342, 进化心理学
6085181, 8.1, 6955, 二号首长
1393447, 9.1, 1759, 忧郁的热带
1867642, 7.7, 13050, 世界是平的
6811366, 8.3, 4863, 禅与摩托车维修艺术
1315213, 9.0, 1916, 中国文化要义
26704403, 9.0, 1893, 二手时间
1277275, 9.2, 1486, 学术与政治
3688489, 7.8, 9636, 异类
1315190, 8.8, 2181, 想象的共同体
4745950, 9.2, 1329, 第二性Ⅱ
4312810, 8.6, 2678, 裸猿
1015748, 8.9, 1849, 开放社会及其敌人（全二卷）
1437973, 8.7, 2343, 亲密关系
1224279, 9.2, 1287, 中国法律与中国社会
1070007, 8.8, 1978, 致命的自负
1005325, 8.4, 3297, 童年的消逝
25881102, 8.9, 1678, 独裁者手册
3163104, 9.3, 1052, 变化社会中的政治秩序
4146756, 8.5, 2594, 浮生取义
20429677, 7.5, 12045, 大数据时代
1150503, 9.0, 1363, 资本论（第一卷）
1812895, 8.2, 3707, 东宫・西宫
1068912, 8.6, 2143, 中国文化的深层结构
6878212, 8.0, 4875, 一个村庄里的中国
25822105, 8.4, 2721, 无缘社会
1657455, 8.6, 1977, 论人类不平等的起源和基础
10607615, 8.8, 1553, 第三种黑猩猩
3032690, 9.3, 901, 被人遗忘的人：中国精神病人生存状况
25845647, 8.7, 1729, 天空的另一半
1274469, 8.4, 2258, 自杀论
1277259, 8.6, 1735, 社会学的想像力
1929825, 9.3, 798, 农民进城防骗手册
21458706, 8.4, 2165, 出梁庄记
3995799, 7.8, 4922, 蚁族
3273876, 8.1, 3075, 被劫持的私生活
1012379, 8.6, 1510, 知识分子论
4312825, 8.6, 1443, 人类动物园
1804960, 9.3, 677, 社会与政治运动讲义
3431988, 9.1, 817, 人的境况
2259198, 9.0, 862, 合作的进化
10539126, 8.5, 1495, 社会动物
2988944, 8.6, 1322, 金翼
5350804, 8.0, 2659, 中国在梁庄
1013369, 7.7, 4069, 格调
1437687, 8.7, 1049, 性经验史
22806583, 8.7, 1044, 国家的常识
3689168, 9.1, 683, 社会学
10828002, 8.1, 2190, 游戏改变世界
1444252, 9.3, 561, 城市发展史
4243276, 9.3, 552, 田园诗与狂想曲
3062632, 8.6, 1101, 日常生活中的自我呈现
7060184, 8.4, 1395, 落脚城市
25750468, 8.6, 1099, 中国现代国家的起源
1393233, 9.2, 584, 古典时代疯狂史
1787729, 8.4, 1380, 单向度的人
1399297, 8.9, 783, 社会研究方法
19976381, 8.9, 771, 政治秩序的起源
1083054, 9.0, 694, 现代性与大屠杀
25978763, 8.8, 851, 僧侣与哲学家
4920062, 7.3, 6962, 别跟我说你懂日本
1704159, 8.6, 1053, 街角社会
1196945, 8.5, 1182, 集体行动的逻辑
5906321, 9.1, 612, 开放中的变迁
4818177, 8.2, 1678, 英国人的言行潜规则
6965746, 8.2, 1641, 科技想要什么
3035593, 8.2, 1615, 崩溃
2969410, 8.8, 798, 与本科生谈：论文与治学
25733170, 8.7, 887, 吾国教育病理
4312829, 8.3, 1405, 亲密行为
26692468, 8.6, 974, 智识分子
4124834, 8.6, 966, 冬吴相对论
11636077, 8.3, 1369, 饥饿的盛世
1247769, 8.6, 952, 家庭、私有制和国家的起源
1034847, 8.4, 1201, 美国与中国
1084434, 9.0, 614, 以自由看待发展
1089142, 8.4, 1156, 消费社会
20473412, 8.0, 1930, 品牌洗脑
4846032, 8.0, 1911, 性别战争
6308034, 8.4, 1143, 从&#34;东欧&#34;到&#34;新欧洲&#34;
26425892, 8.5, 995, 我的凉山兄弟
21370840, 7.6, 3361, 打工女孩
1037148, 8.9, 643, 社会分工论
21432137, 8.7, 779, 共同的底线
1032570, 9.1, 511, 哈耶克文选
2382433, 8.7, 754, 罗伯特议事规则
1043419, 8.9, 612, 自由与繁荣的国度
5906312, 8.7, 749, 兴盛与危机
3126411, 8.9, 609, 与社会学同游
1013058, 7.8, 2215, 武士道
1085366, 9.1, 474, 组织社会学十讲
1421923, 8.2, 1253, 大国的兴衰
25871778, 8.4, 978, 数据之巅
2328178, 9.0, 490, 态度改变与社会影响
2079931, 8.7, 654, 大转型
1479194, 8.2, 1143, 他们的世界
3171735, 9.3, 363, 行为科学统计
1047370, 8.5, 790, 拉丁美洲被切开的血管
25777331, 8.4, 882, 美国十讲
1091964, 9.0, 443, 路易・波拿巴的雾月十八日
2267824, 8.4, 823, 制度是如何形成的
1031857, 7.8, 1759, 虐恋亚文化
10799984, 7.5, 2751, 大数据
1870212, 9.0, 439, 宗教生活的基本形式
2315287, 8.6, 635, 技术垄断
1080750, 8.1, 1129, 精子战争
1036297, 7.7, 1929, 同性恋亚文化
3401286, 8.2, 984, 冷记忆1
1930235, 9.0, 421, 社会心理学
25953571, 8.8, 510, 耳语者
1517400, 9.2, 349, 清代地方政府
1907517, 8.3, 861, 社会学与生活（插图修订第9版）
24751865, 8.9, 454, 暴力与社会秩序
21966353, 7.7, 1811, 贫穷的本质
10563202, 8.3, 829, 可操作的民主
4220193, 8.5, 658, 治理中国
6157548, 7.6, 2066, 房间里的大象
1002958, 8.7, 529, 战争论（全三卷）
3803268, 8.5, 648, 历史决定论的贫困
3785326, 8.4, 712, 黑猩猩的政治
3735295, 7.5, 2312, 未来是湿的
1082196, 8.8, 464, 林村的故事
3321968, 7.7, 1694, 说谎
1418669, 8.6, 562, 社会学方法的准则
5379664, 7.6, 1936, 浅薄
2344105, 8.1, 981, 把妹_人之i男方法
1782312, 9.1, 343, 发现社会之旅
3896758, 8.4, 678, 参谋助手论
3525645, 8.0, 1087, 蒙元入侵前夜的中国日常生活
20373351, 8.2, 848, 城市的胜利
2310726, 8.7, 482, 社会学
2981480, 9.1, 328, 美国人民：创建一个国家和一种社会（上卷）
7055536, 8.9, 386, 资中筠自选集（全五册）
1277279, 8.2, 800, 文明与野蛮
1828292, 8.6, 509, 黑暗时代的人们
2247109, 9.0, 346, 社会学入门
1033273, 7.8, 1292, 海蒂性学报告
1789444, 8.4, 621, 第三次浪潮
6851608, 8.0, 989, 奢侈的！
26150549, 8.7, 451, 人性中的善良天使
25778829, 9.0, 340, 明亮的对话
24878420, 7.8, 1270, 明智行动的艺术
6859959, 9.1, 308, 健全的社会
4046736, 8.4, 606, 神似祖先
3222065, 8.6, 488, 伦理学与生活
1274491, 8.3, 670, 文化、权力与国家
1315182, 8.7, 439, 权力与繁荣
20499070, 8.1, 835, 这个社会会好吗
24878434, 8.5, 529, 城乡中国（上）
26178426, 7.6, 1599, 稀缺
1009891, 8.5, 528, 公共领域的结构转型
2280161, 9.1, 298, 小镇喧嚣
1493134, 8.6, 474, 文化人类学
1061155, 8.4, 576, 中国官僚政治研究
4189598, 8.8, 377, 战后欧洲史
1799788, 8.5, 504, 华夏边缘
1525734, 8.8, 373, 德意志意识形态
20563189, 7.8, 1136, 中国人的焦虑从哪里来
2026086, 7.6, 1494, 博弈论的诡计
1057095, 8.6, 450, 一切坚固的东西都烟消云散了
1661440, 8.9, 336, 生育制度
1171881, 8.0, 867, 有闲阶级论
10446295, 8.1, 760, 权力
4853094, 9.0, 303, 探索现代社会的起源
1034759, 8.6, 439, 礼物的流动
3339862, 8.6, 436, 性别麻烦
1211972, 8.5, 481, 博弈论
1428050, 8.7, 393, 礼物
25870757, 8.3, 592, 现代日本
21329758, 8.7, 391, 博弈与社会
10546119, 8.4, 526, 弯曲的脊梁
1477442, 9.0, 292, 为自己的人
1936262, 7.8, 1054, 流氓的盛宴
25836270, 8.6, 423, 厌女
3260366, 9.1, 267, 社会主义
2975939, 7.4, 1833, 论扯淡
1038949, 8.5, 457, 资本主义、社会主义与民主
26363926, 8.6, 413, 何为良好生活
1075230, 8.7, 374, 关于电视
4126261, 8.1, 701, 身份与暴力
2341440, 7.8, 1011, 自杀作为中国问题
4242368, 8.6, 401, 茶馆
2158889, 8.3, 546, 权力的48条法则
26292057, 8.4, 488, 性审判史
26747208, 8.2, 605, 优秀的绵羊
1740073, 8.5, 439, 中国绅士
1429998, 8.8, 328, 社会学主要思潮
4320555, 8.6, 396, 别对我撒谎
4882131, 8.9, 296, 文化理论与大众文化导论
5905979, 8.8, 321, 斜目而视
1018498, 8.7, 352, 华北的小农经济与社会变迁
1081334, 8.8, 319, 使民主运转起来
4151189, 8.5, 424, 物
4857097, 8.9, 289, 政治思考
5321843, 6.5, 8658, 假装的艺术
1421310, 8.6, 381, 知识分子的鸦片
2138608, 8.7, 346, 中国社会中的宗教
6687032, 8.8, 315, 经验的疆界
3701456, 8.7, 345, 文明的进程
6799513, 8.9, 287, 跨国灰姑娘
1432078, 8.0, 717, 历史的终结及最后之人
3689121, 8.4, 458, 美国
1083052, 8.3, 507, 现代性的后果
3200450, 7.4, 1560, 小趋势
1190181, 8.4, 445, 国家的视角
2082044, 8.1, 612, 金赛性学报告
20499536, 7.8, 873, 时代的稻草人
1340429, 8.0, 679, 女性主义
4891219, 8.3, 482, 甜与权力
2090728, 8.4, 432, LSD：我那惹是生非的孩子
1278268, 8.9, 268, 十年沧桑
3815282, 8.9, 266, 技术与文明
1089508, 7.8, 846, 数字化生存
26266067, 8.9, 265, 重返美丽新世界
25498796, 8.4, 424, 梦醒子
4114636, 8.3, 470, 性学观止（上下册）
2030855, 8.5, 382, 弱者的武器
2048787, 8.4, 422, 国家与社会革命
25848493, 8.4, 420, 猿猴的把戏
2301436, 7.9, 734, 不顾诸神
1129940, 8.0, 647, 断裂
3605686, 8.7, 311, 发掘新闻
1491734, 8.2, 514, 私人生活的变革
24838641, 8.5, 376, 神堂记忆
1809130, 8.7, 309, 野性的思维
20394150, 8.7, 308, 八次危机
24379797, 8.7, 307, 民主?宪法?人权
2567964, 8.6, 334, 道德的重量
3662234, 8.6, 334, 日本的思想
25908552, 7.5, 1187, 上瘾五百年
26816981, 8.6, 330, 十二幅地图中的世界史
4010184, 7.4, 1358, 本能
1778511, 8.6, 327, 象征交换与死亡
1775264, 8.2, 490, 景观社会
4145560, 8.4, 394, 巴黎城记
26320417, 8.9, 246, 自然社会
1064298, 7.6, 1000, 海蒂性学报告：男人篇
10576145, 8.8, 268, 无国界医生手记
1499683, 8.2, 482, 街头文化
6799474, 9.0, 225, 文化与社会
3215660, 8.2, 480, 社会学的邀请
1410343, 9.1, 206, 西方社会史（共3册）
25900802, 7.6, 981, 我在底层的生活
2142680, 8.5, 348, 游民文化与中国社会
1197956, 8.8, 263, 权力论
1315234, 8.1, 523, 图腾与禁忌
24878818, 8.4, 375, 改革的逻辑
1020009, 8.3, 414, 中国问题
26577691, 7.5, 1076, 人间采蜜记
1051928, 9.1, 198, 跨越边界的社区
1340525, 8.9, 233, 贫困与饥荒
1291535, 7.6, 934, Blink
3077186, 8.1, 499, 群氓之族
2186646, 8.8, 250, 蒙塔尤
26415165, 7.9, 621, 沐猿而冠
25766497, 9.3, 165, 城市化转型与土地陷阱
6976968, 8.9, 226, 冬吴相对论2
1054762, 9.0, 207, 实践与反思
3521728, 8.8, 245, 城市文化
1023775, 8.6, 293, 不正常的人
4011303, 9.0, 205, 历史学与社会理论
7007666, 7.2, 1554, 认知盈余
6714961, 9.2, 173, 中国现代思想的起源
5502221, 8.8, 236, 新闻的十大基本原则
21370327, 8.5, 308, 学做工
1439253, 8.9, 215, 国家精英
25944294, 7.5, 960, 来到地球第一天
25947310, 7.3, 1267, 21世纪资本论
1061468, 8.5, 302, 表征
25867785, 8.7, 247, 正义之心
4193722, 8.3, 360, 国富国穷
2025385, 7.9, 555, 后物欲时代的来临
1870759, 8.0, 494, 东周战争与儒法国家的诞生
5916004, 8.5, 294, 欲望的演化
25913619, 7.9, 547, 理性动物
1464575, 8.4, 320, 危险的愉悦
1324893, 8.1, 430, 犯罪心理画像
25717380, 8.1, 430, 赤裸裸的统计学
3729665, 8.3, 348, 欧洲同性恋史
1093249, 8.5, 286, 文化的解释
1085518, 8.4, 309, 临床医学的诞生
25928984, 8.1, 420, 叶
3405756, 7.9, 525, 生活的暗面
1795078, 8.3, 339, 民族与民族主义
1030171, 8.2, 374, 中国人的道德前景
19978001, 8.1, 413, 镜子
2379345, 8.7, 229, 中国农村的市场和社会结构
10581480, 8.5, 274, 地球的法则
4292120, 7.0, 1775, 低智商社会
1434346, 8.1, 404, 儒教与道教
2981481, 8.9, 190, 美国人民（下卷 1865-2002年）
1026593, 8.4, 295, 信息时代三部曲：经济、社会与文化
2252637, 8.0, 445, 诱惑的艺术
2082036, 8.4, 293, 李银河自选集
1315260, 8.7, 222, 时代的精神状况
20473872, 8.2, 353, 幻影公众
1112447, 8.1, 390, 群氓的时代
5414013, 8.1, 390, 美好生活
24325270, 8.2, 351, 道德动物
1003013, 8.7, 218, 时尚的哲学
1541591, 8.3, 315, 质的研究方法与社会科学研究
1017698, 8.6, 237, 资本主义文化矛盾
7051892, 7.8, 538, 文明
5911531, 8.5, 258, 独自打保龄
1783986, 8.4, 283, 仪式过程
26737694, 8.0, 424, 西风东土
2049392, 8.9, 181, 社会研究方法
10785860, 8.6, 233, 现代性
2338638, 8.2, 340, 预知社会
1836616, 8.5, 254, 写文化
3158094, 8.8, 195, 英国个人主义的起源
25790421, 8.2, 339, 红雨
25900305, 8.1, 376, 舌尖上的历史
1870639, 8.4, 277, 肉体与石头
3766438, 7.5, 756, 隐藏的逻辑
1183231, 8.5, 250, 动物解放
6885949, 8.8, 192, 网络、群体与市场
10519359, 7.4, 860, 日本边境论
1821224, 8.6, 227, 地域文化与国家认同
1772151, 8.6, 226, 翻身
25831406, 8.3, 298, 陌生的中国人
1015660, 8.6, 225, 现代性社会理论绪论
1772103, 8.2, 328, 再造“病人”
4230636, 8.2, 328, 不平等的童年
20380464, 7.8, 502, 谁来守护公正
3557583, 8.4, 265, 通往尊严的公共生活
5326339, 8.5, 241, 在傻子和英雄之间
3268426, 8.3, 291, 洁净与危险
26235729, 7.6, 630, 单身社会
19912132, 8.1, 354, 民主的限制
6105339, 7.6, 627, 煤老板自述三十年
1970825, 8.3, 286, 自杀与美好生活
11589947, 7.7, 546, 这个时代的无知与傲慢
1420502, 8.1, 348, 爱欲与文明
24699353, 8.0, 386, 现代世界的诞生
24527462, 8.6, 214, 人类学入门
26581737, 8.7, 196, 权力的毛细管作用
1068301, 8.4, 256, 意识形态与乌托邦
7054138, 7.3, 911, 洗脑术
6851587, 8.3, 281, 神话的力量
2253697, 7.5, 690, M型社会
4767422, 8.3, 279, 进化！进化？
1000093, 9.0, 152, 民族国家与经济政策
26652242, 7.9, 422, 文明是副产品
26824237, 8.7, 193, 大国大城
1546841, 8.5, 230, 西太平洋的航海者
1869096, 8.4, 252, 乱伦禁忌及其起源
1203329, 8.3, 277, 人类行为的经济分析
1046665, 7.5, 679, 海蒂性学报告：情爱篇
26591565, 8.1, 337, 香港重庆大厦
3156699, 8.8, 175, 社会生物学
20261575, 7.9, 411, 城市的精神
1034729, 8.7, 189, 开放社会科学
1023293, 8.4, 246, 权力的眼睛
1029957, 7.8, 456, 大狗:富人的物种起源
10048862, 8.3, 268, 中国社会的个体化
1843001, 8.5, 221, 给莉莉的信
1266211, 9.1, 134, 论意识操纵（上下）
1026065, 8.7, 183, 长江三角洲小农家庭与乡村发展
4218542, 8.0, 355, 论剽窃
1049797, 8.4, 238, 科学的反革命
3024461, 8.4, 238, 摩洛哥田野作业反思
26647781, 8.8, 168, 从俾斯麦到希特勒
2342942, 7.8, 440, 中国人的气质
4730209, 9.0, 143, 经济与社会（第二卷 上下）
2016501, 8.6, 198, 另一条道路
1472854, 8.5, 216, 山坳上的中国
4122414, 9.1, 132, 经济与社会（第一卷）
2068710, 8.3, 258, 国家的兴衰
1784676, 8.9, 153, 占有还是生存
1110438, 8.3, 257, 消失的地域
1000506, 8.5, 213, 蜜蜂的寓言
6710686, 9.0, 141, 生命政治的诞生
1058804, 8.4, 233, 存在与荒谬
10580810, 7.1, 1087, 第三次工业革命
1262815, 8.1, 311, 关键词
1556409, 8.4, 232, 信任论
4246991, 8.5, 211, 疾痛的故事
25960996, 8.1, 309, 中国十亿城民
1047588, 7.9, 380, 酷儿理论
20266235, 8.9, 150, 新阶级
3601801, 8.7, 176, 变态心理学
1080481, 7.7, 474, 色情史
1053405, 8.9, 149, 人类的破坏性剖析
5503769, 8.5, 208, 辩论中国模式
4933040, 9.3, 111, 回归分析
4850299, 7.9, 371, 新自由主义简史
1810530, 8.6, 185, 中产阶级的孩子们
1898651, 8.3, 237, 民主与专制的社会起源
10486206, 8.5, 197, 教养与文明
25953932, 8.2, 259, 第二次机器革命
26591902, 9.2, 113, 中国思想史十讲（上卷）
1076446, 9.1, 121, 财产・法律与政府
1157293, 8.3, 234, 原始思维
1343594, 9.0, 130, Distinction
1962680, 7.0, 1127, 下流社会
1027204, 8.5, 194, 必须保卫社会
7058387, 8.9, 139, 手艺中国
1060019, 8.4, 210, 古代社会（上下）
10480987, 7.3, 707, 郁闷的中国人
1369755, 9.0, 127, The Production of Space
6559258, 8.0, 304, 西方将主宰多久
1042755, 9.1, 117, 支配社会学-韦伯作品集III
10587755, 9.0, 125, 以利为利
1083053, 8.8, 145, 英国工人阶级的形成（上下）
1469339, 8.7, 157, 物体系
3259487, 8.4, 202, 文化与无政府状态
25764449, 8.8, 144, 社会学的邀请
26680436, 8.3, 221, 来份杂碎
3334723, 7.7, 410, 谣言
1854768, 8.6, 168, 社会学方法与定量研究
1869106, 9.3, 99, 教育思想的演进
1313069, 8.1, 265, 我们是谁
1085487, 8.5, 181, 农民的道义经济学
1281257, 7.9, 321, 大众的反叛
4722181, 7.5, 509, 小心，无良是一种病
1455960, 8.3, 214, 人有人的用处
6194593, 7.6, 445, 人类性幻想
1085541, 8.2, 233, 传统的发明
26369891, 8.7, 150, 猿形毕露
1052528, 8.6, 162, 流动的现代性
1787092, 8.3, 210, 文化与权力
1037587, 8.6, 161, 晚期资本主义的文化逻辑
5941341, 8.3, 209, 全球“猎身”
1021693, 7.8, 345, 福柯与性
11612914, 7.1, 839, 恶俗
1315269, 8.3, 208, 心灵、自我与社会
6395282, 7.7, 385, 中国当代社会阶层分析 （最新修订本）
24847834, 8.8, 136, 黄河边的中国
3710319, 7.6, 430, 亚文化
25848747, 8.6, 159, 审判为什么不公正
5401874, 7.9, 306, 什么是好的公共生活
4272339, 9.0, 116, 后现代性下的生命与多重时间
1015941, 8.4, 188, 继承人
1399258, 8.5, 172, 人情、面子与权力的再生产
1065053, 8.8, 134, 在事实与规范之间
1042765, 8.7, 145, 金钱、性别、现代生活风格
3309690, 7.9, 301, 萨摩亚人的成年
26586326, 8.9, 123, 来自纳粹地狱的报告
1029365, 8.2, 222, 甜蜜的悲哀
25858710, 8.2, 222, 为什么？
3023839, 8.1, 244, 苦痛和疾病的社会根源
1185805, 8.2, 221, 风险社会
1291448, 8.8, 132, 寡头统治铁律
26609148, 9.1, 105, 声名狼藉者的生活
1277084, 8.1, 241, 精英的兴衰
1077717, 8.2, 218, 论集体记忆
26699004, 9.0, 112, 掩饰
1452076, 9.1, 104, The Practice of Everyday Life
1288956, 8.5, 165, 社会资本
1860946, 8.7, 138, 白领
4218691, 8.2, 212, 休克主义
5290299, 8.9, 118, 安全、领土与人口
1059912, 8.5, 162, 群众与权力
1882377, 8.5, 162, 乡村建设理论
1460235, 8.6, 149, 创新的扩散
3816860, 8.3, 193, 村庄审判史中的道德与政治
1016822, 8.5, 161, 美德的起源
20428716, 7.5, 444, 公天下
25708550, 8.0, 254, 知识分子与社会
3865994, 8.1, 229, 污名
4071865, 8.3, 188, 石器时代经济学
4091025, 8.4, 172, 消解性别
1274030, 7.8, 307, 人口原理
1766635, 8.4, 171, 违背我们的意愿
4090608, 8.2, 204, 什么在决定新闻
1017452, 8.3, 186, 地方性知识
1427761, 8.5, 156, 性与理性
25929815, 7.6, 378, 中国人的一天
2159464, 8.5, 155, 官场病
2222424, 7.6, 375, 女人的起源
1556289, 8.7, 131, 立法者与阐释者
26721301, 8.7, 131, 反思史学与史学反思
1936600, 8.2, 200, 小历史与大历史
1288989, 7.7, 332, 网络共和国
25854138, 8.0, 241, 右派国家
2152606, 8.4, 166, 镶嵌
20480678, 7.0, 814, 逆转
21966337, 8.9, 111, 论关系
25785039, 9.3, 84, 明清社史
26590147, 7.7, 327, 正义的可能
23134218, 7.1, 694, 工厂女孩
6124799, 8.2, 196, 死亡与右手
20472494, 9.0, 102, 漫长的革命
1047954, 8.6, 138, 社会的构成
25801138, 8.7, 127, 是什么带来力量
1057378, 7.8, 287, 非同寻常的大众幻想与群众性癫狂
3792643, 8.5, 148, 谁统治美国？
3878118, 8.1, 210, 波希米亚
25953827, 8.4, 160, 城乡中国（下）
3134906, 7.8, 283, 公共人的衰落
25807475, 8.3, 173, 城市里的陌生人
1018822, 8.5, 145, 理念人
4022709, 7.4, 443, 助推
26392829, 7.8, 279, 秩序的沦陷
1049946, 8.5, 144, 代价论
1092680, 8.1, 204, 消费文化与后现代主义
24284858, 8.5, 143, 热新闻的冷思考
4313495, 8.4, 155, 哈贝马斯
3380406, 8.6, 131, 祖a下
1226367, 8.5, 142, 现代性的哲学话语
4322861, 8.0, 221, 人类学家在田野
1094964, 8.2, 182, 中国绅士
1151136, 8.5, 140, 神圣的欢爱
25908573, 7.7, 299, 昨日之前的世界
6087583, 8.2, 180, 割据的逻辑
4882102, 7.6, 331, 不可思议的年代
3528068, 8.2, 179, 文化模式
20453794, 7.4, 411, 人体交易
6954093, 8.7, 116, 追寻事实
1520314, 8.3, 161, 中国的现代化
10593781, 8.2, 176, 如何做田野笔记
1933952, 8.3, 160, 废弃的生命
1016137, 8.4, 146, 生存与体验
25910407, 9.1, 86, 统治史（卷一）：古代的王权和帝国――从苏美尔到罗马（修订版）
3565542, 8.5, 134, 粉丝文化读本
26683648, 8.5, 134, 民主的不满
20276019, 8.4, 145, 公开
26284858, 8.7, 112, 欲望的眩晕
1013879, 9.0, 90, 韦伯：法律与价值
5299745, 8.4, 141, 中国的隐性农业革命
1449367, 8.0, 202, 社会如何记忆
20506299, 7.4, 384, 中国化的日本
25961876, 8.3, 152, 断臂上的花朵
4712828, 8.2, 166, 青春无羁
6529665, 6.8, 876, 马克思为什么是对的
4111974, 7.8, 243, 黑帮老大的一天
10581468, 8.6, 118, 正义的理念
21345957, 8.9, 94, 宣传
1599672, 8.8, 101, 女性主义思潮导论
3234797, 8.8, 101, 应用STATA做统计分析
26905266, 9.6, 60, 11.11如何卖到一个亿
1843857, 8.0, 197, 未来的冲击
1225684, 9.0, 87, 古老阳光的末日
1397773, 8.3, 149, 被围困的社会
26592899, 8.3, 148, 政治秩序与政治衰败
1049400, 8.2, 160, 社会是如何可能的
10355113, 8.2, 160, 社会学家与历史学家
1394365, 8.7, 106, 教B的迷思
2262237, 8.4, 134, 资本主义与现代社会理论
25794646, 8.4, 134, 你的权利从哪里来？
20625420, 8.0, 191, 怀疑的时代需要怎样的信仰
26769136, 8.7, 105, 为什么长大？
1988744, 8.4, 133, 阿赞德人的巫术.神谕和魔法
1017064, 8.6, 113, 现代世界体系(第一卷)
1315171, 7.9, 208, 奢侈与资本主义
10562768, 8.1, 171, 电影或想象的人
20388034, 7.3, 396, 大连接
5921664, 6.9, 676, 中国社会各阶层分析
3036311, 9.0, 82, 系统效应
4729501, 8.3, 139, 抗争政治
2990695, 8.3, 138, 爱，上了瘾
3758143, 8.0, 180, 礼物、关系学与国家
4742975, 8.8, 93, 法兰克福学派
4927697, 8.5, 116, 社会学之思（第二版）
25768304, 8.0, 178, 社会工程
2381209, 8.8, 92, 纵向社会的人际关系
1042815, 7.6, 265, 理解大众文化
25917542, 8.1, 161, 共情时代
26411141, 7.4, 332, 世界为何存在？
1012962, 8.8, 91, 货币哲学
25710178, 8.5, 114, 情感堵塞
4882022, 9.1, 74, 马克斯・韦伯社会学文集
26544961, 8.0, 174, 24/7
1930183, 8.5, 113, 千年终结
1929871, 8.3, 133, 认同的力量
1085543, 8.7, 97, 社会行动的结构
4326049, 8.7, 97, 社会选择与个人价值
5285379, 8.7, 97, 作为变革动因的印刷机
25754622, 8.9, 84, 大地呻吟: 中基诱噙\作F畹挠^察c思考
5408894, 7.5, 290, 你需要多少朋友
1832047, 7.9, 190, 权力的转移
1024270, 7.3, 365, 乳房的历史
25721226, 8.1, 157, 沉默的螺旋
2053303, 8.5, 112, 神话学
1462854, 8.9, 83, 理想的冲突
1109157, 8.6, 103, 农民中国：历史反思与现实选择
6896089, 9.2, 68, 论方法
3338726, 7.5, 282, 信息乌托邦
1866489, 8.2, 141, 欧洲与没有历史的人民
2282133, 8.1, 154, 一种幻想的未来 文明及其不满
26593192, 8.7, 94, 思想本质
1044827, 8.0, 166, 现代性与自我认同
25899380, 8.8, 86, 桑切斯的孩子们
1146062, 8.2, 137, 色情、耗费与普遍经济
25902031, 8.2, 136, 她们知道我来过
26577705, 8.4, 115, 罪孽的报应
25699577, 8.5, 106, 这些年我们的精神裂变
26433665, 7.7, 217, 古怪的身体
4832495, 7.8, 196, 工作、消费、新穷人
1025829, 8.1, 147, 信任
1256467, 8.1, 146, 权力精英
1517497, 8.6, 97, 无需法律的秩序
3094759, 8.4, 113, 合作的复杂性
1253917, 8.0, 159, 中国社会史
1493168, 8.2, 133, 韦伯作品集X：印度的宗教――印度教与佛教
10867037, 8.5, 104, 认识性学
2269047, 7.8, 192, 游戏的人
6520826, 8.5, 103, 女太监
26394048, 8.0, 156, 上帝的跳蚤
4718464, 8.8, 82, 民族主义
25720885, 8.2, 130, 超级合作者
1006332, 8.0, 155, 民族―国家与暴力
25971616, 7.9, 170, 没有宽恕就没有未来
1382607, 9.3, 59, Logics of History
19940447, 7.4, 286, 为什么不杀光？
24878569, 8.2, 129, 斑马线上的中国
1315241, 7.8, 186, 知识分子的背叛
7564081, 8.8, 81, 人类学
3140334, 8.6, 93, 无快乐的经济:人类获得满足的心理学
1049337, 7.4, 281, 亲密关系的变革
26286741, 8.7, 86, 文化记忆
26636503, 8.6, 92, 正义的慈悲
4219161, 8.4, 107, 过渡礼仪
1851145, 7.3, 311, 屎的历史
2253718, 9.2, 61, 英国工人阶级状况
24888083, 9.0, 69, 西方文明的文化基因
26818873, 7.9, 162, 我们都是食人族
4236619, 8.4, 105, 福柯读本
24845741, 8.2, 123, 性之变
4105450, 8.7, 83, 过时的人（第一、二卷）
6826610, 7.8, 175, 倾听底层
26429188, 7.9, 159, 基因战争
6539854, 8.4, 103, 光明之子与黑暗之子
24754918, 9.1, 63, 麻风
5354688, 8.0, 144, 怀旧的未来
24740871, 8.3, 111, 乡村与城市
5264781, 7.7, 191, 创意阶层的崛起
1062404, 8.1, 131, 后现代的状况
10785930, 8.2, 120, 消散的现代性
3039090, 8.8, 76, 中国古代社会
1072067, 7.9, 156, 性政治
26609146, 9.3, 55, 自我技术
1469342, 8.2, 119, 噪音
26315800, 7.5, 231, 智慧社会
1017851, 8.2, 118, 文化资本与社会炼金术
1424341, 8.2, 118, 公共知识分子
20485924, 8.4, 100, Give and Take
3066800, 9.0, 65, 性e打Y――拆除父噙`建
26895836, 9.4, 51, 不发表 就出局
1044559, 8.4, 99, 社会学与人类学
1233609, 8.9, 69, 我们的性
25908549, 7.6, 203, 无政府主义人类学碎片
3864313, 8.8, 73, The Art of Not Being Governed
2068662, 8.1, 124, 生活在极限之内
1476205, 8.4, 97, 非零年代
26260335, 8.0, 134, 上帝与黄金
26639302, 9.0, 63, 世界的演变
2984324, 8.1, 122, 文明的解析
26589233, 8.1, 122, 1+12:通向常识的道路
2984021, 7.8, 160, 制造中国
25794332, 8.1, 121, 反社会的人
26299530, 8.0, 132, 善恶之源
2296371, 9.2, 55, 毛泽东农村调查文集
1181221, 8.4, 94, 晚清女性与近代中国
3288003, 7.4, 236, 女权主义简史
1012363, 8.0, 130, 中国乡村，社会主义国家
1550973, 8.2, 109, 同意的计算
1851215, 7.8, 154, 东方专制主义
26077095, 7.8, 154, 论家用电器
1000773, 8.7, 74, 人类本性与社会秩序
2042046, 8.7, 74, 麦芒上的圣言
21632268, 7.6, 187, 数字乌托邦
25902442, 8.8, 69, 二十世纪以来的社会理论
5991773, 7.3, 259, 伪雅史
4154973, 8.3, 99, 现实的社会构建
26388428, 8.0, 127, 匠人
1680190, 7.9, 138, 女性的奥秘
11578220, 9.3, 50, 量化数据分析
25892534, 8.3, 98, 女巫
4044354, 8.5, 84, 符号政治经济学批判
1085542, 8.1, 115, 实践感
25748667, 8.4, 90, 圣战与文明
26341543, 8.2, 105, 汤姆斯河
6521438, 8.1, 114, 何谓欧洲知识分子
6309931, 8.6, 77, 自我・群体・社会
25751980, 7.5, 200, 他们以为他们是自由的
2135466, 8.1, 113, 被治理者的政治
1316523, 7.6, 179, 孤独的人群
10769712, 6.3, 1044, 爆发
4860796, 7.5, 195, 哥伦布大交换
1046490, 7.2, 272, 布波族：一个社会新阶层的崛起
6720139, 7.2, 269, 最愚蠢的一代
21346717, 7.3, 239, 大国空巢
20563266, 8.6, 74, 社会认知
1816327, 8.5, 79, 云南三村
6971750, 8.5, 79, 城市中国的逻辑
1000144, 8.2, 99, 交往行为理论
4862384, 8.7, 68, 文化与组织
2027001, 7.8, 139, 私人生活史Ⅰ
25848953, 7.0, 334, 群体性孤独
4909240, 8.3, 90, 风景与认同
26830154, 8.6, 72, 迷信与暴力
25981074, 9.1, 52, 古典社会学理论（第6版）
26436067, 7.7, 150, Between the World and Me
1022784, 7.7, 149, 狂欢与日常
25912364, 8.2, 95, 吾民无地
26813986, 8.0, 112, 如果可以这样做农民
4243170, 8.0, 111, 我是医生不是人
24745480, 7.9, 120, 不平等的代价
26656350, 8.2, 93, 增长的本质
10454494, 8.5, 74, 比较的幽灵
1550466, 8.4, 79, 空间・记忆・社会转型
26840828, 8.4, 79, 古拉格之恋
4239120, 8.2, 92, 饥荒与政治
1390512, 8.3, 85, 家庭论
25768861, 7.5, 173, 断裂的年代
25917406, 8.9, 56, 音乐神童加工厂
25827514, 7.6, 155, 特权
2057265, 8.1, 98, 社会权力的来源（第一卷）
3257745, 7.9, 116, 白人的负担
5979211, 7.9, 116, 四大门
1291439, 8.9, 55, 凉山夷家
26279954, 7.2, 233, 知识的边界
1013546, 8.1, 97, 共同体与社会
26644832, 8.2, 89, 政治是什么？
25704047, 7.5, 165, 2052：未来四十年的中国与世界
26577466, 6.9, 329, 崖边报告
24529592, 8.3, 81, 论著与生活
5333574, 7.6, 148, 烹饪、菜肴与阶级
26270320, 7.6, 148, 穷忙
26409606, 8.1, 94, 国家、战争与历史发展
25836383, 7.7, 133, 真相
1721591, 8.5, 69, 宗教与资本主义的兴起
11501634, 8.5, 69, 人民的选择
1836600, 8.2, 86, 希望的空间
6428469, 8.0, 101, 非常与正常
20271283, 8.6, 64, 人类沟通的起源
3753870, 8.0, 99, 布满贫民窟的星球
26201890, 8.0, 99, 第四消费时代
25871637, 8.2, 84, 黑暗圣经
25982178, 8.5, 67, 世界伟大城市的保护
3693086, 8.0, 98, 富裕社会
4882057, 9.2, 43, 刘易斯・芒福德著作精萃
1665587, 9.0, 48, 现代性基本读本
3358421, 8.5, 66, 社会生活中的交换与权力
26810502, 8.5, 66, 暴力
5410188, 8.3, 76, 个体化
2052230, 7.9, 104, 赛博空间的奥德赛
26315815, 8.1, 88, 以平等之名
1426920, 8.1, 87, 后工业社会的来临
21318394, 8.6, 60, 论美国的文化
26827391, 8.6, 60, 如何应对愤怒的公众
5975975, 7.6, 133, 无边的恐惧
6855827, 7.4, 162, “不死的中国人”
25768865, 7.2, 200, 集体失忆的黑暗年代
1014877, 8.4, 68, 再生产
25807521, 8.3, 72, 政治的细节（第10版）
26867512, 8.8, 51, Homo Deus
3517358, 8.0, 89, 艺术社会学
26710929, 8.0, 89, 剩女时代
4737314, 8.1, 82, 瘟疫与人
25895044, 7.7, 115, 审丑:万物美学
25725855, 8.6, 57, 人情、面子与权力的再生产（修订版）
25953748, 6.7, 352, FBI危险人格识别术
25707650, 7.1, 210, 别想那只大象
25733957, 7.3, 168, 权力的终结
26802446, 9.3, 37, 从黄河文明到一带一路第2卷
1281180, 7.3, 166, 《耶路撒冷的艾希曼》:伦理的现代困境
25886891, 8.4, 64, 卡尔・马克思
26383818, 8.2, 74, 父性
1315220, 9.1, 41, 定县社会概况调查
4924898, 7.1, 206, 群体的智慧
26902280, 9.5, 33, 田野调查.被遗忘的村落
6256412, 8.3, 68, 中国妇女史读本
25774522, 8.5, 59, 好公民
1463026, 8.2, 73, 明清社会性爱风气
1809443, 8.7, 51, 马克思的历史、社会和国家学说
1018872, 8.0, 83, 艺术的法则
3088531, 8.1, 76, 论人的天性
26705829, 8.3, 65, 特权
10541078, 8.0, 81, 二十世纪的四种神话理论
20390477, 9.0, 41, Far From the Tree
24869453, 8.3, 64, 介入的旁观者
25912257, 8.0, 80, 互联网的误读
6078796, 7.7, 103, “气”与抗争政治
1975667, 8.9, 43, 成椤溉毡救恕
26606521, 7.3, 150, 日本第一
25924608, 7.7, 102, 从莎草纸到互联网：社交媒体2000年
19967799, 8.1, 73, 失控的正向思考
20383645, 8.8, 45, 复杂适应系统
5325594, 8.3, 62, 身体与社会理论（第二版）
5373043, 7.6, 109, 人情与面子
26393369, 7.2, 161, 我书架上的神明
26852985, 8.1, 71, 惧恨拉斯维加斯
25881177, 8.7, 47, 技术世界中的民间文化
26797406, 7.3, 144, 美国独行
10996167, 7.6, 107, 游锘的後F代
5938079, 8.3, 60, 大陆的神话
25799718, 8.8, 43, 中l村
25979459, 7.3, 138, 逃离不平等
26642261, 9.0, 38, 回忆空间
2678774, 8.1, 68, 模仿律
26800364, 7.5, 112, 第四次工业革命
26275608, 6.8, 236, 国祚密码
25752974, 8.5, 50, 从相残到相爱
22036647, 7.5, 109, 来自液态现代世界的44封信
21327827, 8.3, 57, 身体的历史（卷一）
25786160, 8.3, 57, 记忆的政治
1151117, 8.4, 53, 国家的神话
26769662, 7.5, 108, 雄性衰落
1275195, 8.8, 41, 恶
26661749, 8.8, 41, 公寓里的塔
20259504, 8.5, 48, 质性研究访谈
22538508, 8.5, 48, 空间的力量
11520291, 8.1, 63, 流动的时代
26357635, 7.9, 73, 性存在
25873062, 8.6, 44, 艺术界
24720021, 8.7, 41, 权力与无知：寻求暴力的根源
3116941, 7.6, 91, 帝国
3340421, 7.6, 91, 空间与政治
6391215, 9.1, 32, 大西洋的跨越
3852284, 8.7, 40, 分类数据分析的统计方法
26804793, 7.9, 69, 她身之欲
26342463, 7.1, 143, 你就是脸皮太薄！
26390714, 7.7, 79, 大断裂
1038215, 7.5, 94, 共同体
26609147, 8.7, 39, 什么是批判
11443317, 7.0, 155, 痴愚百科全书
25863979, 7.7, 78, 民主的阴暗面
1311655, 7.3, 112, 时髦的身体
1253291, 8.4, 46, 现代性与矛盾性
25714450, 8.3, 49, 自恋主义文化
25861889, 7.7, 76, 婚姻史
3274213, 7.9, 64, 日常生活的革命
25864125, 8.1, 55, 资本主义还有未来吗
25839942, 8.5, 42, 跟大卫?哈维读《资本论》
3291183, 7.6, 81, 结构洞
3241909, 8.8, 35, 演化与博弈论
5293924, 7.5, 88, 美国的弑母文化
5914478, 8.5, 41, 被牺牲的“局部”
1316020, 7.6, 78, 奢侈的概念
26659834, 7.5, 85, 盐糖脂
25788880, 7.6, 77, 原始的叛乱
25788846, 8.3, 45, 资本的内部
6873104, 7.8, 64, 身体之重
25841083, 8.5, 39, 统治史（卷三）：早期现代政府和西方的突破――从民族国家到工业革命
4286956, 8.9, 31, 糖史（全二册）
26286733, 7.2, 106, 性的起源
3011144, 9.0, 29, 权力与特权
26319029, 7.6, 73, 宗教美国，世俗欧洲？
26575643, 7.9, 57, 颓废与沉默
6537368, 8.5, 38, 中国人的关系原理
26842369, 8.9, 30, 像我们一样疯狂
3394945, 8.4, 40, K格m人如何l明F代世界
26900359, 9.5, 22, 鸟度屏风里
26791743, 8.8, 31, 信息图中的世界史
26838835, 7.2, 99, 一个人的世界史
26307417, 8.2, 44, 后革命时代的中国
26438564, 8.2, 44, 裸城
26726213, 8.9, 29, 说真话的勇气
2270476, 9.1, 26, A Secular Age
26604202, 8.7, 32, 皇权不下县?
26737948, 8.2, 43, 小城市空间的社会生活
5350988, 8.0, 49, 我们从未现代过
26861897, 8.6, 33, 我们都发狂了
25732738, 7.3, 85, 无声的革命
26741233, 8.4, 36, 天下的当代性
26581121, 8.3, 38, 天生的烦恼：基因、种族与人类历史
25962831, 9.5, 20, 艺术社会史
26651780, 7.8, 52, 仪式、政治与权力
25859274, 8.0, 45, 感官的教育
26640170, 8.4, 34, 艺术为社会学带来什么
26831740, 9.2, 22, 第一声礼炮
20382579, 9.1, 23, 精神病院
25782295, 8.9, 25, 裁者的M化：收、分化、假民主
26791309, 8.8, 26, 初识传播学（插图第7版）
10494025, 9.2, 21, 素人之y
25751975, 9.3, 20, 象牙塔的变迁
10502486, 8.6, 28, 社会性自我
26718553, 8.8, 25, 追随直觉之路
25854087, 8.2, 35, 路上^察W入T
26890863, 8.4, 31, 我们如何走到今天
24522665, 8.2, 34, 社会冲突
26796697, 8.2, 34, 让我们害怕的食物
25875954, 7.2, 71, 论邪恶
1434524, 8.3, 31, 言语意味着什么
26257132, 8.6, 26, So You&#39;ve Been Publicly Shamed
26353386, 8.4, 29, 通过仪式抵抗
26339977, 8.5, 27, Our Kids
26261080, 7.5, 51, 破窗效应（新知文库）
26673183, 7.9, 38, 人类的演变
26786410, 8.1, 33, 超级版图
20499285, 8.5, 26, 血
1660577, 8.3, 29, 生活在碎片之中
26260799, 8.1, 32, 农民自杀研究
26703218, 7.5, 46, 银子：一部生活史
3929678, 8.3, 27, The Art of Community
4291382, 8.1, 30, 宋朝阶级结构
6863350, 7.7, 38, 并非一切坚固的东西都烟消云散了
1470263, 8.8, 20, The Urban Revolution
25823535, 8.6, 22, The Son Also Rises
25867723, 8.2, 27, 日常生活的启蒙者
11520287, 8.0, 30, 流动的恐惧
26849846, 7.8, 33, 白宫往事
25728088, 8.8, 18, 依赖性的理性动物
1387443, 7.5, 38, 知R社史
26675645, 7.4, 38, 愚昧者的愚昧
26612166, 8.1, 24, 同理心文明
1283506, 8.1, 20, 未来的性
26593896, 7.9, 18, 道德的起源
26695107, 7.8, 19, 发明污染：工业革命以来的煤、烟与文化
25763756, 8.1, 16, 现代世界体系（四卷本）
26823268, 7.1, 28, 享乐主义宣言
24815295, 8.0, 16, 理学、士绅和宗族
26899881, 7.8, 17, 探寻一个好社会
4891197, 7.0, 28, 未来简史
26738494, 7.9, 16, Evicted
26545491, 7.4, 21, 福柯、马克思主义与历史
26647745, 8.1, 14, 社会权力的来源(第三卷)
26832582, 8.1, 14, 何为正义
26907143, 8.2, 13, 一本杂志和一个时代的体温
26593901, 7.9, 14, 合作的物种
25920890, 7.5, 17, 被美国化的英国
26766881, 7.8, 14, 社会因何要异见
26800340, 7.9, 13, 神风特攻队、樱花与民族主义
26423901, 7.7, 14, The Confucian-Legalist State
26862541, 7.8, 13, 中国农民土地产权幻觉研究
26428575, 7.5, 15, 文化记忆与身份认同
26918506, 8.1, 11, 绿书
26834567, 7.5, 14, 正义的代价
26730206, 7.9, 11, 中国乡约制度
26775029, 7.7, 12, 依然谨慎的乐观
26727156, 8.0, 10, 关于爱国
26790128, 7.9, 10, 小集团思维
26606369, 7.8, 10, 自然的政治
26911423, 7.8, 10, 欲望之石
26333923, 7.4, 12, The Sellout
26797123, 7.1, 14, 温暖消逝：关于临终、死亡与丧亲关怀
26825463, 7.3, 12, 如何研究网络人群和社区
26670551, 6.2, 24, “御宅族”的精神史
26694232, 7.6, 10, 十首歌里的摇滚史
2067984, 7.5, 10, 洲去魔化
26786057, 7.5, 10, 不平等，我们能做什么
