2017-01-23 16:17:59
Tag: 社科
The number of books: 986 

ID, rating, votes, title
1041482, 8.9, 54826, 万历十五年
5414391, 9.0, 28888, 寻路中国
25985021, 9.3, 18102, 人类简史
1027191, 9.0, 26866, 历史深处的忧虑
3813669, 8.6, 51536, 民主的细节
4242172, 8.3, 84697, 天才在左 疯子在右
1003479, 9.1, 21223, 中国历代政治得失
7060185, 9.0, 21134, 江城
1013208, 8.5, 26339, 如何阅读一本书
1786387, 8.6, 22142, 影响力
1028842, 9.0, 10765, 经济学原理（上下）
1056315, 8.8, 14162, 总统是靠不住的
1014825, 9.0, 10546, 我也有一个梦想
1795079, 9.2, 7789, 乡土中国
3026879, 8.8, 13347, 爱的艺术
1012611, 8.3, 29681, 乌合之众
1225977, 8.9, 11215, 全球通史（第7版 上册）
1476651, 9.0, 9402, 社会心理学
20424526, 8.9, 10319, 邓小平时代
2160556, 9.0, 8926, 十万个为什么
1813841, 8.8, 11270, 枪炮、病菌与钢铁
5375620, 8.8, 11259, 失控
1062193, 8.6, 15229, 娱乐至死
1004821, 8.7, 12820, 理想国
3344676, 8.1, 34155, 常识
5366248, 8.3, 21665, 你一定爱读的极简欧洲史
26576861, 9.0, 7305, 最好的告别
1022238, 8.2, 25112, 菊与刀
1762869, 8.9, 8212, 如彗星划过夜空
1077528, 8.9, 8072, 通往奴役之路
1277981, 8.8, 8068, 社会契约论
1041385, 9.2, 4505, 论美国的民主
20463108, 8.3, 16427, 观念的水位
1261560, 9.0, 5738, 国富论
1060774, 8.7, 8593, 君主论
3057556, 9.0, 5476, 狂热分子
6401128, 8.9, 6232, 批评官员的尺度
1144185, 9.1, 4596, 美国宪政历程
10471333, 8.9, 5788, 叫魂
1225983, 8.8, 6158, 万物简史
1005492, 8.9, 5196, 光荣与梦想
5408882, 9.1, 3995, 公正
2328458, 9.1, 3948, 社会性动物
1032063, 8.9, 4967, 旧制度与大革命
1025723, 8.3, 11698, 潜规则
1310228, 9.2, 3312, 乡土中国 生育制度
3697494, 9.1, 3039, 洞穴奇案
1012307, 9.1, 3017, 规训与惩罚
3223711, 8.1, 12499, 怪诞行为学
20507206, 9.1, 2976, 众病之王
19920715, 8.6, 5353, 论中国
3392046, 8.2, 9713, 当彩色的声音尝起来是甜的
1089398, 8.9, 3531, 西方哲学史（下卷）
1004322, 8.6, 5231, 第二性
6892579, 8.4, 6737, 美国种族简史
4002701, 8.4, 6526, 朱F基答记者问
1006560, 8.2, 8873, 血酬定律
1027247, 7.9, 14127, 丑陋的中国人
1292405, 8.6, 4691, 自私的基因
1063852, 8.8, 3586, 悲剧的诞生
1036541, 8.7, 4092, 疯癫与文明
5401989, 8.1, 9802, 自由在高处
6712255, 8.8, 3519, 天真的人类学家
1325507, 8.9, 3064, 江村经济
4199761, 8.4, 5991, 重新发现社会
4071842, 8.6, 4448, 路西法效应
1038292, 8.6, 4416, 精神分析引论
4113090, 7.4, 33356, 我们台湾这些年
6952036, 9.2, 2014, 对伪心理学说不
1216737, 8.9, 2785, 纯粹理性批判
1534951, 8.9, 2729, 逃避自由
1433411, 8.8, 3037, 新教伦理与资本主义精神
1065977, 8.6, 3839, 共产党宣言
2025235, 9.1, 2023, 顾准文集
25986341, 8.4, 4967, 万万没想到
2033081, 8.2, 6424, 身份的焦虑
1870268, 8.7, 3106, 美国大城市的死与生（纪念版）
1076378, 9.1, 1895, 传统十论
1139360, 9.1, 1895, 毛泽东选集 第一卷
1400195, 8.7, 2991, 论自由
25902942, 9.0, 2041, 文明之光（第一册）
1010204, 8.5, 3719, 宽容
1393447, 9.1, 1759, 忧郁的热带
1867642, 7.7, 13050, 世界是平的
1315213, 9.0, 1916, 中国文化要义
1048930, 9.0, 1887, 联邦党人文集
1277275, 9.2, 1486, 学术与政治
1082593, 9.1, 1622, 经济学
1454687, 9.0, 1787, 政府论（下篇）
3688489, 7.8, 9636, 异类
2747765, 8.9, 1951, 中国古代文化常识
3055719, 8.7, 2472, 经济学的思维方式（第11版）
1315190, 8.8, 2181, 想象的共同体
1050929, 8.7, 2360, 隐蔽的秩序
4312810, 8.6, 2678, 裸猿
1015748, 8.9, 1849, 开放社会及其敌人（全二卷）
1472946, 8.4, 3467, 《华尔街日报》是如何讲故事的
1224279, 9.2, 1287, 中国法律与中国社会
3003032, 9.2, 1281, 浪漫主义的根源
3101021, 8.7, 2261, 极权主义的起源
1070007, 8.8, 1978, 致命的自负
1005325, 8.4, 3297, 童年的消逝
4199363, 8.6, 2526, 九人
25881102, 8.9, 1678, 独裁者手册
1963786, 8.4, 3090, 怎样鉴别黄色歌曲
3163104, 9.3, 1052, 变化社会中的政治秩序
1116367, 8.7, 2027, 道德情操论
4146756, 8.5, 2594, 浮生取义
2080764, 8.3, 3367, 为何家会伤人
1029940, 9.2, 1129, 锦灰堆
26265303, 8.2, 3829, 小顾聊绘画・贰
1053623, 8.4, 2878, 文明的冲突与世界秩序的重建
20429677, 7.5, 12045, 大数据时代
1028268, 8.8, 1731, 正义论
1150503, 9.0, 1363, 资本论（第一卷）
26658379, 8.4, 2796, 必然
1068912, 8.6, 2143, 中国文化的深层结构
6878212, 8.0, 4875, 一个村庄里的中国
10588835, 8.8, 1653, 别处生活
25822105, 8.4, 2721, 无缘社会
1193621, 8.5, 2382, 决策与判断
25902222, 9.0, 1298, 文明之光（第二册）
1438539, 8.7, 1822, 西方美学史
3908032, 7.3, 16142, 怪诞心理学
6558202, 9.0, 1255, 容忍与自由
6006299, 9.2, 1010, What Every Man Thinks about Apart from Sex
20366370, 8.6, 1992, 变革中国
1657455, 8.6, 1977, 论人类不平等的起源和基础
10607615, 8.8, 1553, 第三种黑猩猩
25845647, 8.7, 1729, 天空的另一半
25782902, 8.3, 2824, 反脆弱
1473250, 7.6, 8266, 魔鬼经济学
1905742, 8.8, 1477, 金枝（上下册）
5283699, 7.7, 6898, 郎咸平说：我们的日子为什么这么难
1030898, 8.8, 1459, 复杂
20507212, 8.0, 4025, 习惯的力量
1274469, 8.4, 2258, 自杀论
3225979, 8.4, 2244, 一课经济学
1277259, 8.6, 1735, 社会学的想像力
1929825, 9.3, 798, 农民进城防骗手册
4240969, 8.6, 1709, 民主是一种现代生活
21458706, 8.4, 2165, 出梁庄记
3097539, 8.9, 1149, 自由选择
3995799, 7.8, 4922, 蚁族
2060491, 8.9, 1140, 逻辑学导论
3273876, 8.1, 3075, 被劫持的私生活
4860448, 9.0, 1008, 经济解释卷一： 科学说需求 （神州增订版）
1063736, 8.4, 2018, 人类的故事
3900987, 7.7, 5379, 引爆点
26275177, 9.0, 964, 文明之光 （第三册）
5253757, 7.9, 3900, 怪诞行为学2
1958685, 8.4, 1902, 美的历史
4915989, 8.5, 1652, 大法官说了算
20433554, 9.2, 760, 关山夺路
4312825, 8.6, 1443, 人类动物园
1804960, 9.3, 677, 社会与政治运动讲义
3431988, 9.1, 817, 人的境况
1137244, 9.1, 808, 判断力批判
1253292, 9.1, 798, 老子今注今译
10354317, 8.7, 1228, 荒野求生手册
1005692, 8.4, 1731, 西方哲学史
2259198, 9.0, 862, 合作的进化
1065142, 8.5, 1513, 欧洲文明十五讲
1005813, 9.0, 858, 自由秩序原理
10539126, 8.5, 1495, 社会动物
2988944, 8.6, 1322, 金翼
3786755, 7.2, 10774, 每天懂一点色彩心理学
1482609, 9.1, 740, 理解国际冲突
1013488, 9.0, 798, 论犯罪与刑罚
5350804, 8.0, 2659, 中国在梁庄
26413154, 9.0, 784, 李光耀观天下
1013369, 7.7, 4069, 格调
1027030, 8.4, 1504, 常识
1707050, 9.1, 690, 狭义与广义相对论浅说
20272112, 8.2, 1933, 欢喜
1437687, 8.7, 1049, 性经验史
22806583, 8.7, 1044, 国家的常识
2282946, 7.8, 3392, 直面内心的恐惧
3104870, 8.9, 837, 新闻理论十讲
26582558, 8.5, 1310, 经济学通识
1444252, 9.3, 561, 城市发展史
1809150, 8.4, 1473, 公众舆论
4243276, 9.3, 552, 田园诗与狂想曲
3908625, 7.8, 3282, 单向街 001
1034653, 8.8, 899, W概
3062632, 8.6, 1101, 日常生活中的自我呈现
7060184, 8.4, 1395, 落脚城市
1393233, 9.2, 584, 古典时代疯狂史
1787729, 8.4, 1380, 单向度的人
1399297, 8.9, 783, 社会研究方法
19976381, 8.9, 771, 政治秩序的起源
1083054, 9.0, 694, 现代性与大屠杀
1025001, 8.5, 1194, 东方学
1911687, 7.4, 5830, 厚黑学
4920062, 7.3, 6962, 别跟我说你懂日本
1196945, 8.5, 1182, 集体行动的逻辑
1087547, 8.5, 1168, 理解媒介
5906321, 9.1, 612, 开放中的变迁
4818177, 8.2, 1678, 英国人的言行潜规则
4173725, 7.4, 5625, 历史是个什么玩意儿2
3732346, 8.1, 1872, 疯狂实验史
2287712, 8.8, 808, 美国精神的封闭
3035593, 8.2, 1615, 崩溃
2969410, 8.8, 798, 与本科生谈：论文与治学
25733170, 8.7, 887, 吾国教育病理
4312829, 8.3, 1405, 亲密行为
5400595, 7.8, 2771, 中国，少了一味药
21617690, 8.4, 1233, 再会，老北京
26692468, 8.6, 974, 智识分子
1137246, 8.6, 961, 就业、利息和货币通论
1247769, 8.6, 952, 家庭、私有制和国家的起源
26708306, 8.7, 852, 北欧，冰与火之地的寻真之旅
1223897, 9.1, 564, 实践理性批判
1880825, 8.2, 1528, 希腊神话
2009914, 8.8, 754, 为权利而斗争
1084434, 9.0, 614, 以自由看待发展
1274953, 8.7, 825, 伦理学
1089142, 8.4, 1156, 消费社会
2005481, 8.9, 664, 法律之门
4285631, 8.7, 816, 意识形态起源和影响
6308034, 8.4, 1143, 从&#34;东欧&#34;到&#34;新欧洲&#34;
10594802, 8.0, 1902, 写给无神论者
4035330, 8.7, 805, 研究是一门艺术
1125026, 8.9, 649, 毛泽东选集 第二卷
21370840, 7.6, 3361, 打工女孩
2341848, 7.9, 2137, 身体语言密码
1037148, 8.9, 643, 社会分工论
1877291, 8.5, 981, 论出版自由
3836277, 7.3, 5478, 货币战争2:金权天下
21432137, 8.7, 779, 共同的底线
1965025, 9.1, 515, 艺术：让人成为人
6913343, 8.3, 1217, 理性乐观派
1032570, 9.1, 511, 哈耶克文选
2382433, 8.7, 754, 罗伯特议事规则
1043419, 8.9, 612, 自由与繁荣的国度
6826619, 8.3, 1188, 大中东行纪
5906312, 8.7, 749, 兴盛与危机
3126411, 8.9, 609, 与社会学同游
6873632, 8.7, 747, 冒烟的耳朵和尖叫的牙齿
3223917, 8.1, 1510, 颜色的故事
4312139, 9.4, 376, 经济学基础
14439405, 8.9, 593, 哲学的故事
1013058, 7.8, 2215, 武士道
3432401, 8.1, 1416, 苦难辉煌
25871778, 8.4, 978, 数据之巅
1073063, 8.6, 780, 人论
6398075, 8.0, 1587, 一转念
1038979, 8.6, 761, 道德理想国的覆灭
10773362, 8.2, 1212, 随机漫步的傻瓜
1958740, 7.8, 2034, 大国崛起
26298832, 8.7, 673, 零年：1945
3238339, 8.6, 748, 人以什么理由来记忆
1073535, 9.1, 452, 人与自我
1058229, 8.7, 668, 智慧书
1077621, 8.8, 602, 毛泽东选集 第三卷
3184336, 8.0, 1513, 民主四讲
2328178, 9.0, 490, 态度改变与社会影响
25752592, 8.9, 539, 从黎明到衰落（上下）
3593300, 9.1, 443, 民主新论
3427304, 8.9, 535, 美国货币史 1867―1960
2061863, 8.6, 728, 自私的德性
2079931, 8.7, 654, 大转型
1048922, 8.2, 1145, 硬球
1479194, 8.2, 1143, 他们的世界
1084020, 8.6, 720, 宝石
25730239, 8.1, 1279, 李光耀论中国与世界
25777331, 8.4, 882, 美国十讲
4742971, 7.9, 1630, 错把妻子当帽子
3700734, 7.6, 2515, 字解日本
6429781, 9.0, 461, 诡辩与真相
5350197, 8.6, 684, 中国文化的命运
1477774, 8.8, 554, 剑桥中华民国史（下卷）
1091964, 9.0, 443, 路易・波拿巴的雾月十八日
2267824, 8.4, 823, 制度是如何形成的
10799984, 7.5, 2751, 大数据
1777853, 8.2, 1033, 屠猫记
1870212, 9.0, 439, 宗教生活的基本形式
1780035, 8.6, 646, 如何改变世界
1931769, 9.1, 391, 心理学
2315287, 8.6, 635, 技术垄断
1080750, 8.1, 1129, 精子战争
1012380, 8.8, 517, 精神现象学（上卷）
1465419, 8.5, 704, 资本主义与自由
1036297, 7.7, 1929, 同性恋亚文化
1139359, 8.9, 465, 毛泽东选集 第四卷
25953571, 8.8, 510, 耳语者
2191536, 9.1, 384, 资治通鉴-(柏杨白话版)(全九辑三十六册)(双盒装)
1796672, 8.2, 980, 万古江河
3682755, 8.9, 459, 政治科学（第九版）
1918220, 8.4, 769, 性与性格
1907517, 8.3, 861, 社会学与生活（插图修订第9版）
4836601, 8.3, 858, 扪虱谈鬼录
4238941, 8.0, 1238, 新卖桔者言
2222030, 8.0, 1216, 生活中的经济学
5380072, 8.2, 947, 思想与乡愁
6826594, 8.2, 941, 故事照亮未来
21966353, 7.7, 1811, 贫穷的本质
10563202, 8.3, 829, 可操作的民主
6157548, 7.6, 2066, 房间里的大象
1392562, 8.5, 650, 康德哲学讲演录
3803268, 8.5, 648, 历史决定论的贫困
25986748, 8.5, 645, 我的应许之地
3785326, 8.4, 712, 黑猩猩的政治
3735295, 7.5, 2312, 未来是湿的
26435040, 8.4, 707, 世界秩序
1082196, 8.8, 464, 林村的故事
2063415, 8.7, 512, 难以忽视的真相
3321968, 7.7, 1694, 说谎
1437686, 8.8, 462, 自由及其背叛
1418669, 8.6, 562, 社会学方法的准则
5379664, 7.6, 1936, 浅薄
1782312, 9.1, 343, 发现社会之旅
20373351, 8.2, 848, 城市的胜利
3595095, 7.5, 2170, 统计数字会撒谎
2310726, 8.7, 482, 社会学
2159604, 8.1, 932, 寻访行家
4062752, 8.8, 433, 古典自由主义
1004554, 7.4, 2422, 中国的男人和女人
3184668, 8.0, 1030, 人人都爱经济学
3669381, 8.8, 426, 坏世界研究
1277279, 8.2, 800, 文明与野蛮
1828292, 8.6, 509, 黑暗时代的人们
1033273, 7.8, 1292, 海蒂性学报告
2022506, 7.8, 1287, 思想国
1789444, 8.4, 621, 第三次浪潮
6851608, 8.0, 989, 奢侈的！
25745691, 7.2, 3192, 罗辑思维
26150549, 8.7, 451, 人性中的善良天使
26333850, 7.5, 1954, 罗辑思维：成大事者不纠结
25778829, 9.0, 340, 明亮的对话
1322168, 8.5, 549, 正义之前
1207500, 8.8, 405, 布局天下
6859959, 9.1, 308, 健全的社会
4046736, 8.4, 606, 神似祖先
4216680, 9.0, 334, 心理类型
26303520, 9.0, 334, 婚姻的意义
3222065, 8.6, 488, 伦理学与生活
1276771, 8.1, 846, 政府论（上篇）
1790005, 8.7, 438, 蒙面骑士
1454393, 8.6, 483, 21世纪的管理挑战
26314063, 7.9, 1069, 斯坦福极简经济学
4146477, 7.6, 1602, 北大批判
4263247, 8.4, 589, 为什么大猩猩比专家高明
26178426, 7.6, 1599, 稀缺
2173201, 8.3, 649, 停滞的帝国
1927487, 7.7, 1362, 乌托邦
1061155, 8.4, 576, 中国官僚政治研究
6534870, 8.7, 422, 瓷之色
1925865, 9.1, 291, 摩西五
20563189, 7.8, 1136, 中国人的焦虑从哪里来
1057095, 8.6, 450, 一切坚固的东西都烟消云散了
26334500, 8.3, 614, 说中国
1171881, 8.0, 867, 有闲阶级论
17153313, 9.0, 306, 哲学导论
26673941, 8.2, 680, 正午故事001
19956258, 8.5, 490, 容忍比自由更重要
1001356, 9.2, 256, 世界文明史(全24册)
10446295, 8.1, 760, 权力
4864832, 9.4, 217, 为什么学生不喜欢上学?
1034759, 8.6, 439, 礼物的流动
1428050, 8.7, 393, 礼物
25870757, 8.3, 592, 现代日本
21329758, 8.7, 391, 博弈与社会
3381387, 8.9, 324, 论持久战
2143015, 8.4, 528, 我们什么也没看见
1053109, 9.0, 295, 封建社会（上、下卷）
10546119, 8.4, 526, 弯曲的脊梁
4903266, 8.4, 522, 超越感觉
3092871, 8.3, 581, 欧洲：一堂丰富的人文课
25836270, 8.6, 423, 厌女
2975939, 7.4, 1833, 论扯淡
25751114, 7.8, 1028, 易中天中华史：从春秋到战国
1038949, 8.5, 457, 资本主义、社会主义与民主
1075230, 8.7, 374, 关于电视
26314955, 8.7, 374, 创新公司
4126261, 8.1, 701, 身份与暴力
5377278, 8.2, 612, 西方哲学简史
26292057, 8.4, 488, 性审判史
26747208, 8.2, 605, 优秀的绵羊
1740073, 8.5, 439, 中国绅士
2224567, 7.6, 1282, 证据
1039750, 9.0, 270, 政治的概念
1081334, 8.8, 319, 使民主运转起来
2253663, 7.9, 833, 没有我们的世界
4841640, 8.9, 291, 地下
3699210, 8.0, 734, 蛛丝马迹
3365386, 8.2, 580, 马丁・盖尔归来
4857097, 8.9, 289, 政治思考
5321843, 6.5, 8658, 假装的艺术
1421310, 8.6, 381, 知识分子的鸦片
2138608, 8.7, 346, 中国社会中的宗教
6687032, 8.8, 315, 经验的疆界
20561931, 8.2, 577, 恋爱中的建筑
3701456, 8.7, 345, 文明的进程
6799513, 8.9, 287, 跨国灰姑娘
1033829, 9.0, 263, 法律、立法与自由(第一卷)
1041028, 8.4, 462, 社会研究方法教程（重排本）
3689121, 8.4, 458, 美国
4821765, 8.0, 707, 火星上的人类学家
3200450, 7.4, 1560, 小趋势
1190181, 8.4, 445, 国家的视角
24529162, 8.2, 550, 民主的奇迹
1856985, 8.6, 362, 代议制政府
2082044, 8.1, 612, 金赛性学报告
20645157, 7.2, 2078, 知日・妖怪
1340429, 8.0, 679, 女性主义
4151204, 9.1, 229, 心理学导论
2190920, 8.5, 393, 激进意志的样式
3064047, 8.7, 323, 西方文化概论
22182576, 7.5, 1291, 中国缺什么 日本缺什么
2090728, 8.4, 432, LSD：我那惹是生非的孩子
10427332, 7.9, 755, 当代中国八种社会思潮
6540232, 8.8, 292, 过去与未来之间
3237711, 8.7, 319, 自由的伦理
3815282, 8.9, 266, 技术与文明
1089508, 7.8, 846, 数字化生存
26266067, 8.9, 265, 重返美丽新世界
3650176, 8.5, 380, 重返五四现场
25848493, 8.4, 420, 猿猴的把戏
1661368, 8.9, 262, 公共事物的治理之道
2301436, 7.9, 734, 不顾诸神
2979316, 8.1, 577, 人类学的邀请
1129940, 8.0, 647, 断裂
1491734, 8.2, 514, 私人生活的变革
24838641, 8.5, 376, 神堂记忆
1809130, 8.7, 309, 野性的思维
3191237, 8.0, 639, 众声喧哗
3507422, 8.4, 411, 萧条经济学的回归和2008年经济危机
24379797, 8.7, 307, 民主?宪法?人权
26702493, 8.2, 507, 时间的朋友2015
2567964, 8.6, 334, 道德的重量
1074178, 9.0, 233, 经济分析史（第一卷）
4149376, 8.0, 625, 朝闻道集
25908552, 7.5, 1187, 上瘾五百年
26816981, 8.6, 330, 十二幅地图中的世界史
4010184, 7.4, 1358, 本能
1778511, 8.6, 327, 象征交换与死亡
1775264, 8.2, 490, 景观社会
6712304, 7.3, 1564, 怪诞心理学2
24716172, 8.8, 271, 黄金时代
1873802, 9.2, 193, 人的行
25756932, 7.5, 1151, 两个故宫的离合
1064298, 7.6, 1000, 海蒂性学报告：男人篇
10576145, 8.8, 268, 无国界医生手记
3215660, 8.2, 480, 社会学的邀请
1443597, 8.5, 350, 第三只眼睛看中国
25900802, 7.6, 981, 我在底层的生活
26653460, 8.3, 427, 烟雾弥漫你的眼
5349588, 7.7, 858, 单向街 003
2142680, 8.5, 348, 游民文化与中国社会
3724680, 7.3, 1503, 外星人就在月球背面
1197956, 8.8, 263, 权力论
4221356, 9.1, 204, 现代自然
1315234, 8.1, 523, 图腾与禁忌
20507207, 8.6, 313, 地球上最伟大的表演
10434858, 8.6, 312, 我们为什么离正义越来越远
24716171, 8.6, 311, 沉默的大多数
3402992, 8.1, 516, 历史大脉络
1066008, 8.7, 280, 非此即彼
25924311, 8.4, 370, 盲眼钟表匠
1291535, 7.6, 934, Blink
26761859, 7.9, 635, 精要主义
6710983, 8.1, 503, 我最想要的记忆魔法书
3077186, 8.1, 499, 群氓之族
26415165, 7.9, 621, 沐猿而冠
6976968, 8.9, 226, 冬吴相对论2
25849160, 8.4, 357, 中国艺术史
4265573, 8.1, 484, 赌客信条
21359609, 8.5, 320, 高效演讲
1060637, 8.1, 483, 房龙地理
25886896, 7.4, 1165, 关键词
1061615, 7.6, 878, 方与圆
7007666, 7.2, 1554, 认知盈余
2009300, 8.9, 218, 变革之道
24736494, 8.5, 311, 地理学与生活（插图第11版）
25944294, 7.5, 960, 来到地球第一天
25918524, 7.7, 730, 美好百科：这个知识点超纲了
10566136, 8.1, 452, 大拐点
1792738, 8.9, 210, 几位著名经济思想家的生平、时代和思想
6528928, 7.9, 562, 沉疴遍地
4247329, 8.5, 298, 致青年学者
1770266, 8.8, 226, 结构人类学 （1-2）
4193722, 8.3, 360, 国富国穷
1069634, 8.3, 359, 伯林谈话录
2025385, 7.9, 555, 后物欲时代的来临
1870759, 8.0, 494, 东周战争与儒法国家的诞生
3276034, 8.2, 393, 大衰退
2155338, 9.1, 171, 货币、方法与市场过程
26585057, 7.4, 1009, 罗辑思维：迷茫时代的明白人
3405756, 7.9, 525, 生活的暗面
11444302, 8.8, 214, 南方周末特稿手册
1233159, 8.7, 233, 国家与革命
1795078, 8.3, 339, 民族与民族主义
1030171, 8.2, 374, 中国人的道德前景
1054092, 8.1, 415, 罗素自传（第一卷）
2224566, 7.3, 1118, 香料传奇
4292120, 7.0, 1776, 低智商社会
1006691, 8.8, 208, 年月日
4175450, 7.4, 943, 当中国统治世界
25859542, 8.0, 446, 耶鲁大学公开课:死亡
1020427, 8.6, 244, 爱与意志
2338733, 8.4, 293, 西方的智慧
5348296, 8.4, 292, 理性选民的神话
1135838, 8.0, 440, 罗马盛衰原因论
24318966, 8.4, 290, 我在哈佛的最后一堂课
25923695, 8.0, 438, 电车难题
20473872, 8.2, 353, 幻影公众
1272779, 8.4, 289, 可卡因传奇
2995283, 7.3, 1055, 脏话文化史
1112447, 8.1, 390, 群氓的时代
5414013, 8.1, 390, 美好生活
2262869, 8.2, 351, 保守主义
24325270, 8.2, 351, 道德动物
1017698, 8.6, 237, 资本主义文化矛盾
1809644, 8.0, 428, 博弈论：战略分析入门
3711433, 8.2, 346, 五轮书
5911531, 8.5, 258, 独自打保龄
10785860, 8.6, 233, 现代性
25859093, 7.2, 1177, 自由的老虎
2338638, 8.2, 340, 预知社会
1836616, 8.5, 254, 写文化
25900305, 8.1, 376, 舌尖上的历史
3324610, 7.4, 870, 摇摆
3766438, 7.5, 756, 隐藏的逻辑
10519359, 7.4, 860, 日本边境论
1772151, 8.6, 226, 翻身
26278816, 8.7, 207, 耶鲁大学公开课 : 政治哲学
25831406, 8.3, 298, 陌生的中国人
1059444, 8.2, 329, 二十世纪的教训
4230636, 8.2, 328, 不平等的童年
1085540, 8.8, 188, 关于马基雅维里的思考
1072924, 8.7, 204, 共和?民主?宪政--自由主义思想研究
1227931, 8.8, 187, 霓虹灯外
3557583, 8.4, 265, 通往尊严的公共生活
5326339, 8.5, 241, 在傻子和英雄之间
4817889, 8.3, 291, 拉丁美洲革命现场
1062960, 9.1, 146, 美洲三书
26235729, 7.6, 630, 单身社会
19912132, 8.1, 354, 民主的限制
2078097, 8.8, 184, 社会主义体制
6712850, 8.2, 318, 法律创世记
1397594, 8.3, 287, 致新知识分子
1979209, 8.6, 217, 上帝之城（上下）
3162523, 9.3, 124, Mostly Harmless Econometrics
24699353, 8.0, 386, 现代世界的诞生
2004425, 8.1, 347, 小的是美好的
24527462, 8.6, 214, 人类学入门
2042908, 7.9, 428, 吾讲斯美
1068301, 8.4, 256, 意识形态与乌托邦
7054138, 7.3, 911, 洗脑术
6851587, 8.3, 281, 神话的力量
1068793, 9.0, 153, 从资本家手中拯救资本主义
26700104, 8.5, 232, 穿越百年中东
1860877, 8.1, 342, 货币的祸害
25763679, 9.0, 152, 不确定世界的理性选择
26652242, 7.9, 422, 文明是副产品
1869096, 8.4, 252, 乱伦禁忌及其起源
1046665, 7.5, 679, 海蒂性学报告：情爱篇
5280404, 8.1, 337, 上学真的有用吗
6875423, 8.5, 228, 坐观天下
3094686, 7.6, 590, y座桑fg
3156699, 8.8, 175, 社会生物学
1281775, 9.2, 128, 哲学与政治
20261575, 7.9, 411, 城市的精神
1034729, 8.7, 189, 开放社会科学
1023293, 8.4, 246, 权力的眼睛
1029957, 7.8, 456, 大狗:富人的物种起源
25849758, 8.1, 328, 富足
10581521, 8.8, 172, 西方人文主义传统
6953288, 9.0, 146, 什么是政治哲学
4218542, 8.0, 355, 论剽窃
1049797, 8.4, 238, 科学的反革命
1049974, 8.0, 353, 如何成为顶级记者
1007625, 7.1, 1112, 中国女性的感情与性
4730209, 9.0, 143, 经济与社会（第二卷 上下）
2016501, 8.6, 198, 另一条道路
25920297, 7.7, 492, 丘吉尔的黑狗
3034307, 8.5, 215, 现代中国思想的兴起（全四册）
26609474, 7.6, 553, 八卦医学史：不生病，历史也会不一样
2068710, 8.3, 258, 国家的兴衰
1110438, 8.3, 257, 消失的地域
4934611, 7.2, 940, 九型人格心灵密码学
2155344, 8.8, 165, 权力与市场
1058804, 8.4, 233, 存在与荒谬
1556409, 8.4, 232, 信任论
6954443, 8.4, 232, 告别皇帝的中国
26594366, 8.5, 210, 魔鬼数学
2209663, 7.2, 921, 孤独的性
19940741, 7.2, 921, 罗辑思维2
26171466, 9.2, 120, 筚路维艰:中国社会主义路径的五次选择
1270267, 8.8, 161, 通过知识获得解放
2334078, 8.6, 190, 混序：维萨与组织的未来形态
3779927, 7.9, 370, 与希罗多德一起旅行
6756124, 8.5, 204, 危险的边疆
21617796, 8.0, 326, 杀戮的艰难
25758308, 7.7, 455, 巨富
4167837, 8.6, 184, 明日之城
6946737, 8.6, 183, 当代中国的启蒙与反启蒙
3696561, 7.5, 575, 世界又热又平又挤
2354988, 7.6, 497, 集装箱改变世界
24840593, 7.5, 562, 李银河:我的生命哲学
1076446, 9.1, 121, 财产・法律与政府
24872278, 7.2, 838, 信号与噪声
1962680, 7.0, 1127, 下流社会
5942643, 7.9, 348, 人文・民主・思想
10491601, 7.9, 346, 致命元素
6559258, 8.0, 304, 西方将主宰多久
25805781, 7.9, 336, 建筑的意境
6429778, 9.0, 125, 三民主义
24699866, 7.5, 531, 反对完美
26266755, 8.1, 269, 塔利班
6833967, 7.7, 413, Why Nations Fail
25764449, 8.8, 144, 社会学的邀请
3334723, 7.7, 410, 谣言
1854768, 8.6, 168, 社会学方法与定量研究
4054720, 7.7, 406, 猫
26852425, 8.8, 141, 什么是科学
1281257, 7.9, 321, 大众的反叛
4722181, 7.5, 509, 小心，无良是一种病
1490904, 8.1, 261, 博弈
1459390, 9.4, 91, 弗洛姆文集：我相信人有实现自己的权利
25774247, 8.3, 212, 汉字树1
2329752, 7.9, 313, 方与圆全集
2280308, 8.5, 176, 安邦之道
1787092, 8.3, 210, 文化与权力
4173412, 8.3, 210, 德国历史中的文化诱惑
1037587, 8.6, 161, 晚期资本主义的文化逻辑
1055823, 8.8, 137, 纵欲与虚无之上
1021693, 7.8, 345, 福柯与性
11612914, 7.1, 839, 恶俗
6395282, 7.7, 385, 中国当代社会阶层分析 （最新修订本）
3075277, 7.0, 966, 隐疾
26781744, 7.2, 719, 台北女孩看大陆
1323266, 8.7, 146, 大陆法系(第二版)
1065053, 8.8, 134, 在事实与规范之间
1042765, 8.7, 145, 金钱、性别、现代生活风格
4201118, 8.0, 273, 我们如何思维
26042854, 7.5, 477, 理智向左 疯狂向右
1077506, 8.5, 170, 书写与差异（上下）
1426502, 8.8, 133, 青年与学问
1029365, 8.2, 222, 甜蜜的悲哀
3023839, 8.1, 244, 苦痛和疾病的社会根源
26596713, 7.6, 409, 知中・山水
1036798, 8.2, 217, 1968年：反叛的年代
1781769, 8.4, 180, 反联邦党人赞成什么？
1288956, 8.5, 165, 社会资本
1311857, 8.7, 139, 从摇篮到摇篮
26674037, 8.6, 150, 为人文教育辩护
1860946, 8.7, 138, 白领
1434521, 7.7, 355, 知识分子都到哪里去了
20476804, 7.7, 355, 不诚实的诚实真相
1059912, 8.5, 162, 群众与权力
25885921, 7.5, 448, 摩托车修理店的未来工作哲学
26285299, 8.3, 193, 创造力
26657701, 8.5, 161, 若非此时，何时？
25708550, 8.0, 254, 知识分子与社会
10788371, 6.9, 1009, 清单革命
6526308, 7.8, 311, 怎样做文献综述
4071865, 8.3, 188, 石器时代经济学
1274030, 7.8, 307, 人口原理
1427761, 8.5, 156, 性与理性
1055062, 7.7, 338, 内闱
2060930, 7.4, 482, 势利
25929815, 7.6, 378, 中国人的一天
1101903, 8.4, 169, 权力与相互依赖
1288989, 7.7, 332, 网络共和国
25854138, 8.0, 241, 右派国家
20480678, 7.0, 814, 逆转
23782049, 8.3, 181, 儿童的世纪
4208782, 8.6, 140, 当代比较政治学
2263989, 9.3, 84, 立宣言
25986746, 7.5, 414, 零边际成本社会
26909546, 9.5, 74, 我们内心的冲突
3022640, 8.0, 239, 逻辑学十五讲
1010570, 7.5, 413, 人类学是什么
3063890, 7.4, 464, 天才向左 疯子向右
6124799, 8.2, 196, 死亡与右手
1066155, 8.9, 110, 盐铁论校注
26148097, 7.3, 525, 不知死，焉知生
1047954, 8.6, 138, 社会的构成
22994555, 7.3, 524, 历史的细节
24310435, 7.4, 459, 卑微的套套
4809797, 8.6, 137, 论生命之短暂
1066291, 8.0, 234, 通往明天的唯一道路
3134906, 7.8, 283, 公共人的衰落
25807475, 8.3, 173, 城市里的陌生人
1018822, 8.5, 145, 理念人
25841470, 8.3, 171, 1491
1049946, 8.5, 144, 代价论
5363843, 8.1, 205, 365种改变世界的方法
24284858, 8.5, 143, 热新闻的冷思考
24531896, 7.0, 742, 不曾走过
1159180, 7.8, 273, 人类前史
1783734, 8.0, 221, 现代性与后现代性十五讲
25908573, 7.7, 299, 昨日之前的世界
4882102, 7.6, 331, 不可思议的年代
26638269, 8.7, 118, 寿司之神
1186901, 8.4, 150, 代码
26319391, 8.1, 195, 金融的逻辑
24758859, 8.9, 100, 新政治经济学讲义
4619523, 8.6, 124, 回家
1016137, 8.4, 146, 生存与体验
26683648, 8.5, 134, 民主的不满
5396703, 7.9, 228, 家纹
19912140, 7.0, 666, 读书毁了我
1449367, 8.0, 202, 社会如何记忆
5245583, 6.8, 887, 中二病中毒说明书
6529665, 6.8, 876, 马克思为什么是对的
4111974, 7.8, 243, 黑帮老大的一天
1843857, 8.0, 197, 未来的冲击
1076294, 8.4, 137, 中国现代学术之建立
6038174, 9.0, 86, 反景入深林
1491255, 9.3, 70, 世界人文简史
20625420, 8.0, 191, 怀疑的时代需要怎样的信仰
1988744, 8.4, 133, 阿赞德人的巫术.神谕和魔法
26694140, 7.6, 286, 晚清最后十八年
3702843, 9.1, 79, 基于实践的微观经济学
3071770, 8.3, 142, 社会分层十讲
1053848, 8.7, 103, 看得见的手
20388034, 7.3, 396, 大连接
21868971, 8.8, 95, 隐藏的自我
5921664, 6.9, 676, 中国社会各阶层分析
1499791, 9.1, 77, 读《资本论》
10598181, 7.3, 391, 随机生存的智慧
3036311, 9.0, 82, 系统效应
3693088, 8.2, 151, 不确定的时代
11580821, 7.8, 219, 环保的暴力
19975498, 7.7, 242, 掘金黑客
1225971, 7.4, 338, 谁在操纵你？
11583756, 8.2, 149, 知日的风景
4293302, 9.3, 66, 神的植物
25876133, 8.1, 161, 一平方英寸的寂静
25814894, 7.6, 264, 单向街005
25807664, 8.9, 85, 澄衷蒙学堂字课图说
26644896, 8.3, 134, 我是谁？
24897425, 8.4, 123, 佛学概论
20412099, 8.0, 174, 书店时光
26544961, 8.0, 174, 24/7
4326049, 8.7, 97, 社会选择与个人价值
5408894, 7.5, 290, 你需要多少朋友
1832047, 7.9, 190, 权力的转移
1024270, 7.3, 365, 乳房的历史
25739280, 7.3, 365, 逍遥法外
5349583, 7.9, 189, 社会学的意识
1109157, 8.6, 103, 农民中国：历史反思与现实选择
6896089, 9.2, 68, 论方法
25905227, 7.5, 284, 你的生存本能正在杀死你
5423784, 7.6, 254, 多重宇宙
26852322, 9.1, 72, 以色列 2：在危机中生存
5400561, 8.6, 102, 天涯芳草
1430069, 8.7, 94, 政治经济学及赋税原理
26361453, 7.7, 225, 郁金香热
1044827, 8.0, 166, 现代性与自我认同
5383540, 8.1, 151, 认识媒体
1185730, 8.3, 127, 海德格尔存在哲学
25699577, 8.5, 106, 这些年我们的精神裂变
4130905, 8.6, 98, 生育与村落文化
3094759, 8.4, 113, 合作的复杂性
1398414, 8.2, 132, 溯源探幽：熵的世界
25804908, 7.7, 211, 一篇读罢头飞雪，重读马克思
25732260, 7.4, 289, （日本人）：括号里的日本人
25943103, 7.1, 418, 温暖灵魂的味道
1049337, 7.4, 281, 亲密关系的变革
25816167, 9.7, 46, 人文传统（一）
2075831, 7.7, 198, 疯狂、惊恐和崩溃
26818873, 7.9, 162, 我们都是食人族
6538416, 7.4, 271, 微表情
26293436, 8.2, 123, 碧山06：民艺复兴
4805213, 8.3, 113, 如何研究中国
25937456, 7.3, 302, 我的九十九次死亡
1000786, 8.0, 146, 垃圾之歌
26865812, 8.4, 104, 方太儒道
11542549, 7.2, 339, 谋杀手段
1444253, 8.1, 132, 赢在性格
10785930, 8.2, 120, 消散的现代性
1072067, 7.9, 156, 性政治
26672408, 6.9, 483, 本书书名无法描述本书内容
26416956, 8.1, 128, 战争史
25842062, 7.2, 324, 开膛史
26895836, 9.4, 51, 不发表 就出局
1070879, 7.8, 167, 中国研究的范式问题讨论
26358914, 7.8, 167, 正义的成本
1044559, 8.4, 99, 社会学与人类学
10432187, 8.3, 107, 面对疾病
25908549, 7.6, 203, 无政府主义人类学碎片
1840338, 9.2, 57, The Political Logic of Economic Reform in China
2156289, 9.1, 60, 江浙财阀与国民政府（一九二七――一九三七年）
3434919, 9.1, 60, 政治发展的经济分析
2068662, 8.1, 124, 生活在极限之内
1476205, 8.4, 97, 非零年代
6510145, 8.6, 83, 新世纪饮食
1265007, 8.3, 104, 社会科学方法论
1029983, 7.2, 308, 中国性史图鉴
1088113, 7.5, 216, 社会的麦当劳化
25794332, 8.1, 121, 反社会的人
26299530, 8.0, 132, 善恶之源
26275049, 7.4, 237, 法医，警察与罪案现场：稀奇古怪的216个问题
2377819, 7.8, 156, 惯于争鸣的印度人
21632268, 7.6, 187, 数字乌托邦
25811502, 6.4, 934, 柴静×刘瑜：自由从何而来（中国故事）
26304875, 8.5, 85, 漫不经心的传奇
26388428, 8.0, 127, 匠人
26183950, 8.2, 107, 子弟
25834607, 7.9, 138, 自由的进化
11631816, 8.3, 98, 致穷
26545443, 7.8, 150, 自由的基因
10568296, 8.0, 124, 倒退的年代
1086209, 9.2, 52, 中国伊朗编
26697242, 7.1, 315, 钓愚
2131768, 7.9, 134, 人性
25784167, 8.1, 112, 科场现形记
10769712, 6.3, 1044, 爆发
26801839, 9.0, 58, 1493
5321741, 7.7, 160, 地权的逻辑
6720139, 7.2, 269, 最愚蠢的一代
25958751, 7.7, 156, 伟大创意的诞生
1006798, 8.5, 78, 人这种动物
6151717, 8.9, 59, 危险的国家
25981074, 9.1, 52, 古典社会学理论（第6版）
25871715, 8.2, 97, 性学入门
4158135, 7.4, 203, 日本的反省
25813565, 7.6, 164, 李银河：我的社会观察
10473354, 7.2, 253, 虚拟的历史
25912364, 8.2, 95, 吾民无地
26813986, 8.0, 112, 如果可以这样做农民
25767815, 8.6, 70, 自我颠覆的倾向
1004538, 6.9, 356, 调情的艺术
1072971, 8.1, 101, 审美之维
6126832, 8.1, 101, 死亡课
20492095, 7.1, 274, 性、谋杀及生命的意义
1702664, 9.0, 53, 丘吉尔文集:思想与经历
25827514, 7.6, 155, 特权
26279954, 7.2, 233, 知识的边界
1077371, 7.6, 151, 漂亮者生存
1313980, 8.5, 71, 制度、契约与组织
25718169, 7.8, 124, 剑桥
25704047, 7.5, 165, 2052：未来四十年的中国与世界
24716173, 8.5, 70, 青铜时代
5333574, 7.6, 148, 烹饪、菜肴与阶级
10574253, 7.3, 199, 中国人太多了吗
20271283, 8.6, 64, 人类沟通的起源
23938404, 9.0, 49, 西方社会运动理论研究
10520050, 8.7, 59, Tiny Beautiful Things
3753870, 8.0, 99, 布满贫民窟的星球
25833225, 7.6, 140, 数据之美
1450872, 8.2, 83, 性别化的人生
5410188, 8.3, 76, 个体化
2052230, 7.9, 104, 赛博空间的奥德赛
1516666, 8.3, 75, 复杂系统理论基础
21318394, 8.6, 60, 论美国的文化
26827391, 8.6, 60, 如何应对愤怒的公众
2172516, 6.5, 513, 5分钟和陌生人成为朋友
5975975, 7.6, 133, 无边的恐惧
6855827, 7.4, 162, “不死的中国人”
4106964, 8.4, 68, 强社会与弱国家
26806961, 8.0, 92, 社交天性
3233254, 8.7, 55, 社会分层与流动
1521012, 7.4, 157, 最后的知识分子
1315193, 7.8, 107, 哲学通信
3100335, 8.1, 83, 自然地理学
1351452, 8.4, 66, 自由主x．民族主xc家J同
1069420, 7.7, 116, 为了忘却的集体记忆
26711164, 8.2, 76, 再也不怕跟人打交道
25806782, 9.5, 34, 人文传统(二)
25953748, 6.7, 352, FBI危险人格识别术
25826864, 9.0, 44, Introduction to the United States
25707650, 7.1, 210, 别想那只大象
25733957, 7.3, 168, 权力的终结
26773296, 7.9, 95, 魔鬼的牧师
20429358, 9.8, 29, 做好领导的九大赢招
26802446, 9.3, 37, 从黄河文明到一带一路第2卷
6516688, 9.2, 39, 我的防艾路
25774522, 8.5, 59, 好公民
26412739, 8.2, 72, 家徽里的日本史
6394591, 8.5, 58, 心理学史
26303513, 7.4, 142, 活着有多久
26103898, 7.7, 105, 疯狂实验史?II
26891290, 8.1, 75, 哈佛极简中国史
3179286, 8.6, 52, 剑桥美国经济史（第三卷）
26221429, 8.2, 68, 李安哲学
26606521, 7.3, 150, 日本第一
26839439, 8.1, 73, 美国世纪结束了吗？
20383645, 8.8, 45, 复杂适应系统
1014808, 7.5, 121, 银翅
25790419, 8.4, 58, 步兵攻击
5373043, 7.6, 109, 人情与面子
1928294, 8.9, 42, 语文素养高级读本
19962889, 9.6, 29, 梦想与路径
26393369, 7.2, 161, 我书架上的神明
1483440, 7.5, 118, 夜间的战斗
26263824, 9.6, 28, 南京大屠杀全纪实
25979459, 7.3, 138, 逃离不平等
26435231, 8.2, 62, 医生是怎么看病的
26417277, 7.0, 186, 思考力：潮爆东京大学的思维公开课
22036647, 7.5, 109, 来自液态现代世界的44封信
3886765, 6.9, 205, 你可以看透任何人
2379916, 8.1, 64, 性x工
1074084, 8.0, 69, 人类婚姻史
3267583, 7.7, 85, 我和你
26774041, 8.3, 53, 日本建筑解剖书
26353258, 7.4, 109, 睡眠正能量
1322151, 7.7, 83, 身体活：现代叙述中的欲望对象
26828648, 6.9, 184, 这个时代这些人
19961868, 7.9, 70, 情欲、伦理与权力
26275412, 9.3, 29, 故宫藏影
26598389, 8.0, 64, 创造
26804793, 7.9, 69, 她身之欲
26581852, 9.6, 25, 互联网+
26321190, 8.3, 51, 黎明之前
26202327, 7.5, 95, 愉悦回路
26897747, 8.6, 41, 黑旗
25767798, 8.1, 57, 论灵魂的激情
25714450, 8.3, 49, 自恋主义文化
1253298, 8.2, 52, 美国的自由主义传统
25861889, 7.7, 76, 婚姻史
4851614, 6.7, 213, 小狗看世界
3241909, 8.8, 35, 演化与博弈论
25917050, 7.9, 63, 民主崩溃的政治学
24870589, 8.1, 54, 世界再亏欠你，也要敢于拥抱幸福
4016441, 8.0, 58, 公共问题经济学
26319982, 8.3, 47, 商业百科
26430181, 7.1, 127, 死亡入门
5914478, 8.5, 41, 被牺牲的“局部”
26293605, 7.1, 125, 听了那么多大道理，为什么依旧过不好这一生
25866894, 7.0, 139, 疯狂行为学
26583355, 7.9, 61, 民主的历史
24872787, 8.2, 48, 楼市探秘
26689753, 6.3, 327, 知乎：正义女神不睁眼
6129181, 7.9, 57, 六度分隔
10762727, 7.2, 98, 超级人脉
26333266, 7.6, 68, 与荒原同行
26920718, 7.4, 73, 笑话方法论
5372255, 7.9, 49, Everything Is Obvious
25743854, 7.1, 93, 1969：革命、动乱与现代美国的诞生
26772461, 6.4, 195, 我们为什么总是看错人
1964729, 8.6, 29, 建国以来毛泽东文稿第1册
1266054, 8.6, 28, 21世纪的心理科学与脑科学
6879918, 8.6, 28, 共识与冲突
26865732, 8.8, 25, 纳粹医生
4100385, 7.7, 49, 精英的反叛
1428975, 8.6, 27, 费孝通文集（全十六卷）
26831320, 8.4, 30, 生命的未来
3284690, 7.6, 51, SMThe Joy of SM
2991702, 8.1, 35, 调香术
20482618, 6.8, 102, 目标中国
26386366, 8.2, 32, 政治学百科
1872340, 9.2, 19, The Cambridge Handbook of Expertise and Expert Performance
26838508, 7.7, 44, 具身认知：身体如何影响思维和行为
26261080, 7.5, 51, 破窗效应（新知文库）
26673183, 7.9, 38, 人类的演变
26627811, 8.6, 25, 财富的帝国
26786410, 8.1, 33, 超级版图
26721531, 8.4, 27, 聆听
26260799, 8.1, 32, 农民自杀研究
26341609, 7.9, 36, 博物馆的秘密
1949012, 7.7, 38, 媒体考古学
1442237, 8.0, 30, 中国崛起
1031814, 8.1, 28, 看看他们
26535117, 7.0, 63, 裙裾之美-日本女生制服史
25931633, 7.3, 48, 靠近点，科学是最性感的世界观
1071941, 8.5, 22, 怎样适应生活
26645279, 7.5, 40, 哈希的故事
26592161, 7.4, 43, 优雅的辩论：关于15个社会热点问题的激辩
25899839, 6.5, 98, Hello，中产
20366094, 6.8, 70, 走你
6758667, 7.7, 32, 怎样做好一项研究
25844024, 7.2, 46, 洛杉矶雾霾启示录
25858893, 8.0, 26, 心理学最佳入门（原书第2版）
26760576, 7.8, 25, 清教徒的礼物（罗辑思维独家定制版）
26744187, 7.6, 28, 豆腐与威士忌
26651465, 6.6, 61, 从一个人开始
26865171, 6.7, 52, 知日・实录！山口组
25815511, 8.3, 17, 人文传统（三）
26335187, 7.1, 35, The Road to Character
26275120, 7.6, 24, 权力如何影响我们
26698312, 7.9, 18, 边疆的背影
26888775, 6.7, 38, 那些怪诞又实用的日常心理学
2891507, 7.9, 16, A Conflict of Visions
23678871, 7.6, 18, Leaders Eat Last
26834083, 7.5, 17, 伟大的中国工业革命
26681345, 7.4, 15, 贝尔实验室与美国革新大时代
26686006, 6.2, 36, 明治维新生活史
6012073, 7.3, 14, 一个精神病医生的手记
26754944, 7.3, 14, 持续执政的逻辑
26629064, 8.0, 10, 芝加哥大学论文写作指南
26790128, 7.9, 10, 小集团思维
