2017-01-23 16:17:59
Tag: 禅
The number of books: 655 

ID, rating, votes, title
3719531, 9.3, 3613, 经济学原理
3151990, 8.5, 5768, 达摩流浪者
2381748, 9.1, 2162, 金刚经 心经 坛经
7064313, 7.8, 13468, 突然就走到了西藏
1840859, 9.6, 1116, 心经
1812011, 9.0, 2026, 佛教的见地与修道
6811366, 8.3, 4863, 禅与摩托车维修艺术
2981573, 8.8, 2459, 悟空传
5290370, 8.6, 3007, 禅的行囊
1489670, 8.7, 2506, 老子他说
1061029, 8.8, 2159, 杜尚访谈录
1082446, 9.2, 1328, 南怀瑾选集（第一卷）
1441488, 8.4, 2574, 宫本武藏・剑与禅（上下）
1608873, 9.2, 969, 山海
2122992, 9.0, 1164, 故道白云
2052713, 9.5, 644, 般若波罗蜜多心经
1037594, 8.4, 2128, 瓦尔登湖
1258513, 8.5, 1843, 爱与寂寞
1987995, 8.3, 2019, 在云上
1048692, 8.8, 1101, 六祖坛经
1067710, 9.0, 843, 造型的诞生
1030054, 7.3, 8131, 水知道答案
5450660, 8.7, 979, 次第花开
3606804, 8.2, 1781, 徒然草
4843454, 9.3, 521, 坛经
2973403, 8.6, 1006, 戒嗔的白粥馆
4898627, 8.3, 1392, 禅者的初心
2174792, 8.3, 1389, 清欢
1748903, 8.9, 668, 禅说
3007708, 9.2, 454, 六祖坛经
3875610, 8.9, 584, 内观
3172450, 8.5, 837, 佛学入门
3894081, 8.7, 665, 最后的日记
1478831, 8.8, 592, 当鞋合脚时
1795374, 8.0, 1487, 莲花次第开放
5383915, 7.7, 2167, 只为途中与你相见
2316815, 8.4, 865, 心的菩提
1026871, 8.0, 1355, 林清玄散文
1028052, 7.9, 1516, 李叔同说佛
3618256, 8.9, 476, 禅与生命的认知初讲
2157629, 8.2, 1005, 平常禅
24704604, 8.5, 694, 诗里特别有禅
4830829, 9.2, 349, 根道果
3910883, 8.8, 495, 观呼吸
2029641, 8.1, 1049, 南怀瑾与彼得・圣吉
1036133, 8.8, 475, 禅说
2174873, 8.3, 795, 玄想
3034097, 8.3, 780, 平常茶非常道
1055906, 7.7, 1645, 禅是一枝花
2256361, 8.8, 448, 箭术与禅心
3757530, 8.7, 488, 空了
2240928, 8.7, 485, 当生命陷落时
1019232, 9.1, 332, 五灯会元（全三册）
2306659, 9.0, 357, 道德经心释（上下）
23316673, 7.7, 1537, 知日・日本禅
3276880, 9.1, 318, 光耀生命
11620497, 8.2, 786, 简单的艺术
2174795, 8.3, 699, 林泉
5363118, 9.6, 210, 慧灯之光（全6册）
3070009, 9.0, 343, 答问青壮年参禅者
3012903, 9.0, 337, 关于这颗心
1072239, 8.3, 675, 和尚与哲学家
3784639, 8.6, 489, 超越时空
1160733, 8.4, 586, 静坐修道与长生不老
4726852, 8.5, 512, 正念的奇迹
1000407, 8.8, 374, 竹林的故事
3023149, 8.5, 500, 狂喜之后
2062160, 8.8, 363, 庄子心解
2972658, 8.0, 855, 包容的智慧
3696966, 8.9, 330, 踏上心灵幽径
3079768, 8.1, 752, 我们与这个世界的误会
2367799, 8.7, 394, 莲心禅韵
1062229, 9.0, 293, 六祖坛经 禅说 菜根谭
1485079, 8.6, 425, 心灵神医
3358570, 8.5, 464, 你可以不怕死
1037441, 8.5, 459, 温一壶月光下酒
1482890, 8.8, 339, 静心：狂喜的艺术
1440568, 8.4, 499, 下午茶
2316784, 8.4, 477, 情的菩提
3191679, 8.3, 519, 八戒说禅
19989305, 8.4, 460, 做才是得到
1083418, 8.9, 280, 吉檀迦利献歌
4133007, 7.4, 1541, 一只牡羊的金刚经笔记
1052027, 8.2, 546, 禅宗与道家
3183283, 8.5, 377, 无常
1958486, 9.2, 202, 自由的迷思
1861325, 8.1, 562, 图解西藏生死书
3795779, 7.8, 803, 宽心
4166880, 8.8, 275, 雪中足迹
1082184, 8.2, 492, 心的菩提
1136843, 8.8, 272, 南怀瑾选集（第四卷）
5362056, 8.3, 423, 无量之网
4123046, 8.9, 238, 禅修入门
1035117, 8.8, 257, 定慧初修
5260230, 8.8, 253, 与生命相约
6784965, 7.7, 793, 渴望之书
5288625, 8.9, 225, 活在喜悦中
2241291, 8.7, 266, 转逆境为喜悦
1131845, 9.1, 186, 南怀瑾选集（第七卷）
3719427, 8.8, 230, 心灵瑜伽
5949800, 8.5, 297, 你可以，爱
1213174, 8.2, 397, 清音五弦
4177459, 7.8, 621, 舍得
3796598, 8.6, 267, 爱情与工作的每日禅
1984468, 8.0, 490, 一心一意来奉茶
2241263, 8.7, 224, 与无常共处
3235149, 9.0, 172, 六祖坛经讲话
10595838, 8.1, 393, 方丈记 徒然草
3876019, 8.4, 285, 戒嗔的白粥馆（第2部）
4056324, 8.4, 285, 因是子静坐养生法
3711433, 8.2, 346, 五轮书
6725979, 8.3, 310, 思辨的禅趣
1899741, 9.2, 143, W修U卡
1536620, 8.9, 180, 寒山诗注
3238342, 8.6, 232, 山中花开
10743004, 8.8, 195, 心经解读
1017415, 8.3, 307, 莲花香片
1017084, 8.6, 231, 禅海蠡测
2365621, 8.6, 225, 心的对话
1177309, 8.4, 260, 经校释
3066678, 8.3, 265, 花出青嶂
4842456, 8.8, 169, 禅心三无
26897699, 8.6, 199, 极简
3681639, 8.2, 287, 正念
5404240, 8.9, 153, 无我的智慧
5336073, 8.3, 257, 修好这颗心
2431464, 8.6, 194, 禅外阅世
1136890, 8.8, 164, 南怀瑾选集（第五卷）
1854879, 9.0, 138, 智慧金块
3236653, 8.7, 175, 金刚经讲话
1578810, 8.7, 172, 生存智慧
6520485, 9.3, 109, 心经的力量
1060824, 8.9, 144, 六祖坛经
6732497, 8.7, 166, 活在时间之外
1899158, 8.0, 318, 编程之道
3248865, 8.6, 177, 活着，就要幸福
23037911, 9.1, 119, 正念禅修
1902632, 8.1, 276, 禅里禅外悟人生
1053709, 8.3, 227, 禅宗与精神分析
1510333, 8.6, 173, 林清玄散文
3928558, 8.7, 159, 宁静的森林水池
4087983, 8.4, 201, 禅的故事
3628681, 8.5, 183, 禅的体验
1255977, 8.8, 142, 童蒙止观校释
1193313, 9.7, 76, 心经诀隐
6008273, 8.4, 192, 心美，一切皆美
1157474, 8.1, 253, 思想的天鹅
26693234, 8.5, 174, 心有欢喜过生活
5416795, 8.8, 133, 般若莲花处处开
4326244, 8.4, 185, 与心对话
2159379, 9.0, 114, 禅观正脉研究
5030623, 8.1, 244, 小和尚的白粥馆
3070942, 8.3, 199, 如实生活如是禅
2018401, 8.9, 121, 习禅录影
1775301, 9.2, 97, 上帝唇边的长笛
3662078, 8.6, 152, 生活在禅中
20492770, 8.4, 179, 小和尚的白粥馆1
4729791, 9.4, 84, 回到当下
4850804, 8.3, 187, 禅与生活
1940983, 8.4, 171, 禅学入门
2163180, 8.1, 225, 曼陀罗的舞蹈
26315455, 7.9, 274, 心之道
3427098, 8.0, 246, 林清玄说禅之一
2970301, 8.7, 130, 生活禅钥
1795105, 9.0, 103, 春来草自青
6313401, 8.5, 150, 生命即当下
3573700, 8.8, 118, 智慧100
3640005, 8.5, 148, 全然接受
1692109, 7.9, 257, 禅外说禅
1103108, 8.0, 231, 淡品人生
1292291, 8.8, 115, 白云之道
2052620, 9.2, 86, 开示
3809822, 8.6, 132, 禅的真义
3665981, 7.6, 342, 吃的大冒险
2132673, 9.6, 66, 宗镜录略讲（全二裕
1981207, 7.7, 305, 一个禅者眼中的男女
3804304, 8.8, 112, 证悟
1436700, 9.0, 96, 做个喜悦的人
1460381, 8.6, 129, 沙的智慧
3008811, 9.1, 89, 地藏菩萨本愿经浅释
1055029, 8.0, 217, 天心月圆
10282419, 8.1, 194, 情深，万象皆深
1491082, 7.2, 527, 一个瑜伽行者的自传
1266202, 8.1, 190, 禅话
1169532, 9.3, 74, 虚云和尚开示录
1892433, 8.6, 121, 智慧奥秘
1409944, 8.6, 120, 顾随说禅
10539528, 7.1, 569, 黄河之旅
2003229, 8.1, 182, 禅与日本文化
1956912, 8.8, 102, 圣严法师教禅坐
1148417, 9.5, 64, 父母恩重难报经
4879054, 8.7, 109, 回到你心中
1911293, 8.6, 116, 佛说四十二章经浅释
1473879, 9.0, 86, 虚舟
4077967, 8.5, 121, 这个世界的真相
1438598, 7.4, 354, 和佛陀赏花去
3005084, 8.9, 89, 信心铭
10282420, 8.5, 118, 心美情深境明（套装共3册）
5269191, 8.2, 151, 迦陵频伽
2159947, 8.6, 108, 参禅日记
1911292, 8.9, 86, 佛说阿弥陀经浅释
1425757, 8.3, 134, 一行禅师释佛
1756645, 8.4, 123, 禅的智慧
2300016, 7.8, 212, 空杯
6027725, 8.3, 130, 生死学十四讲
2977280, 9.0, 76, 降伏其心
23788417, 8.3, 127, 铃木大拙说禅
1046863, 8.8, 86, 空镜救心?中国禅与现代心理诊疗
6440652, 8.8, 85, 六祖讲金刚经
4879642, 8.9, 79, 大师读心经
1057794, 8.3, 123, 东洋冥想的心理学
6011081, 6.9, 550, 冥想5分钟，等于熟睡一小时
1489093, 8.8, 82, 金刚经・坛经
4102940, 8.5, 100, 愿力的奇迹
3529202, 8.2, 125, 禅意生活
2378182, 8.0, 147, 图解瑜伽经
4274972, 9.0, 68, 六祖坛经
20429329, 8.6, 89, 灵性深处开莲花
24732614, 7.7, 185, 一日一生
1281554, 8.5, 92, 心经与生活智慧
3391913, 8.6, 84, 增订本中国禅思想史
1062018, 8.7, 78, 中国禅宗史
1898973, 9.3, 53, 藏密度亡：中教大解
10282421, 7.8, 161, 境明，千里皆明
3197592, 7.9, 145, 星云大师谈处世
1358674, 8.5, 88, UWSP
1756689, 8.2, 111, 拈花微笑
3115092, 8.9, 66, 生与死的禅法
3391977, 8.4, 94, 禅悦
1021638, 6.3, 1148, 我的禅
20506494, 8.3, 101, 小和尚的白粥馆2
3567831, 8.2, 107, 林清玄说禅之三
1000132, 9.2, 52, 古尊宿语录(上下册)
4735721, 8.2, 104, 星云大师《心经》五讲
1654973, 9.1, 55, 智慧书
6437041, 7.7, 161, 沉默入门
1838801, 9.6, 41, 转识成智――贾题韬与佛学
2040967, 8.4, 87, 千峰映月
5355344, 8.0, 120, 喝茶解禅
6759457, 8.0, 120, 花开见禅
1666270, 9.1, 54, 指月录（上下）
2284446, 8.9, 61, 梦参禅学系列:修行.随缘.禅・简单启示
19980424, 8.9, 61, 世界是心的倒影
1766376, 8.2, 101, 禅的世界
25895511, 8.1, 108, 禅定荒野
3198484, 8.9, 58, 金刚经坛经
3569481, 7.6, 163, 和佛陀谈天说地
1189952, 8.5, 74, 佛教禅定
20493285, 7.9, 119, 只想静下来
3140637, 7.3, 215, 欢未央
1453980, 7.9, 117, 一杯沧海
3550605, 8.4, 78, 禅与自在解脱
1769530, 8.2, 90, 禅与悟
4171549, 9.5, 39, 虚云和尚全集（全9册）
6899256, 9.0, 51, 光明大手印：实修顿入（全二卷）
3567830, 7.9, 113, 林清玄说禅之二
20509730, 8.2, 88, 生活就像练习
1897425, 8.1, 95, 南怀瑾讲述生活与生存
3027807, 8.5, 70, 禅门第一课
1809168, 9.6, 36, 虚云老和尚法汇
3197591, 8.0, 102, 星云大师谈智慧
19935573, 9.7, 34, 金刚经译注
1912679, 8.7, 60, 六祖法宝坛经浅释
1866613, 8.4, 73, 荒漠的智慧
1897424, 8.2, 82, 南怀瑾讲述心兵难防
10565780, 8.4, 70, 旅途的脚印
1223783, 8.2, 81, 滚滚红尘中拈花微笑
6831136, 9.1, 44, 碧岩录
1064226, 8.9, 49, 法句经
1353117, 8.9, 49, 阿姜查的U修世界－戒(第一部) Food for the Heart: The Collected Teachings of Ajahn Chah 
4272190, 8.4, 68, 心经禅解
26786631, 9.0, 46, 你想得简单，一切就变得简单
4213515, 8.5, 63, 美丽的结尾
2114612, 8.3, 72, 静思语
3999497, 9.2, 40, 碧岩录
10797495, 8.4, 64, 六祖坛经解读
1011185, 8.8, 49, 南怀瑾著作珍藏本(第4卷)
2154936, 8.0, 86, 禅的生活
1391312, 9.5, 33, 宗镜录
4915765, 8.1, 78, 中国禅宗史
6517272, 8.8, 48, 慧心自在
1007652, 8.1, 77, 禅
10607781, 8.5, 57, 耶稣也说禅
3016247, 7.9, 88, 抑郁症的内观认知疗法
1359375, 8.9, 43, 你可以不生
1258627, 8.4, 59, 狂禅
1265189, 8.3, 63, 六祖慧能传奇
1946500, 7.5, 121, 红尘外的茶香
10618512, 8.2, 67, 佛书料简
11542958, 7.4, 133, 去印度，去印度
3143525, 8.0, 78, 云上的日子
1425753, 8.1, 72, 星云法师释佛
4848591, 8.1, 72, 开启的禅
3411501, 8.6, 50, 如何无忧无惧过生活
1997358, 7.7, 98, 花落的声音
25695309, 8.5, 53, 超越自我之道
4827469, 8.0, 75, 严流岛后的宫本武藏（上下）
4060740, 7.8, 88, 如是我所闻
3207074, 7.0, 195, 和风禅味
3671027, 8.1, 69, 心的依止
3664562, 7.8, 87, 向庄子借智慧
10802061, 7.9, 78, 好婚姻，靠修行
1440476, 8.6, 47, 天下赵州生活禅
3484777, 8.5, 50, 画禅
1813667, 8.9, 39, 济群法师谈人生（上）
6894924, 8.8, 41, 光明大手印：实修心髓（全二卷）
3428852, 8.6, 46, 摄影名家大讲堂
1821146, 8.5, 49, 五灯会元
22994123, 8.1, 64, 禅与生活
3017132, 7.3, 127, 心与禅
26348108, 7.5, 103, 快乐禅绕画
20241536, 8.2, 58, 转念的力量
1955944, 8.3, 54, 刹那花开
4169370, 8.5, 47, 般若禅
1754751, 8.6, 44, 禅与生活
1182972, 8.8, 39, 虚云老和尚的足迹
24906542, 8.2, 57, 空度
24858814, 8.1, 61, 转身遇见佛
1335288, 9.2, 31, 石途II-存在c自由
1983828, 8.2, 56, 其，佛不是佛，你也不是你
6001802, 8.6, 43, 当下心
1107403, 9.0, 34, 佛之心法
2114614, 8.3, 52, 静思语
23762193, 8.8, 38, 禅修指引
3783393, 6.7, 234, 活在当下
3000360, 9.1, 32, 静止的流水
24867995, 8.4, 48, 寻找当下最美的自己
3462882, 8.3, 51, 真正的快乐
1724558, 9.2, 30, 坛经的智慧
2037309, 7.6, 87, 接触
1041368, 9.1, 31, 坛经
3666801, 7.5, 92, 禅灯梦影
3005138, 8.8, 36, 禅说庄子（一）
10591870, 6.9, 169, 乔布斯
2314507, 8.9, 34, 菜根谭全集
1466857, 8.5, 43, c生命相s
3033423, 8.5, 43, 圣严说禅
1024721, 7.4, 100, 禅?静思语
1353177, 9.2, 29, 阿姜查的U修世界：定(第二部) Food for the Heart: The Collected Teachings of Ajahn Chah 
3183277, 8.7, 38, 心的世界
1888496, 7.8, 70, 禅宗美学
2080982, 9.3, 27, 一行禅师佛学讲演录
1754350, 7.8, 68, 人间世
2247614, 8.1, 54, 一花一世界
4916672, 7.4, 94, 厚道
1431180, 7.3, 102, 门外谈禅
1957513, 8.4, 43, 云水日月
5954792, 8.7, 35, 和颜爱语
20493040, 8.8, 33, 来自心上的答案
25850143, 8.6, 37, 我们真正的归宿
26326433, 8.6, 37, 瑜伽经的禅修要诀
5906948, 7.6, 75, 参禅步道
4758258, 7.3, 98, 明镜与风幡
1879343, 8.3, 44, 禅史钩沉
1393917, 9.4, 24, 代南鞣鸾檀
1274504, 7.5, 80, 索性做了和尚
6811600, 9.0, 29, 五灯会元
2974537, 7.7, 67, 听南怀瑾讲禅
1962794, 8.1, 49, 洗心禅
4060733, 9.1, 27, 做人的佛法
4923506, 8.2, 45, 当代艺术理论前沿
4143500, 8.1, 48, 禅来缠去
2335955, 7.9, 55, 花雨满天悟禅机
4919592, 8.8, 31, 圣严法师教默照禅
1837151, 7.7, 64, 三千下
1901933, 8.4, 39, 禅风禅骨
2138218, 8.4, 39, 禅者的思索
2221908, 8.4, 39, 禅宗大意
3766722, 8.4, 39, 禅无所求
1811549, 9.7, 20, 来果禅师语录
4215665, 9.2, 25, 悦心集
24673484, 8.3, 41, 漫画禅宗思想（全2册）
4168704, 9.0, 27, 景德传灯录译注（全五册）
1007806, 7.7, 61, 缠来禅去
1271207, 7.9, 52, 茶和禅
1879338, 8.4, 37, 入禅之门
1025858, 8.0, 48, 释迦牟尼生命历险记
1188113, 7.6, 65, 禅的智慧
24851422, 9.1, 25, 金刚经讲义（上下卷）
6958231, 8.2, 41, 星云禅语
10531537, 7.9, 50, 我的禅修生活
1272231, 7.4, 74, 禅宗与中国文化
2229081, 6.7, 151, 呀!弘一
2184803, 7.8, 53, 南怀瑾说佛
1107405, 9.2, 23, 步入解脱
21354724, 9.2, 23, 内观基础
1353204, 9.0, 25, 阿姜查的U修世界－慧（第三部）Food For The Heart : The Collected Teachings of Ajahn Chah 
1008244, 7.6, 60, 禅・心的效能训练
1065284, 7.6, 60, 禅来缠去
1426758, 8.9, 26, 双峰禅话
6399047, 8.9, 26, 净土与禅
3171586, 7.9, 47, 禅遇
1411340, 8.8, 27, 临济录
1030935, 8.6, 30, 茶典
7361316, 8.6, 30, 心力
19935173, 7.4, 67, 处处莲花开
6427400, 8.9, 25, 生活禅语
3172226, 7.9, 45, 红尘菩提
1711751, 8.6, 29, 顾随说禅
1734307, 7.8, 48, 盛噶仁波切心得
4066863, 9.9, 16, 禅宗六代祖师传灯法本
1320790, 7.1, 86, 苏东坡说禅
20273179, 8.0, 41, 苹果禅
22994122, 7.8, 47, 悟性的提升
5252679, 8.1, 38, 禅的生活
11594696, 8.1, 38, 清凉菩提
1021104, 8.3, 33, 悟
1785842, 8.8, 25, 武士的精神－五c兵法家
1761889, 8.4, 31, 禅与中国
2339853, 8.1, 37, 图解坛经
25740454, 8.1, 37, 苏曼殊诗集
25794655, 7.1, 81, 不乱于心，不困于情
1082726, 8.7, 26, 禅卡秘义
23774662, 8.7, 26, 深度禅修
10776288, 7.8, 45, 这世界无处不美
10583429, 8.3, 32, 禅：两刃相交
1895990, 9.1, 21, 橘子U
6429953, 8.1, 36, 平常心禅与精神分析
11594700, 7.9, 41, 随喜菩提
3995846, 7.3, 64, 豆芽禅
2384364, 8.7, 25, Peace Is Every Step
25836443, 8.7, 25, 有马赖底禅文集:禅茶一味
1047534, 8.3, 31, 禅宗诗歌境界
1942591, 8.6, 26, 禅宗大德悟道因缘
5906380, 8.0, 37, 与祖师同行
1076284, 7.5, 53, 佛道禅心
20396314, 7.5, 53, 迎面撞上禅1
3005085, 8.8, 23, 禅说庄子
6886395, 8.1, 33, 只管打坐
6903272, 6.9, 85, 猫的禅
5913296, 7.1, 69, 白云深处
25736047, 9.0, 20, 云深不知处
1312980, 8.0, 34, 禅
10799208, 8.6, 24, 圣严法师教禅坐
1259106, 7.6, 44, 中国禅思想史――从6世纪到9世纪
4926986, 7.5, 47, 吃茶去
1313495, 8.1, 31, 禅的故事
2221907, 8.4, 26, 止观讲义
3030658, 7.7, 40, 禅是细微处的光明
1338144, 8.8, 21, W修f女人
3926844, 8.8, 21, 无相念佛
3199175, 9.1, 18, 禅说庄子
3885062, 9.1, 18, 逃向世界
3012820, 7.5, 44, 手托一只空碗
21335180, 7.9, 33, 般若波罗密多心经讲录
2153622, 7.3, 51, 花间一枝禅
25894779, 8.6, 22, 元气禅
1276086, 7.8, 35, 一味禅.花之卷
20283579, 7.7, 37, 禅心物语
25722087, 7.6, 39, 衣食亦有禅
26580176, 8.1, 28, 禅・庭
2006715, 7.7, 36, 禅与文化
3044856, 8.0, 29, 禅与诗学
25853105, 7.9, 30, 落花寻僧去
2124219, 7.7, 34, 读禅阅世
1071169, 8.0, 28, 十年去来
6731393, 7.4, 42, 活着即修行
10779561, 7.4, 42, 如是观
3094731, 8.7, 19, 森林中的法语
3519715, 7.9, 29, 快乐密码
1987557, 7.6, 35, 就是这样爱上禅
10494599, 7.6, 35, 一字禅
2227290, 8.0, 27, 通向禅学之路
1275283, 8.2, 24, 坐看云起
5996243, 7.7, 32, 传灯
24714158, 7.1, 50, 喝茶是修行
1275596, 7.6, 34, 一味禅.月之卷.禅的公案
2342463, 8.3, 22, 狂云集
7174830, 8.7, 18, 坛经
21869481, 8.0, 26, 禅宗是什么
1044455, 7.7, 31, 禅的故事
2206330, 7.8, 29, 禅是无的宗教
1038923, 7.6, 33, 一味禅.风之卷.禅的故事
1076350, 7.3, 41, 禅心一念间
3135036, 7.4, 38, 生死禅书
1619379, 7.3, 40, 读禅有感悟
1024476, 7.7, 30, 禅宗哲学象征
3140315, 7.7, 30, 禅宗与中国文化
3623334, 8.5, 19, 六祖坛经说什么
4833414, 7.1, 45, 调心
6967598, 8.3, 20, 禅堂夜话
10545195, 7.6, 30, 你可以是菩萨
26602146, 7.6, 30, 程序员之禅
2048934, 7.0, 47, 心理禅
1137539, 7.4, 34, 禅月诗魂
5276810, 7.8, 26, 以珠峰为禅
1055636, 7.7, 27, 轻轻松松禅一会（上下）
1018682, 8.2, 20, 中国禅学思想史（上下）
1448822, 8.2, 20, 禅海蠡测
1491161, 7.8, 25, 禅:瑜伽
3065358, 8.4, 18, 元音老人
2076527, 8.1, 21, 菜根谭解读
3235100, 8.0, 22, 禅宗公案
1288124, 8.1, 20, 禅语今释
21345830, 7.7, 25, 闭上眼睛才能看清自己
6436429, 7.2, 35, 山居性纪
1965836, 7.4, 30, 论语故事心解
2304185, 7.8, 23, 张中行作品集 第三卷
1188132, 7.7, 24, 禅的故事
1799930, 7.1, 36, 日常的佛心
1772684, 7.3, 31, 禅的心态
4098362, 6.9, 42, 你要去哪里
3062633, 7.6, 25, 身边禅
1850666, 8.0, 19, 吉他手遇U
4919591, 8.1, 18, 圣严法师教话头禅
2173195, 7.3, 29, 中国禅宗通史
1879348, 7.8, 21, 谈佛说禅悟人生
3177337, 7.8, 21, 禅偈百则
21318929, 7.6, 23, 岁月，是佛牵手的一朵情花
1228099, 7.2, 30, 禅外禅
25808200, 7.4, 26, 禅食慢味
7916377, 7.8, 20, 当企业家遇上禅
1578740, 8.1, 17, 佛⒎穑一行U的U法心要
3887973, 8.2, 16, U
4827579, 6.6, 47, 放下
2122271, 6.9, 36, 偷禅
2285909, 7.6, 22, 生死请柬
2181527, 7.3, 26, 云水禅心
3346076, 7.9, 18, 佛心 禅意
1425624, 7.8, 19, 任继愈禅学论集
6026163, 7.8, 19, 牛的印迹
1389740, 8.0, 17, o所有
3393171, 7.7, 20, 图解禅修
24838205, 6.5, 49, 心如狂云，遍地虚空
1899437, 7.6, 21, 宝瓶菩提
2050772, 7.2, 27, 拈花说禅
6537002, 7.8, 18, 不理
3193994, 8.3, 14, 阿姜查的扔^U修_示
3268061, 7.3, 24, 禅诗百首
2262861, 7.5, 21, 你心中也有一朵莲花-指上禅院
3276674, 8.1, 15, 坛经讲座
5358193, 8.1, 15, 大正新修大藏 (全100=正55+m30+法目3+D像12)
6998593, 8.1, 15, 禅
1273910, 7.0, 29, 一味禅.雪之卷.禅的生活
1955417, 7.4, 22, 清凉心 菩提行
1288384, 6.8, 33, 有一种下午茶的淡香叫做禅
2286963, 7.8, 17, 空虚的云
4232063, 7.8, 17, 论语禅
2343922, 7.3, 22, 好故事
5257814, 7.3, 22, 工作禅二十四式
4180369, 7.1, 25, 左手参禅 右手修佛
1347660, 8.1, 14, U扇邢嘟
2280290, 7.5, 19, 禅院行
2346880, 7.8, 16, UcX：_悟如何改大X的\作
2185153, 6.7, 33, 胡适说禅
6985130, 6.7, 33, 一花一世界
4322125, 7.4, 20, 字里禅心
1418851, 7.9, 15, 曹源一滴水
11620528, 8.2, 13, 与指导灵沟通
1253590, 7.3, 21, 明明白白参点禅
1740525, 7.4, 19, 禅林清音
1275971, 7.7, 16, 满溪流水香
1667893, 7.7, 16, 真实如来藏
2216514, 7.7, 16, 星云禅话2
21335179, 7.7, 16, 茶密禅心
1414239, 7.2, 21, 禅的100个哲理故事
18605460, 8.2, 12, 禅修次第
1825629, 7.4, 18, 生命转弯处
2327714, 7.4, 18, 禅与艺术
1443243, 7.6, 16, 虚云大师说禅
1667890, 7.3, 19, 禅净圆融
6131859, 8.0, 13, The Wisdom of Insecurity
2975105, 6.3, 40, 公案百则
1200886, 8.1, 12, 禅修塔罗
3278812, 8.1, 12, 一心走路
1876366, 8.3, 11, 橘皮
25767790, 7.4, 17, 紊活清
4171268, 7.3, 18, 碧潭秋月映寒山
10456034, 7.3, 18, 禅与乐
1409853, 7.5, 16, 中国禅宗游
1887009, 7.5, 16, 坐禅如斯
24852216, 7.5, 16, 观照
2039206, 6.8, 25, 禅在红楼第几层
1038723, 7.2, 19, 名家说禅
1487805, 7.2, 19, 禅悟人生
3877629, 7.6, 15, 探寻生命的真实
2297184, 8.2, 11, 谛观有情
3199173, 8.2, 11, 禅说庄子
1221810, 8.0, 12, 禅宗语言
25837324, 7.8, 13, 六祖坛经笺注
1331444, 7.2, 18, 读禅有智慧
1625155, 6.7, 25, 禅的哲理
2147476, 7.0, 20, 禅之旅
6958235, 7.0, 20, 星云禅语
1547372, 7.6, 14, 禅与诗
3099437, 7.6, 14, 生活问禅
3813657, 8.1, 11, 开大智慧
4098363, 6.6, 26, 缠来禅去
1809169, 7.7, 13, 禅的故事全集
2047870, 6.8, 22, 中国禅宗思想史略
2341157, 7.8, 12, 你可以不怕死
2594985, 7.8, 12, 五灯会元
1284223, 7.6, 13, 禅与中国园林
3679749, 7.6, 13, 爱语的力量
6073219, 5.5, 77, 人，为什么活着
4055824, 6.6, 24, 听林清玄讲禅意
1348639, 7.9, 11, 亚洲的图像世界
1633259, 7.9, 11, 禅道
3213308, 7.9, 11, 照清Q心―U修入T指引
4158167, 6.6, 23, 宋诗与禅
10556894, 7.2, 15, 福报
1052382, 7.8, 11, 禅.生命的微笑
4107863, 7.8, 11, 佛法真实义
1358653, 7.6, 12, _悟第一
6710438, 7.6, 12, 文竹茶话
1726373, 7.3, 14, 禅趣小品
2276807, 6.6, 21, 平常道
4190983, 7.0, 16, 禅宗
1005183, 7.7, 11, 明月藏鹭（上下卷）
1185734, 7.7, 11, 周易禅解
2315542, 7.7, 11, 指如兰花心如莲
7564216, 7.7, 11, 禅定入门
1026983, 7.1, 15, 日莲花开
1944964, 7.9, 10, 止^U修
2153497, 7.9, 10, 茶味U心
4126282, 7.5, 12, 永嘉禅讲座
4322107, 7.5, 12, 宁心
1455087, 7.3, 13, 佛教养生之道
3136308, 7.6, 11, 禅与日本文化
1492885, 7.8, 10, 生活禅
3060831, 7.8, 10, 弓道
4186810, 7.8, 10, 坛经对勘
2262864, 6.9, 16, 红尘中微笑
1649125, 7.0, 15, 禅的故事
24532382, 7.4, 12, 禅宗是什么
6853164, 7.5, 11, 唤出幸福的心经智慧
1012214, 7.7, 10, 禅学与艺境
1288878, 7.7, 10, 青山道场
6100844, 7.3, 12, 东坡禅话
1279395, 7.4, 11, 吃茶养生记
1430911, 7.4, 11, 幸福禅师
10443209, 7.4, 11, 禅宗的故事
2983882, 7.6, 10, 禅宗语录
4731799, 7.6, 10, 顿与渐
1546031, 7.2, 12, 禅与东方文化
1836300, 7.2, 12, 国画与禅/中国画文库
1752628, 7.5, 10, 生命禅-三元色女人的精神之旅
6127800, 7.5, 10, 入门
1731080, 7.4, 10, 一字禅
4886199, 7.4, 10, 少林禅武医精要
1184814, 7.0, 12, 口头禅
2007906, 7.0, 12, 禅与园林艺术
6750527, 7.0, 12, 淡定的人生处处禅
4197794, 6.0, 24, 轻安自在
4920737, 7.3, 10, 禅悟女人花
1046773, 7.1, 11, 茶趣
1584117, 7.1, 11, 就这样
4894619, 7.1, 11, 四季箴言
6121446, 7.1, 11, 清心九书
3038040, 7.2, 10, 心如莲花2
2986571, 7.0, 11, 与佛有缘
1145800, 6.4, 15, 心经与智慧
1415242, 6.9, 11, 禅这东西
1608582, 6.9, 11, 只有自己度自己
1259314, 6.6, 13, 禅诗静思
