2017-01-23 16:17:59
Tag: 科幻小说
The number of books: 945 

ID, rating, votes, title
3066477, 9.2, 74747, 三体Ⅱ
5363767, 9.2, 74162, 三体Ⅲ
2567698, 8.8, 125624, 三体
1192090, 8.7, 24178, 球状闪电
1258490, 9.2, 10261, 基地
1394364, 8.8, 13718, 银河系漫游指南
25829693, 9.0, 9501, 永恒的终结
1258489, 9.3, 5581, 第二基地
1085470, 8.4, 18546, 海底两万里
1258491, 9.2, 5612, 基地与帝国
3266609, 8.8, 9480, 流浪地球
1140727, 8.8, 9377, 安德的游戏
26586492, 8.9, 7699, 火星救援
6518605, 9.3, 3604, 三体全集
1187842, 9.0, 4974, 你一生的故事
1442869, 8.9, 4868, 献给阿尔吉侬的花束
1275608, 8.7, 5877, 神秘岛
2340609, 9.0, 3542, 2001太空漫游
2052049, 9.0, 3465, 海伯利安
1271212, 8.8, 3937, 死者代言人
1772786, 8.6, 4958, 真名实姓
25752955, 9.0, 2842, 来自新世界 （上下）
1146267, 8.8, 3608, 深渊上的火
1161852, 8.2, 8000, 天意
1195590, 8.6, 4426, 带上她的眼睛
10488563, 8.7, 3786, 宇宙尽头的餐馆
1258487, 8.9, 2829, 基地前传1・基地前奏（上下）
26264967, 8.3, 6192, 神们自己
1258488, 9.0, 2374, 基地前传2・迈向基地（上下）
1418437, 8.7, 3255, 安德的影子
3571732, 8.4, 4711, 全频带阻塞干扰
1258485, 8.9, 2365, 基地续集1・基地边缘（上下）
1275907, 8.3, 5213, 八十天环游地球
1399992, 8.9, 2177, 天渊
1481311, 8.7, 2695, 沙丘
10767124, 8.6, 3000, 乡村教师
1258486, 8.8, 2286, 基地续集2・基地与地球（上下）
1204488, 8.4, 3475, 格兰特船长的儿女
2143016, 9.1, 1443, 我，机器人
24538715, 8.6, 2189, 艾比斯之梦
1276032, 8.3, 3244, 地心游记
2350549, 8.8, 1680, 海伯利安的陨落
1140726, 8.2, 3626, 计算中的上帝
1140729, 8.6, 2097, 星船伞兵
1391510, 9.2, 1049, 机器人短篇全集（上下）
3198422, 8.6, 1943, 光明王
3041463, 8.3, 2831, 时间回旋
26210607, 8.4, 2432, 时间移民
24715686, 8.7, 1633, 仿生人会梦见电子羊吗？
1292322, 8.2, 3103, 群星，我的归宿
1865765, 8.5, 2025, 童年的终结
2340610, 8.8, 1382, 2010太空漫游
1391513, 8.9, 1119, 机器人与帝国（上下）
19938026, 8.5, 1771, 生命，宇宙以及一切
4326055, 8.4, 1983, 微纪元
3431718, 8.5, 1694, 卫斯理全集
11511232, 8.9, 1032, 大师的盛宴
1391508, 8.6, 1448, 钢穴
3636385, 7.6, 5864, 超新星纪元
6744648, 8.8, 1085, 与拉玛相会
3266663, 8.2, 2254, 魔鬼积木・白垩纪往事
3290026, 8.7, 1181, 火星编年史
24715669, 8.9, 945, 少数派报告
4903437, 8.9, 939, 趁生命气息逗留
4245620, 8.4, 1656, 时光尽头
26295450, 8.7, 1138, 软件体的生命周期
20279665, 9.2, 661, “太空漫游”四部曲
20470849, 8.3, 1789, 神的九十亿个名字
11597373, 8.5, 1353, 爱的算法
1512245, 9.1, 700, 海底两万里
3322928, 8.7, 1043, 基本上无害
24107596, 8.0, 2464, 神经漫游者
1440243, 8.7, 1016, 索拉里斯星
1182890, 8.4, 1417, 严厉的月亮
1391511, 8.7, 977, 曙光中的机器人（上下）
1075245, 8.8, 849, 蚂蚁
1422237, 8.7, 886, 蚂蚁革命
2310062, 8.3, 1356, 大角快跑
6120501, 7.4, 5055, 中国式青春
2064684, 8.3, 1310, 迟暮鸟语
3747044, 8.9, 649, 一无所有
1321790, 8.1, 1636, 华氏451
2064688, 8.3, 1255, 异乡异客
26280924, 8.4, 1098, 看海的人
10763170, 8.5, 946, 发条女孩
1417484, 8.4, 1052, 恐龙文明三部曲
26046043, 8.3, 1175, 人类灭绝
1316584, 8.7, 743, 玩具修理者
3774646, 8.2, 1318, 平面国
25941891, 8.5, 918, 安迪密恩
12404751, 8.6, 819, 遥远地球之歌
21690283, 8.2, 1297, 再会，谢谢所有的鱼
1140728, 8.6, 810, 索拉利斯星・K星异客
2042631, 7.9, 1899, 弗兰肯斯坦
4720666, 8.5, 883, 图夫航行记
3816883, 8.3, 1115, 黑暗的左手
26210632, 8.1, 1414, 2018
1525866, 8.9, 569, 蚂蚁时代
1734009, 8.5, 847, 沙丘之子
1462652, 8.0, 1511, 光晕
1130892, 8.7, 660, 幽灵5号
1159012, 8.5, 813, 浪漫服务公司
6779980, 7.4, 3527, 天命
2049339, 8.3, 963, 变化的位面
3284411, 8.2, 1071, 头发
5038509, 8.5, 751, 倒带人生
1146266, 8.0, 1371, 被毁灭的人
1083032, 8.1, 1191, 气球上的五星期
1665390, 8.0, 1291, 银河系公民
25941893, 8.3, 855, 安迪密恩的觉醒
1427340, 8.3, 845, 贵族们的游戏
1498764, 8.3, 835, 沙丘救世主
1906155, 8.5, 665, 爱因斯坦赤道
1107026, 9.1, 361, 凡尔纳科幻故事精选
1439017, 8.2, 913, 进入盛夏之门
1082294, 8.2, 910, 卫斯理作品集
26413155, 8.7, 520, 星际穿越
24944340, 8.5, 639, 尤比克
2039548, 8.1, 998, 从地球到月球
24935042, 7.4, 2544, 时间之墟
1157681, 8.0, 1078, 外星屠异
1187843, 8.4, 665, 星丛
10608453, 8.7, 477, 盲视
2340613, 8.1, 918, 2061太空漫游
6265750, 7.2, 3377, 三体X
1842256, 9.2, 298, 儒勒・凡尔纳小说作品选集
3816895, 8.1, 903, 雪崩
25808977, 8.4, 637, 全息玫瑰碎片
6151679, 8.5, 572, 人生不相见
1310155, 8.1, 895, 莱博维茨的赞歌
25886175, 7.8, 1225, 星际迷航-红衫
4832901, 7.8, 1218, 白垩纪往事
4834737, 9.2, 272, 最後的} : 西方短篇科幻小f精x
3262395, 7.8, 1182, 垂暮之战
2340615, 8.1, 803, 3001太空漫游
3021566, 7.9, 1028, 我是传奇
3201836, 7.9, 1027, 寻梦
26389895, 9.4, 225, 银河帝国：基地七部曲
2972992, 8.1, 783, 时间足够你爱
26394800, 8.4, 543, 侏罗纪公园
4814392, 8.0, 848, 光逝
22606919, 7.8, 1057, 高城堡里的人
1758746, 7.9, 906, 苍穹微石
1427322, 8.4, 508, 战争学徒
1462658, 7.9, 893, 光晕
1878074, 8.1, 697, 重力使命
2215240, 8.2, 617, 机器岛（上下）
1754788, 8.1, 692, 星空暗流
1198312, 8.0, 776, 红色海洋
1465602, 8.1, 660, 七重外壳
25736982, 9.4, 192, 菲利普・迪克作品集（全5册）
24843834, 7.5, 1411, 羊毛战记
1900903, 9.3, 206, 阿西莫夫科幻小说
1394964, 7.9, 810, 眼睛
1982007, 8.8, 309, マイナス?ゼロ
3812309, 7.3, 1845, 穿越时空的少女
1762288, 7.8, 892, 繁星若尘
3607224, 8.5, 402, 实时放逐
1959340, 8.3, 485, 时间机器（中英双语）
1760893, 7.6, 1115, 钻石花
25917727, 8.8, 292, 神秘博士：沙达
3338894, 8.0, 664, 木炭
1771379, 7.8, 845, 三尖树时代
24944354, 8.3, 463, 流吧！我的眼泪
26807576, 8.4, 416, 赡养人类
25816893, 8.1, 572, 微宇宙的上帝
25839522, 8.7, 309, 银河系搭车客指南（5部曲）
1125417, 7.8, 811, 日暮
26392016, 7.7, 915, 未来边缘
1385563, 7.3, 1565, {血人
1085533, 8.3, 438, 时震
1394307, 7.9, 676, 玩具
24840349, 8.2, 476, 幽灵舰队
5391812, 7.8, 746, 风港
1125416, 7.9, 658, 比你想像的更黑暗
1469242, 7.5, 1095, 日本沉没
1980793, 8.5, 340, 王晋康科幻小说精选（全4册）
5063541, 7.9, 644, 卡勒米安墓场
1427341, 8.5, 337, 镜舞
6885709, 8.0, 555, 未来闪影
3601195, 7.9, 623, 彩虹尽头
1675986, 7.7, 780, 双星
1427342, 8.6, 292, 记忆
5395151, 8.2, 432, 副本
5395149, 8.0, 536, 宇宙过河卒
1385564, 7.6, 870, 老
3201833, 7.6, 863, 卫斯理与白素
1162566, 8.3, 381, 终极实验
26779789, 8.8, 237, 安德的游戏・三部曲
2215336, 8.4, 342, 太阳系历险记
1473070, 7.8, 662, 活俑
3105462, 8.6, 277, 接触
1187844, 7.7, 732, 傀儡主人
2146031, 9.2, 167, 科幻世界文库（全六册）
1473332, 7.9, 568, 星际争霸
3316279, 7.8, 639, 极刑
24153098, 7.5, 922, 差分机
1767300, 7.6, 796, 寄生前夜
1903743, 8.7, 235, 无尽的边界
5336223, 7.0, 1834, 地铁
10864154, 8.3, 339, 刘慈欣卷：天使时代
11605558, 8.2, 374, 六道众生
25875270, 7.6, 739, 生命不息
26108260, 8.4, 299, 思维的形状
3607222, 8.4, 298, 弗诺・文奇科幻小说集
2231708, 7.5, 827, 掉线-星云VI
2226288, 7.3, 1068, 蚁生
4885073, 8.2, 351, 脸上的门，口中的灯
11498196, 7.9, 485, 黑暗的速度
1903736, 8.6, 234, 西塔甘达
1262143, 8.1, 376, 失落的世界
1898194, 8.5, 253, 外交豁免权
1133486, 7.7, 591, 反物质飞船
10570091, 8.4, 277, 天堂的喷泉
25853088, 8.0, 407, 美丽之星
3244055, 7.9, 447, 群
26590999, 8.0, 400, 伤心者
1204485, 8.0, 399, 蓓根的五亿法郎
3212670, 7.6, 628, 支离人
1462657, 7.3, 933, 光晕
1762956, 7.3, 925, 星云III-基因战争
1125282, 7.4, 795, 魔鬼积木
1828151, 7.6, 597, 影子
3448653, 7.3, 890, 十字
1262148, 8.2, 303, 神秘之球
26722307, 7.9, 415, 暗夜独行客
1919185, 8.3, 273, 绿野
25832600, 8.1, 329, 冬至草
26389897, 9.6, 96, 银河帝国：机器人五部曲
3025252, 8.7, 186, 明争暗斗
3212654, 7.4, 740, 地底奇人
1812047, 8.2, 292, 宇宙墓碑
3346426, 9.2, 125, 战斗妖精雪风
20501664, 7.7, 497, 荒潮
3338893, 7.8, 439, 茫点
1394304, 7.5, 627, M惑
3699382, 7.9, 379, 灵魂之井的午夜
1894978, 8.4, 228, 科玛
4814391, 8.8, 161, 经典的真身
25978738, 8.8, 161, 机器人大师
3212663, 7.7, 471, 回归悲剧
1394306, 7.6, 529, 第二N人
5966315, 9.2, 118, 呼吸--宇宙的毁灭
3224604, 7.5, 593, 沉船
1941049, 8.5, 204, 地火
3025244, 8.3, 245, 贝拉亚
10580817, 8.8, 156, 大法
2238100, 7.9, 361, 西班牙乞丐
6127328, 8.1, 289, 达尔文陷阱
1394303, 7.5, 570, 透明光
12444402, 8.6, 181, 当人类决战机器人2：海伯利安完结篇
26767242, 8.4, 215, 亲爱的阿道夫
11597370, 8.5, 196, 陶偶
6789608, 8.1, 283, 濒死的地球
26791407, 6.5, 2659, 孤独深处
4025049, 7.8, 383, 末日之书
1157682, 7.8, 381, 达尔文电波
1105023, 8.6, 173, 卫斯理作品集第二辑（全19册）
1081327, 8.7, 159, 两年假期
1928824, 8.1, 273, 地球上的绿色山丘
10570096, 8.4, 204, 城市与群星
2073038, 7.5, 529, I墓
5939400, 7.8, 368, 猎梦人
1081100, 7.6, 463, 当恐龙遇上蚂蚁
23012689, 9.0, 122, 37
10750284, 9.6, 81, 哈尔罗杰历险记典藏全集
25729093, 8.2, 238, 中国太阳
1394305, 7.6, 450, 真空密室之i
20516305, 8.4, 195, 复眼人
10570094, 8.5, 177, 月海沉船
1394302, 7.5, 497, 天
1843252, 8.3, 211, 生命之歌
4011684, 8.1, 255, 出卖月亮的人
3025254, 8.4, 192, 兄弟手足
4720669, 7.8, 348, 废园天使
3684655, 7.7, 387, 不朽
3684656, 7.5, 482, 环形世界
3607228, 7.8, 337, 为和平而战
3736884, 7.9, 297, 云武士
1275594, 8.0, 266, 十五岁的船长
2393732, 8.5, 165, The Land of Laughs
19977751, 8.5, 165, 图案人
6311231, 7.6, 402, 神的平衡器
25977518, 8.0, 259, 和谐
3805978, 9.3, 89, The Last Question (When the World Ends)
3284413, 7.2, 659, 不死药
1797579, 7.8, 314, 环绕月球
26638272, 7.2, 651, 天年
1437670, 7.8, 312, 星际驿站
2092018, 8.3, 189, 游戏时代
1478808, 7.4, 489, 神仙
4114611, 9.0, 106, 凡尔纳科幻经典 4 部曲（全四册 ）
1101631, 8.6, 142, 寻找人类
25767894, 8.2, 200, 武器浮生录
25977519, 7.7, 331, 屠杀器官
2255448, 9.6, 70, 世界科幻名著故事 4
26895400, 9.2, 90, 镜像人之末世如你
1766771, 7.5, 414, 迷藏
1477999, 8.0, 239, 黄泉归来
26652880, 7.4, 462, 遗落的南境1：湮灭
2974126, 7.7, 324, 不锈钢老鼠的诞生、不锈钢老鼠参军记
1418145, 8.2, 194, 太空堡垒・麦克罗斯传奇（全三卷）
26617142, 8.4, 162, 最后的猎巫人
10593893, 7.6, 357, 秘境之匣
25900689, 8.6, 136, 新日之书（全4册）
1422124, 7.2, 585, 妖火
2329289, 7.5, 397, 孤儿远征军
3212657, 7.5, 397, 真菌之毁灭
24751065, 8.2, 190, 人性分解
26658900, 8.5, 146, 镜子
25722933, 7.8, 281, 穹顶之下（上下）
4027244, 8.3, 170, 玛士撒拉之子
26534892, 8.2, 184, 未来的序曲
4202105, 7.7, 300, 星云7
2079387, 8.3, 165, 猿猴世界
3136230, 7.7, 294, 红火星（全两册）
1858901, 7.2, 537, 谱
2984536, 7.8, 262, 不锈钢老鼠的宇宙冒险：不锈钢老鼠复仇记、不锈钢老鼠拯救世界
1494206, 7.1, 611, 奇门
1400987, 7.4, 412, 月亮孩子
1937240, 7.2, 522, 星云Ⅴ：格兰格尔5号
2721400, 8.1, 190, 黑色佣兵团
21724366, 8.3, 158, 安德的流亡
25898111, 8.1, 188, 伪人2075
11612052, 8.3, 155, 路边野餐
1478812, 7.2, 504, 狐
26257217, 8.0, 203, The Fantasies of Robert A. Heinlein
2334035, 7.9, 223, 火星公主
1830149, 7.3, 433, 犀照
4025048, 7.8, 242, 阿努比斯之门
3338898, 7.1, 556, 笔友
6953076, 7.7, 267, 流浪地球
1874455, 6.8, 857, 星云IV-深瞳
3012342, 8.3, 149, 木乃伊七号
1065102, 8.3, 146, 鲵鱼之乱
1478811, 7.1, 534, 
1479951, 7.2, 467, 千年战争
3483140, 7.6, 285, Ten&#39; Gegemona
4221572, 7.6, 285, 谋杀先生
1819595, 7.3, 405, 洞天
3881746, 7.5, 315, 事关良心
1394072, 8.6, 111, 星M曲
26789635, 8.5, 120, 殡葬人的秘密
1547153, 7.1, 509, 仙境
3427906, 9.1, 77, 隐形人/神秘的雪球/老宅惊魂/复活的冷冻人/疯狂的医生/诡秘地带
1096528, 7.4, 346, 拉格朗日墓场
1132947, 8.7, 101, 中国科幻小说精品集
24853106, 8.2, 151, 利维坦号战记Ⅰ――飞越阿尔卑斯
1060448, 7.2, 436, 类人
20470853, 7.4, 340, 地光
11597324, 7.6, 270, 游戏玩家
26364303, 7.6, 265, 亚特兰蒂斯：基因战争
26309770, 8.1, 161, 杀敌算法
1851590, 7.5, 296, 背叛
6845575, 7.0, 548, 与吾同在
5385399, 7.2, 419, 地铁2033
6827865, 7.1, 472, 火星照耀美国
3417499, 7.7, 231, 原始人类
26787943, 8.3, 130, 消失的殖民星球
3316250, 7.5, 283, 探险
2214360, 8.8, 88, 1分钟小说选.续集
24739619, 7.7, 224, 飞翔吧！大清帝国
1978382, 9.4, 59, 世界科幻名著故事 1
2130000, 7.8, 201, 生死平衡
26657597, 8.7, 93, 人和吞食者
1262146, 7.8, 199, 猎物
1518600, 8.0, 164, 星际争霸
1931099, 9.1, 70, 凡尔纳海洋科幻三部曲
26656291, 8.4, 115, 上帝的图书馆
6744650, 7.7, 217, 拉玛2号
24699423, 8.2, 135, 撒旦之锤
1133487, 7.2, 382, 黑太阳
6913384, 8.8, 84, 海底两万里
1276542, 8.0, 159, 漂逝的半岛
1484124, 6.9, 559, 地心洪t
26328513, 7.7, 211, 零伯爵
1547144, 7.1, 418, 律
3338897, 7.3, 325, 地图
6789610, 7.6, 230, 银河之心・天垂日暮
6744667, 7.9, 170, 拉玛真相
2982636, 7.8, 186, 不锈钢老鼠的宇宙冒险：不锈钢老鼠高唱蓝调、不锈钢老鼠落入法网
1419911, 7.3, 320, 血咒
5355647, 7.8, 185, 0000年的母系氏族
11519001, 7.3, 313, 末日爱国者
26261589, 8.2, 125, 上帝眼中的微尘
1485476, 7.0, 450, 擦种神
10827885, 7.0, 443, 古老的地球之歌
1027184, 7.7, 195, 隐身人
26372813, 8.5, 96, 帕莫・艾德里奇的三处圣痕
26613044, 8.1, 133, 亚特兰蒂斯2：末日病毒
11503109, 7.5, 239, 关妖精的瓶子
26735084, 8.3, 111, 亚特兰蒂斯3：美丽新世界
1099338, 7.6, 211, 星球大战前传1
2255434, 9.3, 55, 世界科幻名著故事 3
26834592, 8.7, 81, 夏日遇见狄更斯
2266123, 9.1, 62, 中外科幻小说大观
26389898, 9.1, 62, 银河帝国：帝国三部曲
26579776, 8.5, 93, 基里尼亚加
1847803, 7.0, 420, t月亮
2080163, 7.3, 285, U墟
1389912, 8.4, 99, 水陆两栖人
1478796, 6.9, 472, 蜂
1846745, 7.1, 361, Q^
5299230, 7.2, 315, 意外的时间机器
1211320, 9.0, 64, 2001年度中国最佳科幻小说集
26648648, 8.8, 73, 起风之城
2382245, 8.6, 84, 跨越三维空间
3284408, 7.0, 404, 鬼子
1389911, 7.9, 148, 道尔教授的头颅
26598144, 8.7, 77, 再生砖
3316270, 7.4, 243, 继续探险
2214018, 8.1, 122, 帝国反击战
2215376, 7.9, 144, 桑道夫伯爵（上下）
26437740, 8.2, 110, 梦之海
3552454, 8.3, 101, 蓝火星（全两册）
5990493, 7.3, 264, 流浪玛厄斯
4178272, 7.5, 210, 奇点天空
20385477, 7.1, 333, 2037化学笔记
6742582, 7.3, 260, 替天行道
25725500, 7.5, 208, 虚拟偶像爱朵露
24853110, 8.4, 92, 利维坦号战记Ⅱ――伊斯坦布尔大炮
25789151, 7.6, 186, 刘慈欣谈科幻
2303070, 7.1, 326, 多了一个
2376987, 7.5, 205, 提升之战
1790565, 6.9, 420, 地球杀场
1262145, 7.6, 183, 刚果惊魂
1830124, 7.4, 225, 荆棘
2073018, 7.2, 278, 命\
3316273, 7.2, 278, 烈火女
3321773, 7.0, 357, 访客
3736875, 7.7, 161, 第一家族
24737061, 7.8, 146, 猎人行
2065913, 8.5, 81, 魔鬼三角与UFO
1413219, 7.3, 242, 豹人
4140460, 7.6, 173, 棱镜
3195504, 8.4, 86, 星际旅行
5283337, 8.4, 86, 新幻界壹周年精选集
1546477, 7.5, 191, 重返中世纪
1984182, 8.3, 92, 追踪流浪星
1547136, 6.7, 511, 少年l斯理
3417464, 8.0, 117, 绿火星（全二册）
10732280, 7.5, 188, 时间旋涡
6744652, 7.6, 169, 拉玛迷境
2238108, 7.7, 153, 乞丐与选民
26435482, 7.5, 187, 博物馆行星
11593632, 7.3, 232, X髓工S
3243662, 8.4, 84, 泰坦尼 01
6791953, 8.2, 98, 80天环游世界
26819478, 8.2, 98, 背叛之星
26748185, 7.3, 230, 火星崛起
1034605, 8.3, 90, 穿梭时空三千年
1978379, 9.2, 49, 世界科幻名著故事 2
2014271, 9.0, 55, 星之海洋
2085131, 8.2, 96, 星云
1478810, 7.2, 253, 原子空g
1643596, 7.4, 201, 隐身新娘
7051742, 7.8, 134, 薄码
10529105, 7.3, 223, 质量效应 第1卷
5299384, 8.0, 112, 末日奇点
2127090, 7.5, 179, 倾诉
4193803, 7.6, 161, 长生界6・诸神之劫
5355324, 7.0, 317, 时间轴
2159556, 7.4, 198, 星际迷航
1385562, 7.1, 278, 年g
2038408, 7.5, 176, 烽火岛
3625411, 7.8, 131, 飞城
10527069, 8.3, 86, 水星播种
26783042, 8.5, 74, 天贼
26596367, 8.0, 109, 完美末日
2015991, 8.7, 64, 星之海洋
4025047, 7.7, 142, 飞向火星
4219143, 8.0, 108, 守护神
26283241, 7.2, 239, 光与暗的生灵
2079391, 8.1, 99, 失去的世界
6851610, 7.2, 237, 终极爆炸
24741573, 7.3, 211, 中国科幻大片
3173077, 8.6, 67, 不速之客
25831055, 7.0, 295, 逃出母宇宙
25938033, 8.7, 62, 激荡太平洋
1264095, 8.9, 54, 星际罪恶
2311357, 7.4, 183, 双程
1151134, 8.3, 81, 魔法动物园
1646376, 8.7, 61, 海底乐园
1397818, 8.6, 65, 彩图科幻百科
1732994, 8.3, 80, 威尔斯科幻经典
3581945, 7.3, 199, 生化危机官方小说1
2982279, 9.7, 34, 20世纪世界儿童文学名著精粹
5941480, 8.2, 86, 地球以外的文明世界
1212471, 8.7, 60, 2002中国年度最佳科幻小说
26417638, 7.6, 145, 未来病史
2045521, 7.8, 120, 绿魔街
1419916, 7.3, 197, 狐
1044309, 8.9, 52, 神奇蚂蚁
26673252, 8.2, 84, 致命拜访
1851591, 7.1, 242, 毒誓
3338895, 7.1, 240, 鬼混
2363135, 6.8, 349, 米与盐的年代
11529448, 7.4, 169, 一秒之后
26923036, 9.1, 45, 超脑：地库
26649737, 9.5, 36, 中国科幻年度坐标
2918997, 7.7, 124, 中国科幻小说年选
3437175, 7.1, 232, 风水
24538717, 7.3, 183, 毁灭之城：地球碎块
1840517, 7.2, 203, 狼毒
26599027, 7.8, 111, 鲸歌
1089069, 8.0, 93, 天火
1962348, 8.2, 79, 宇宙云雀号
3736886, 7.6, 132, 铁大师
3243666, 8.4, 68, 泰坦尼 03
2238109, 7.5, 144, 乞丐的愿望
26389399, 7.9, 99, 离线・科幻
26675529, 8.0, 91, 爱因斯坦与上海神秘人
2215211, 7.8, 107, 昂蒂费尔师傅奇遇记（上下）
2213247, 7.9, 98, 征服者罗比尔
2256024, 7.3, 173, 人是太空人的试验品
1463576, 8.3, 71, 科幻之路（第一卷）
1391942, 8.4, 66, 地下怪兽
11516839, 7.8, 106, 瘟疫
1144834, 8.0, 89, 2001年度美国最佳科幻小说选
2138807, 7.0, 240, 追
26805833, 8.2, 75, 时间深渊
1213917, 9.0, 44, 2002年度中国最佳科幻小说集
22994260, 7.6, 124, 天空的孩子
4906805, 9.2, 39, 星界的y章 1
10765750, 7.0, 233, 去年是个好年吧
6893336, 7.1, 206, 时间中的侦探
24853111, 8.0, 86, 利维坦号战记Ⅲ――直到世界尽头
26874330, 7.4, 148, 脑洞W
3559343, 8.6, 55, 高塔下的小镇
2025946, 7.1, 202, 地球龙骨
24529566, 7.5, 132, 发条人偶
26303961, 7.7, 109, 星际掠食
1687846, 7.4, 145, 世界大战
26609776, 8.9, 45, 最糟的宇宙，最好的地球
25982711, 7.4, 144, 玩家一号
1544855, 7.9, 90, 太空堡垒・南十字军（上下）
1948618, 8.2, 71, 小灵通再游未来
1441006, 8.8, 47, 太阳的金色苹果
1337295, 8.7, 50, 科幻之路（第四卷）
1066881, 8.9, 44, 冰狱之火
26265743, 8.6, 53, 蒲公英女孩
3257746, 8.4, 59, 太阳舞
1484125, 6.7, 305, 新年
11531717, 7.5, 122, 回到卡戎
3105145, 7.6, 111, 冲击参数
5399594, 9.2, 36, 凡尔纳科幻三部曲
25886180, 7.6, 109, 血音乐
4884834, 7.7, 99, 斯通一家闯太空
26590998, 8.0, 77, 汪洋战争
2281755, 8.1, 71, 九个明天
2325847, 9.0, 39, “小溜溜”溜了
3105498, 7.5, 116, 太空序曲
2154667, 8.7, 46, 丢了鼻子以后
2010064, 8.8, 43, 星之海洋
1084367, 7.3, 139, 夜翼
1928831, 7.1, 170, 星际归途
4882000, 7.2, 152, 太阳篡夺者
1082431, 8.0, 73, 蝎子之屋
1032763, 8.5, 51, 心灵探险
2137525, 7.8, 85, Tik-Tok
10529104, 7.3, 133, 质量效应 第3卷
2375885, 8.3, 57, Nemesis
10529103, 7.2, 146, 质量效应 第2卷
5968456, 7.5, 106, Threats and Other Promises
2033120, 8.9, 38, 八十天环游地球
1998979, 7.7, 87, 丑人
3736885, 7.7, 87, 血河
26639957, 7.8, 79, 第十一站
2311396, 7.1, 152, 转世暗号
3257744, 8.4, 50, 半人半鱼之神
2239767, 8.8, 39, The Merchant and the Alchemist&#39;s Gate
2281990, 7.8, 77, 奇妙的航程
4906807, 9.4, 28, 星界的y章 3
26815439, 8.2, 56, 芯存者
1195589, 7.5, 98, 善恶女神
2044425, 8.3, 52, 地下世界历险记
26769989, 7.7, 82, 第五维度
1000689, 8.0, 64, 城 科幻三部曲
26210606, 7.9, 69, 血钱博士
26579518, 6.8, 203, 虫子的世界
3581956, 7.4, 105, 生化危机官方小说3
3058360, 8.0, 63, 乔治开启宇宙的秘密钥匙
5395152, 7.3, 114, 太阳潜入者
3438541, 8.7, 39, 复活节岛上的海神梦
1216125, 8.0, 62, 2003中国年度最佳科幻小说
1275624, 8.1, 57, 走进灵光
11607281, 6.6, 249, 高铁
26303964, 7.6, 84, 泰坦棋手
25751308, 7.7, 77, 安德的礼物
1482728, 8.5, 43, 台湾科幻小说大全
1144833, 7.8, 69, 2000年度美国最佳科幻小说选
20440076, 8.0, 59, 死亡空间
5988701, 7.4, 97, 三日而亡
1023059, 7.6, 81, 千万别在奶奶家生病
2130127, 7.1, 130, 永远的和平
1328629, 7.5, 88, 多瑙河领航员
26393342, 8.1, 54, 24格每秒天堂
24899768, 7.5, 87, 银河之心-暗黑深渊
21123464, 9.0, 31, Doctor Who
25886158, 7.4, 95, 时砂之王
4067694, 6.7, 202, 神狩
6861508, 7.1, 126, 生命之歌
1037802, 7.6, 78, 20世纪末10年中国科幻小说精品选
2021451, 7.4, 93, 珊瑚岛上的死光
2267258, 8.6, 38, Making Money (Discworld Novels)
24380530, 8.6, 38, 黑质三部曲
4906806, 9.2, 27, 星界的y章 2
26708572, 8.2, 48, 蝴蝶
1981049, 8.4, 42, 瓦格纳教授的发明
2045505, 8.0, 55, 头颅里的宝石
5355496, 7.8, 63, 新幻界・镜像
1840521, 7.6, 74, 太空商人
26369906, 8.0, 54, 独唱者
1930421, 7.9, 58, 太空堡垒・新生一代（上下）
1009006, 8.1, 50, 卫斯理科幻系列连环画
1027623, 8.1, 50, 龙族秘录（上、下）
3257738, 8.1, 50, 过眼烟云
26591916, 7.6, 73, 时间狂想故事集
2311431, 6.9, 144, 招魂
1498844, 7.7, 67, 食尸者
2031656, 8.6, 36, I Have No Mouth
26768311, 8.6, 36, 量子窃贼
4025046, 7.2, 104, 神秘失踪的太空船
2371987, 8.3, 43, 当代美国科幻小说选
2308371, 7.7, 66, 原振侠-科幻系列作品集(全三册)(特价)
5915938, 7.6, 71, 2010年度中国最佳科幻小说集
6806490, 7.9, 56, 星旅人
1055432, 8.0, 52, 幻觉
1597085, 8.0, 52, 星潮闪电
25865762, 8.0, 52, 无人区
10179776, 8.2, 45, Around the World in 80 Days
25833222, 8.0, 51, 寻找杰克
2157213, 8.4, 39, 飞人阿里埃尔
26575663, 7.4, 82, 起点人
1805032, 8.8, 30, 明天开始永恒
21903841, 7.1, 105, 异海2
5968452, 7.4, 78, The Year&#39;s Best Science Fiction
1228253, 8.5, 35, 世界主宰
26739275, 8.6, 33, 6号泵
19967238, 8.9, 28, 记忆之囚
1830312, 8.2, 42, Farenheit 451
24866010, 8.2, 42, 地下室狗头
26352268, 7.7, 60, 倒数第二个真相
1781278, 7.6, 65, 祸匣打开之后
2311354, 7.0, 113, 洪荒
1757625, 7.8, 55, 魔鬼出租车
26320237, 7.8, 55, 苍穹浩瀚1：利维坦觉醒（上、下）
25729106, 7.4, 76, 永世
3581972, 7.3, 83, 生化危机官方小说5
24743062, 7.7, 59, 大机器停止
5953931, 7.2, 91, 耶稣录影带
26791402, 7.1, 100, 去远方
3021844, 8.2, 41, 我们在虚梦中倾听月色
2672677, 7.9, 50, End of An Era
7051734, 7.9, 50, 麦田里的中国王子
1984275, 7.7, 58, 外星来客
3105487, 7.1, 97, 时间景象
1994541, 8.2, 40, 外星人
3025537, 8.2, 40, 太空神曲
6120021, 7.4, 73, 星潮
4087321, 9.3, 22, 毁灭之城
20382319, 9.4, 21, 基地c帝 (o念衣版)
25976333, 7.2, 87, 环太平洋
1059633, 8.5, 33, 倾听者
4850811, 7.5, 65, 人类
10773829, 6.9, 114, 癌人
1286203, 7.7, 55, 蟑螂蟑螂死光光
1315609, 7.0, 102, 终端人
2007046, 8.5, 32, 死亡星球的复活
1070385, 7.9, 47, 绘图科幻精品丛书（第三辑）--冷酷的方程式
3121146, 8.3, 36, 封神时光英豪
2311344, 6.8, 125, 暗号之二
25769543, 8.6, 30, 中国科幻银河奖作品精选集⑥
2125018, 7.2, 82, 基因的秘密
1765132, 9.3, 21, 外国现代科学幻想小说
1328426, 9.1, 23, 气球上的五星期
2334037, 8.0, 43, 机器服务人
1012873, 7.9, 46, 阿尔法卫星上的家族
5326885, 7.9, 46, 黑暗之劫
2044405, 7.5, 62, 海王星上来的人
6946594, 7.5, 62, 红蚀
2003841, 8.3, 35, 网络游戏联军
1499104, 7.9, 45, 2004中国年度科幻小说
1088791, 7.7, 52, 大暴光
26672867, 8.8, 26, 烈火的召唤
19957024, 7.6, 55, 湿婆之舞
25981959, 7.6, 55, 土狼星
3581959, 7.1, 85, 生化危机官方小说4
2787349, 8.7, 27, Blue Blood
3077647, 9.0, 23, 诱骗
2081967, 8.1, 38, 雪山魔笛
24751042, 7.1, 83, 触发
6710396, 8.6, 28, 阿西莫夫科幻精品集（上下册）
7067949, 7.4, 63, 2011年度中国最佳科幻小说集
26306661, 7.0, 91, 刺客信条：黑旗
26261842, 8.3, 33, EVE星战前夜之寰宇时代
1070914, 8.2, 35, 遮蔽的眼睛
26579509, 6.9, 100, 2.5次世界大战
4178129, 6.9, 99, 行星舰队
1090851, 7.2, 73, 天网的坠落
1161971, 7.0, 88, 异尘余生
25886156, 7.0, 87, 拆船工
26266465, 7.6, 51, 末日邮差
2311401, 6.6, 133, 运气
2248890, 7.1, 78, 12类悬幻
10491301, 8.5, 28, 逃离岛 2
1958832, 8.7, 25, Ghosts of Onyx (Halo)
1340526, 7.5, 54, 美国最佳科幻小说年度选 第20辑（上、下）
3250743, 8.1, 35, 时光永驻
26833837, 7.5, 53, 遗落的南境（三部曲）
26372879, 7.3, 62, 分歧者4・分歧者外传
1325824, 7.7, 45, E.T.外星人
3447880, 8.5, 27, 泄密之谜
4211038, 6.9, 89, 绿光
3025531, 8.3, 30, 最后一个大西洲人
26790752, 8.3, 30, 第六大陆
3124069, 7.0, 80, 死城
3037408, 8.0, 36, 古庙奇人
3012334, 7.8, 41, 双脑人
1734010, 7.7, 44, 美国最佳科幻小说年度选（第17辑）
2379789, 7.8, 40, 目标星座
1849703, 7.9, 37, 私人侦探
21267009, 7.9, 37, 2012年度中国最佳科幻小说集
1488528, 7.2, 63, 莫罗博士的岛
1393430, 6.6, 115, 冰柱之谜
2301644, 6.8, 92, 孤儿的宿命
1438923, 8.7, 23, The Diamond Age
24869464, 7.7, 42, 碎片之岛
25858923, 8.0, 34, 上帝之速Ⅰ
3390300, 6.5, 127, 异星人
26312151, 7.9, 36, 云端杀机
3120924, 8.3, 28, 东周时光英豪
26918931, 8.3, 28, 彼得兔
6013396, 7.3, 56, 古箭计划
25839513, 7.3, 56, 机器人启示录
3581977, 7.0, 73, 生化危机官方小说7
21668129, 6.8, 89, 镜中千年
25977531, 7.1, 66, 艾达
1044061, 7.5, 47, 进化中的宇宙
3105601, 7.0, 72, 入海之门
1028183, 8.0, 33, 琼斯缔造的世界
1036876, 8.0, 33, 冰原迷踪
1156585, 7.1, 65, 美国年度最佳科幻小说集.2003
4906811, 8.8, 21, 星界的鹌 4
26336023, 6.7, 96, 时空平移
1172129, 8.7, 22, 章鱼的眼睛
5909707, 7.2, 59, 皮尔兰德拉星
2311378, 6.5, 119, 爆炸
25943459, 7.4, 49, 猩球崛起：黎明之战
26768315, 8.5, 24, 银河之心・逐影追光
1065993, 7.7, 39, 星舰英雄传说
1282956, 7.0, 68, 独立日
1491605, 7.4, 48, 2005中国年度科幻小说
1512329, 6.5, 113, 玄幻系列之-诸神之战
6127330, 6.8, 81, 蚁巢里的甲虫
3390203, 6.6, 100, 潮汐站
10789678, 7.3, 51, 时光闪电
2311329, 6.6, 99, 未来身份
1018601, 7.6, 40, 星座时空：惑星世纪
1010330, 8.2, 27, 地球使命（7）-复仇之旅
3521290, 7.0, 65, 美国年度最佳科幻小说集
3609477, 6.7, 87, 巫艳
2120982, 7.0, 64, 无尽长河的尽头
1993122, 7.8, 34, West of Eden
25923150, 8.1, 28, 寻找时间的边缘
6793886, 6.7, 85, 人形软件1灵魂上载
1526894, 6.6, 94, 妖魔古墓
19989187, 8.6, 21, 儒勒・凡尔纳科幻探险系列
10773867, 7.1, 56, 质量效应1-3套装
2052403, 6.8, 74, 原振b髌嬷天人
26701966, 7.0, 61, 地球百子 1
1056874, 7.7, 35, 通向宇宙之门
10797498, 7.0, 60, 豹人
26680679, 6.8, 72, 银带
4832926, 7.3, 46, 解咒人
1020963, 7.7, 34, 追赶流星
26596709, 7.5, 39, 移动火星
5254544, 6.9, 64, 解密2012
26785623, 6.9, 64, 遗落的南境2：当权者
3075182, 7.2, 49, 星际桥梁
26317874, 6.6, 85, 尘埃记
3110158, 7.8, 31, 格列佛游记
25957889, 7.2, 48, 《分歧者》三部曲
1002131, 7.5, 38, 绘图科幻精品丛书（第三辑）--记忆公司
25948809, 6.6, 84, 密道追踪
25904917, 7.6, 35, 消失的城镇
1088517, 6.3, 117, 玄幻系列之-光神
26337001, 7.1, 51, 死者简史
2076130, 7.8, 30, 消失的星期天
3704491, 7.8, 30, 冰岛怪兽
10828410, 7.4, 39, 时间的地图
1000999, 7.2, 45, 科幻爱好者手册
3389245, 7.7, 31, Little Brother
20412100, 7.7, 31, 星海征程
1644109, 8.1, 24, 威尔斯科幻小说全集
25787761, 7.5, 35, 希特勒的诅咒
2158783, 8.4, 20, Broken Angels
1622993, 7.5, 34, 时空死结
2374797, 5.8, 209, 喀迈拉的世界
23011180, 6.9, 54, 阿英格姆
26695803, 7.5, 33, 去死的漫漫旅途
2248265, 8.0, 24, 天城・海城
10554700, 6.6, 69, 生死平衡
3376747, 8.2, 21, 统治者的游戏
1208723, 7.2, 40, 黑暗中的另一半――中外科幻小说选集
3581978, 7.0, 47, 生化危机官方小说8
23011149, 6.3, 95, 武动乾坤5・龙争虎斗
26707928, 7.0, 46, 天父地母
5980675, 7.3, 36, 伊莎贝拉计划
26717924, 7.3, 36, 手葵
26314798, 6.4, 82, Nature杂志科幻小说选集
1948462, 6.9, 49, 宇宙漂流记
1132948, 7.8, 25, 外国科幻小说精品集
1326421, 8.1, 21, 太阳风
10864157, 7.0, 44, 王晋康卷：时间之河
11626404, 7.6, 28, 神仙难为
1840503, 7.2, 37, 杰姆星JEM
11597371, 7.2, 37, 小松与大盗贼
26801110, 7.0, 43, 遗落的南境3：接纳
20500907, 6.1, 109, 武动乾坤4・大漠古碑
1644432, 7.6, 27, 尼安德特人
24696124, 7.6, 27, 轨道
3986214, 8.1, 20, The Price of the Phoenix
3099668, 7.5, 28, 星球大战
7061395, 6.6, 58, 人形软件(卷二)-生死之轮
26318313, 7.8, 23, 克隆版大脑
4928396, 5.9, 132, 科幻小说的终结
2337760, 6.0, 113, 牛顿的新装
3040229, 7.5, 27, 末日来临
2006970, 6.7, 50, Interworld
10864161, 6.7, 50, 韩松卷：看的恐惧
3013824, 6.4, 67, 丛林温室
3005200, 7.1, 35, 日本沉没II
26739638, 7.3, 30, 时间之河
2255180, 6.5, 58, 以月光的名义
25733197, 6.3, 71, 武动乾坤8・宗派传承
20501788, 8.1, 18, 人烟之岛
1639079, 7.7, 22, 跃入虚空
1026188, 7.4, 26, 月球上的第一批人
26653095, 7.4, 26, 绝命战机
3390637, 6.6, 49, 美丽的地下世界
25788003, 8.3, 15, The Fog Horn
10554695, 7.5, 23, 嫁接者
26824306, 7.5, 23, 被删除的人
4606337, 5.5, 186, 2012玛雅末日预言
1397495, 6.9, 35, 入侵
7052802, 7.3, 26, 搜影者
25797056, 6.2, 68, 武动乾坤10・巅峰之战
24849603, 7.9, 18, 爱、生命与希望
25859020, 7.9, 18, 上帝之速Ⅲ――大地的流光
26584552, 6.7, 41, 终点人
25729095, 7.7, 20, 斑鸠
3065367, 8.1, 16, 阿西摩夫科学探案
26044178, 7.2, 27, 恐慌指数
3519976, 7.1, 28, 飞向半人马星座
3026119, 7.7, 19, 清末民初小说书系・科学卷
26743284, 7.9, 17, 圣迭戈
6737378, 7.6, 20, 桦树的眼睛
1805046, 6.4, 49, 中国科幻小说经典
25728338, 6.4, 49, 上帝之手
1289435, 7.2, 25, 科普与科幻翻译
26632240, 6.7, 35, 微纪元
5908215, 7.1, 25, 2010中国年度科幻小说
1840520, 6.6, 37, 人变火星人
2123484, 7.6, 18, Daemon
24316358, 6.2, 53, 吞噬星空2・涅2
1034580, 6.9, 28, 回家-世界科幻小说精品
26647633, 6.6, 35, 吞噬地球
4127877, 7.4, 19, 噬忆狂鲨
4013546, 8.1, 13, 科学神话
6067587, 8.1, 13, 中国宝塔 上海卷
26769984, 7.8, 15, 奥杜瓦伊峡谷的七个故事
20376114, 6.6, 32, S7系列之黑灵
2157211, 7.5, 17, 世界主宰
26320238, 7.4, 18, 恍如隔世
26417646, 7.4, 18, 星球大战第一部・幽灵的威胁
26782381, 7.4, 18, 第5波入侵
3105478, 5.8, 71, 离太阳只有七步
6737379, 6.9, 24, 水晶的天空
3178744, 6.2, 43, 人类神秘现象破译(上下)
2138499, 7.6, 15, 城w
4279809, 6.6, 29, 漂浮的城市
1576054, 7.7, 14, Journey to the Centre of the Earth
1101297, 7.4, 16, 终极秘密
1328440, 7.4, 16, 在未来世界的日子里
25752142, 7.2, 18, 机械人生
1869017, 7.5, 15, Woken Furies (SIGNED)
11505671, 5.8, 60, 外星人入侵生存指南
4887786, 7.6, 14, 铁达尼亚
3077660, 8.1, 11, 未来世界
26412785, 7.7, 13, 太空神探鲁文基
1287341, 7.1, 18, 穿越蠕虫洞
26631833, 7.5, 14, 爱因斯坦赤道
3018335, 7.8, 12, 仙女座星云
1443396, 7.2, 16, 模拟造人
6978027, 7.2, 16, 飞向半人马星座
25838607, 7.0, 18, 死亡空间
10735451, 7.3, 15, 伊甸园之西
20412076, 7.3, 15, 曙光号
1474041, 7.7, 12, Mona Lisa Overdrive
4832923, 6.8, 20, 不锈钢老鼠历险记
26377013, 7.5, 13, 航空手册
20279674, 6.0, 39, 星云9
1926817, 6.7, 21, Shadow Puppets
1180023, 7.0, 17, 来自外星球的礼物
5355851, 6.0, 38, 来自外星人的讯息
3329552, 7.2, 15, 穿上航天服去旅行
26596364, 7.1, 15, 当睡者醒来时
3993344, 7.2, 14, 清晨的加斯巴
1042966, 6.3, 26, 纳拉贝拉星际演出公司
26768314, 6.7, 19, 穿墙猫
1275111, 7.3, 13, 蝙蝠侠・猫女
26656294, 6.5, 21, 星移记
1224160, 7.7, 10, 天外来客
26264752, 7.4, 11, 白火
1785233, 7.6, 10, The Eyre Affair
3271020, 5.8, 35, 新纪元
5386290, 7.2, 12, 穿越r空的巨石碑
26910231, 7.2, 12, 罪与赎――万象惊魂记
26320241, 6.8, 15, 终极失控
26889447, 6.9, 14, 超能脑波
26417659, 7.5, 10, 星球大战第六部・绝地归来
25971869, 7.1, 12, 边缘人
26796546, 6.7, 15, 灵海
1449567, 7.2, 11, 世界著名短篇小说分类文库
1643408, 7.2, 11, 女娲王国探秘
20427343, 7.2, 11, Project Nemesis
6088407, 5.7, 33, 大西洋底来的人（一）
10604043, 6.6, 15, 光明的右手
1221432, 6.7, 14, 被狙击的学园
1397639, 6.4, 17, 时空英雄
3878589, 7.1, 11, 岸边告别
1645495, 5.1, 53, 双子座历险记
11589017, 6.3, 15, 行星风暴
5910703, 5.7, 24, 中国当代科幻文学精选
26694803, 5.4, 33, 星际战争
26575602, 6.5, 12, 世界大战
26692780, 6.8, 10, 圣墓寻踪
21692931, 6.7, 10, 青铜神裔
1883333, 4.8, 52, 魔比斯环
26411184, 5.8, 14, 清洗人类
10739198, 4.4, 68, 包装出来的西方文明
10511255, 3.6, 1445, 我是梦中传彩笔 只书花叶寄朝云
26423489, 4.4, 24, 虚构的古希腊文明：欧洲“古典历史”辨伪
21329706, 2.9, 159, 希腊伪史考
