2017-01-23 16:17:59
Tag: 科幻
The number of books: 930 

ID, rating, votes, title
3066477, 9.2, 74747, 三体Ⅱ
5363767, 9.2, 74161, 三体Ⅲ
2567698, 8.8, 125624, 三体
1192090, 8.7, 24178, 球状闪电
1258490, 9.2, 10261, 基地
1394364, 8.8, 13718, 银河系漫游指南
25829693, 9.0, 9501, 永恒的终结
1258489, 9.3, 5581, 第二基地
2056749, 8.1, 34510, 时间旅行者的妻子
1085470, 8.4, 18546, 海底两万里
1258491, 9.2, 5612, 基地与帝国
3266609, 8.8, 9480, 流浪地球
1140727, 8.8, 9377, 安德的游戏
1370274, 9.2, 5351, Level E
26586492, 8.9, 7699, 火星救援
1418999, 9.2, 4609, 银河英雄传说
3268399, 8.5, 12077, 上海堡垒
6518605, 9.3, 3604, 三体全集
1187842, 9.0, 4974, 你一生的故事
1321789, 8.5, 8944, 美丽新世界
1442869, 8.9, 4868, 献给阿尔吉侬的花束
1275608, 8.7, 5877, 神秘岛
2340609, 9.0, 3542, 2001太空漫游
2052049, 9.0, 3465, 海伯利安
1271212, 8.8, 3937, 死者代言人
1772786, 8.6, 4958, 真名实姓
1467239, 9.1, 2599, 铳梦
25752955, 9.0, 2842, 来自新世界 （上下）
1146267, 8.8, 3608, 深渊上的火
1161852, 8.2, 8000, 天意
1195590, 8.6, 4426, 带上她的眼睛
10488563, 8.7, 3786, 宇宙尽头的餐馆
1258487, 8.9, 2829, 基地前传1・基地前奏（上下）
26264967, 8.3, 6192, 神们自己
1258488, 9.0, 2374, 基地前传2・迈向基地（上下）
1863010, 9.2, 1822, 银河英雄传说VOL.2 野望篇
1418437, 8.7, 3255, 安德的影子
6890451, 9.2, 1770, 外天楼
2042338, 9.4, 1417, 银河英雄传说VOL.5 风云篇
3571732, 8.4, 4711, 全频带阻塞干扰
4202422, 8.3, 5308, 云图
1258485, 8.9, 2365, 基地续集1・基地边缘（上下）
1275907, 8.3, 5213, 八十天环游地球
1967817, 9.3, 1435, 银河英雄传说VOL.4：策谋篇
1917417, 9.2, 1582, 银河英雄传说VOL.3 雌伏篇
1399992, 8.9, 2177, 天渊
25709685, 9.6, 998, 守望者 上
2080914, 9.4, 1210, 银河英雄传说VOL.8 乱离篇
1481311, 8.7, 2695, 沙丘
10767124, 8.6, 3000, 乡村教师
1258486, 8.8, 2286, 基地续集2・基地与地球（上下）
2054916, 9.3, 1273, 银河英雄传说VOL.6 飞翔篇
3191247, 8.7, 2382, 好兆头
2070068, 9.3, 1198, 银河英雄传说VOL.7 怒涛篇
1939182, 8.0, 6320, 美国众神
1204488, 8.4, 3475, 格兰特船长的儿女
2143016, 9.1, 1443, 我，机器人
2142602, 9.3, 1148, 银河英雄传说VOL.10 落日篇
2135416, 9.3, 1131, 银河英雄传说VOL.9 回天篇
25907864, 9.6, 835, 守望者 下
2003176, 8.9, 1664, 秘密 －トップ?シ`クレット－ 1
2221889, 8.3, 3289, 无限恐怖
1933479, 8.9, 1528, 小灵通漫游未来
24538715, 8.6, 2189, 艾比斯之梦
1276032, 8.3, 3244, 地心游记
2350549, 8.8, 1680, 海伯利安的陨落
1140726, 8.2, 3626, 计算中的上帝
1140729, 8.6, 2097, 星船伞兵
1391510, 9.2, 1049, 机器人短篇全集（上下）
3198422, 8.6, 1943, 光明王
3041463, 8.3, 2831, 时间回旋
26210607, 8.4, 2432, 时间移民
24715686, 8.7, 1633, 仿生人会梦见电子羊吗？
1292322, 8.2, 3103, 群星，我的归宿
1865765, 8.5, 2024, 童年的终结
2340610, 8.8, 1382, 2010太空漫游
3150093, 9.5, 637, 色短篇集1-牛面人的大餐
4164096, 7.6, 6998, 饥饿游戏
1456203, 9.0, 1034, y河F道999 （1）
4219125, 8.3, 2332, 坟场之书
1391513, 8.9, 1119, 机器人与帝国（上下）
19938026, 8.5, 1771, 生命，宇宙以及一切
3345595, 8.5, 1755, 猫城记
4326055, 8.4, 1983, 微纪元
3135034, 8.4, 1956, GANTZ⒙径际(01)
3431718, 8.5, 1694, 卫斯理全集
1467492, 9.0, 945, Blame! 1
11511232, 8.9, 1032, 大师的盛宴
1391508, 8.6, 1448, 钢穴
3636385, 7.6, 5864, 超新星纪元
6744648, 8.8, 1085, 与拉玛相会
3266663, 8.2, 2254, 魔鬼积木・白垩纪往事
24283160, 8.6, 1357, 间客
3290026, 8.7, 1181, 火星编年史
24715669, 8.9, 945, 少数派报告
4903437, 8.9, 939, 趁生命气息逗留
4245620, 8.4, 1656, 时光尽头
26295450, 8.7, 1138, 软件体的生命周期
20279665, 9.2, 661, “太空漫游”四部曲
4937547, 7.9, 3152, 我的征途是星辰大海
20470849, 8.3, 1789, 神的九十亿个名字
1391509, 8.6, 1215, 裸阳
11597373, 8.5, 1353, 爱的算法
1512245, 9.1, 700, 海底两万里
1434071, 7.9, 2998, 我们
3322928, 8.7, 1043, 基本上无害
24107596, 8.0, 2464, 神经漫游者
1440243, 8.7, 1016, 索拉里斯星
1182890, 8.4, 1417, 严厉的月亮
5417807, 7.6, 4374, 饥饿游戏2：燃烧的女孩
1391511, 8.7, 977, 曙光中的机器人（上下）
3533014, 9.4, 483, 20世o少年(ビッグコミックス)全22+21世o少年 上?下
1075245, 8.8, 849, 蚂蚁
2360390, 9.0, 676, 我知道你明天干了什么
3090810, 8.7, 893, 五号屠场
1422237, 8.7, 886, 蚂蚁革命
1001761, 8.1, 1800, 发条橙 莫扎特与狼帮
4090777, 7.9, 2346, 他，来自火星
4066638, 9.4, 431, 宇宙兄弟1
2310062, 8.3, 1356, 大角快跑
6120501, 7.4, 5055, 中国式青春
2064684, 8.3, 1310, 迟暮鸟语
3747044, 8.9, 649, 一无所有
1321790, 8.1, 1636, 华氏451
2064688, 8.3, 1255, 异乡异客
2040646, 9.0, 578, 银河铁道999
26280924, 8.4, 1098, 看海的人
2214337, 8.9, 618, 星新一微型小说选
10763170, 8.5, 946, 发条女孩
1417484, 8.4, 1052, 恐龙文明三部曲
26046043, 8.3, 1175, 人类灭绝
1316584, 8.7, 743, 玩具修理者
3774646, 8.2, 1318, 平面国
25941891, 8.5, 918, 安迪密恩
12404751, 8.6, 819, 遥远地球之歌
21690283, 8.2, 1297, 再会，谢谢所有的鱼
1140728, 8.6, 810, 索拉利斯星・K星异客
2042631, 7.9, 1899, 弗兰肯斯坦
4887589, 8.0, 1650, 梦侦探
1791383, 9.3, 398, 365夜科幻故事（上、下册）
4720666, 8.5, 883, 图夫航行记
3816883, 8.3, 1115, 黑暗的左手
2127790, 7.6, 2897, 蝴蝶风暴
26210632, 8.1, 1414, 2018
1525866, 8.9, 569, 蚂蚁时代
1734009, 8.5, 847, 沙丘之子
1462652, 8.0, 1511, 光晕
1130892, 8.7, 660, 幽灵5号
1159012, 8.5, 813, 浪漫服务公司
6779980, 7.4, 3527, 天命
2049339, 8.3, 963, 变化的位面
1387256, 8.4, 853, The Giver
3284411, 8.2, 1071, 头发
5038509, 8.5, 751, 倒带人生
1146266, 8.0, 1371, 被毁灭的人
26811147, 8.4, 832, 月族
1083032, 8.1, 1191, 气球上的五星期
1470235, 8.3, 911, 猫的摇篮
1665390, 8.0, 1291, 银河系公民
25941893, 8.3, 855, 安迪密恩的觉醒
1427340, 8.3, 845, 贵族们的游戏
1353654, 8.2, 944, 殖b甲05
1498764, 8.3, 835, 沙丘救世主
1906155, 8.5, 665, 爱因斯坦赤道
1107026, 9.1, 361, 凡尔纳科幻故事精选
1439017, 8.2, 913, 进入盛夏之门
1082294, 8.2, 910, 卫斯理作品集
24944340, 8.5, 639, 尤比克
2039548, 8.1, 998, 从地球到月球
6265961, 7.1, 4286, 饥饿游戏3：嘲笑鸟
19976976, 9.1, 339, 回郜z
24935042, 7.4, 2544, 时间之墟
1157681, 8.0, 1078, 外星屠异
3122531, 9.0, 368, |01
1187843, 8.4, 665, 星丛
10608453, 8.7, 477, 盲视
2340613, 8.1, 918, 2061太空漫游
6265750, 7.2, 3377, 三体X
1842256, 9.2, 298, 儒勒・凡尔纳小说作品选集
3816895, 8.1, 903, 雪崩
25808977, 8.4, 637, 全息玫瑰碎片
6151679, 8.5, 572, 人生不相见
1310155, 8.1, 895, 莱博维茨的赞歌
2216512, 7.7, 1471, 冒死记录
26792804, 9.2, 279, 魔兽世界编年史
25886175, 7.8, 1225, 星际迷航-红衫
4832901, 7.8, 1218, 白垩纪往事
3875749, 8.3, 660, 第十二个天体
4834737, 9.2, 272, 最後的} : 西方短篇科幻小f精x
2240574, 8.3, 648, 师士传说①光甲重生
3262395, 7.8, 1182, 垂暮之战
2340615, 8.1, 803, 3001太空漫游
3021566, 7.9, 1028, 我是传奇
3201836, 7.9, 1027, 寻梦
1041057, 8.4, 570, 非法智慧
26389895, 9.4, 225, 银河帝国：基地七部曲
1016827, 9.1, 286, 阿西莫夫最新科学指南（上下册）
2972992, 8.1, 783, 时间足够你爱
1385560, 8.0, 882, 大B
26394800, 8.4, 543, 侏罗纪公园
4814392, 8.0, 848, 光逝
22606919, 7.8, 1057, 高城堡里的人
5363492, 7.9, 908, 盗梦空间
1758746, 7.9, 906, 苍穹微石
1427322, 8.4, 508, 战争学徒
1462658, 7.9, 893, 光晕
1878074, 8.1, 697, 重力使命
2215240, 8.2, 617, 机器岛（上下）
1754788, 8.1, 692, 星空暗流
1198312, 8.0, 776, 红色海洋
1440442, 8.7, 362, 完美的真空
11599245, 7.8, 979, 量子江湖・燕子坞（上）
1465602, 8.1, 660, 七重外壳
25736982, 9.4, 192, 菲利普・迪克作品集（全5册）
24843834, 7.5, 1411, 羊毛战记
1900903, 9.3, 206, 阿西莫夫科幻小说
1394964, 7.9, 810, 眼睛
1982007, 8.8, 309, マイナス?ゼロ
3812309, 7.3, 1845, 穿越时空的少女
4738290, 8.2, 556, 狩魔手记 No. 1
1762288, 7.8, 892, 繁星若尘
3607224, 8.5, 402, 实时放逐
1959340, 8.3, 485, 时间机器（中英双语）
1760893, 7.6, 1115, 钻石花
25917727, 8.8, 292, 神秘博士：沙达
3338894, 8.0, 664, 木炭
1771379, 7.8, 845, 三尖树时代
24944354, 8.3, 463, 流吧！我的眼泪
26807576, 8.4, 416, 赡养人类
25816893, 8.1, 572, 微宇宙的上帝
25839522, 8.7, 309, 银河系搭车客指南（5部曲）
11639956, 9.2, 201, 星际迷航：联邦星舰进取号完全图解
1125417, 7.8, 811, 日暮
26392016, 7.7, 915, 未来边缘
1385563, 7.3, 1565, {血人
1085533, 8.3, 438, 时震
3057111, 9.5, 154, 藤子・F・不二雄SF短篇完全版 1
1424756, 8.0, 608, 人类曾经被毁灭
1394307, 7.9, 676, 玩具
24840349, 8.2, 476, 幽灵舰队
3724680, 7.3, 1503, 外星人就在月球背面
3908305, 7.4, 1290, 宿主
5391812, 7.8, 746, 风港
1125416, 7.9, 658, 比你想像的更黑暗
4128025, 7.3, 1476, 羽翼・深蓝
1469242, 7.5, 1095, 日本沉没
1980793, 8.5, 340, 王晋康科幻小说精选（全4册）
5063541, 7.9, 644, 卡勒米安墓场
1427341, 8.5, 337, 镜舞
6885709, 8.0, 555, 未来闪影
3601195, 7.9, 623, 彩虹尽头
1012671, 8.3, 393, 地底旅行
2076847, 8.8, 244, 1分钟小说选
1675986, 7.7, 780, 双星
1427342, 8.6, 292, 记忆
5395151, 8.2, 432, 副本
5395149, 8.0, 536, 宇宙过河卒
10464645, 7.4, 1156, 僵尸生存指南
1385564, 7.6, 870, 老
3201833, 7.6, 863, 卫斯理与白素
25872631, 8.0, 527, All You Need Is Kill 1
1162566, 8.3, 381, 终极实验
1877874, 8.5, 312, ABARA  上
1782294, 9.2, 171, 2001夜物Z(01)
26779789, 8.8, 237, 安德的游戏・三部曲
2215336, 8.4, 342, 太阳系历险记
1228395, 7.8, 659, 化身博士
3105462, 8.6, 277, 接触
1187844, 7.7, 732, 傀儡主人
2146031, 9.2, 167, 科幻世界文库（全六册）
1473332, 7.9, 568, 星际争霸
3316279, 7.8, 639, 极刑
24153098, 7.5, 922, 差分机
1767300, 7.6, 796, 寄生前夜
26791409, 8.7, 238, 奇爱博士
1903743, 8.7, 235, 无尽的边界
5336223, 7.0, 1834, 地铁
10864154, 8.3, 339, 刘慈欣卷：天使时代
11605558, 8.2, 374, 六道众生
2282777, 8.5, 276, 师士传说2命运之痕
26108260, 8.4, 299, 思维的形状
3607222, 8.4, 298, 弗诺・文奇科幻小说集
2231708, 7.5, 827, 掉线-星云VI
2226288, 7.3, 1068, 蚁生
6541263, 7.6, 705, 枪，偶尔有音乐
4885073, 8.2, 351, 脸上的门，口中的灯
11498196, 7.9, 485, 黑暗的速度
1471904, 9.1, 157, 惑星奇航 1
26688708, 8.8, 198, 大英雄时代
1150862, 8.8, 197, 星新一短篇小说集
1903736, 8.6, 234, 西塔甘达
1262143, 8.1, 376, 失落的世界
1898194, 8.5, 253, 外交豁免权
3173236, 9.0, 165, 月亮的距x(01)
1133486, 7.7, 591, 反物质飞船
10570091, 8.4, 277, 天堂的喷泉
25853088, 8.0, 407, 美丽之星
23717403, 9.4, 120, 星屑c妮娜1
1980670, 8.5, 244, ぶ猩倥
3244055, 7.9, 447, 群
26590999, 8.0, 400, 伤心者
1315569, 8.5, 240, 羚羊与秧鸡
1462657, 7.3, 933, 光晕
19894099, 8.1, 348, 毛毛星球
1125282, 7.4, 795, 魔鬼积木
6016230, 7.9, 428, Y先生的结局
3448653, 7.3, 890, 十字
4270905, 9.0, 150, 人生舞台
1262148, 8.2, 303, 神秘之球
26722307, 7.9, 415, 暗夜独行客
1919185, 8.3, 273, 绿野
25832600, 8.1, 329, 冬至草
10741325, 8.1, 327, 祖国
26389897, 9.6, 96, 银河帝国：机器人五部曲
3025252, 8.7, 186, 明争暗斗
1875743, 8.8, 171, 西游新记
1975756, 8.9, 157, 攻C雨 1
1812047, 8.2, 292, 宇宙墓碑
3346426, 9.2, 125, 战斗妖精雪风
20501664, 7.7, 497, 荒潮
4040473, 8.1, 318, 极地恶灵（上）
4195825, 8.8, 167, 星之
1069915, 9.3, 114, 科学养猪
3150677, 9.5, 99, BLAME!探索者(02)
10532684, 9.1, 130, 赶往火星
4839899, 8.5, 211, 冒牌大英雄（全10册）
3699382, 7.9, 379, 灵魂之井的午夜
1894978, 8.4, 228, 科玛
4814391, 8.8, 161, 经典的真身
25978738, 8.8, 161, 机器人大师
1283223, 8.1, 302, 80天环游地球
5966315, 9.2, 118, 呼吸--宇宙的毁灭
1941049, 8.5, 204, 地火
3025244, 8.3, 245, 贝拉亚
4040496, 8.3, 244, 极地恶灵 下
2238100, 7.9, 361, 西班牙乞丐
6127328, 8.1, 289, 达尔文陷阱
12444402, 8.6, 181, 当人类决战机器人2：海伯利安完结篇
26767242, 8.4, 215, 亲爱的阿道夫
11597370, 8.5, 196, 陶偶
6789608, 8.1, 283, 濒死的地球
5990492, 7.9, 346, 致命魔术
26791407, 6.5, 2659, 孤独深处
4025049, 7.8, 383, 末日之书
1157682, 7.8, 381, 达尔文电波
1081327, 8.7, 159, 两年假期
1928824, 8.1, 273, 地球上的绿色山丘
10570096, 8.4, 204, 城市与群星
5939400, 7.8, 368, 猎梦人
1081100, 7.6, 463, 当恐龙遇上蚂蚁
23012689, 9.0, 122, 37
2997267, 7.7, 403, All You Need Is Kill
25729093, 8.2, 238, 中国太阳
26866448, 8.6, 166, 皮囊之下
25831464, 6.9, 1193, 分歧者
10570094, 8.5, 177, 月海沉船
4011684, 8.1, 255, 出卖月亮的人
26320244, 8.7, 149, 巫师、外星人和星舰
3025254, 8.4, 192, 兄弟手足
4720669, 7.8, 348, 废园天使
3684655, 7.7, 387, 不朽
26352270, 7.8, 340, 《三体》中的物理学
3684656, 7.5, 482, 环形世界
3607228, 7.8, 337, 为和平而战
3576412, 8.4, 185, 海，另一个未知的宇宙
3736884, 7.9, 297, 云武士
1275594, 8.0, 266, 十五岁的船长
2031909, 9.1, 104, We3
19977751, 8.5, 165, 图案人
6311231, 7.6, 402, 神的平衡器
25977518, 8.0, 259, 和谐
4282061, 7.8, 319, 科幻小说史
3805978, 9.3, 89, The Last Question (When the World Ends)
26638272, 7.2, 651, 天年
1437670, 7.8, 312, 星际驿站
19935618, 9.1, 99, 星球大战：千年隼号完全图解
4114611, 9.0, 106, 凡尔纳科幻经典 4 部曲（全四册 ）
1101631, 8.6, 142, 寻找人类
25767894, 8.2, 200, 武器浮生录
25977519, 7.7, 331, 屠杀器官
26895400, 9.2, 90, 镜像人之末世如你
1477999, 8.0, 239, 黄泉归来
26652880, 7.4, 462, 遗落的南境1：湮灭
2974126, 7.7, 324, 不锈钢老鼠的诞生、不锈钢老鼠参军记
1418145, 8.2, 194, 太空堡垒・麦克罗斯传奇（全三卷）
26617142, 8.4, 162, 最后的猎巫人
10593893, 7.6, 357, 秘境之匣
25900689, 8.6, 136, 新日之书（全4册）
3001483, 9.7, 64, 新世界より 下
24751065, 8.2, 190, 人性分解
25897402, 7.6, 352, 第13个小时
26658900, 8.5, 146, 镜子
25722933, 7.8, 281, 穹顶之下（上下）
4027244, 8.3, 170, 玛士撒拉之子
26534892, 8.2, 184, 未来的序曲
25893267, 7.9, 245, 11/22/63
4202105, 7.7, 300, 星云7
2079387, 8.3, 165, 猿猴世界
1470327, 9.0, 95, 地球女孩外星历险记
3136230, 7.7, 294, 红火星（全两册）
2984536, 7.8, 262, 不锈钢老鼠的宇宙冒险：不锈钢老鼠复仇记、不锈钢老鼠拯救世界
1937240, 7.2, 522, 星云Ⅴ：格兰格尔5号
21724366, 8.3, 158, 安德的流亡
25898111, 8.1, 188, 伪人2075
2253601, 7.6, 314, 牛顿加农炮
20492474, 7.1, 584, 乖宠
11612052, 8.3, 155, 路边野餐
26257217, 8.0, 203, The Fantasies of Robert A. Heinlein
2334035, 7.9, 223, 火星公主
4025048, 7.8, 242, 阿努比斯之门
6953076, 7.7, 267, 流浪地球
5245576, 8.8, 99, 星球大战前传三部曲・漫画限量典藏版
1065102, 8.3, 146, 鲵鱼之乱
1479951, 7.2, 467, 千年战争
3483140, 7.6, 285, Ten&#39; Gegemona
4221572, 7.6, 285, 谋杀先生
3881746, 7.5, 315, 事关良心
1394072, 8.6, 111, 星M曲
26789635, 8.5, 120, 殡葬人的秘密
10768061, 7.6, 276, 异海
1132947, 8.7, 101, 中国科幻小说精品集
24853106, 8.2, 151, 利维坦号战记Ⅰ――飞越阿尔卑斯
25781009, 8.9, 87, 反乌托邦三部曲
20470853, 7.4, 340, 地光
1539103, 8.6, 108, 苹果核里的桃先生
1861351, 8.1, 164, 星球大战
11597324, 7.6, 270, 游戏玩家
2263763, 9.3, 66, 黑客帝国动画版（DVD）
26364303, 7.6, 265, 亚特兰蒂斯：基因战争
26309770, 8.1, 161, 杀敌算法
25835989, 6.9, 635, 独家占有Ⅰ
6038876, 8.6, 105, 科幻文学论纲
6401138, 7.6, 261, 纯真及其所编造的
6845575, 7.0, 548, 与吾同在
5385399, 7.2, 419, 地铁2033
6827865, 7.1, 472, 火星照耀美国
3417499, 7.7, 231, 原始人类
3825739, 7.7, 231, 失落的世界
24745622, 8.3, 131, 太空将来时
26787943, 8.3, 130, 消失的殖民星球
2214360, 8.8, 88, 1分钟小说选.续集
3067304, 8.1, 154, 投影
3161956, 7.8, 203, 怪物
24739619, 7.7, 224, 飞翔吧！大清帝国
26657597, 8.7, 93, 人和吞食者
26430284, 7.9, 182, 星之声
1931099, 9.1, 70, 凡尔纳海洋科幻三部曲
26656291, 8.4, 115, 上帝的图书馆
6744650, 7.7, 217, 拉玛2号
24699423, 8.2, 135, 撒旦之锤
1133487, 7.2, 382, 黑太阳
1484124, 6.9, 559, 地心洪t
26328513, 7.7, 211, 零伯爵
6789610, 7.6, 230, 银河之心・天垂日暮
6744667, 7.9, 170, 拉玛真相
2982636, 7.8, 186, 不锈钢老鼠的宇宙冒险：不锈钢老鼠高唱蓝调、不锈钢老鼠落入法网
1419911, 7.3, 320, 血咒
5355647, 7.8, 185, 0000年的母系氏族
11519001, 7.3, 313, 末日爱国者
26261589, 8.2, 125, 上帝眼中的微尘
10827885, 7.0, 443, 古老的地球之歌
1027184, 7.7, 195, 隐身人
26372813, 8.5, 96, 帕莫・艾德里奇的三处圣痕
26613044, 8.1, 133, 亚特兰蒂斯2：末日病毒
11503109, 7.5, 239, 关妖精的瓶子
26735084, 8.3, 111, 亚特兰蒂斯3：美丽新世界
26271843, 8.4, 102, 死亡迷局
10491574, 7.8, 172, 这完美的一天
26834592, 8.7, 81, 夏日遇见狄更斯
26389898, 9.1, 62, 银河帝国：帝国三部曲
26382931, 8.3, 109, 达斯・维德本纪
26579776, 8.5, 93, 基里尼亚加
3210918, 6.8, 555, 终极理论
2138630, 9.1, 61, 奇迹
4953301, 9.1, 61, 2001 A Space Odyssey
1389912, 8.4, 99, 水陆两栖人
1478796, 6.9, 472, 蜂
5299230, 7.2, 315, 意外的时间机器
26648648, 8.8, 73, 起风之城
2382245, 8.6, 84, 跨越三维空间
1389911, 7.9, 148, 道尔教授的头颅
26598144, 8.7, 77, 再生砖
26437740, 8.2, 110, 梦之海
3552454, 8.3, 101, 蓝火星（全两册）
5990493, 7.3, 264, 流浪玛厄斯
4178272, 7.5, 210, 奇点天空
26249763, 7.8, 155, 犹太警察工会
25900093, 7.0, 379, 分歧者2・反叛者
20385477, 7.1, 333, 2037化学笔记
1351900, 9.4, 48, His Dark Materials Trilogy (The Golden Compass; The Subtle Knife; The Amber Spyglass)
6742582, 7.3, 260, 替天行道
25725500, 7.5, 208, 虚拟偶像爱朵露
24853110, 8.4, 92, 利维坦号战记Ⅱ――伊斯坦布尔大炮
1971700, 8.8, 69, 深山黑影
25789151, 7.6, 186, 刘慈欣谈科幻
2376987, 7.5, 205, 提升之战
26935435, 9.2, 53, 大裂
1790565, 6.9, 420, 地球杀场
1262145, 7.6, 183, 刚果惊魂
1830124, 7.4, 225, 荆棘
5943269, 8.2, 105, 创世纪
6831060, 7.8, 149, 试验年代
19989558, 7.4, 223, 同学两亿岁
24737061, 7.8, 146, 猎人行
1073962, 8.5, 81, 终极抉择
4140460, 7.6, 173, 棱镜
3195504, 8.4, 86, 星际旅行
1546477, 7.5, 191, 重返中世纪
5909528, 7.8, 141, 沉寂的星球
3417464, 8.0, 117, 绿火星（全二册）
10732280, 7.5, 188, 时间旋涡
6744652, 7.6, 169, 拉玛迷境
2238108, 7.7, 153, 乞丐与选民
26435482, 7.5, 187, 博物馆行星
11593632, 7.3, 232, X髓工S
26819478, 8.2, 98, 背叛之星
26748185, 7.3, 230, 火星崛起
1478810, 7.2, 253, 原子空g
1812732, 8.5, 76, 星m之旅
7051742, 7.8, 134, 薄码
10529105, 7.3, 223, 质量效应 第1卷
5299384, 8.0, 112, 末日奇点
2127090, 7.5, 179, 倾诉
5355324, 7.0, 317, 时间轴
2159556, 7.4, 198, 星际迷航
26677364, 8.0, 110, 雪国列车
25962945, 6.9, 356, 独家占有Ⅱ
3625411, 7.8, 131, 飞城
10527069, 8.3, 86, 水星播种
26783042, 8.5, 74, 天贼
26596367, 8.0, 109, 完美末日
3435381, 8.7, 64, 美へる真珠 |尾真治短篇茏鬟x ロマンチック篇
4025047, 7.7, 142, 飞向火星
26283241, 7.2, 239, 光与暗的生灵
6851610, 7.2, 237, 终极爆炸
24741573, 7.3, 211, 中国科幻大片
3173077, 8.6, 67, 不速之客
1999977, 9.7, 35, Star Wars Complete Cross-Sections
25831055, 7.0, 295, 逃出母宇宙
26264178, 8.5, 71, 梦歌
4202418, 7.7, 135, 斋藤家的核弹头
2158991, 9.2, 45, More Than Human
1397818, 8.6, 65, 彩图科幻百科
5402624, 8.2, 87, 第五类接触
26755044, 9.3, 42, 《辐射4》艺术设定集
1732994, 8.3, 80, 威尔斯科幻经典
3581945, 7.3, 199, 生化危机官方小说1
5941480, 8.2, 86, 地球以外的文明世界
26417638, 7.6, 145, 未来病史
25802168, 8.3, 79, 风之邦，星之渚：雷兹司芬特兴亡记 上
1441911, 8.6, 63, 瓦利斯
26673252, 8.2, 84, 致命拜访
2363135, 6.8, 349, 米与盐的年代
11529448, 7.4, 169, 一秒之后
3010663, 9.4, 38, 一百年以后
26649737, 9.5, 36, 中国科幻年度坐标
4820706, 7.4, 167, 逃吧，地球人！
1135623, 8.7, 57, 幻影迷宫
26868921, 8.7, 57, 新新日报馆：机械崛起
2918997, 7.7, 124, 中国科幻小说年选
3437175, 7.1, 232, 风水
23857400, 7.6, 135, 毁灭之城：生命副本
24538717, 7.3, 183, 毁灭之城：地球碎块
3072996, 7.9, 102, 从小跟着共产党
26599027, 7.8, 111, 鲸歌
2042894, 8.7, 56, 玩具修理者
2309907, 7.6, 133, 天使微积分
3736886, 7.6, 132, 铁大师
4882004, 8.4, 68, 阿西莫夫论科幻小说
20501529, 8.5, 63, 低能儿收容所
2238109, 7.5, 144, 乞丐的愿望
26389399, 7.9, 99, 离线・科幻
26675529, 8.0, 91, 爱因斯坦与上海神秘人
1420984, 7.5, 142, 隐形人
26260066, 8.5, 62, 没有你的天堂
2256024, 7.3, 173, 人是太空人的试验品
24380044, 8.7, 54, 安德的游戏2：决战虫族
1463576, 8.3, 71, 科幻之路（第一卷）
3141494, 8.4, 66, 科幻文学理论和学科体系建设
11516839, 7.8, 106, 瘟疫
1144834, 8.0, 89, 2001年度美国最佳科幻小说选
6265772, 6.7, 351, 星空的旋律
26805833, 8.2, 75, 时间深渊
22994260, 7.6, 124, 天空的孩子
19976166, 7.8, 103, 月光花
10765750, 7.0, 233, 去年是个好年吧
6893336, 7.1, 206, 时间中的侦探
24853111, 8.0, 86, 利维坦号战记Ⅲ――直到世界尽头
26602859, 8.0, 86, 文学少女侦探
21707166, 9.5, 33, Doctor Who
3559343, 8.6, 55, 高塔下的小镇
2025946, 7.1, 202, 地球龙骨
24529566, 7.5, 132, 发条人偶
26303961, 7.7, 109, 星际掠食
26364281, 8.8, 48, 明日灭亡2：地球觉醒
1687846, 7.4, 145, 世界大战
21349382, 6.6, 381, 那夜凌晨，我坐上了旺角_往大埔的tVAN (下)
26609776, 8.9, 45, 最糟的宇宙，最好的地球
25982711, 7.4, 144, 玩家一号
24871481, 7.2, 177, 邻镇战争
2294552, 8.1, 77, 党救活了他
2151797, 7.7, 107, 飞向冥王星的人
1441006, 8.8, 47, 太阳的金色苹果
26420540, 8.7, 50, 平面宇宙
26265743, 8.6, 53, 蒲公英女孩
23059961, 9.4, 33, 天启
25932385, 6.6, 354, 分歧者3・忠诚者
3257746, 8.4, 59, 太阳舞
1689421, 8.5, 55, 想像力宣言
11531717, 7.5, 122, 回到卡戎
3105145, 7.6, 111, 冲击参数
1469299, 9.2, 36, K-Pax
11507219, 8.6, 51, 吞食上弦月的{子
25886180, 7.6, 109, 血音乐
4884834, 7.7, 99, 斯通一家闯太空
26590998, 8.0, 77, 汪洋战争
10864152, 7.9, 82, 何夕卷：爱别离
3105498, 7.5, 116, 太空序曲
6129292, 7.1, 173, 移用m
2010064, 8.8, 43, 星之海洋
1084367, 7.3, 139, 夜翼
4882000, 7.2, 152, 太阳篡夺者
1082431, 8.0, 73, 蝎子之屋
25822107, 8.3, 58, 未来考古学
2137525, 7.8, 85, Tik-Tok
3162592, 8.7, 44, OZ
26257987, 8.7, 44, Interstellar
1099860, 8.3, 57, 星球大战  绝地少年武士
1326222, 8.2, 61, 测谎仪
6858635, 7.8, 82, 众神的战车
26257216, 8.4, 52, &#39;&#39;All You Zombies - -&#39;&#39;
1998979, 7.7, 87, 丑人
3288259, 7.5, 104, 明斯克号出击
20452239, 8.4, 51, 有生之年非看不可的101部科幻电影
26639957, 7.8, 79, 第十一站
4577631, 7.4, 112, The Maze Runner
3257744, 8.4, 50, 半人半鱼之神
2239767, 8.8, 39, The Merchant and the Alchemist&#39;s Gate
26815439, 8.2, 56, 芯存者
21073064, 8.8, 38, Pacific Rim
1000689, 8.0, 64, 城 科幻三部曲
6852273, 9.1, 32, 爱拉与洞熊族
26302565, 8.7, 40, 百年法(上)
26210606, 7.9, 69, 血钱博士
26579518, 6.8, 203, 虫子的世界
25908911, 7.3, 115, 松林境
26776779, 7.8, 73, 沃辛传奇
26299615, 8.1, 58, 如何创作科幻小说与奇幻小说
5395152, 7.3, 114, 太阳潜入者
11607281, 6.6, 249, 高铁
26303964, 7.6, 84, 泰坦棋手
25751308, 7.7, 77, 安德的礼物
1482728, 8.5, 43, 台湾科幻小说大全
25888289, 9.9, 21, Doctor Who: How to be a Time Lord
10735455, 9.1, 30, 超人类
20440076, 8.0, 59, 死亡空间
5988701, 7.4, 97, 三日而亡
2130127, 7.1, 130, 永远的和平
26777044, 7.5, 88, 重启人
26314456, 8.1, 54, 星球大战：正传三部曲
26393342, 8.1, 54, 24格每秒天堂
24899768, 7.5, 87, 银河之心-暗黑深渊
25886158, 7.4, 95, 时砂之王
4722608, 7.7, 73, Alien Interview
4067694, 6.7, 202, 神狩
6861508, 7.1, 126, 生命之歌
25802169, 8.1, 53, 风之邦，星之渚：雷兹司芬特兴亡记 下
2021451, 7.4, 93, 珊瑚岛上的死光
26612858, 8.2, 49, 住在身体里的人
6557329, 7.2, 110, 蒙淘克工程
26708572, 8.2, 48, 蝴蝶
26748184, 6.5, 248, 14号门
26355979, 8.8, 33, The Paper Menagerie and Other Stories
26340899, 8.9, 31, 荆棘双翼
1840521, 7.6, 74, 太空商人
26369906, 8.0, 54, 独唱者
26591916, 7.6, 73, 时间狂想故事集
2031656, 8.6, 36, I Have No Mouth
26699138, 8.6, 36, 星球大战：死星完全图解
26768311, 8.6, 36, 量子窃贼
3448116, 8.8, 32, Story of Your Life
1128402, 7.2, 104, 膜
4025046, 7.2, 104, 神秘失踪的太空船
2371987, 8.3, 43, 当代美国科幻小说选
5915938, 7.6, 71, 2010年度中国最佳科幻小说集
6806490, 7.9, 56, 星旅人
1055432, 8.0, 52, 幻觉
1597085, 8.0, 52, 星潮闪电
25865762, 8.0, 52, 无人区
4851812, 7.1, 112, 潘多拉星球生存手册
25833222, 8.0, 51, 寻找杰克
6573274, 9.6, 21, Moebius:The Incal Classic Collection
10741238, 7.8, 59, 香港PC
1935232, 9.3, 24, Dirk Gently&#39;s Holistic Detective Agency
26575663, 7.4, 82, 起点人
5347411, 6.8, 151, 人类一半是外星人，一半是地球人
26806567, 8.4, 38, 高能预警
4882002, 7.6, 67, 亿万年大狂欢
10591692, 8.2, 43, 坠入苍穹
1805032, 8.8, 30, 明天开始永恒
25833221, 7.6, 66, 城与城
26739275, 8.6, 33, 6号泵
19967238, 8.9, 28, 记忆之囚
26884205, 8.9, 28, 星际唱片
1443395, 7.7, 60, 一个废物艺术家的自白
26352268, 7.7, 60, 倒数第二个真相
1781278, 7.6, 65, 祸匣打开之后
26320237, 7.8, 55, 苍穹浩瀚1：利维坦觉醒（上、下）
25729106, 7.4, 76, 永世
24743062, 7.7, 59, 大机器停止
26791402, 7.1, 100, 去远方
10750158, 8.0, 47, 星际旅行指南
25817165, 7.4, 75, 科幻宇宙生存指南
26614057, 7.5, 68, 想象另一种可能
5395815, 8.9, 27, The Steampunk Bible
2076616, 7.1, 97, 时间的皱纹
3105487, 7.1, 97, 时间景象
20415302, 7.3, 80, 未来的夏娃
3025537, 8.2, 40, 太空神曲
25892730, 7.5, 67, 普叩牡
6120021, 7.4, 73, 星潮
25976333, 7.2, 87, 环太平洋
25843184, 8.2, 39, 凯拉三部曲：重生
3093462, 8.7, 29, The Best of Robert Heinlein 1947-1959 (The Green Hills of Earth
4850811, 7.5, 65, 人类
26636675, 8.0, 44, 与机器人同行
26651639, 8.4, 34, 开始写吧！――科幻、奇幻、惊悚小说创作
1070385, 7.9, 47, 绘图科幻精品丛书（第三辑）--冷酷的方程式
3068541, 8.3, 36, 古峡迷雾
25769543, 8.6, 30, 中国科幻银河奖作品精选集⑥
3314233, 8.2, 38, 古星图之谜
26374286, 6.9, 111, 风雪山神庙
2125018, 7.2, 82, 基因的秘密
1765132, 9.3, 21, 外国现代科学幻想小说
3293448, 9.4, 20, The Man from Earth
1427870, 7.7, 53, Oryx and Crake
26672867, 8.8, 26, 烈火的召唤
6795850, 8.3, 34, 世界Q生之日
19957024, 7.6, 55, 湿婆之舞
25981959, 7.6, 55, 土狼星
3077647, 9.0, 23, 诱骗
24751042, 7.1, 83, 触发
6710396, 8.6, 28, 阿西莫夫科幻精品集（上下册）
26827210, 8.0, 40, 林中秘族
26261842, 8.3, 33, EVE星战前夜之寰宇时代
20382127, 6.7, 125, 沉默基因
1070914, 8.2, 35, 遮蔽的眼睛
26579509, 6.9, 100, 2.5次世界大战
1756330, 8.7, 26, 正子人
25886156, 7.0, 87, 拆船工
5388998, 9.0, 22, So Long
24876877, 7.6, 51, 罗素姆万能机器人
26266465, 7.6, 51, 末日邮差
26849200, 9.3, 19, 离开地球表面
19928907, 8.7, 25, 摩罗街
26833837, 7.5, 53, 遗落的南境（三部曲）
26364280, 7.2, 68, 明日灭亡1：天启爆炸
5375966, 7.5, 52, 百万杀人实验
4211038, 6.9, 89, 绿光
26790752, 8.3, 30, 第六大陆
3112031, 7.8, 41, 东游记
25961506, 7.4, 55, 松林境 2
25718888, 7.4, 54, 恶魔契约
25128652, 7.6, 46, 去年在阿鲁吧
4210987, 6.7, 104, 新中国
1849703, 7.9, 37, 私人侦探
19995042, 7.1, 69, 掠食因子
1488528, 7.2, 63, 莫罗博士的岛
1438923, 8.7, 23, The Diamond Age
24869464, 7.7, 42, 碎片之岛
25986330, 7.8, 39, 掠食城市Ⅰ
4311499, 9.5, 16, EMANON さすらいエマノン Episode:1
25983926, 7.3, 57, 松林境 3
25858923, 8.0, 34, 上帝之速Ⅰ
26783055, 8.6, 24, 科幻电影导论
26312151, 7.9, 36, 云端杀机
6013396, 7.3, 56, 古箭计划
19944242, 7.3, 56, 日本科幻小说史话
25839513, 7.3, 56, 机器人启示录
25719466, 8.5, 25, 格林兄弟的遗赠
21668129, 6.8, 89, 镜中千年
20285343, 7.8, 38, 华丽窒息
25977531, 7.1, 66, 艾达
3105601, 7.0, 72, 入海之门
1291195, 8.2, 29, Cryptonomicon
26336023, 6.7, 96, 时空平移
26452812, 7.4, 50, 星陨1：丛林中的十字架
26921237, 8.7, 22, 果壳里的一百五十九个宇宙
25890183, 7.8, 37, 行尸走肉
3150145, 7.4, 49, 外国科幻论文精选
25943459, 7.4, 49, 猩球崛起：黎明之战
26768315, 8.5, 24, 银河之心・逐影追光
26364282, 7.9, 34, 明日灭亡3：末日涅
25787767, 7.5, 45, 基因病毒
26767250, 8.2, 28, 内战
5977442, 7.1, 62, 关键第4号
6127330, 6.8, 81, 蚁巢里的甲虫
3390203, 6.6, 100, 潮汐站
26652979, 7.9, 33, 零日传说 第1部
10789678, 7.3, 51, 时光闪电
23774517, 6.1, 189, 异形生存手册
26366597, 8.5, 23, 阿瑟?克拉克中短篇科幻小说集
4850830, 7.5, 43, 混血儿
24702226, 8.0, 30, 皇帝魂
1478214, 7.4, 45, Children of the Mind
26431296, 7.4, 45, 科幻电影写作
26701966, 7.0, 61, 地球百子 1
1056874, 7.7, 35, 通向宇宙之门
26680679, 6.8, 72, 银带
4832926, 7.3, 46, 解咒人
1870650, 7.7, 34, The Machine Stops
26596709, 7.5, 39, 移动火星
26785623, 6.9, 64, 遗落的南境2：当权者
26705995, 8.5, 21, 《星球大战》里的科学
1898601, 6.6, 85, 神
26317874, 6.6, 85, 尘埃记
25957889, 7.2, 48, 《分歧者》三部曲
1103265, 6.4, 106, 超脑
26337001, 7.1, 51, 死者简史
2076130, 7.8, 30, 消失的星期天
10828410, 7.4, 39, 时间的地图
26341534, 7.3, 42, 吹笛者与开膛手
26452813, 7.3, 42, 星陨2：野蛮荒城的血花
11637461, 6.3, 112, 移用m2
20412100, 7.7, 31, 星海征程
4097952, 7.3, 41, 新石头记
1340984, 7.4, 38, A Wrinkle in Time
26801112, 8.1, 24, 医院
2158783, 8.4, 20, Broken Angels
25881375, 8.5, 19, 奇幻作家的助手
23011180, 6.9, 54, 阿英格姆
26371152, 7.7, 29, 查理九世24・末日浮空城
26695803, 7.5, 33, 去死的漫漫旅途
1208723, 7.2, 40, 黑暗中的另一半――中外科幻小说选集
26707928, 7.0, 46, 天父地母
26314798, 6.4, 82, Nature杂志科幻小说选集
19936525, 6.1, 118, 移用m3
4882005, 7.5, 31, 科幻文学的批评与建构
11626404, 7.6, 28, 神仙难为
26896839, 7.1, 40, 无限房间
26801110, 7.0, 43, 遗落的南境3：接纳
24696124, 7.6, 27, 轨道
4882003, 8.0, 21, 科幻小说变形记
25839749, 7.7, 25, 全球断电
1036651, 7.8, 23, 火星人的时光倒转
4928396, 5.9, 132, 科幻小说的终结
5302117, 7.4, 29, 噬羧
26631834, 8.2, 18, 动物园里的救世主
26606177, 7.9, 21, 2014中国最佳科幻作品
4882001, 8.3, 17, 科幻小说面面观
10864161, 6.7, 50, 韩松卷：看的恐惧
1263024, 8.4, 16, 战神的后裔
26739638, 7.3, 30, 时间之河
25843179, 7.7, 23, 凯拉三部曲：裂变
6436659, 7.1, 34, 我被外星人绑架过11次
26365304, 7.6, 24, 希灵帝国
20501788, 8.1, 18, 人烟之岛
26849210, 8.1, 18, 寻找时间的灰度
26267094, 6.7, 47, 危险的女人
21980268, 7.8, 21, Ancillary Justice
7060182, 8.3, 16, 科幻应该这样读
1474040, 7.7, 22, Pattern Recognition
6390848, 6.8, 42, 迷雾之国
26937674, 8.4, 15, 死亡刻痕
3390637, 6.6, 49, 美丽的地下世界
26411942, 7.9, 19, 星球大战：传承2
25788003, 8.3, 15, The Fog Horn
1598852, 7.5, 23, 月球:外星人的宇宙飞船
26824306, 7.5, 23, 被删除的人
7052802, 7.3, 26, 搜影者
1481585, 7.9, 18, Nightfall
24849603, 7.9, 18, 爱、生命与希望
26335214, 7.9, 18, Seveneves
26584552, 6.7, 41, 终点人
25978550, 6.8, 37, 消失的房间
1932506, 8.1, 16, Simulacron 3
3065367, 8.1, 16, 阿西摩夫科学探案
24389756, 8.1, 16, 帕迪多街站
6790065, 7.5, 22, 巨齿鲨
26743284, 7.9, 17, 圣迭戈
26521898, 6.3, 55, 移动迷宫：全3册
2123484, 7.6, 18, Daemon
26312160, 7.2, 23, 天幕
26680285, 8.6, 11, 鸦片之王
26811326, 7.9, 15, 脑渊
1753294, 8.2, 13, H. P. Lovecraft
1632413, 8.1, 13, The Salmon of Doubt
26769984, 7.8, 15, 奥杜瓦伊峡谷的七个故事
26320238, 7.4, 18, 恍如隔世
25716646, 7.5, 16, 2012
26765924, 6.4, 33, 宇宙往事
26411941, 7.3, 17, 星球大战：传承1
1903967, 7.8, 13, 世界著名科学幻想小说选介
2031587, 7.8, 13, 神秘的车祸
1101297, 7.4, 16, 终极秘密
24839348, 7.4, 16, g先生
25986332, 7.4, 16, 掠食城市Ⅱ
26752594, 7.4, 16, 星际迷航：星舰学院・暗杀游戏
2372229, 7.2, 18, World War Z
25752142, 7.2, 18, 机械人生
11505671, 5.8, 60, 外星人入侵生存指南
26437389, 5.7, 65, 江晓原科幻电影指南
26417654, 7.7, 13, 星球大战第三部・西斯的复仇
26631833, 7.5, 14, 爱因斯坦赤道
6852271, 8.0, 11, 横越冰川
3018335, 7.8, 12, 仙女座星云
26856065, 8.2, 10, 外星人的手指有多长
10955954, 7.4, 14, 转生的巨人
1474041, 7.7, 12, Mona Lisa Overdrive
26377013, 7.5, 13, 航空手册
25772960, 7.1, 16, 火星人第二次入侵
2173982, 7.8, 11, 科幻世界的哲W凝
26631837, 7.8, 11, 孤独的进化者
26907068, 7.8, 11, 环界4.新生
10432240, 7.6, 12, W⑹
10446537, 7.6, 12, 守o程序II：自由之
26628656, 7.4, 13, 15克星光
26312167, 7.1, 15, Zoo城
10569761, 7.9, 10, The Incal Classic Collection
25720044, 7.5, 12, 科幻电影启示录
3993344, 7.2, 14, 清晨的加斯巴
26768314, 6.7, 19, 穿墙猫
26656294, 6.5, 21, 星移记
1946283, 7.7, 10, 神は沈aせず
25971869, 7.1, 12, 边缘人
25976704, 6.9, 13, 意识零界之 赎灵师
10534890, 7.4, 10, 午夜以后
26107497, 7.4, 10, 我都是外星人，你碜阅星球
26359007, 5.3, 50, 病毒纪元
6519500, 7.1, 10, 现代中国科幻文学主潮
