2017-01-23 16:17:59
Tag: 科技
The number of books: 400 

ID, rating, votes, title
6709783, 9.1, 16731, 浪潮之巅
6021440, 8.8, 12972, 黑客与画家
5375620, 8.8, 11259, 失控
10750155, 8.7, 7441, 数学之美
1225983, 8.8, 6158, 万物简史
5320866, 8.3, 5953, 重来
25902942, 9.0, 2041, 文明之光（第一册）
1240002, 9.2, 1434, C Primer Plus
26297606, 7.6, 13316, 从0到1
26697350, 9.2, 1299, 极简宇宙史
20429677, 7.5, 12045, 大数据时代
26658379, 8.4, 2796, 必然
25902222, 9.0, 1298, 文明之光（第二册）
3071402, 8.7, 1832, 物理世界奇遇记
1317485, 8.6, 2027, 生命是什么
26582822, 8.3, 2986, 重新定义公司
1030898, 8.8, 1459, 复杂
3420144, 9.1, 991, Pro Git
5313010, 7.9, 4496, Facebook效应
25752043, 8.7, 1385, 信息简史
26275177, 9.0, 964, 文明之光 （第三册）
3567853, 9.0, 900, Getting Real
1277169, 9.0, 748, 古今数学思想（一）
3816827, 8.2, 1874, 沸腾十五年
26364209, 8.1, 2093, 那些古怪又让人忧心的问题what if?
5948760, 8.8, 891, A Byte of Python
3040870, 8.9, 770, Head First HTML与CSS、XHTML（中文版）
26838557, 8.6, 1038, 智能时代
6965746, 8.2, 1641, 科技想要什么
25928983, 7.6, 3661, 周鸿t自述
26759508, 8.1, 1661, 硅谷钢铁侠
4199741, 8.5, 924, 代码整洁之道
26593084, 8.4, 1035, 迷人的材料
1391740, 8.4, 1015, 逻辑的引擎
25871778, 8.4, 978, 数据之巅
1632977, 9.3, 385, The Little Schemer - 4th Edition
1834728, 8.8, 592, 人工智能的未来
24714655, 8.4, 845, 我看电商
24739213, 9.1, 404, 浪潮之巅（上册）
10799984, 7.5, 2751, 大数据
26665230, 8.6, 659, 硅谷之谜
2315287, 8.6, 635, 技术垄断
26324497, 8.1, 1066, 支付战争
25908079, 8.5, 653, 新经济，新规则
5379664, 7.6, 1936, 浅薄
6860890, 8.3, 758, 黑客
10588021, 8.0, 1081, 技术元素
4114172, 8.7, 480, 为什么要相信达尔文
20471120, 7.5, 2089, 打造Facebook
1227414, 9.1, 318, 古今数学思想（四）
26608585, 8.4, 614, 重新定义团队：谷歌如何工作
24740308, 9.2, 285, 浪潮之巅（下册）
5269192, 7.9, 1068, 创业的国度
1016827, 9.1, 286, 阿西莫夫最新科学指南（上下册）
1025808, 8.5, 498, 梦溪笔谈
3144300, 9.2, 243, 通向实在之路
1052973, 8.5, 457, 科学的历程
10779604, 8.8, 334, 图灵的秘密
25881855, 8.5, 439, 大教堂与集市
26849305, 8.9, 293, 成为乔布斯
3142280, 7.9, 829, 梦断代码
6855803, 7.9, 808, 奇点临近
4789228, 8.7, 338, In The Plex
24250054, 8.6, 370, SQL必知必会
3815282, 8.9, 266, 技术与文明
1089508, 7.8, 846, 数字化生存
24840349, 8.2, 476, 幽灵舰队
4032570, 8.5, 348, 进化的大脑
25766700, 7.5, 1111, 一网打尽
2221395, 8.3, 418, 经度
2124111, 8.7, 282, 世界科学技术通史
20365163, 7.7, 819, 创客
1867455, 7.9, 600, 像外行一样思考，像专家一样实践――科研成功之道
7007666, 7.2, 1554, 认知盈余
21326266, 8.1, 477, 与机器赛跑
26272662, 7.6, 839, 腾讯方法
24153098, 7.5, 922, 差分机
5338024, 8.5, 290, 与孩子一起学编程
24536403, 7.7, 682, 代码的未来
26644808, 7.9, 529, 高铁风云录
6434426, 9.1, 167, 中国国家地理自然百科系列：海洋
3235797, 8.1, 410, 啊哈！原来如此
3246499, 8.3, 333, 疯狂Java讲义
3320425, 8.3, 332, 跨越鸿沟
4199502, 8.3, 329, 大话无线通信
21966356, 8.1, 402, 沃兹传
1879670, 7.3, 1069, 撬动地球的Google
26308014, 7.4, 893, 联盟
26265544, 9.2, 143, 图解密码技术
25826578, 7.1, 1377, MacTalk 人生元编程
2356843, 8.9, 164, 控制论
1033086, 8.4, 250, 生命的壮阔
4019512, 7.0, 1386, 正在爆发的互联网革命
25849758, 8.1, 328, 富足
1049797, 8.4, 238, 科学的反革命
1205456, 7.8, 441, 未来之路
6860558, 7.2, 953, 一只iPhone的全球之旅
10580810, 7.1, 1087, 第三次工业革命
25790070, 7.4, 705, 移动的帝国
25764520, 8.1, 306, 走出电商困局
3320906, 8.4, 224, 追踪进化论
1861805, 7.3, 773, 世界是平的
3215423, 7.5, 588, IT不再重要
25846075, 8.1, 294, 技术的本质
25747269, 7.7, 454, 颠覆医疗
1003692, 8.5, 200, 真实世界的脉络
1084264, 8.4, 218, 自达尔文以来
1881552, 8.3, 236, 剑桥五重奏
25953932, 8.2, 259, 第二次机器革命
3156435, 8.7, 165, 天工开物译注
24872278, 7.2, 838, 信号与噪声
2298747, 8.7, 163, 现代世界中的数学
24699866, 7.5, 531, 反对完美
26852425, 8.8, 141, 什么是科学
1315265, 8.3, 216, 从混沌到有序
21966324, 7.1, 840, 3D打印
25763770, 7.6, 413, 孵化Twitter
4312477, 8.8, 124, 天地九重
25752076, 7.9, 274, 贪婪的大脑
26630833, 8.1, 224, 电商数据化运营
1810352, 8.2, 202, 灵魂机器的时代
1288989, 7.7, 332, 网络共和国
25986746, 7.5, 414, 零边际成本社会
5402708, 7.6, 357, HTML5高级程序设计
25784778, 8.1, 206, 1024・人与机器共同进化
25857804, 8.0, 225, 硅谷百年史
26534892, 8.2, 184, 未来的序曲
10578495, 8.1, 195, 物理学的未来
25746680, 8.3, 160, 随意搜寻
1065156, 8.0, 207, 我生活的种种模式
20283567, 7.0, 675, 下一个倒下的会不会是华为
26701099, 8.3, 148, 伴月共生
6721224, 8.1, 174, 为什么中国没出Facebook
3744558, 7.1, 525, 奥美的数字营销观点
19975498, 7.7, 242, 掘金黑客
20647000, 7.4, 337, 想当厨子的生物学家是个好黑客
19952397, 7.6, 267, 鲜活的数据
4292525, 8.8, 91, 进化思维
4582552, 9.1, 74, 新知客
19930175, 7.7, 234, 吃的真相3
24745622, 8.3, 131, 太空将来时
1322206, 9.0, 76, 技术史(Ⅰ-Ⅶ)
3722960, 7.5, 267, 战争的果实
1476618, 7.9, 170, 光电帝国
6114207, 7.0, 466, UCD火花集2
26022186, 6.6, 848, 跨界
25971043, 7.7, 197, 离线・开始游戏
25854872, 7.3, 304, 算法帝国
20429704, 6.9, 492, 删除
25975442, 8.0, 142, 互联网时代
24744410, 8.1, 126, 他们创造了美国
1468853, 8.5, 90, 信息烟尘
1924042, 8.1, 124, 让科学的光芒照亮自己
25896087, 8.2, 110, 读首诗再睡觉
2419991, 8.5, 86, 中国科学技术史
21632268, 7.6, 187, 数字乌托邦
25755879, 7.5, 202, 最简单的图形与最复杂的信息
1015359, 8.0, 122, 消失的动物-古生物绝版图鉴
1445586, 8.0, 122, 林肯的DNA以及遗传学上的其他冒险
3309579, 7.5, 193, 撬开苹果
5269219, 7.2, 260, 数据之美
25927950, 7.5, 185, YC创业营: 硅谷顶级创业孵化器如何改变世界
26776547, 8.0, 114, 人工智能时代
10557518, 7.7, 149, 谁设计了宇宙?
26848006, 8.7, 66, 极客物理学
3103667, 7.6, 162, 情报日本
25808226, 8.2, 92, Hooked
25924949, 7.4, 192, 特斯拉自传
25800026, 7.1, 269, 移动风暴
2326852, 8.4, 78, 技术革命与金融资本
26393046, 7.6, 153, 机器人时代
26739670, 7.7, 136, 众媒时代
1329953, 8.1, 92, 力量：改变人类文明的50大科学定理
6579765, 9.8, 32, Hussein Chalayan
21372236, 8.6, 63, R和Ruby数据分析之旅
24828865, 7.7, 124, 混合现实
3650828, 7.4, 164, 云攻略
26435017, 7.5, 143, 资源革命：如何抓住一百年来最大的商机
26215937, 7.9, 99, 一只小鸟告诉我的事
26389399, 7.9, 99, 离线・科幻
6510689, 7.6, 128, 哈姆雷特的黑莓
11594351, 7.4, 156, 一线之间
24744419, 7.7, 114, 大数据时代的历史机遇――产业变革与数据科学
4871325, 9.0, 44, 造物记
4713687, 8.5, 60, 创新的神话
26589666, 8.5, 60, 法律人的明天会怎样?――法律职业的未来
6790578, 8.2, 74, 总开关
26308917, 7.5, 131, 超级智能
4123947, 8.5, 58, 天工开物图说
2033484, 9.8, 28, 从元素到基本粒子
1172258, 7.9, 90, 科学新领域的探索
6013369, 6.8, 284, 被禁止的历史
20480821, 6.6, 371, 移动浪潮
1330319, 9.3, 35, 声学基础
26891160, 8.2, 69, 科技之巅
25943598, 7.5, 124, 埃隆・马斯克传
25912257, 8.0, 80, 互联网的误读
26361207, 7.7, 102, 看见未来
1044801, 8.6, 51, 对称与不对称
5450816, 8.2, 66, LaTeX2e完全学习手册
25906749, 8.1, 70, The Innovators
26022847, 8.6, 47, 精通AngularJS
1153482, 7.9, 77, 玻璃的世界
2582110, 8.3, 57, 康熙几暇格物编译注
26340695, 9.2, 33, 三位一体
21458724, 8.8, 41, 电的旅程 探索人类驾驭电子的历史过程
25780470, 7.6, 97, 如何创造思维
1720197, 8.9, 38, 宇宙索奇
5354673, 8.2, 59, 漫画流体力学
20282961, 9.7, 25, 科学革命的编史学研究
4735989, 8.9, 37, 世界图景的机械化
5431184, 7.3, 123, 谁偷了MySpace
1170518, 8.3, 53, 数学的源与流
1825355, 7.6, 91, 基础生命科学
1046080, 7.1, 145, 未来时速-数字系统与商务新思维
25726665, 7.7, 79, 当下的冲击
25837145, 8.3, 49, 趣学Python编程
25788945, 7.8, 69, 线上幽灵
10568054, 9.3, 27, 阿波罗是如何飞到月球的
1812186, 6.9, 162, 连线
3012964, 8.6, 39, Inside Steve&#39;s Brain
24757063, 7.8, 67, 未来
26369667, 6.6, 228, 互联网+
1037802, 7.6, 78, 20世纪末10年中国科幻小说精品选
1679603, 8.5, 40, 教与写的记忆
22790103, 6.7, 190, 病毒循环
1678002, 8.6, 37, 复杂思想:自觉的科学
4286956, 8.9, 31, 糖史（全二册）
26644961, 7.2, 106, 玻璃笼子
6121205, 8.1, 49, 无界
1727576, 9.4, 23, 星星俱乐部4--春季观星手册
10486319, 9.4, 23, 深入浅出数字信号处理
3423258, 8.3, 41, 21世纪的隐形冠军
26933447, 8.5, 36, 卓越未来
6606371, 8.8, 30, Ghost in the Wires
1479257, 7.0, 116, 科幻
6574069, 8.9, 28, The Innovator&#39;s Dilemma
26884205, 8.9, 28, 星际唱片
1081842, 6.8, 142, 达尔文的黑匣子
26318103, 8.4, 37, 脑机穿越
26299481, 7.0, 111, 离线・黑客
26724253, 7.8, 54, 创新的洞见
5290524, 6.1, 343, 微革命
1692631, 7.7, 56, 巨兽时代
26821965, 8.5, 32, 机械宇宙
26603433, 7.6, 58, 离线・机器觉醒
25835910, 6.5, 176, 死于技术
5351834, 7.3, 74, 我们如何来到现在
24720342, 7.7, 53, 贴心设计
24870493, 7.8, 49, 爱上Raspberry Pi
1885260, 8.0, 42, 发明是这样诞生的
20471142, 6.4, 194, 比特素养
26342628, 8.6, 29, Becoming Steve Jobs
26425227, 8.6, 29, How Music Got Free
26655915, 7.1, 85, 与机器人共舞
26278454, 7.2, 77, 无须等待
26596019, 9.2, 21, The Invention of Nature
25911182, 7.5, 59, 软件故事
26387551, 5.8, 467, 互联网+
6906445, 8.4, 31, Mindfire
26317233, 8.5, 29, 科学百科
26831320, 8.4, 30, 生命的未来
1768152, 7.3, 65, 达・芬奇的便携式电脑
25985860, 6.9, 94, 赤裸裸的未来
25800025, 6.7, 116, 网飞传奇
1615122, 7.2, 69, 物理化学
19985902, 8.6, 26, 最有人性的“人”
1607686, 9.1, 20, 梦溪笔谈(上下) (平装)
10749372, 7.5, 47, 疯狂科学家大本营
3171770, 8.3, 27, 化学基础论
6901098, 8.3, 27, The Idea Factory
25925957, 5.9, 267, 工业4.0
17341557, 6.8, 80, 无中生有的宇宙
26288821, 7.4, 46, 虚拟现实
2064950, 7.5, 42, 人类未解之谜
25712482, 7.3, 49, 学着说再见
3352663, 8.3, 25, 中国科学技术史（建筑卷）
4882152, 8.5, 22, 理解科学推理
26304641, 8.5, 22, 当代大数学家画传
26341154, 8.0, 29, 密码的奥秘（全彩）
1491939, 8.9, 18, 罪证现场
24852528, 6.6, 88, 数字战争
26705995, 8.5, 21, 《星球大战》里的科学
25828490, 8.8, 18, 极客罗曼史
26431012, 7.4, 41, 工业大数据
26417588, 7.9, 29, 读懂互联网+
20440954, 7.2, 45, 云计算
4713794, 7.7, 31, 盛田昭夫（上）
1061741, 7.4, 38, 后人类文化
26848778, 7.7, 30, 第九区・漫游虚拟现实奇境
26865821, 8.4, 20, 文明的滴定
2273766, 7.8, 28, 科学技术学导论
6898444, 6.9, 55, Inside Apple
26391243, 7.4, 36, 数字命运
26604896, 7.5, 33, 奇妙的尘埃
26628110, 8.0, 24, 数学与人类思维
26720936, 6.8, 57, 产品经理方法论
1047786, 7.5, 32, 纽约时报50位科学家
1080037, 6.7, 59, 技术的报复
3054947, 7.4, 32, 电话的社会影响
1912952, 7.9, 23, The Virtual Community
26779085, 7.0, 39, 技术奇点
2162028, 8.0, 20, ArcGIS 9地理信息系统应用与实践-(上.下册)
2974431, 7.8, 22, 802.11无线网络权威指南
25945449, 6.3, 73, 数据结构与算法JavaScript描述
4262319, 6.4, 65, Google改变生活
3062127, 6.9, 40, Ubuntu标准教程
1218978, 6.7, 47, 化工原理
1442363, 6.6, 51, 西藏之水救中国
26284865, 7.1, 32, 拇指一代
2172167, 6.8, 39, LabVIEW 8.20程序设计从入门到精通
11621963, 6.4, 56, 决战第三屏
26340232, 6.6, 45, 机器人革命
26892520, 7.8, 19, Google：未来之镜
25857991, 7.4, 24, Sass和Compass设计师指南
26575808, 7.4, 24, 创客法则
2061528, 6.9, 33, 创新的迷失
4705969, 7.8, 18, 小波与傅里叶分析基础
4847300, 6.8, 35, 爱因斯坦的小提琴
1219083, 7.6, 19, 凯洛格论技术与创新
2581778, 7.8, 17, 新仪象法要译注
24705776, 7.8, 17, 二战解密
1813610, 7.4, 21, 世界前沿科技发展报告
26279300, 7.4, 21, 美国制造:国家繁荣为什么离不开制造业
26827267, 7.7, 17, Chaos Monkeys
26694522, 7.5, 19, 智能化未来
26703541, 7.5, 19, 重新定义创新
1487119, 7.8, 16, 塔克西多公园
10464731, 7.8, 16, 自由能源
1020007, 7.4, 20, 新学苦旅
26926355, 8.2, 13, 重新定义分享
6063967, 7.3, 21, e被新_昏^
24738857, 7.6, 17, 创客学
4104705, 6.7, 31, 思维风暴
26701924, 7.8, 15, 特斯拉
26901394, 7.8, 15, VR来了！
1224715, 7.5, 17, 科学发现历史
10775276, 7.5, 17, 玛雅文明之祭
25881174, 7.4, 18, 探索好奇
20469380, 7.3, 19, The New Digital Age
25966295, 7.0, 23, 搜酷――全球智能硬件与技术精华集（全彩）
26805099, 6.9, 24, 机器危机
25909315, 6.3, 39, 对苹果设计说不
2152789, 7.4, 17, 影响美国的100个专利
2851328, 7.6, 15, Small Things Considered
26767205, 7.6, 15, Disrupted
5505050, 7.7, 14, 信号与系统
4097517, 7.8, 13, Our Choice
26263873, 7.4, 16, 大产品―― 超级世界市场：窃意、创意与生意
1944051, 7.1, 19, 科学技术史二十一讲
1583830, 7.5, 15, 普通天文学
2007330, 7.5, 15, 科技卷-世纪大讲堂
2100975, 7.6, 14, 罗盘
21966367, 6.6, 26, 团购之王
26296135, 7.7, 13, Marissa Mayer and the Fight to Save Yahoo!
26681345, 7.4, 15, 贝尔实验室与美国革新大时代
1014190, 7.6, 13, 中国古代科技成就
26306584, 7.1, 17, 硅谷之火
3125060, 7.3, 15, 奥运中的科技之光
26679301, 7.3, 15, 宇宙的历程
1065007, 7.4, 14, 氢经济
26826819, 7.4, 14, 地狱为什么充满硫黄的臭味
3247128, 6.5, 24, 极端的未来
1248253, 7.8, 11, 生活的物理2
1957296, 7.6, 12, 微机保护原理及算法仿真
24761950, 7.3, 14, Dogfight
2348875, 7.4, 13, 当代科技艺术
2364664, 6.6, 21, 模式识别与智能计算
10345012, 6.9, 17, 极客帝国
24750332, 7.1, 15, WebGL入门指南
25817676, 7.5, 12, 创意的未来
26421292, 6.5, 22, 智能侵略
25867895, 6.3, 25, 车联网:决战第四屏
25782823, 6.4, 23, 硅谷合伙人
25748991, 7.8, 10, Cool Tools
1021682, 7.4, 12, 阿波罗登月
1017036, 7.3, 12, 屋顶上的精英
1327550, 7.3, 12, 机器的征途
1240983, 7.0, 14, 生物信息学中的计算机技术
5301481, 7.0, 14, 酷科技
4065592, 7.2, 12, 中国至2050年信息科技发展路线图
1313949, 7.5, 10, 过去2000年最伟大的发明
4234951, 7.3, 11, 音乐声学――音响、乐器、计算机音乐、MIDI、音乐厅声学原理及应用
26418544, 7.1, 12, 材料简史及材料未来
3867972, 6.9, 13, Java编程艺术
20450384, 7.2, 11, 基因O
22704167, 7.2, 11, 云存储解析
3395706, 7.3, 10, The Nature of Technology
26656539, 7.3, 10, 科学精英
26387834, 7.1, 11, 煮酒论科学
25710865, 6.9, 12, 爱上3D打印机
26302537, 6.2, 19, 机器人科技
1690342, 7.2, 10, 电化学超级电容器
1020618, 6.6, 14, 伊托邦
26657938, 6.6, 13, 玩转无人机
2036565, 6.8, 11, The Way and the Word
23134288, 5.9, 20, 人类消失后的地球
26439033, 5.6, 22, Uber是什么
26390745, 5.4, 27, DT时代：从“互联网+”到“大数据×”
4920019, 4.3, 129, Google真相
