2017-01-23 16:17:59
Tag: 科普
The number of books: 965 

ID, rating, votes, title
25985021, 9.3, 18107, 人类简史
1467022, 9.2, 12487, 上帝掷骰子吗
1028409, 9.4, 9013, 中国少年儿童百科全书（全四册）
1034282, 8.8, 19414, 时间简史
2160556, 9.0, 8926, 十万个为什么
1813841, 8.8, 11270, 枪炮、病菌与钢铁
5366248, 8.3, 21665, 你一定爱读的极简欧洲史
26576861, 9.0, 7306, 最好的告别
1102715, 9.1, 5775, 从一到无穷大
1291204, 9.4, 3887, 哥德尔、艾舍尔、巴赫
1037602, 8.9, 5836, 别闹了，费曼先生
10750155, 8.7, 7441, 数学之美
1225983, 8.8, 6158, 万物简史
20431965, 8.5, 8406, 只有医生知道!
1034279, 8.6, 5967, 果壳中的宇宙
6425061, 8.6, 5864, 哲学家们都干了些什么？
10439064, 9.0, 3406, 发现之旅
20507206, 9.1, 2977, 众病之王
1320282, 9.1, 2863, 什么是数学
3392046, 8.2, 9713, 当彩色的声音尝起来是甜的
1542939, 9.6, 1437, 哈尔罗杰历险记(全套共14册)
1292405, 8.6, 4691, 自私的基因
6952036, 9.2, 2014, 对伪心理学说不
3930318, 9.0, 2520, 超越时空
1437852, 9.5, 1409, 费恩曼物理学讲义（第1卷）
25986341, 8.4, 4967, 万万没想到
1000121, 8.5, 3902, 昆虫记
25902942, 9.0, 2041, 文明之光（第一册）
5446490, 8.7, 2688, 宇宙奇趣全集
4822685, 9.2, 1491, 编码
7647487, 8.7, 2653, 时间的形状
3000997, 7.6, 13756, 牛奶可乐经济学
1322358, 9.0, 1718, 费马大定理
1015123, 8.7, 2429, 生存手册
1045119, 8.9, 1875, 宇宙的琴弦
4312810, 8.6, 2678, 裸猿
26697350, 9.2, 1299, 极简宇宙史
1024846, 9.2, 1171, 所罗门王的指环
3181927, 7.6, 10287, 大便书
25902222, 9.0, 1298, 文明之光（第二册）
3071402, 8.7, 1832, 物理世界奇遇记
1317485, 8.6, 2027, 生命是什么
26314627, 8.9, 1391, 万物：创世
10607615, 8.8, 1553, 第三种黑猩猩
1473250, 7.6, 8266, 魔鬼经济学
1030898, 8.8, 1459, 复杂
4121562, 7.9, 4901, 吃的真相
3131814, 8.7, 1524, 笔记大自然
5975576, 7.7, 6048, 冷浪漫
1400030, 8.7, 1446, 推理的迷宫
1049136, 8.6, 1597, 数学：确定性的丧失
26772731, 8.3, 2302, 七堂极简物理课
25752043, 8.7, 1385, 信息简史
26275177, 9.0, 964, 文明之光 （第三册）
3117464, 8.6, 1497, 平行宇宙
4312825, 8.6, 1443, 人类动物园
25960141, 9.2, 741, 地图（人文版）
1291817, 8.6, 1407, 细胞生命的礼赞
1944205, 8.9, 971, 追寻记忆的痕迹
1053174, 8.6, 1353, 你干吗在乎别人怎么想？
1046620, 8.9, 929, 我们为什么生病
2074851, 8.1, 2450, 食品真相大揭秘
2350407, 8.2, 2135, 寂静的春天
10794070, 8.4, 1630, 心外传奇
5422665, 8.0, 2602, 大设计
1030054, 7.3, 8131, 水知道答案
1707050, 9.1, 690, 狭义与广义相对论浅说
6749832, 9.0, 761, 复杂
1428117, 8.9, 842, 普通生物学
1683152, 9.6, 429, 费恩曼物理学讲义 第3卷
1277169, 9.0, 748, 古今数学思想（一）
4727293, 9.4, 503, 理解漫画
1684863, 9.5, 459, 费恩曼物理学讲义（第2卷）
26364209, 8.1, 2093, 那些古怪又让人忧心的问题what if?
26838557, 8.6, 1038, 智能时代
2360390, 9.0, 676, 我知道你明天干了什么
1070820, 8.7, 926, 上帝与新物理学
10779597, 8.3, 1462, 思考的乐趣
3732346, 8.1, 1872, 疯狂实验史
25793667, 8.2, 1634, 植物知道生命的答案
7003354, 7.7, 3249, 谣言粉碎机
4312829, 8.3, 1405, 亲密行为
1072767, 9.1, 581, 宇宙
26692468, 8.6, 974, 智识分子
2270925, 8.5, 1050, 病者生存
1030789, 8.6, 918, 爱因斯坦的梦
4846032, 8.0, 1911, 性别战争
6750347, 9.2, 482, 演化
1120886, 8.9, 634, 黑洞与时间弯曲
1062309, 9.0, 573, 基因组
6913343, 8.3, 1217, 理性乐观派
1071384, 8.5, 936, 物种起源
6873632, 8.7, 747, 冒烟的耳朵和尖叫的牙齿
4302762, 8.0, 1718, 一百种尾巴或一千张叶子
26593084, 8.4, 1035, 迷人的材料
25768216, 8.8, 665, 冀连梅谈：中国人应该这样用药
3774646, 8.2, 1318, 平面国
1206206, 8.2, 1303, 皇帝新脑
1441487, 9.4, 374, 中国鸟类野外手册
1391740, 8.4, 1015, 逻辑的引擎
1080225, 8.9, 575, 西方文化中的数学
1322336, 8.9, 567, 控制论与科学方法论
2122637, 8.1, 1373, 20世纪最伟大的心理学实验
1310188, 8.3, 1066, 魔鬼出没的世界
1626392, 8.5, 841, 女士品茶
3029210, 9.2, 405, 哥德尔证明
1834728, 8.8, 592, 人工智能的未来
1084020, 8.6, 720, 宝石
26341546, 8.9, 517, 大灭绝时代
26592648, 9.0, 465, 癌症・真相：医生也在读
25876750, 9.0, 464, 看不见的森林
1507315, 9.0, 452, 自然哲学之数学原理
1211033, 9.1, 411, 古今数学思想（二）
4268931, 8.3, 934, 生命八卦
26665230, 8.6, 659, 硅谷之谜
10808841, 9.4, 307, 夜观星空
1138353, 8.8, 523, 统计学的世界
1080750, 8.1, 1129, 精子战争
1465090, 8.8, 516, 从惊讶到思考
1509898, 9.5, 272, 神经科学
1266422, 8.4, 770, 可怕的对称
24846072, 9.3, 319, 隐藏的现实
24380079, 8.5, 684, 怎样征服美丽少女
3249247, 8.9, 447, 高观点下的初等数学
1000340, 8.5, 661, 水母与蜗牛
1862145, 8.0, 1187, YOU：身体使用手册
3550249, 8.9, 432, 科学哲学
26413155, 8.7, 520, 星际穿越
3785326, 8.4, 712, 黑猩猩的政治
3987165, 9.4, 273, 中国常见植物野外识别手册（山东册）
2063415, 8.7, 512, 难以忽视的真相
1428309, 8.8, 460, 数学大师
5254138, 8.2, 862, 大象为什么不长毛
26712353, 8.7, 497, 血疫
2249354, 8.7, 494, 啊哈，灵机一动
3595095, 7.5, 2170, 统计数字会撒谎
3795033, 9.0, 367, 数学天书中的证明
2002938, 8.3, 745, 费曼的彩虹
4114172, 8.7, 480, 为什么要相信达尔文
1211041, 9.1, 328, 古今数学思想（三）
2149971, 8.7, 469, 链接
3016336, 8.5, 572, 我们为什么不说话
1227414, 9.1, 318, 古今数学思想（四）
1959248, 8.4, 616, 科学成就健康
26150549, 8.7, 451, 人性中的善良天使
2033768, 8.2, 762, 批评中医
4046736, 8.4, 606, 神似祖先
1315187, 8.1, 854, 植物的欲望
4100966, 8.2, 746, 古地图密码
25829287, 8.9, 361, 数学
26314063, 7.9, 1069, 斯坦福极简经济学
3875749, 8.3, 660, 第十二个天体
1169472, 8.7, 434, 微积分之屠龙宝刀
4263247, 8.4, 589, 为什么大猩猩比专家高明
1084014, 9.0, 325, 恒星与行星
26579966, 8.6, 473, 医生的修炼
1260295, 9.6, 197, 可怕的科学（共57册）
1435793, 9.2, 269, 世界园林植物与花卉百科全书
1036413, 8.9, 349, 密码故事
3734300, 8.9, 348, 不可思议的物理
1013707, 8.8, 379, 大众天文学(上下两册)
26320883, 7.6, 1531, 丈量世界
1061979, 9.2, 265, 夜空
26905274, 8.5, 508, 海错图笔记
1084027, 8.5, 506, 猫
2135227, 8.4, 561, 一个数学家的辩白
1016827, 9.1, 286, 阿西莫夫最新科学指南（上下册）
1448343, 9.6, 190, 奈特人体解剖彩色图谱
1151386, 8.4, 546, 怀孕圣经（最终定本）
1084010, 8.7, 391, 岩石与矿物
5946541, 7.8, 1077, 吃的真相2
10539147, 9.2, 250, 宇宙的结构
1313582, 8.5, 476, 千亿个太阳
1391745, 8.8, 352, 新量子世界
3144300, 9.2, 243, 通向实在之路
4821769, 8.6, 417, 死者在说话
20453160, 8.9, 312, 天才引导的历程
1052973, 8.5, 457, 科学的历程
6890201, 7.1, 2928, 我知道你不知道的自己在想什么
1083985, 8.5, 452, 混沌
26337663, 8.2, 623, 无言的宇宙
25763528, 8.1, 695, 植物学家的锅略大于银河系
5388462, 9.8, 151, The Natural History Book
1067603, 9.0, 277, 暗淡蓝点
1068802, 8.2, 605, 时间之箭
2224567, 7.6, 1282, 证据
1915924, 8.2, 602, 动物必须刷牙吗？
6781486, 8.1, 663, 趣味生活简史
5413523, 8.2, 586, 植物学通信
2253663, 7.9, 833, 没有我们的世界
1097397, 8.6, 384, 死亡的脸
3699210, 8.0, 734, 蛛丝马迹
3541506, 9.1, 244, 素数之恋
25870967, 8.3, 519, 时蔬小话
1084009, 8.4, 464, 树
1400674, 8.6, 377, 常见野花
24722746, 7.8, 920, 人类尸体的奇异生活
6855803, 7.9, 808, 奇点临近
26706730, 9.1, 233, 肠子的小心思
1148191, 8.6, 364, 费曼讲物理入门
4761615, 8.5, 399, 与动物对话
26605978, 8.4, 439, 超越智商
6127332, 9.1, 229, 肚子里有个火车站
2090728, 8.4, 432, LSD：我那惹是生非的孩子
1448727, 8.4, 431, 博弈论基础
4904723, 8.6, 348, 微积分的历程
1899787, 8.7, 316, 希尔伯特
3374562, 8.5, 382, 营养圣经
25848493, 8.4, 420, 猿猴的把戏
1446407, 8.7, 313, 发现的乐趣
1761114, 8.9, 261, 物理学的进化
24160391, 7.9, 728, 越弱越暗越美丽
1418300, 9.0, 238, QED：光和物质的奇异性
1318798, 8.9, 253, 物理定律的本性
25999980, 8.3, 448, 妇产科男医生告诉你
25908552, 7.5, 1187, 上瘾五百年
6712304, 7.3, 1564, 怪诞心理学2
25842419, 8.5, 359, X的奇幻之旅
4735702, 9.1, 209, DNA：生命的秘密
1424756, 8.0, 608, 人类曾经被毁灭
2986872, 7.3, 1541, 简单的逻辑学
25910692, 8.8, 268, 科舟求健
2987179, 8.7, 293, 科学究竟是什么
6127333, 9.1, 205, 牙齿大街的新鲜事
26578141, 8.5, 349, 医生的精进
4032570, 8.5, 348, 进化的大脑
1342641, 8.6, 316, 空想科Wx本
22993873, 8.5, 347, 宇宙之书
3683054, 8.5, 345, 汽车为什么会“跑”
1238685, 8.6, 313, 统计与真理
20507207, 8.6, 313, 地球上最伟大的表演
2221395, 8.3, 418, 经度
7064456, 8.4, 376, 研究之美
2124111, 8.7, 282, 世界科学技术通史
4926595, 8.6, 305, 醉汉的脚步
25924311, 8.4, 370, 盲眼钟表匠
1850407, 9.1, 197, 数学的发现
4852805, 8.8, 251, 希利尔讲世界史
20471312, 8.6, 299, 大自然的艺术
26415165, 7.9, 621, 沐猿而冠
3182220, 7.8, 701, 法医鉴证实录
3194243, 7.7, 794, 完全图解猫的心理
3408334, 8.9, 227, 洗冤集录译注
1084008, 8.5, 322, 药用植物
1060637, 8.1, 483, 房龙地理
4137809, 7.8, 680, 让大脑自由
3921815, 8.5, 315, 玫瑰之吻
25761310, 8.4, 347, 汽车是怎样跑起来的
1419432, 8.0, 525, 熵：一种新的世界观
24736494, 8.5, 311, 地理学与生活（插图第11版）
26679862, 9.3, 158, 生命的跃升
10764908, 9.3, 157, 美国儿科学会育儿百科
5411583, 8.6, 279, 中国居民膳食指南
25944294, 7.5, 960, 来到地球第一天
25918524, 7.7, 730, 美好百科：这个知识点超纲了
3931106, 8.8, 229, 宇宙秘密：阿西莫夫谈科学
26412113, 8.5, 297, 机器人叛乱
3117982, 7.8, 626, 植物的故事
3717331, 8.6, 266, 未来总统的物理课
3435537, 8.8, 222, 大流感
26308505, 8.4, 318, 杂草的故事
1900962, 7.8, 610, 通俗天文学
24890744, 7.7, 687, 人为什么会淹死在沙漠里？
26292422, 7.7, 686, 顾中一说：我们到底应该怎么吃？
11506872, 9.0, 185, 黎曼猜想漫谈
26644808, 7.9, 529, 高铁风云录
1230328, 9.0, 182, 数学（第一卷）
2116353, 9.3, 144, 不列颠百科全书（全20卷）
26417693, 8.9, 196, 深海
6434426, 9.1, 167, 中国国家地理自然百科系列：海洋
1097396, 8.6, 254, 生命的脸
1320281, 8.5, 277, 数学与知识的探求
3121161, 7.9, 517, 性趣探秘
1045342, 8.3, 336, 诺贝尔奖获得者与儿童对话
1007073, 8.0, 461, 语言本能
1650993, 9.2, 153, Lehninger生物化学原理（第3版）
3235797, 8.1, 410, 啊哈！原来如此
1484425, 7.7, 651, 囚徒的困境
10581480, 8.5, 274, 地球的法则
4199502, 8.3, 329, 大话无线通信
1001292, 8.0, 450, 惊人的假说
1459010, 8.9, 189, 量子史话
3301446, 8.8, 203, 科学的旅程
2124368, 8.7, 221, 证明与反驳
1219557, 9.0, 172, 创世纪的第八天
5417235, 7.9, 489, 失败的逻辑
2344973, 9.5, 118, 不可思议的剖面：大城堡
20283571, 9.1, 157, 灰雁的四季
25742296, 8.1, 387, 有限与无限的游戏
4578536, 8.3, 315, 阿司匹林传奇
26754615, 7.5, 783, 极简人类史
26900703, 9.7, 102, 物种日历
26265544, 9.2, 143, 图解密码技术
25900305, 8.1, 376, 舌尖上的历史
26785959, 8.6, 230, 疯狂人类进化史
1322880, 8.0, 416, 夸克与美洲豹
2994505, 9.3, 130, 定性与半定量物理学
4926707, 9.2, 139, 普林斯顿微积分读本
4122042, 8.5, 245, 通往天国的阶梯
1007886, 8.7, 205, 游戏中的科学
19923440, 8.0, 402, 鸟与兽的通俗生活
3061503, 8.8, 187, 蘑菇
5977975, 8.3, 290, 数学那些事儿
26259174, 9.7, 96, DK宇宙大百科
1148192, 8.7, 200, 费曼讲物理 相对论
1002966, 8.7, 199, 宇宙的最后三分钟
3092928, 8.2, 316, 逼近的瘟疫
4225911, 9.3, 124, 量子力学史话
1050324, 7.9, 432, 霍金讲演录
3662227, 8.4, 258, 私密的神话
10429322, 8.9, 167, 燕园草木
1058414, 8.2, 312, 花朵的秘密生命
1089271, 7.9, 427, 寻找薛定谔的猫
26791320, 8.5, 233, 哇，历史原来可以这样学1
4010128, 8.1, 343, 漫画统计学
4767422, 8.3, 279, 进化！进化？
24318989, 8.5, 231, 崔玉涛
2356843, 8.9, 164, 控制论
5286100, 8.9, 164, 解码者
2381462, 8.2, 305, 世界上最脏最脏的科学书
1033086, 8.4, 250, 生命的壮阔
3156699, 8.8, 175, 社会生物学
3229838, 9.3, 118, 眷恋昆虫
1037290, 8.0, 361, 莎士比亚、牛顿和贝多芬
26837082, 9.2, 125, 消失的微生物
3084815, 8.5, 219, 物理学的困惑
26609474, 7.6, 553, 八卦医学史：不生病，历史也会不一样
10532684, 9.1, 130, 赶往火星
1963501, 9.4, 105, 不可思议的剖面――大战舰
4096847, 8.7, 177, 希望的收获
26594366, 8.5, 210, 魔鬼数学
1437908, 8.6, 192, 知无涯者
26774272, 8.2, 277, 一平米健身：硬派健身
26866846, 9.4, 104, 长远看来，我们都已死去！
25921388, 8.3, 250, 大自然笔记
4143407, 8.8, 161, 大爆炸
5397869, 7.9, 374, 被埋没的天才
3320906, 8.4, 224, 追踪进化论
26171042, 8.1, 298, 悖论
1028077, 8.3, 243, 师从天才
24845389, 7.7, 458, 潜意识
3423021, 8.5, 202, 通灵芯片
1972794, 8.7, 170, 感觉的自然史
5432475, 8.7, 170, 穿越计算机的迷雾
25846075, 8.1, 294, 技术的本质
25747269, 7.7, 454, 颠覆医疗
26702041, 7.7, 453, 天生变态狂
1003692, 8.5, 200, 真实世界的脉络
6097348, 8.5, 200, 罗素的故事
1084264, 8.4, 218, 自达尔文以来
1894641, 8.9, 143, 科学与假设
10432364, 8.1, 289, 奇思妙想
3222291, 8.5, 198, 意识的解释
2985682, 8.8, 153, 剑桥天文爱好者指南
1881552, 8.3, 236, 剑桥五重奏
3156435, 8.7, 165, 天工开物译注
25862900, 8.7, 165, 话/镜
2078497, 9.5, 92, 大剖面
1077588, 9.3, 105, 元素的故事
24749903, 8.3, 234, 世界是数字的
24872278, 7.2, 838, 信号与噪声
1435554, 8.9, 140, 计算机科学概论
10459904, 9.6, 86, 神奇校车-穿越飓风
1843501, 8.6, 178, 宇宙简史
1836207, 8.8, 151, 它们是怎么来的
1122364, 8.2, 256, 时间、空间和万物
2298747, 8.7, 163, 现代世界中的数学
10491601, 7.9, 346, 致命元素
3098723, 7.4, 625, 死亡大辞典
1057523, 8.5, 191, 熊猫的拇指
5976521, 8.1, 277, 女t教你真正愉的性
24882901, 6.8, 1501, 不疯魔，不哲学
26296233, 8.4, 206, 重塑大脑，重塑人生
3101825, 8.1, 274, 人类基因的历史地图
2256190, 8.2, 244, 狗智慧
2185715, 9.1, 115, 数学爵士乐
3370214, 8.1, 268, 深奥的简洁
1351961, 9.0, 123, 怎友u造一w核子
24859467, 8.7, 155, 谁说了算？
4904722, 8.4, 200, 数学沉思录
6810273, 8.5, 183, 我即我脑
6729866, 7.3, 673, 健康流言终结者
1313462, 8.2, 239, 我的大脑敞开了
26852425, 8.8, 141, 什么是科学
1315265, 8.3, 216, 从混沌到有序
1021456, 8.5, 179, 我怎样设计飞机
1962865, 9.3, 97, 生物物理学
3425159, 9.3, 97, 数学的统一性
4857026, 7.7, 396, 美味欺诈
26369891, 8.7, 150, 猿形毕露
19925567, 6.7, 1617, 过日子要有技术含量
26320244, 8.7, 149, 巫师、外星人和星舰
21966324, 7.1, 840, 3D打印
1315074, 8.2, 229, 不论
26345725, 9.3, 95, 自然之美
26352270, 7.8, 340, 《三体》中的物理学
1116392, 8.2, 225, 计算机与人脑
19995876, 6.8, 1310, 我有一个同事
1739482, 9.0, 115, 数理化通俗演义（普及本）
24758435, 9.4, 87, 中国常见植物野外识别手册（古田山册）
5348905, 8.4, 185, 一粒种子的旅行
20370475, 8.9, 123, 数学的语言
26654475, 9.1, 106, 节气手帖：蔓玫的花花朵朵
1071936, 8.4, 184, 隐秩序
26861003, 9.6, 76, 黑洞简史
25777854, 8.7, 141, 科学革命-牛津通识读本
1488318, 8.5, 166, 先天，后天
26373220, 9.0, 112, 西尔斯健康育儿百科
26933798, 8.9, 120, 我在故宫修文物
25811177, 8.4, 178, 众神的星空
26377453, 7.6, 401, 谷物大脑
3893151, 8.7, 137, 宇宙的起源与归宿
1016822, 8.5, 161, 美德的起源
5983758, 8.5, 161, 像物理学家一样思考
2157346, 8.3, 191, 笛卡尔的错误
19952425, 7.0, 868, 再冷门的问题也有最热闹的答案
1078470, 8.6, 147, 机遇与混沌
2146105, 8.8, 125, 素数的音乐
5246524, 8.8, 125, 数学桥
3920099, 8.4, 173, 法医学之父
26827546, 8.6, 146, 大历史
1033286, 8.5, 157, 对称
25752076, 7.9, 274, 贪婪的大脑
4010127, 8.1, 223, 漫画傅里叶解析
1810352, 8.2, 202, 灵魂机器的时代
26663864, 9.2, 91, 地下水下
1024520, 8.8, 121, 无穷之旅
6861475, 9.3, 85, 意识探秘
4291039, 9.1, 97, 生命的故事
5352345, 9.1, 97, 黑洞战争
1803961, 8.1, 219, 双螺旋
1790854, 9.0, 103, 发现者
6126929, 8.5, 151, 疯狂科学
1060088, 8.6, 139, 蚂蚁的故事
3121205, 8.3, 179, 伊甸园之河
26148097, 7.3, 525, 不知死，焉知生
2053754, 8.6, 138, 大自然的猎人
24310435, 7.4, 459, 卑微的套套
26814078, 7.7, 321, 万物解释者
25775846, 6.9, 915, 枪与玫瑰的使用方法
1159821, 8.4, 161, 意识的宇宙
24722744, 7.8, 285, 科学碰撞“性”
1053379, 8.8, 116, 艺术与物理学
26429888, 8.7, 125, 动物的朋友圈
1673070, 9.2, 87, 趣味物理学
3003064, 8.0, 230, 一星一世界
1322144, 7.6, 351, 当中医遇上西医
6799531, 7.6, 351, 人体地图
24698961, 7.4, 445, 植物名字的故事
1925936, 9.0, 99, 默克家庭诊疗手册
26894476, 9.6, 67, 华人育儿百科
5241992, 9.1, 92, 人体
26776895, 9.1, 92, 我的收藏
25784778, 8.1, 206, 1024・人与机器共同进化
6952045, 8.4, 157, 量子理论
4852719, 8.4, 156, 希利尔讲世界地理
2152400, 8.1, 204, 生活中的魔法数学
24284858, 8.5, 143, 热新闻的冷思考
20278805, 7.2, 563, 鱼为什么放屁
4739526, 9.2, 85, 进化动力学
3284568, 9.5, 70, The Princeton Companion to Mathematics
1159180, 7.8, 273, 人类前史
26412796, 9.2, 84, 孩子提问题大师来回答2
26284518, 8.4, 153, 超弦理论
3258219, 9.0, 96, 混沌与分形
1899804, 8.1, 199, 涌现
25908573, 7.7, 299, 昨日之前的世界
1315266, 8.4, 152, 协同学
1120732, 8.2, 181, 宇宙为家
3033211, 9.0, 95, 人
25767723, 9.0, 95, 大人的科学：复古双反照相机
1014496, 8.8, 109, 最年轻的科学-观察医学的札记
1803252, 8.8, 109, 关于托勒密和哥白尼两大世界体系的对话
26828433, 8.6, 127, 猫语大辞典
10578495, 8.1, 195, 物理学的未来
26685563, 9.4, 72, 演化
25755874, 7.6, 324, 运动改造大脑
6712209, 6.6, 1325, 爱与性的实验报告
25712707, 8.7, 116, 孩子提问题 大师来回答
4742986, 8.4, 147, 混沌与秩序
2298455, 8.3, 160, 森林报-春
26707638, 9.6, 63, 大自然中的美食
26339894, 8.4, 146, 嗨，有人在吗？――月球车玉兔日记
26184242, 8.5, 134, 无穷的开始
25897763, 8.2, 172, 周期表
26140658, 8.2, 171, 人造恐慌
1012558, 8.7, 110, 数：科学的语言
25774980, 8.1, 182, 猫咪学问大
24529132, 7.7, 270, 改变未来的九大算法
4916157, 8.2, 165, 7天搞定微积分
1011170, 9.2, 77, 雁语者
1158657, 8.6, 118, 上帝粒子
25831015, 7.1, 557, 用地图看懂世界经济
1030451, 8.1, 180, 确定性的终结
24844888, 8.2, 162, 蝴蝶效应之谜：走近分形与混沌
26701099, 8.3, 148, 伴月共生
1016953, 8.2, 161, 宇宙最初三分钟
1315191, 8.1, 176, 生命的未来
3133917, 8.8, 99, 男人不排人不High
26335757, 8.9, 92, 最后的熊猫
26337651, 9.1, 80, 无尽深蓝
25923223, 9.0, 84, 咪家庭tW大百科
1253285, 8.3, 143, 第四级病毒
25810164, 8.6, 111, 心理学百科
24861516, 9.3, 68, 鸟喙
21868971, 8.8, 95, 隐藏的自我
4723799, 8.7, 102, 艺术宇宙
10544770, 8.7, 102, 宇宙的答案云知道
26278916, 9.1, 77, 与狼同行：狼的隐秘生活
1195595, 8.8, 94, 人工科学
25815267, 8.6, 108, 经济学百科
3369850, 9.2, 71, 宇宙学
24384863, 8.7, 100, 自然的魔法
20647000, 7.4, 337, 想当厨子的生物学家是个好黑客
20406911, 7.2, 430, 《生活大爆炸》之科学揭秘
3671502, 7.6, 267, 大话通信
4293302, 9.3, 66, 神的植物
25923082, 9.3, 66, 万物运转的秘密
1292199, 8.1, 161, 犯罪现场调查
25876133, 8.1, 161, 一平方英寸的寂静
25917542, 8.1, 161, 共情时代
1866146, 8.6, 106, 爱因斯坦的宇宙
24716081, 8.2, 147, 自然笔记
26411141, 7.4, 332, 世界为何存在？
26733566, 8.1, 160, 知识大融通
4292525, 8.8, 91, 进化思维
26644896, 8.3, 134, 我是谁？
19930175, 7.7, 234, 吃的真相3
5408894, 7.5, 290, 你需要多少朋友
2080273, 8.8, 90, 你知道吗――现代科学中的一百个问题
4832192, 7.9, 190, 上帝的迷思
2986290, 8.6, 104, 看不见的世界
25877184, 8.8, 89, 蚂蚁之美
1035843, 7.9, 188, 谜米机器
24745622, 8.3, 131, 太空将来时
4911161, 9.8, 48, Modernist Cuisine
26652354, 8.4, 120, 世界重启
5423784, 7.6, 254, 多重宇宙
5400561, 8.6, 102, 天涯芳草
26742180, 8.6, 102, 心智探奇
1833087, 8.2, 141, 数学悖论与三次数学危机
1008227, 9.2, 67, 数学家的眼光
6062359, 9.2, 67, 中国昆虫生态大图鉴
26593192, 8.7, 94, 思想本质
26831075, 8.7, 94, 诗意的原子
1322206, 9.0, 76, 技术史(Ⅰ-Ⅶ)
6540216, 9.0, 76, 山居鸟日记（全4册）
24906848, 8.3, 128, 故乡的微光
25903143, 7.4, 312, 逝者如渡渡
26796536, 9.4, 59, 身体从未忘记
1453761, 8.5, 108, 改变世界的方程
6110482, 8.2, 138, 元素生活
1422222, 8.4, 116, 贝壳的自然史
10443265, 7.6, 244, 把恐龙做成大餐
1148193, 8.7, 92, 生命的多样性
25885205, 7.9, 178, 记忆的风景
3423225, 8.6, 98, 寻找斯宾诺莎
4861188, 9.1, 69, DK儿童百科全书
6801878, 9.1, 69, 宇宙密码
11537696, 9.1, 69, 诺顿星图手册
3119865, 9.5, 54, 物理学的概念与文化素养
6863572, 9.6, 51, 图解动物生活大百科
7061949, 9.6, 51, 数学指南
26866642, 9.6, 51, 救护车到来前，你能做什么？
5355281, 8.1, 146, 数学与生活
1067279, 8.7, 90, 大自然的分形几何学
10867037, 8.5, 104, 认识性学
1398414, 8.2, 132, 溯源探幽：熵的世界
26546914, 8.2, 132, 科学的极致：漫谈人工智能
26327402, 8.7, 89, 猿猴家书
6868959, 8.3, 121, 信念的力量
25720192, 8.3, 121, 世界就是一个游戏，灵魂如何才不迷失？
1660711, 8.5, 103, 当代数学
26334506, 8.9, 77, 正常的另一面
1061939, 8.4, 111, 剑桥插图天文学史
26394048, 8.0, 156, 上帝的跳蚤
26921971, 9.2, 63, 时间之书
25720885, 8.2, 130, 超级合作者
1476618, 7.9, 170, 光电帝国
6797621, 7.9, 169, 这本书叫什么
5283460, 8.8, 81, 宝石圣典
25969416, 8.8, 81, 南开花事
2070169, 8.2, 128, 国士无双伍连德
4605553, 8.2, 128, e的故事
1237999, 8.4, 108, 数学概观
6133480, 8.2, 127, 弯曲的旅行
1046647, 8.8, 80, 相对论的意义
1988075, 8.1, 138, 右手.左手
1182434, 9.1, 65, 环境科学（上下）
3902335, 8.8, 79, 《科学美国人》趣味数学集锦之一
4787994, 9.5, 51, 数学在19世纪的发展（第一卷）
24720345, 9.0, 69, 反叛的科学家
25843212, 9.0, 69, 大人的科学：牛顿天文望远镜
25876757, 8.2, 125, 鲜花帝国
21318786, 7.9, 163, 布莱森英语简史
24529131, 8.4, 105, 自然野趣DIY
25815890, 9.8, 43, 费曼物理学讲义 第一卷
25854872, 7.3, 304, 算法帝国
1964867, 9.0, 68, 昆虫的社会
4122385, 8.3, 113, 不羁的思绪
1000786, 8.0, 146, 垃圾之歌
4931482, 6.7, 682, 为什么猪不能抬头看天
11542549, 7.2, 339, 谋杀手段
26429188, 7.9, 159, 基因战争
4208898, 8.4, 103, 心灵种种
2281380, 8.9, 71, 薛定谔讲演录
1146495, 8.7, 81, 身体使用手册
26672408, 6.9, 484, 本书书名无法描述本书内容
25713498, 8.1, 128, 迷茫的旅行商
25842062, 7.2, 324, 开膛史
26844877, 8.6, 85, 神秘的量子生命
4931709, 8.0, 137, 钨舅舅
25882860, 8.0, 137, 巫婆上菜
26673148, 8.8, 73, 爱因斯坦：想象颠覆世界
4604035, 8.7, 78, 可爱的身体
2236230, 9.2, 56, 不可思议的大自然
20492316, 8.8, 72, 大宇之形
1951398, 9.1, 59, 黑猩猩在召唤
2978246, 8.6, 82, 从牛顿定律到爱因斯坦相对论
25876499, 7.2, 304, 女人的性爱动机
26275049, 7.4, 237, 法医，警察与罪案现场：稀奇古怪的216个问题
3187420, 8.7, 75, 让孩子着迷的77×2个经典科学游戏
3240683, 7.9, 142, 高级迷信（第二版）
4771145, 9.2, 54, The Tell-tale Brain
26877276, 9.0, 61, 量子大唠嗑
21632268, 7.6, 187, 数字乌托邦
1538996, 7.9, 139, 红色皇后
1835312, 8.4, 91, 天文爱好者手册
25834607, 7.9, 138, 自由的进化
2124112, 7.9, 137, 脑的进化
26281236, 7.7, 165, 催情植物传奇
26740091, 8.6, 77, 爱与数学
5253771, 7.8, 147, 你不可不知的50个数学知识
25843211, 9.1, 55, 大人的科学：流光幻彩折纸灯
25922449, 8.5, 82, 自然的历史
26819850, 8.5, 82, 世界咖啡地图
25987064, 8.6, 76, 云与大气现象
26681315, 8.9, 62, 一个定理的诞生
4860796, 7.5, 195, 哥伦布大交换
26823975, 8.1, 110, 我们为什么要去火星？
25958751, 7.7, 156, 伟大创意的诞生
4771454, 8.2, 100, 植物的识别
6423666, 7.4, 212, 纳什均衡与博弈论
6510682, 7.9, 129, 脑的阅读
2348477, 8.9, 60, 理解航天
1006798, 8.5, 78, 人这种动物
25723282, 9.4, 44, 元素的盛宴
6254931, 6.9, 373, 科学的边角余料
26776547, 8.0, 114, 人工智能时代
26848006, 8.7, 66, 极客物理学
1035596, 8.4, 81, 蚁迹寻踪及其他数学探索
6874099, 7.8, 133, 现代医学的偶然发现
25779326, 7.5, 178, 可能与不可能的边界
25876107, 8.5, 75, 种子的故事
1761663, 8.6, 69, 伊甸园的飞龙
26644974, 8.3, 85, 地球与太空：美国宇航局珍贵摄影集
6533225, 9.3, 44, 爱因斯坦的望远镜
7015097, 9.3, 44, 太阳的故事
26577655, 9.3, 44, 原野漫步
25876134, 7.3, 212, 不敢问希区柯克的，问S先生吧
10484579, 7.6, 153, 博物人生
4100363, 8.6, 67, 人类和动物的表情
2311306, 9.4, 41, 搏击沧海
4715529, 8.1, 97, 勾勒姆医生
25780395, 8.8, 58, 物含妙理总堪寻：从爱因斯坦到霍金
26286707, 8.5, 71, 了不起的地下工作者
1888624, 8.1, 96, 上帝掷骰子吗-混沌之数学
1327048, 8.3, 82, 做数学之美妙
3302782, 8.3, 82, 趣味密码术与密写术
3756524, 9.0, 51, 狄拉克
26838785, 8.4, 76, 最好的抉择
25957452, 8.0, 104, 重返人类演化现场
26692643, 7.8, 123, 与废墟为伴
26675995, 8.0, 103, 大宇宙
25817569, 8.5, 70, 世界观
26314386, 8.4, 75, 心灵的未来
2112914, 8.5, 69, 从存在到演化
4916533, 8.2, 86, 代数的历史
26876440, 8.7, 60, 吃货的生物学修养
26876074, 8.1, 93, 大脑使用指南
11445560, 7.3, 197, 天才的基因
3180844, 9.2, 44, 地质学原理
26577650, 9.2, 44, 林中漫步
25733353, 9.0, 49, 头骨之书
4263995, 8.7, 59, 解码宇宙
1468622, 8.3, 78, A New Kind of Science
1440001, 9.3, 41, Darwin&#39;s Dangerous Idea: Evolution and the Meanings of Life
6758932, 7.7, 128, 超负荷的大脑
3689672, 8.2, 83, 跳跃的无穷
26591305, 8.2, 83, 万物身刻
3682963, 7.3, 190, 大脑开窍手册
1323102, 7.9, 106, 薛定谔的猫
26666358, 8.4, 71, 连接组：造就独一无二的你
25809383, 8.3, 76, 怪诞现象学（插图第6版）
6028251, 9.0, 47, 数学及其历史
26770923, 8.1, 87, 与哲学家一起思考
26806864, 8.4, 69, 明明白白我的性
1281171, 8.1, 86, 机会的数学原理
6015124, 8.9, 49, 身边的电子学
26394442, 9.1, 43, 什么都知道
1051703, 7.9, 99, 相同与不同
26292014, 7.5, 142, 谣言粉碎机:餐桌上的明白人
3841181, 8.8, 51, 植物学
25862411, 8.8, 51, 乌鸦的教科书
5328053, 8.2, 77, 卡尔.萨根的上帝
10493119, 8.2, 77, 女性健康私密书
5352344, 7.9, 98, 第二自然
1032716, 9.0, 45, 机会的数学
21332148, 9.3, 38, 冰冻星球
24845641, 8.7, 54, 给年青数学人的信
26710523, 9.7, 31, 太空漫游
26577652, 9.2, 40, 原野漫步
25976094, 8.1, 81, 普鲁斯特是个神经学家
26773296, 7.9, 95, 魔鬼的牧师
7161523, 7.5, 136, 生物中心主义
1332380, 9.2, 39, 植物的秘密生命
1667659, 9.2, 39, 数学小丛书（共18册）
1324825, 8.4, 64, 整体性与隐缠序
25810167, 7.7, 112, 哲学百科
26630973, 7.9, 93, 嗑：做一只会吃的松鼠
11498185, 8.4, 63, 无尽之形最美
1315621, 7.7, 110, 临界
26308917, 7.5, 131, 超级智能
26698334, 8.5, 58, 胃靠养，肠靠清
1628393, 8.1, 77, 创造力与直觉
26718687, 8.1, 77, 双脑记
26432962, 8.2, 71, 量子理论-牛津通识读本
6013369, 6.8, 284, 被禁止的历史
26303513, 7.4, 142, 活着有多久
26738072, 8.5, 57, 这就是二十四节气
26420540, 8.7, 50, 平面宇宙
26103898, 7.7, 105, 疯狂实验史?II
4201181, 7.8, 96, 空钓寒江
26421453, 7.8, 96, 基因革命
26760414, 9.0, 41, 关键时刻，命该怎么救？
26891160, 8.2, 69, 科技之巅
5300476, 8.7, 49, 祖先的故事
26820506, 8.6, 52, 给世界的答案
6265504, 7.5, 123, 大背叛
1128158, 8.4, 59, 一颗原子的时空之旅
26576620, 7.9, 86, 桃之夭夭
26354176, 7.3, 150, 草木缘情
20271703, 8.5, 55, 自然，是最好的老师
20383645, 8.8, 45, 复杂适应系统
4062636, 8.4, 58, 天文学新概论（第四版）
26299638, 8.9, 42, 我的宠物是恐龙！
2362464, 9.4, 32, 最迷人的数学趣题
26849228, 8.6, 50, 心情词典
26583821, 7.9, 83, 嗜：戒不掉的甜蜜
26862325, 9.0, 39, 人类的荣耀
25917736, 7.5, 117, 情种起源
25792729, 8.7, 46, 酷虫成长记
26268557, 8.2, 64, 说吧 医生
26800364, 7.5, 112, 第四次工业革命
20513228, 9.3, 32, 中国国家地理自然百科系列：野生动物
26435231, 8.2, 62, 医生是怎么看病的
25752974, 8.5, 50, 从相残到相爱
1678219, 9.0, 37, 夏娃的七个女儿
10471912, 8.9, 39, 数学世纪
3154440, 8.0, 70, 利维坦与空气泵
26904095, 8.0, 70, 博物学家的神秘动物图鉴
10732014, 8.5, 49, 数学史（上下）
26905289, 8.5, 49, 掌中花园
3449736, 8.3, 56, 原子弹秘史（上下册）
26850083, 8.3, 56, 致命药瘾
25780470, 7.6, 97, 如何创造思维
26397183, 7.6, 97, 计算机是怎样跑起来的
4098006, 8.4, 52, 数学女孩
26754245, 9.1, 34, The Gene
24526645, 8.3, 55, 量子之谜
26423783, 8.5, 48, 树的秘密生活
20282961, 9.7, 25, 科学革命的编史学研究
26357635, 7.9, 73, 性存在
5411576, 7.7, 86, 癌症：进化的遗产
2142617, 7.3, 124, 无效的医疗
1899810, 8.9, 37, 地球探赜索隐录
4735989, 8.9, 37, 世界图景的机械化
2028355, 8.4, 50, 生物学思想发展的历史
26830979, 9.1, 33, 宇宙
26901529, 9.2, 31, 怎样观察一棵树
26744946, 9.0, 34, 英国皇家园艺学会植物学指南
26321190, 8.3, 51, 黎明之前
6023605, 6.6, 258, 被禁止的科学
26384934, 8.4, 47, 倒计时：对地球未来的终极期待
26341608, 8.3, 50, 植物大发现
20515313, 7.0, 154, 窃言盗行
26743649, 8.6, 41, 通信之道――从微积分到5G
25911723, 7.8, 71, 拍砖中医
10554016, 8.8, 36, 世界的重新创造
26357038, 8.3, 49, 动物生活史
1704386, 9.2, 29, 天文学
25912352, 9.2, 29, 大迁徙：地球上最伟大的生命旅程
4888398, 9.5, 25, 怎样解题
26849394, 9.0, 32, 消失的脚印
25744229, 7.3, 109, 鼻屎为什么不能吃
10568054, 9.3, 27, 阿波罗是如何飞到月球的
26299652, 8.9, 33, 灭绝动物调查报告
26278762, 7.6, 80, 心思大开
24851442, 8.1, 54, 自然观察达人养成术
26319982, 8.3, 47, 商业百科
26842454, 8.2, 50, 免疫
26430181, 7.1, 127, 死亡入门
25743166, 9.1, 29, 地球:行星的力量
26659834, 7.5, 85, 盐糖脂
26433346, 8.4, 43, 小猎犬号上追随达尔文
1660174, 8.5, 40, 大自然如何工作
1291194, 9.0, 30, The Society of Mind
5487184, 8.4, 42, The 10
25893254, 8.4, 42, 分形学
21357444, 8.8, 33, 地球脉动
6822452, 8.6, 37, 超个体
1527268, 8.9, 31, 生长和形态
1472349, 8.6, 36, 温度，决定一切
11441867, 8.6, 36, 最佳可能的世界
24852221, 8.2, 46, 我的自然笔记
26785898, 8.9, 30, 强力与弱力
26842369, 8.9, 30, 像我们一样疯狂
26742300, 7.4, 84, 极简医学史
11538546, 7.2, 101, 普鲁斯特与乌贼
26107929, 8.6, 35, 宇宙的奇迹
1218272, 6.9, 137, 最大的小发明
26791743, 8.8, 31, 信息图中的世界史
25793478, 8.2, 44, 建筑中的数学之旅
2049314, 9.2, 25, 不可思议的剖面：大建筑
24748651, 6.9, 134, 别客气，请随意使用科学
26933447, 8.5, 36, 卓越未来
25845537, 8.1, 46, 神圣几何：人类与自然和谐共存的宇宙法则
20394055, 8.3, 40, 没有时间的世界
26832933, 6.0, 450, 你也是蘑菇吗
26415800, 7.7, 61, 137亿光年的宇宙论
1487698, 8.5, 35, 创造力手册
7067450, 8.6, 33, 瓶中的太阳
26884205, 8.9, 28, 星际唱片
26318103, 8.4, 37, 脑机穿越
3246317, 9.2, 24, 地理（全三册）
10532546, 8.0, 48, 第三种文化
26834220, 8.7, 31, 人类的演化
25857941, 7.9, 51, 病毒来袭
25775689, 8.5, 34, 从奇点到虫洞
26807009, 7.8, 54, 走近2050：注意力、互联网与人工智能
26387120, 8.6, 32, 世界最美透明生物
26881602, 8.6, 32, 2017未读月相历
26581121, 8.3, 38, 天生的烦恼：基因、种族与人类历史
26614057, 7.5, 68, 想象另一种可能
26581915, 8.7, 30, 他们应当行走
26844682, 8.7, 30, 《生活大爆炸》里的科学
26684304, 9.3, 22, 普林斯顿恐龙大图鉴
26668683, 9.5, 20, 好奇鬼的自然大发现
26304580, 7.7, 56, 伟大的博物学家
26705846, 7.7, 56, 剪刀石头布
26661064, 9.0, 25, 海滨的生灵
26838713, 9.0, 25, 告别节食时代
26663607, 8.7, 29, 时与光：一场从古典力学到量子力学的思维盛宴
26263563, 8.0, 44, 冲上云霄
26821965, 8.5, 32, 机械宇宙
26921728, 8.6, 30, 人的脑洞略大于整个宇宙
4832632, 9.0, 24, 进化
25697440, 7.1, 89, 量子宇宙
26343032, 9.5, 19, The Vital Question
20437999, 8.8, 26, Intuition Pumps and Other Tools for Thinking
26384117, 7.5, 60, 这才是最好的数学书（全两册）
26655915, 7.1, 85, 与机器人共舞
1083393, 7.8, 47, 斑马为什么不得胃溃疡
26827482, 8.9, 24, 吃的真相4：需求与恐慌
26661086, 8.6, 28, 飞禽记
26890863, 8.4, 31, 我们如何走到今天
26340961, 6.8, 110, 疯狂宇宙
26317233, 8.5, 29, 科学百科
26796697, 8.2, 34, 让我们害怕的食物
26849163, 9.1, 21, 迷人的数学
26831320, 8.4, 30, 生命的未来
26373406, 8.8, 24, 上帝造人有多难
7015839, 8.0, 38, This Will Make You Smarter
26780966, 7.6, 49, 生活中的大脑骗局
3796490, 7.8, 42, 男性多重高潮
25788823, 9.0, 21, 科瓦奇讲植物、动物、天文与地理
26386366, 8.2, 32, 政治学百科
26420533, 8.8, 23, 度量
26820624, 9.2, 19, 飞鸟记
26607136, 8.6, 25, 你好！植物
26882298, 8.6, 25, 世界上最老最老的生命
26739913, 8.3, 29, 宝宝的量子物理学
26644962, 7.9, 37, 耶鲁科学小历史
26738636, 8.8, 22, 发现最美的鸟
26721531, 8.4, 27, 聆听
26628303, 8.1, 32, 天文之书
26910119, 9.5, 16, 如何看电影
26341609, 7.9, 36, 博物馆的秘密
26673315, 7.6, 44, 庞加莱猜想
26921237, 8.7, 22, 果壳里的一百五十九个宇宙
26786518, 7.8, 37, 世界人文地图趣史
26806186, 8.6, 23, 道金斯传（全2册）
26883672, 8.3, 27, 极简海洋文明史
26706778, 8.9, 19, 布洛赫手绘鱼类图谱
26288821, 7.4, 46, 虚拟现实
25923150, 8.1, 28, 寻找时间的边缘
26681597, 8.7, 20, 数学女孩2
4882152, 8.5, 22, 理解科学推理
26341154, 8.0, 29, 密码的奥秘（全彩）
26686475, 8.2, 25, 创新启示
26705995, 8.5, 21, 《星球大战》里的科学
26924202, 8.7, 19, 怎样观察一朵花
26895402, 6.7, 73, 经济学思维
25844024, 7.2, 46, 洛杉矶雾霾启示录
2026913, 8.6, 19, Power
26891274, 7.3, 42, 极客电台：谁动了我的网络资产
26831650, 8.0, 26, 转向：用工程师思维解决商业难题
25826882, 7.7, 31, 生活中的毒理学
26865892, 7.6, 33, 科学的边角余料
26386850, 7.5, 34, 图灵的大教堂
26870963, 7.0, 50, 了不起的裤裤
26931905, 8.7, 17, 终极算法
26604896, 7.5, 33, 奇妙的尘埃
26628110, 8.0, 24, 数学与人类思维
2307991, 7.8, 27, 《诗经》的科学解读
7565203, 8.2, 21, 可怕的科学-经典数学系列套装-全12册
26830114, 8.5, 18, 家门口的自然探索笔记
26724633, 8.1, 22, 遗传的革命
26683602, 7.1, 42, 情感机器
26890973, 8.3, 19, 太空之眼
26812051, 8.4, 18, 假如海洋空荡荡
26904058, 8.4, 18, 漫长的夏天
11637344, 8.5, 17, 从一元一次方程到伽罗瓦理论
26684007, 7.9, 23, 明日的餐桌
26698202, 7.5, 29, 人工智能狂潮
1283506, 8.1, 20, 未来的性
10863322, 8.3, 18, 自然的经济史
26883446, 8.0, 21, 图解全球资源真相
26412683, 7.8, 23, 征程
26934423, 9.7, 10, 下一个物种
4000927, 8.1, 19, 身体的智能
20365734, 8.0, 20, 贩卖怀疑的商人
25815899, 8.4, 16, 费曼物理学讲义 第二卷
26900367, 7.9, 20, 超级思维
26878982, 7.7, 22, 听说你也是博物学家
10571608, 8.1, 17, 第一推动丛书（珍藏版套书）
26642322, 8.1, 17, 地球的主人
26849217, 8.2, 16, 看见声音
26899973, 7.6, 22, 疾病的模样：京虎子医学科普笔记
26340232, 6.6, 45, 机器人革命
26830140, 8.2, 15, 动物的脚印
26901824, 8.2, 15, 阿加莎的毒药
26891304, 7.7, 19, 极简科学史
11233825, 7.6, 20, This Explains Everything
26888775, 6.7, 38, 那些怪诞又实用的日常心理学
26688146, 5.9, 74, 利用业余时间拯救世界
26865561, 8.6, 11, 星空帝国
26921233, 8.6, 11, 种子的胜利
26589043, 8.0, 14, 昆虫Q&amp;A
26785461, 8.0, 14, 九十九种垃圾加一记妙想
26790125, 8.0, 14, 注意力
26869201, 8.0, 14, 昆虫记
26817987, 8.1, 13, 能救命的癌症常识
26855627, 7.6, 16, 我们最后的发明
26830251, 7.3, 19, 量子群星闪耀时
26853957, 7.8, 14, 我心爱的雷龙
25851465, 7.9, 13, 20世纪物理学(第1卷)
26734109, 7.6, 15, Lab Girl
26857701, 7.8, 13, 北野武的伟大旅程
26617461, 7.6, 14, 写在基因里的食谱――关于饮食、基因与文化的思考
26832985, 7.4, 15, 花与树的人文之旅
24744093, 7.5, 14, 数学经验
26834567, 7.5, 14, 正义的代价
26826819, 7.4, 14, 地狱为什么充满硫黄的臭味
26911423, 7.8, 10, 欲望之石
