2017-01-23 16:17:59
Tag: 穿越
The number of books: 957 

ID, rating, votes, title
1812439, 8.1, 33578, 步步惊心
2048364, 8.1, 17487, 独步天下（上下卷）
3561591, 8.0, 16067, 凤囚凰（上中）
3155622, 8.3, 8935, 庆余年・壹
3123939, 8.0, 13144, 不负如来不负卿1
2062202, 7.9, 14136, 绾青丝Ⅲ
2009825, 7.6, 22202, 绾青丝Ⅰ
3218402, 8.2, 7032, 不负如来不负卿Ⅱ・大结局
2028070, 7.8, 13344, 绾青丝Ⅱ
3522694, 8.6, 3734, 史上第一混乱・第一季神仙预备役
1468493, 7.6, 16494, 梦回大清
2213684, 8.3, 4941, 又一春
3165386, 8.6, 3191, 庆余年・肆
3244065, 8.6, 3091, 庆余年・伍
3165135, 8.5, 3532, 庆余年・贰
2382094, 7.8, 10285, 绾青丝Ⅳ（上）
2382087, 7.8, 10171, 绾青丝Ⅳ（下）
3244068, 8.5, 3376, 庆余年・陆
2300626, 7.5, 16634, 蔓蔓青萝（全2册）
2699701, 7.6, 13696, 歌尽桃花
3165385, 8.5, 3228, 庆余年・叁
1830208, 8.3, 4261, 尼罗河的女儿（第一部）
1668021, 8.1, 5460, 寻秦记
2281912, 7.7, 10481, 醉玲珑（上卷）
6139592, 8.1, 5217, 11处特工皇妃
2340167, 7.9, 7050, 醉玲珑（下卷）
6125543, 9.2, 1187, 北方的空地
2220812, 7.6, 10575, 木槿花西月锦绣1
2340168, 7.9, 6284, 醉玲珑（中卷）
1958655, 7.6, 8928, 寻找前世之旅（上下册）
10468852, 8.6, 1941, 海棠依f: 知否? 知否? 是G肥t瘦 卷一
3779046, 8.6, 1937, cN年 卷7
2004509, 7.6, 8037, 梦回大清
3611391, 8.7, 1617, 史上第一混乱・第二季・山寨武校
3664145, 8.8, 1398, 史上第一混乱・第三季・武林大会
2221121, 7.8, 5225, 木槿花西月锦绣2
2373834, 8.4, 2061, 新宋・十字1
3802381, 8.7, 1363, 史上第一混乱・第五季・寻秦记
3177843, 7.7, 5332, 木槿花西月锦绣3
2703292, 7.5, 7442, 兰陵缭乱
3739306, 8.7, 1323, 史上第一混乱・第四季・诱惑仙草
4144066, 8.5, 1576, 江山（一）
2139108, 7.4, 8164, 潇然梦（上）
3037790, 8.2, 2300, 小楼传奇
3170442, 7.7, 4601, 午门迨垄
2298345, 8.5, 1476, 狐魅天下・第一部・狐妖公子
1860523, 8.3, 1798, P于九天之一魂落西雷
2176855, 7.5, 5932, 潇然梦（下）
20501270, 8.6, 1203, 大唐明月1・风起长安
3024940, 8.6, 1199, 新宋Ⅱ・权柄1
2138527, 7.5, 5625, 法老的宠妃
3002672, 8.7, 1050, 狐魅天下・第二部・神武衣冠
2005545, 7.4, 6630, 红颜乱
3250733, 7.8, 3360, 午门迨垄
3863359, 8.9, 818, 千劫眉・两处沉吟
3053120, 8.6, 1110, 新宋Ⅱ・权柄2
3100852, 7.7, 3606, 兰陵缭乱Ⅱ
3127865, 7.7, 3542, 兰陵缭乱3
3074810, 7.3, 6753, 穿越与反穿越
1464824, 7.8, 2906, 交错时光的爱恋
6437035, 7.8, 2891, 扶摇皇后（上下）
3127813, 8.7, 902, 狐魅天下・第三部・故山旧侣
3696953, 7.9, 2457, 绿红妆之军营穿越
4729353, 8.6, 998, 史上第一混乱・第六季・时光总动员
3389971, 7.7, 3253, 永夜（上下）
2970172, 8.6, 985, 新宋・十字2
1860532, 8.5, 1080, 凤于九天 之 威镇博间
4844954, 8.5, 1067, 史上第一混乱・第七季・终极拯救大结局
3004594, 8.6, 951, 新宋・十字3
5275312, 7.5, 4193, 暴君，我来自军情9处
1860529, 8.4, 1153, 凤于九天 之 太子出使
4898688, 8.2, 1462, 精实氖Э
3829610, 7.8, 2523, 午门迨垄蟆の缑牌
3101286, 8.6, 885, 新宋Ⅱ・权柄4
3069940, 8.6, 881, 新宋Ⅱ・权柄3
1381504, 8.5, 962, P于九天之四d衰c共
2375894, 7.9, 2019, 秀丽江山・白虎卷
6730936, 8.2, 1324, 扶摇皇后・终结篇（上下）
10566532, 8.6, 809, 海棠依f：知否？知否？是G肥t瘦 卷二
3183693, 8.6, 807, 新宋Ⅱ・权柄5
3239554, 8.6, 805, 新宋Ⅲ・燕云1
2974188, 7.6, 2988, 回到明朝当王爷
10775030, 8.5, 896, 海棠依f：知否？知否？是G肥t瘦 卷四
2257608, 7.9, 1865, 秀丽江山・青龙卷
3274141, 7.9, 1832, 秀丽江山・朱雀卷
2048588, 7.6, 2843, 第一皇妃（Ⅰ、Ⅱ）
2139618, 7.5, 3327, 寻找前世之旅续集
3260520, 8.0, 1547, 秀丽江山・玄武卷
20501271, 8.6, 739, 大唐明月2・谋断恩仇
2975947, 7.5, 3118, 笑倾三国（Ⅰ、Ⅱ）
3306270, 8.6, 709, 新宋Ⅲ・燕云2
3766379, 8.6, 701, 新宋Ⅲ・燕云3
3427342, 7.9, 1628, 第一皇妃Ⅳ、Ⅴ
21336788, 8.7, 619, 大唐明月3・西域烽烟
3015088, 7.6, 2460, 极品家丁 1
2138767, 8.0, 1394, 清风入梦・怡殇Ⅰ
10739632, 8.5, 761, 海棠依f：知否？知否？是G肥t瘦 卷三
4130055, 7.2, 4767, 跨过千年来爱你
5293819, 8.4, 850, _R浴 Ⅰ
2993411, 7.9, 1562, 第一皇妃Ⅲ
3072649, 7.9, 1537, 窃明
2270168, 8.6, 650, 凤于九天十六言惊四座
2241269, 8.2, 1023, 清风入梦・怡殇Ⅱ
20274086, 8.6, 638, 海棠依f：知否？知否？是G肥t瘦卷六 嫣然一笑新y就，春@海棠花妍
3143821, 8.8, 513, 碜赃h方 1
3236601, 7.9, 1448, 恶魔法则1
19281910, 8.5, 694, 海棠依f：知否？知否？是G肥t瘦 卷五
3931437, 7.3, 3539, 销魂殿
23720194, 8.6, 611, 海棠依f：知否？知否？是G肥t瘦 卷七 那人s道，海棠依f 完
21346268, 8.7, 546, 大唐明月4・碧血黄沙
3816048, 8.6, 603, 凤于九天 23 千里救援
6805154, 7.6, 2061, 再生缘（上中下）
2000153, 7.7, 1742, 凤霸天下Ⅰ・玄武篇
2327556, 7.6, 1991, 不辞冰雪为卿热（全2册）
10527811, 8.5, 636, 官居一品（全七册）
1939705, 7.5, 2296, 青莲纪事1
3135064, 6.9, 6410, 薄荷荼靡梨花白
3056907, 7.3, 3083, 宸宫（上下）
1377681, 8.1, 966, 追月
3550601, 7.5, 2200, 双阙
1014751, 8.4, 674, 异人傲世录1・异世逍遥
2973646, 7.4, 2501, 少年丞相世外客
3319399, 8.6, 529, 凤于九天二十二 海夜异色
6790474, 8.4, 642, 别拿穿越不当工作（全三册）
5336752, 8.5, 576, 新宋Ⅲ・燕云4
4173198, 8.6, 496, 凤于九天24 惊隼大捷
2044745, 7.8, 1248, 凤霸天下Ⅱ・白虎篇
1956593, 7.5, 1913, 青莲纪事 2
26853361, 8.7, 442, 夜旅人
3168458, 7.6, 1636, 少年丞相世外客（中+下）
2232921, 7.9, 1077, 樱之恋系列 （全8种）
3153363, 7.1, 3593, 三救姻缘
3021414, 7.2, 2959, 除了我你还能爱谁
4207785, 8.5, 523, 凤于九天25 再临博间
2050143, 7.8, 1195, 凤霸天下Ⅲ・四国篇
2343018, 7.4, 2122, 寻找前世之流年转
3071317, 7.2, 2886, 此心无垠（全2册）
3679840, 8.1, 781, 恶魔法则（全12册）
7440370, 7.8, 1102, 非我倾城（全三册）
2993425, 7.5, 1594, 神仙也有江湖（上）
4833933, 7.4, 1852, 小女花不弃
3894603, 7.6, 1363, 穿越之天雷一部（全二册）
4891442, 8.4, 512, 凤于九天26 动魄惊心
2300051, 7.7, 1180, 勿忘
3144991, 7.7, 1145, 神仙也有江湖（下）
2141862, 7.7, 1133, 千山看斜阳
2076345, 7.5, 1489, 青莲记事1
25791940, 8.5, 440, 战起1938
3766708, 7.6, 1263, 爱莫能弃
6861939, 7.7, 1082, 帝凰（上中下）
3099350, 7.7, 1048, 神仙也有江湖（中）
7162172, 7.4, 1576, 媚公卿（上下）
3219277, 7.7, 1030, 爱情宝石系列
2351434, 7.4, 1551, 寻找前世之流年转2
3067732, 8.0, 690, 不思议游戏――玄武开传
5379541, 7.1, 2417, 执子之手，将子拖走
2062281, 7.3, 1650, 清空万里
3683019, 7.5, 1218, 潇然梦之无游天下录
3802382, 7.5, 1208, 爱莫能弃
10344574, 8.0, 624, 傲风
5397280, 8.5, 362, _R浴 Ⅱ
25880334, 8.7, 299, 大唐明月6・谁家天下（完）
2133200, 7.5, 1170, 青莲记事
3426048, 7.6, 1015, 平凡的清穿日子1
5414115, 7.4, 1322, 错嫁良缘之一代军师（上下）
5325550, 7.4, 1318, 若爱只是擦肩而过
25839869, 8.7, 285, 大唐明月5・云诡波谲
4209676, 7.3, 1461, 九鼎记
2998731, 8.3, 407, 到开封府混个差事
6727858, 7.8, 704, 鬼差
3718158, 7.7, 789, 江湖遍地卖装备
3120720, 8.2, 434, 窃明2
3710711, 7.8, 682, 春秋大梦
19977093, 7.8, 671, 天定风流1・千寻记（上下）
3069481, 7.7, 735, 太平
4838107, 8.1, 455, 新宋
2216422, 7.2, 1453, 鸾，我的前半生，我的后半生1
19958299, 7.6, 816, 大唐女法医・江南卷（上下）
3069750, 7.4, 1063, 鸾，我的前半生，我的后半生3（大结局）
3064299, 8.9, 207, 到开封府混个差事Ⅱ
2371522, 7.1, 1659, 何处金屋可藏娇（共三册）
1787843, 7.6, 801, 兽血沸腾（第一卷）
4887684, 7.7, 693, 情迷北宋之北落师门
3214462, 8.2, 389, 窃明3
4841659, 8.4, 317, 江山2・南征北讨
3769083, 7.8, 594, 平凡的清穿日子3
10559304, 6.8, 2613, 太子妃升职记
20432513, 7.6, 752, 坑你三生三世
2120534, 7.0, 1801, 寻龙记
4925049, 7.9, 496, 长生
6266299, 7.4, 932, 玉氏春秋（上下）
5297359, 7.3, 1070, 错嫁良缘之洗冤录
3255919, 8.1, 390, 窃明5
3568383, 7.9, 485, 以王之名
4889767, 7.5, 792, 步步生莲（全14卷）
21331202, 8.2, 347, 天定风流2・金瓯缺（上下）
3673479, 7.8, 536, 平凡的清穿日子2
3608327, 8.2, 343, 窃明6
3249938, 8.1, 380, 窃明4
2216420, 7.3, 1015, 鸾，我的前半生，我的后半生2
6946709, 7.2, 1166, 小凰不是仙
3239786, 7.3, 982, 大明江湖宅女记
6749702, 8.6, 226, _R浴 Ⅲ
2176759, 6.8, 2096, h影横斜
3855338, 7.9, 440, 江湖遍地卖装备（终结篇）
26410186, 7.5, 710, 女帝本色1
3101421, 7.0, 1467, 皇后出墙记（全二册）
4149332, 7.0, 1464, 芊泽花开（全二册）
2995606, 6.9, 1725, 宅女在古代后宫的幸福生活（全2册）
25750166, 8.3, 280, 天定风华4・此心倾（上下）
20283081, 7.5, 678, 庶女攻略1
3264660, 7.3, 884, 穿越之武林怪传（上下）
19957704, 7.7, 523, 锦衣夜行1・杀青州
3003680, 6.9, 1608, 满朝文武爱上我（全2册）
2193679, 7.3, 867, 戏龙记之非常穿越
6425455, 7.3, 855, 有座香粉宅
3039108, 7.9, 401, 极品家丁2
2212323, 7.4, 725, 清空万里2
2024783, 7.3, 823, 晓梦迷蝶・秋霁Ⅰ锦瑟篇
20507294, 7.6, 545, 大唐女法医・帝京卷（上下）
3671738, 8.2, 278, 寻秦记1
3361744, 7.0, 1234, 风槿如画（全2册）
2240959, 7.0, 1199, 寻龙记Ⅱ
10786466, 7.3, 757, 不负如来不负卿・蓝莲花
3872436, 7.8, 403, 奇妙糖果屋
2363678, 6.7, 1919, 和亲公主
10594424, 7.2, 843, 月沉吟（上下）
2162192, 7.4, 629, 晓梦迷蝶・秋霁Ⅱ赋菊篇
1914936, 6.7, 1794, 瑶华
10447495, 9.3, 102, 1938
2304613, 6.7, 1742, 绝色赌妃Ⅰ
2118742, 6.7, 1739, 平安京之宋姬物语
3045033, 9.0, 124, FLESH &amp; BLOOD〈5〉
2122690, 7.3, 664, 两世花
2271317, 7.3, 654, 凤舞大清Ⅰ
4245704, 7.3, 654, 我相信，幸福是会重生的
5261749, 6.9, 1168, 宁非
25791942, 8.3, 211, 天定风华5・啭九天（上下）
3998999, 7.3, 642, 龙龙龙（全三册）
3561593, 8.1, 252, 重生于康熙末年（一）
2981704, 6.8, 1334, 绝色赌妃Ⅱ
3290316, 6.9, 1128, 誓不为妃・上
4900241, 8.4, 187, 江山3・群雄逐鹿
2246239, 6.9, 1102, 恨相逢之战国之恋
3238252, 7.4, 530, 金屋恨
2009120, 7.1, 794, 清梦无痕1
3435182, 7.3, 600, 寻找前世系列
1820596, 7.2, 678, 狩猎美男
3288009, 7.8, 323, 篡清1・京华烟云
4718480, 7.2, 673, 血族新娘（上）
3306251, 7.5, 455, 离魂
2368190, 7.0, 885, 执手千年（上下）
5918449, 8.4, 176, 小荷才露尖尖角
6760181, 8.7, 135, 花非花 01-02
3082329, 7.8, 310, 极品家丁3
2970251, 7.1, 733, 怜香惜玉（全2册）
5030313, 8.5, 157, 江山4・金戈铁马
4583098, 7.2, 633, 瑾年绝恋.醉流苏
6873409, 7.4, 483, 远古伊甸
3629689, 8.7, 132, 皇家魔女学院
11602618, 7.4, 481, 越姬（上）
26680107, 8.5, 155, 制霸好莱坞
1479251, 7.7, 336, 明：1扬帆，2大风（全2册）
3238250, 7.5, 419, 黯乡魂
3123946, 7.3, 537, 猫游记
1492927, 8.4, 162, 天下・壹・风起
3290333, 7.0, 785, 誓不为妃・下
3115770, 7.7, 315, 极品家丁4
2187818, 6.9, 891, 花落燕云梦（全2册）
3427344, 7.9, 251, 极品家丁8
26436202, 8.2, 185, 清川日常
3998149, 6.7, 1193, 下堂妻的悠哉日子
2253362, 7.8, 272, 清宫・红尘尽处（上下）
4851822, 7.8, 268, 窃明第二部・虎狼
4136866, 8.6, 128, 仁t (2)
4731812, 7.1, 613, 血族新娘（下）
25908432, 8.2, 177, 天定风华6・笑凭阑（上下）
20283083, 7.5, 365, 庶女攻略3
5346214, 8.4, 148, 江山5・三分天下
3735921, 7.2, 525, 骑士幻想夜
1837267, 8.5, 134, 天下・叁・攻伐
2005546, 7.1, 594, 清梦无痕2
19998056, 8.7, 114, 大唐明月 卷二 喜Y良
1941755, 6.6, 1284, 恍然如梦
2976880, 7.3, 451, 纳妾记
20492474, 7.1, 584, 乖宠
3224427, 7.2, 508, 鹦鹉
20283082, 7.5, 349, 庶女攻略2
2349951, 7.3, 445, 凤舞大清Ⅱ
20254852, 8.8, 104, 大唐明月 卷三：⒂就
26257217, 8.0, 203, The Fantasies of Robert A. Heinlein
3194076, 7.7, 274, 极品家丁5
1792075, 8.4, 140, 天下・贰・龙啸
3284084, 7.0, 648, 武林萌主（上下）
6426768, 7.1, 561, 水墨山河
2381531, 6.9, 742, 凤还巢
3264994, 7.7, 266, 极品家丁6
3292193, 7.5, 332, 帝梦清萝（上下）
5985017, 8.6, 116, cN年 ⒉壳 11 五竹（完）
25700787, 7.8, 237, 掌事(卷一)
4148162, 7.0, 621, 不良少夫（上下）
26255858, 7.6, 289, 天定风华3・笑忘归（上下）
3358831, 7.6, 287, 明朝五好家庭1
1836577, 6.6, 1139, 梦落繁花・蓝雪
3374615, 7.7, 253, 极品家丁7
3244010, 7.6, 280, 猫游记2
5396149, 8.5, 120, 江山6・四海归一
2073012, 7.3, 397, 何处金屋可藏娇（共3册）
24855606, 7.3, 396, 木槿花西月锦绣4
10558083, 7.5, 308, 特工皇妃（全三册）
4054970, 8.8, 94, 太虚幻境
11443725, 7.4, 337, WPO（上）
3244011, 7.6, 263, 猫游记3
1822788, 7.3, 372, 狩猎美男（大结局）
3074812, 6.7, 863, 寻爱上弦月（上下）
3412135, 7.1, 479, 武林萌主・终结篇
3918857, 6.7, 862, 诛颜
3048772, 7.3, 368, 那海兰珠（全2册）
1450467, 7.5, 289, 尼罗河之鹰
2239437, 7.3, 364, 戏龙记之完全古代
4023238, 8.2, 143, 篡清3・不一样的甲午（上下）
6965582, 7.9, 188, 东倾记・啸世
5403363, 7.2, 409, 盘丝洞38号（上下）
20411512, 7.5, 282, 江湖路弯弯
4175341, 6.9, 598, 喵喵喵
2314502, 7.0, 514, 花落燕云梦（终结篇）
3608017, 7.0, 514, 烟水遥（上.下册）
2241268, 6.9, 584, 契丹王妃
5403355, 7.2, 388, 彼岸有妖
1875481, 8.2, 136, 二鬼子李富贵
2028069, 6.6, 923, 若相惜Ⅱ
26255852, 8.1, 147, 天定风华7・凤归来（上下）
2007843, 6.4, 1279, 若相惜Ⅰ
26904433, 9.2, 64, 醉玲珑
10546254, 8.3, 122, 傲风1・光芒大陆Ⅱ（上下册）
2354136, 6.9, 562, 有缘千年来相会（上下）
3795706, 6.7, 756, 皇家幼儿园
25838009, 7.6, 234, 女心理师之江湖断案
1491422, 7.5, 258, 法老王
10801275, 7.5, 258, 一度君华
2061455, 6.7, 739, 恍然如梦2
3786933, 7.3, 322, 骑士幻想夜Ⅱ
5948763, 8.1, 139, 蜕 上
3808985, 6.7, 719, 折兰勾玉杏向晚
24863533, 6.9, 530, 纨绔世子妃（上下）
3126471, 8.6, 92, 大唐明月 卷四
3421785, 8.0, 149, 篡清2・朝鲜风云
1988401, 6.3, 1353, 我的灵魂在古代・壹
3287735, 7.0, 440, 静思
1443459, 7.5, 239, 天狼之眼
3369771, 8.5, 95, 大唐明月 卷五
2595334, 6.9, 484, 尘世羁（上）
2145934, 6.3, 1265, 厨娘皇后
6827318, 6.5, 875, 白发皇妃（上下）
6788019, 7.4, 250, 失落大
5948761, 8.2, 115, 蜕 下
5918836, 8.1, 125, 七寻记1
2340301, 6.3, 1223, 步步惊心（续集）
3786931, 7.3, 269, 骑士幻想夜Ⅰ
1098640, 8.1, 120, 康州美国佬在亚瑟王朝
3622270, 8.0, 130, 重生于康熙末年（二）
2052567, 6.3, 1147, 我的灵魂在古代2
11614388, 7.2, 293, 军火皇后（上下）
1701796, 6.7, 575, 清宫・情空（1、2）
2589967, 6.9, 428, 长孙皇后
2701358, 7.0, 373, 尘世羁（下）
25716092, 7.1, 324, 木槿花西月锦绣5
4007892, 8.7, 72, 新宋03
10751093, 8.3, 96, 傲风2
26718236, 8.0, 123, 木兰无长兄1
10831608, 7.5, 197, 乱世倾君心（全二册）
25762234, 6.9, 404, 木槿花西月锦绣6
2037461, 6.6, 623, 穿越时空之生死恋
25700790, 8.3, 94, 掌事(卷三)
10518698, 7.0, 347, 穿越之第一夫君
6526952, 7.3, 240, 朽女厨娘
25919864, 7.7, 157, 奥术神座1・女巫笔记
26583763, 8.3, 93, 赡 卷一
2284025, 7.0, 344, 契丹王妃2
3009652, 6.6, 608, 白衣传（共2册）
1546477, 7.5, 191, 重返中世纪
4582414, 6.9, 390, 满朝欢（上下）
11445472, 7.3, 237, 女法t辣手摧夫・上
3532803, 7.9, 129, 明朝五好家庭5（大结局）
3042879, 7.4, 211, 纳妾记2・白骨迷案
3125779, 8.2, 99, 牡丹冠天下8 (完)
3739375, 7.8, 140, 重生于康熙末年（四）
3182983, 6.5, 697, 云醉月微眠（全2册）
4834582, 6.7, 510, 无盐妖娆（全二册）
3629869, 7.0, 336, 极品太子妃Ⅱ
3998997, 6.4, 817, 芙洛
3420392, 7.5, 186, 武林高手在校园
7068069, 7.4, 204, 姐姐有毒
3881847, 6.9, 369, 熙元纪事
1706039, 7.2, 253, 逝去的欧若拉
3894618, 6.5, 659, 窈窕庶女
5985006, 9.1, 51, cN年 ⒉壳 7 凌t
3361745, 7.4, 199, 异世淘宝女王（中）
3228759, 7.7, 146, ふ仪笆乐旅・二部曲2・祭司x中的少女
3236131, 8.3, 87, 第一皇妃1・天之女
11602693, 7.3, 220, 越姬（下）
3061269, 6.9, 358, 失踪的王妃
3115875, 6.7, 473, 如梦令（上下）
6964234, 7.2, 245, 凤临天下（全三册）
3337152, 8.5, 74, 雪狐裳月1
2236771, 6.4, 730, 叶・飘零（全2册）
5366329, 7.6, 152, 蛮姑儿
2368786, 7.7, 138, 鸟笼里的暹逻猫 上
3652839, 8.1, 97, X时空调查
24870698, 7.2, 232, 宦妃
3115874, 6.5, 594, 千里东风一梦遥
20563214, 7.8, 124, 俊男坊・阴差阳错（全两册）
3651170, 7.0, 292, 若纪若离
25725666, 7.9, 113, 活在晚明①
3666772, 8.2, 88, 寻秦记
1275028, 8.4, 75, 故国神游
5984996, 9.0, 50, cN年 E部曲 14 m
2331129, 7.2, 221, 太后也疯狂
4915762, 7.2, 220, 大龄宫女
6843907, 6.7, 418, 云狂（上下）
5984995, 9.0, 49, cN年 E部曲 13 微服私行
5984997, 9.0, 49, cN年 E部曲 15 痣H
2216340, 6.7, 412, 迷途
5904199, 8.3, 78, 步步@心・2・情w何
3725543, 6.9, 311, 零陵飘香（上下）
6777935, 7.2, 213, 东倾记・神启
2971921, 7.4, 171, 归路1
25700793, 8.1, 89, 掌事(卷六)
25700797, 7.9, 105, 掌事(卷九)完
2158876, 6.4, 628, 情倾天下
2980053, 7.1, 232, 绝恋・倾城系列
3133417, 7.3, 182, 纳妾记3・纵火迷云
11445473, 7.3, 181, 女法t辣手摧夫・下
3725542, 6.8, 327, 满朝凤华（上下）
3518091, 7.4, 160, 异世淘宝女王（下）
3446592, 7.0, 251, 倾城别传 上、下
3326973, 7.0, 250, 异世淘宝女王（上）
3242684, 6.8, 321, 花褪残红青杏小
4783151, 7.5, 142, 八夫RT02
25700796, 8.0, 89, 掌事(卷八)
3210664, 7.4, 154, 大唐御医1
6432098, 6.8, 309, 天配良缘之陌香（上下）
6730920, 7.2, 189, 天配良缘之商君（上下）
10580325, 7.6, 125, 清朝经济适用男
5261751, 7.5, 137, 寻找来世之夫（全二册）
3746062, 9.2, 39, 美人吟.飞花弄影
4834521, 6.9, 264, 驭夫36计（上下）
3744040, 8.2, 74, 寻秦记3
2230606, 6.6, 394, 情倾天下Ⅱ夺情篇
3321452, 6.9, 262, 食霸天下
5353489, 8.3, 68, 半夏
6539227, 8.8, 48, 仁t (Vol.20)
26346927, 7.9, 91, 神的孩子都旅行
3228752, 7.7, 108, ふ仪笆乐旅3・天方夜T
4179799, 6.9, 251, 兰陵皇妃（上）
21241484, 7.2, 176, 庶女攻略5
2302076, 7.1, 194, 凤凰无双（共三册）
25766551, 7.3, 155, 唐砖1・土豆有妖气
2044743, 6.3, 581, 穿越时空之错爱唐朝
2361716, 7.4, 139, 指南录 1
3117373, 8.1, 75, 蝴蝶的皇冠1
3168444, 7.2, 171, 纳妾记4・苗疆惨案
3815246, 7.0, 214, 极品太子妃
10876473, 9.0, 41, 六朝吟 1
4713881, 7.7, 103, 篡清4・两江风雷
2363681, 6.9, 239, 清风吹散往事如烟灭1・桃李不言
2260909, 6.5, 403, 清水漪澜（上下）
20440086, 6.8, 265, 凤再上（上下）
2251757, 6.9, 232, 谁是李世民（上）
2281629, 6.9, 225, 张三丰异界游
3101285, 7.4, 128, 法玛传
5944607, 7.2, 157, 北宋生活顾问
23780086, 7.1, 175, 新唐z玉1
2277287, 6.9, 219, 谁是李世民（下）
20509472, 7.7, 95, 一品江山・第一部1・清平
3271914, 7.8, 87, 大唐御医3
10451754, 6.5, 371, 错嫁良缘之后宫疑云（上下）
10483190, 6.8, 245, 金风玉露（上下）
26657576, 7.5, 113, 异乡人
3157873, 8.1, 68, 次元(01)
20273770, 8.1, 68, 傲风2・北境放逐之地Ⅱ（上下册）
5363959, 7.9, 79, 信长协奏曲 Vol.1
1817623, 7.7, 93, 商业三国（卷一）
4925143, 6.9, 212, 狐颜乱羽（全二册）(2册)
6527857, 7.5, 110, 六朝清羽 1
1704819, 8.7, 44, 爱的约定
6977666, 7.1, 164, 天才魔妃
2040347, 7.8, 82, Outlander
3106619, 7.6, 97, 醉游记Ⅰ
26257216, 8.4, 52, &#39;&#39;All You Zombies - -&#39;&#39;
25695976, 7.8, 81, f周之燕 卷上
3236139, 8.1, 64, 第一皇妃6・真假皇妃
22499412, 8.1, 64, 傲风3・诸神大陆1（上下册）
3030295, 6.5, 336, 情倾天下Ⅲ大结局
4048188, 6.5, 332, 千面风华（上下）
2975157, 6.9, 194, 清风吹散往事如烟灭2・之子于归
26832560, 7.7, 86, 凤凰错1宁弃天下换卿心
4912789, 7.0, 169, 八夫临门
3795515, 7.3, 121, 胭脂碎（上下册）
5360721, 6.8, 211, 注意，美狐出没
25934782, 6.8, 210, 盛世良缘
3232127, 7.5, 99, 大唐御医2
6139577, 8.0, 65, 倦し
19998878, 7.5, 98, 丹P朝・卷一
3987209, 7.2, 131, 食霸天下・完结篇
2595331, 7.6, 89, 帝师传奇一・帝台深
2305267, 6.6, 264, 巧婢奇缘（上下）
5296866, 7.5, 96, 篡清5・鼎之轻重
24283628, 7.1, 142, 庶女攻略6
11443717, 6.7, 226, 霓裳
3698013, 6.2, 467, 梨花雪后（套装上下册）
11510504, 7.3, 114, 饕餮西施（上）
3756509, 6.6, 254, 厨娘迨
5395592, 7.2, 125, 黑暗的祝福
4148163, 6.4, 335, 奉旨休夫
24283791, 7.1, 138, 庶女攻略7
2142117, 6.8, 194, 暴动王妃（共3册）
3069664, 6.9, 170, 清宫・情空（终结篇）
20389196, 6.9, 170, 不负如来不负卿・蓝莲花（大结局）
25832464, 8.6, 40, 凤逆苍穹1
2151428, 6.2, 437, 后妃乱
3228754, 7.6, 82, ふ仪笆乐旅4・通往冥界之路
2991237, 7.5, 89, 1911新中华1
2702580, 6.9, 162, 祭司的情人（全2册）
4179798, 6.7, 205, 兰陵皇妃（下）
3133921, 7.2, 116, 唐朝好男人1
3228761, 7.5, 87, ふ仪笆乐旅・二部曲3・牡丹公子
3657245, 6.8, 179, 穿越成式神的日子
2075204, 6.4, 302, 芙蓉成长记之有女芙蓉初长成
4217883, 6.7, 200, 谁说穿越好
10608302, 6.9, 157, 落月迷香
25725667, 8.0, 57, 活在晚明②
3314960, 6.6, 224, 飞花溅玉录（全两册）
2375533, 7.0, 138, 双栖蝶
5395594, 7.6, 77, 血族的花嫁
25696090, 8.0, 56, 新唐z玉9
25765016, 7.2, 111, 三生三世彼岸花（上下）
3244029, 8.5, 40, 魔法特优生
3274361, 8.1, 52, DARLING来自未来
11528163, 7.6, 76, 牡丹冠天下1・^逢生
10484087, 8.7, 35, 回到未来
2185067, 6.9, 149, 望天1・天生我材
25917401, 7.2, 108, 千金记
5395593, 7.5, 81, 天使的私心
7564368, 6.5, 243, 天生凉薄（上下）
25714562, 7.6, 74, 俊男坊・风云变幻（全两册）
10569808, 7.8, 62, 大清犀利人妻
3222624, 6.9, 143, 江湖
4846766, 6.9, 142, 一笑千金（上下）
11526829, 7.0, 125, 顾盼生欢 卷一
2248256, 6.9, 139, 清宫遗恨（全2册）
2262422, 6.6, 197, 四时花开之还魂女儿国2
3859952, 6.4, 257, 恨不相逢陌上花（上下）
2262888, 6.4, 256, 四时花开之还魂女儿国1
25725668, 8.0, 51, 活在晚明③
2156875, 6.4, 254, 深宫之铿锵玫瑰
3228736, 7.6, 68, ふ仪笆乐旅2・毒公爵
6308090, 7.6, 68, 望江南
1708151, 7.1, 107, 爱在公元前
25982108, 7.2, 96, 缚石
3033758, 7.5, 73, 隋唐风云Ⅰ・蜉蝣
20413736, 7.1, 106, 芙蓉王妃（上下）
25729887, 7.1, 106, 宦妃・完美终结
2120811, 6.1, 383, 穿越只为遇见你
2226950, 7.3, 86, 冲破时光爱上你
25744975, 6.4, 238, 江山不悔（上下）
26583776, 7.9, 52, f事如易 第一卷 福易算，人心y卜（１）
25922348, 7.6, 65, 步步惊华
1834959, 7.3, 84, 爱在西元年
2212469, 6.7, 158, 清秋大梦・壹
6829730, 6.7, 157, 毒医皇后（上下）
24888455, 7.1, 100, 良婿1・盛世浮华（上下）
4210901, 6.9, 123, 天外非仙
25841471, 7.3, 82, 纨绔世子妃2・公子谋（上下）
20433669, 7.0, 109, 美人1・自在w花
25764871, 8.1, 43, だ桑ㄉ希
21334193, 8.0, 46, 金玉M唐2
3633452, 6.7, 150, 搴蠊记之入宫
3909864, 6.7, 150, 埃及艳后
2183717, 6.9, 119, 望天2・还我与梦
20366855, 7.5, 67, 时空之恋1
3293237, 6.4, 219, 繁花落定
6732191, 6.9, 118, 吟L歌(上)
22051559, 7.0, 106, 彼岸花开为君颜（上中下）
25889140, 7.4, 72, 纨绔世子妃3・倾天下（上下）
25765018, 8.0, 45, 三生三世彼岸花・完美终结（上下）
26011722, 6.5, 186, 北落师门
3755373, 7.0, 104, 搴蠊记2之闹宫
4827135, 8.2, 39, 皇家魔女学院
25955155, 7.5, 65, 纨绔世子妃4・点江山（上下）
2047286, 6.4, 210, 秦姝
2229053, 6.9, 114, 冰恋沉醉千年前
2263932, 6.5, 183, 四时花开之还魂女儿国3（大结局）
2064998, 6.3, 240, 清梦奇缘
2277549, 7.2, 83, 倾城梦
3023273, 7.2, 83, 谁是我的小王子1
11510515, 7.2, 83, 饕餮西施（下）
3908898, 7.3, 75, 混在三国当军阀
25934784, 7.0, 100, 一生一世笑繁华（上下）
25907579, 7.3, 74, 美人谋律・洛阳卷（上下）
2304547, 6.1, 310, 许你来生（全2册）
25855722, 7.1, 89, 喜盈门（上下）
3242153, 8.3, 35, 蝴蝶的皇冠2
21355984, 7.9, 45, 金玉M唐7（完）
3023280, 7.5, 61, 谁是我的小王子2
1943706, 6.1, 297, 大清遗梦
3269217, 6.2, 253, 穿越时空之绝色神偷3
3161348, 8.3, 34, 魔法代启示录
20423698, 7.1, 85, 好事多磨1
3016101, 6.0, 343, 女法医的御守爱情
26756791, 8.0, 41, 木兰无长兄2
26781143, 7.8, 47, 全世界只有一个你
5450773, 7.3, 70, 朱门风流
20381266, 7.5, 59, 重生之贼行天下44
2080772, 6.4, 186, 情倾三国（全2册）
3897856, 6.6, 143, 穿越之春色无双
3785166, 7.3, 69, 王的宠姬（上）
3228757, 7.5, 58, ふ仪笆乐旅・二部曲1・S京海I
5242195, 7.5, 58, 窃明第二部・虎狼2
26818362, 8.3, 33, 清川日常2
25965515, 8.1, 37, 将夜之入世
5383652, 7.0, 89, 下堂后
25877111, 7.4, 61, 名Tt女（一）
4713195, 6.4, 175, 神偷俏王妃
11593600, 8.1, 36, 失落的唐骑
3115966, 7.1, 77, 宫弑
3066980, 7.4, 59, 谁是我的小王子3
3070046, 7.3, 64, 红尘客
26424037, 7.3, 64, 一品仵作
5404738, 6.5, 147, 游龙戏凤
10484449, 7.0, 84, 天下第一萌夫
6732190, 7.1, 76, 吟L歌(下)
3739305, 6.5, 145, 繁花落尽执何手
10607040, 5.6, 611, 妾本惊华（上下）
2145950, 6.0, 291, 爱在千年岁月中
19946145, 6.5, 142, 终难忘（上下）
24283418, 6.9, 90, 我的厝岜┚（二）
2324036, 6.3, 179, 凤斗（共2册）
7060334, 6.7, 109, 刑名师爷1
21355983, 7.8, 41, 金玉M唐6
2984807, 7.7, 44, 再生勇士2・发展之路
26286497, 7.0, 79, 九重紫（4、5、6）
25955093, 7.5, 51, 美人谋律・长安卷（上下）
26615105, 7.3, 60, 女捕头
10555721, 6.8, 96, 金风玉露・终结篇
6905092, 7.2, 65, 王的时尚女友
2310655, 6.9, 86, 妖王Ⅰ
7916265, 7.3, 59, 绝色锋芒
25712064, 7.4, 54, 奸相萌女 卷1
4210987, 6.7, 104, 新中国
11535055, 6.5, 131, 卿本惊华
6521453, 6.9, 83, 清梦・繁华冢
3290876, 6.2, 190, 奸商莫菲菲（上下）
25904032, 7.3, 57, 花_春暖1
5920398, 6.7, 101, 还君以明月
20281266, 7.0, 74, 九全十美1
3360572, 7.9, 36, 古国奇缘2
26279355, 7.9, 36, 九回时间旅行
2989640, 7.3, 56, 半月国物语
19999193, 7.2, 61, 福\恚ㄒ唬
1845108, 8.5, 25, 秦恨Ⅰ
3662398, 7.2, 60, 我是相国千金
2300047, 6.7, 97, 满绿・我的古代罗曼史
25934791, 7.0, 71, 天之骄女
2233712, 6.1, 206, 清宫遗梦（全2册）
20366853, 7.4, 50, 时空之恋3
5414120, 6.8, 86, 美人诛心（全2册）
4753704, 6.4, 132, 天朝女提刑
26774124, 7.9, 34, 木兰无长兄3
6509828, 6.5, 116, 柳的四生
11634961, 7.8, 36, 扶u皇后・首部曲4・真武A情
26596804, 8.4, 25, 嬗辘去互欹施`デ
20433383, 7.0, 68, 名T喜事1・孤女大翻身
20370981, 6.5, 115, 楚王妃-全二册
3162410, 6.7, 91, 宫斗：高手在现代（上下）
26169962, 7.2, 56, 大宋女刺客（上下）
20450042, 7.9, 33, 扶u皇后・KY曲4・神秘穹n
10434338, 8.5, 23, 信Lf奏曲 1
6850419, 6.6, 98, 水墨山河
20501213, 7.4, 46, R江仙（上）
25888099, 7.1, 59, 天才儿子腹黑娘亲(1)-武林萌主
2120769, 6.6, 96, 灵魂等待三千年（壹、E）
20366854, 7.3, 49, 时空之恋2
20563090, 7.3, 49, 锦衣夜行2・江南行
2221120, 6.2, 155, 末世朱颜
3198370, 6.4, 119, 穿越时空爱上你
2572572, 6.1, 175, 寻樱丝
6052975, 6.7, 83, 姻缘
3222343, 6.5, 101, 青花瓷
19254954, 6.5, 101, 亲，女配是无辜的！
6793129, 7.0, 60, 独领风骚（全二册）
26148484, 7.2, 50, 纨绔世子妃5・姻缘劫（上下）
3257712, 6.5, 99, 拐个皇帝回现代改造1
5936095, 7.3, 46, 医道官途
25877119, 8.0, 28, 名Tt女（五）
19999299, 6.7, 78, 剩女不淑1
2112396, 6.2, 140, 大清遗梦（终结篇）
4011465, 6.2, 140, 相思意
3726785, 6.6, 86, 时光旅馆
6139435, 7.2, 48, 迮辣手摧草录
26255849, 7.1, 52, 纨绔世子妃6・定乾坤（上下）
4161886, 6.7, 75, 问镯
10829785, 6.6, 82, 御人（上下）
11640846, 7.3, 43, 窕淑女1
3651030, 6.0, 173, 凤舞兰陵
3273381, 7.9, 28, 超时空元气一班
26280977, 6.4, 100, 皇家二掌柜
20275241, 6.5, 89, 浴火王妃
2262885, 6.0, 168, 爱在唐朝
1022596, 6.8, 64, 玫瑰庄园
4133026, 6.8, 64, 谁主金屋（全二册）
2289349, 6.1, 142, 卫国公主（共2册）
4850477, 7.6, 33, 迷糊小皇后
10345006, 6.1, 139, 乱世红颜（全三册）
3006047, 5.7, 257, 花痴皇后
20497102, 6.6, 76, 小娘子素手擒夫（上）
3147621, 6.5, 84, 阿娇皇后（上下）
3007469, 6.2, 119, 盛世红妆
3077403, 6.8, 61, 胭脂扫蛾眉
26333780, 7.8, 28, 独步天下
25806039, 6.9, 55, 良婿2・良辰美景（上下）
26608057, 7.2, 42, 神医凤轻尘：断是今生难舍离
19998202, 7.0, 49, 冠wM京A・卷一 京A侯府
1261746, 7.7, 29, 尼罗河畔的夕阳
25877117, 8.0, 24, 名Tt女（四）
2272926, 5.9, 170, 银币赐的婚礼
4289105, 6.4, 88, 小妾当然不如妻
7684341, 6.6, 70, 血族・邪瞳（上中下）
7916268, 6.7, 62, 绝色锋芒
2344003, 5.9, 163, 带着皇子回现代
3017723, 6.5, 75, 谁主君心
3133024, 6.5, 75, 时空错・锦凤成凰
3005077, 6.1, 121, 赵飞燕传奇（全2册）
2595030, 5.8, 187, 华丽诱惑・穿越到后宫做妃子
10769944, 6.6, 67, 穿越之傀儡娃娃
11526831, 6.8, 55, 顾盼生欢 卷三
25929620, 6.5, 74, 君心似我心
25698316, 7.6, 29, 王牌宠妃（终结篇）
2184929, 6.0, 135, 穿越时空情迷五胡乱华1
26366640, 6.8, 54, 吉时医到
25741275, 7.4, 33, 荒岛上的古老男人
26312544, 7.0, 45, 盛世良缘完美终结
10827545, 6.8, 53, 千蛊江山
4175343, 6.1, 113, 好女十八嫁（上下）
3017398, 6.3, 88, 大清往事
3217415, 7.5, 30, 四物国物语1
20492216, 7.5, 30, 冷皇戏凤（全二册）
3657109, 6.4, 78, 慕容冲之凤凰于飞（上下）
2700926, 6.0, 128, 小萱皇后（全2册）
26747184, 7.7, 26, 大宋的智慧1
25929621, 6.9, 47, 君心荡漾（君心似我心）
2221116, 5.9, 144, 魅惑帝王爱
26920860, 7.4, 31, 脱轨
26738321, 6.8, 50, 思美人
4111162, 7.0, 41, 梦回尼罗河之帝国王妃（上下）
25909458, 7.2, 35, 玉树临凤
20645088, 6.3, 81, 唐歌（上下）
1323052, 7.5, 28, 美人劫
26846663, 7.8, 23, 木兰无长兄5
3914688, 7.6, 26, 再生勇士6 建国之途
3332532, 6.1, 98, 秦简
3179223, 7.4, 29, 唐朝好男人3
26108563, 7.4, 29, 天下男修皆t鼎  卷一
3414424, 7.3, 31, 唐朝好男人（卷6）
20499123, 7.3, 31, 紫微宫词
1313132, 6.2, 86, 爱你爱到女娲纪2
3336922, 6.6, 54, 拐个皇帝回现代改造3
10527509, 6.6, 54, 云倾天阙
3155216, 6.9, 41, 女帝娉兰
3816836, 6.1, 93, 大唐寻情记（上）
3276917, 7.5, 26, 被遗忘的守候
2184729, 6.1, 92, 穿越时空情迷五胡乱华2
3107996, 6.6, 53, 一梦千寻
2248257, 6.0, 104, 美人如花隔云端
25986726, 7.0, 37, 美人渡君（上下）
26148476, 7.0, 37, 绝世无双2崛起荒芜
25720866, 6.5, 58, 彼岸千缘
2970250, 5.9, 115, 折草记之文珠令
4197811, 6.6, 51, 家有妖狐・壹
10545469, 6.5, 56, 小户千金（上下）
4197812, 6.8, 42, 家有妖狐・贰
11443267, 6.8, 42, 杀手皇妃
2220882, 6.4, 61, 后宫乱红颜怨（I.II册）
2266389, 6.3, 67, 玉座珠帘
1822765, 6.8, 41, 梦幻王朝（上下）
3326916, 6.6, 49, 清龙汉凤（全两册）
2304343, 7.1, 32, 英雄狩猎计划・第一卷
3300557, 7.1, 32, 纨绔子弟（全5册）
3217422, 7.9, 19, 桃源仙踪
3155198, 6.5, 53, 囚娇龙
3422599, 6.8, 40, 公主驾到
3056121, 5.7, 142, 宫斗（上下）
6059140, 7.7, 21, 两番红尘
4150250, 6.8, 39, 帝宠1・穿越成猪
3554440, 6.4, 56, 一朝为后（上下）
25832465, 7.8, 19, 凤逆苍穹2
3840479, 6.0, 83, 大唐寻情记（下）
5327999, 6.3, 58, 公主万万岁
25955140, 6.6, 43, 宫廷记事
3276800, 6.4, 52, 拐个皇帝回现代改造2
10541080, 6.8, 36, 天上尼罗河
26222164, 6.9, 33, 一生一世笑繁华终结篇（全三册）
4881021, 7.4, 23, 四物国物语・终结篇
25855726, 7.4, 23, 凤御凰・情倾百年（上下）
25817978, 7.2, 26, 朕本红妆・完美终结
3823675, 7.0, 30, 貌似高手在异界4
26388421, 7.3, 24, 春闺梦里人（上）
3360545, 6.1, 69, 何日再成人
26307173, 6.5, 45, 皇家二掌柜・完结篇
11538799, 5.6, 134, 花好孕圆（全二册）
3360558, 6.8, 34, 当美女变成丑女（上下）
3227129, 6.3, 54, 香浮
3182179, 6.2, 60, 我与诸葛孔明
6560855, 7.4, 22, 超时空美男会
4087440, 7.2, 25, 食神王妃万万岁
25835991, 6.6, 40, 一世倾城1
25835992, 6.9, 31, 一世倾城2
19979113, 7.3, 23, 秘密男友召唤术
26340493, 7.3, 23, 网游之第一法师
3989019, 7.7, 18, Time Travelers Wife
2991704, 6.1, 65, 穿越异时空的少女
3003757, 6.2, 58, 唐宫外传
3013968, 6.2, 58, 权倾天下・上卷
6428343, 6.5, 42, 穿二代斗争记
26582936, 6.7, 35, ⑹种王01
2983191, 6.0, 71, 浴火凤凰
3221604, 6.6, 38, 梦里已逝两千年（上下）
4183098, 6.5, 41, 帝宠3・猪仪天下
3165445, 5.7, 103, 何者为卿狂
3816106, 6.9, 29, 君临天下之残局 上
3795517, 7.6, 18, 穿越霸王花
5353493, 7.6, 18, 灼灼琉璃夏1
25846281, 7.7, 17, 凤逆苍穹3
26860947, 7.7, 17, 木兰无长兄6
1962589, 6.5, 39, 清楼女帝（上下）
3284078, 6.2, 52, 江山如此多娇（上下）
6832288, 5.4, 154, 一念起
26410978, 6.6, 35, 美人难做
4931716, 7.2, 22, 三世书（上下册）
19986456, 7.0, 25, 极品殿下（全2册）
10551119, 5.8, 80, 桃花易躲，上仙难逑
4711898, 7.5, 18, 捉鬼王妃（全三册）
3167113, 6.5, 37, 白马啸清风
10792967, 6.4, 39, 银月巫女
4224757, 6.3, 42, 蜕变
2368194, 5.9, 65, 我不是王妃
3065656, 5.5, 113, 芙蓉成长记之芙蓉帐寒难度春宵
4183097, 6.8, 27, 帝宠2・匹猪夺夫
25806019, 6.7, 29, 龙藏凤隐（上下）
2999439, 6.8, 26, 企鹅王妃
5366036, 6.8, 26, 穿prada的王妃
24872206, 6.2, 44, 医手遮天1・天玄大陆
26834531, 7.4, 17, 帝医风华1妙手乾坤倾天下
10561643, 6.0, 52, 媚色逃妃（上下）
3126329, 6.9, 23, 异世界情缘
21357612, 6.9, 23, 夜宫天
25747863, 7.1, 20, 中国历史穿越指南
2229045, 5.0, 240, 恋上你的绝世容颜
6712824, 7.0, 21, 王妃从天降
2315592, 6.7, 26, 穿回古代做王妃
25797531, 7.2, 18, 夜雪清歌(完结篇)
3161384, 6.2, 39, 权倾天下・下卷
25742357, 6.6, 27, 再嫁侯门・完结篇（上下）
10808229, 7.0, 20, 神君妖娆
20413735, 5.5, 89, 神医傻妃（上中下）
3812633, 6.1, 42, 天姬-上.下卷
10757339, 7.9, 12, 霄h（上）
24324956, 6.6, 26, 王牌太子妃（上下）
25965497, 7.1, 18, 锦衣夜行6・寻情记
24750343, 6.1, 39, 赢尽天下（套装共2册）
6070504, 6.9, 20, 妖孽，别捉我！
5357004, 7.6, 13, 淘气小鱼的时空恋人
2634772, 7.1, 17, Voyager
4202227, 6.5, 26, 妖兽年代纪
1491655, 7.2, 16, 纵横异界・亡灵圣灵Ⅰ
4224117, 6.4, 28, 我的活祖宗
25778897, 6.4, 28, 愿我如星君如月
11603253, 7.4, 14, 11特工皇妃 六
10488543, 7.5, 13, `武司兵器簿 04 h古z。回
26733370, 7.5, 13, 掌事
10536441, 7.0, 17, 大清后宫的幸福生活
10519518, 7.2, 15, 超时空恋爱社
21268072, 6.1, 34, 妃倾城（上下）
3535470, 6.3, 28, 发如雪
5328001, 6.2, 30, 梦回大明十二年（上下）
10829906, 6.5, 23, 妃谋天下
3635010, 5.7, 50, 穿越泰姬陵
25806016, 6.6, 21, 凤啸云歌（上下）
26376355, 7.7, 11, 美人醉
2230604, 6.0, 35, 蝴蝶玉钗
26304533, 6.8, 18, 大宋女刺客・完美终结（上下）
26582784, 7.5, 12, 臣妾，e案奇霉（上）
24525928, 7.2, 14, 大燕王妃
7060403, 6.4, 24, 用我三生烟火，换你一世迷离
11614383, 6.7, 19, 血蝶御医（上、下册）
11532971, 6.0, 34, 妖色大陆（全三册）
10799763, 7.3, 13, 秘语森林
6714230, 6.6, 20, 时光倒流
3613938, 6.1, 30, 底比斯宠妃
3867971, 7.6, 11, 穿越霸王花2
4881018, 7.8, 10, 湖都
20283332, 6.2, 27, 凤倾天下
3755378, 5.2, 91, 因缘妙美人（上下）
6041769, 7.4, 12, 银骑女王
5938353, 7.1, 14, 香薰时光之恋
2340145, 6.7, 18, 穿越那场冷花雪月
21817765, 6.2, 26, 妃来横祸（上）
25943434, 7.5, 11, 七寻记Ⅲ
25963640, 6.5, 20, 第一风华1・天赐良缘（上下）
20493239, 6.2, 25, 楚王妃（全二册）
1956466, 5.1, 97, 水儿小俏奴
3271266, 6.5, 19, 倾世魅惑
25955091, 7.4, 11, 凤逆苍穹4
26729926, 6.9, 14, 异乡人2
1870782, 7.5, 10, 穿越r空救
1491661, 7.1, 12, 纵横异界・亡灵圣灵Ⅲ
26296039, 6.6, 16, 假凤惊鸾
25831791, 6.5, 17, 天才庶女（上下）
7047143, 6.1, 23, 公主
6390807, 5.6, 38, 妃倾天下
5284258, 6.4, 18, 莺声缭乱
23860389, 7.0, 12, 枪火皇后（上下）
10805354, 6.6, 15, 满朝凤华之保护皇上
4214566, 6.7, 14, 古墓之旅
25961251, 6.4, 17, 医手遮天5・决战九幽都
20435378, 5.8, 28, 一品妖破1・名T矜F女
6905496, 6.9, 12, 你若不离不弃，我必生死相依
3070575, 6.5, 15, 恋上绝色王爷
20470426, 7.2, 10, 宋r行1
2077199, 6.8, 12, 非主流穿越之Z伏篇
2315687, 6.1, 19, 我用灵魂来爱你
1491654, 7.1, 10, 纵横异界・亡灵圣灵Ⅱ
3232128, 7.1, 10, 小迷糊闯江湖
20396711, 6.4, 15, 梦回大秦
24876034, 6.6, 13, 喜嫁1
25856679, 6.7, 12, 帝凰：名门庶女
4031693, 5.7, 25, 穿越时空之后宫育儿
20513897, 6.9, 10, 名T庶女1
26671822, 6.9, 10, 神仙的世界你不懂
10560240, 6.2, 15, 倾城妃梦
26265444, 4.9, 57, 兰陵王妃
3193969, 6.4, 12, 梦舞羽衣
10580922, 6.0, 15, 冷情王爷命定妃
10607042, 5.7, 19, 绝色弃妇（上下）
5938070, 5.5, 23, 绝艳皇朝之诱魂
10563007, 6.4, 11, 帝歌（全两册）
3218209, 5.6, 20, 繁华似锦浔城梦
25961012, 5.3, 27, 大清后宫生存指南
20473579, 5.4, 24, 惊世弃妃（全二册）
25879691, 6.1, 12, 所罗门封印
6440620, 5.4, 20, 沉香破（全二册）
2368193, 4.8, 43, 凤王，我在古代等着你
2291800, 5.6, 16, 琅环・流光
2700922, 5.7, 14, 大唐玉环记
10813132, 4.9, 29, 第一丑妃
10607458, 4.2, 24, 梦回后宫
26808396, 3.5, 21, 中国社会科学院历史虚无主义批判文选
