2017-01-23 16:17:59
Tag: 童年
The number of books: 978 

ID, rating, votes, title
1204889, 9.4, 27541, 机器猫哆啦A梦23
1046209, 9.1, 34468, 安徒生童话故事集
1007914, 8.7, 54508, 窗边的小豆豆
1389960, 9.2, 22054, 七珠 34
1043008, 8.9, 27892, 格林童话全集
1102403, 9.6, 9235, 机器猫哆啦A梦（共45册）
1254588, 8.9, 21367, 城南旧事
1002898, 9.1, 15616, 父与子全集
1028409, 9.4, 9013, 中国少年儿童百科全书（全四册）
1941301, 9.2, 8032, 365夜故事（上下）
1765512, 9.1, 9075, 海的女儿
1036274, 8.5, 20152, 夏洛的网
2160556, 9.0, 8926, 十万个为什么
1035848, 8.6, 15727, 一千零一夜
1001896, 9.2, 6461, 新华字典（1998年修订本）
1028270, 8.8, 10442, 舒克和贝塔历险记
1001136, 8.8, 9348, 彼得・潘
1021193, 8.8, 9323, 皮皮鲁传
1052990, 8.9, 6794, 草房子
1028404, 8.8, 7639, 鲁西西传
1000534, 9.2, 4215, 中国少年儿童百科全书--自然.环境
1004088, 9.0, 5298, 长袜子皮皮
3326892, 8.6, 8543, 圣诞忆旧集
1006639, 9.2, 3720, 蜡笔小新（全32册）
1467519, 9.8, 1693, 世界童话名著连环画
2282097, 8.8, 5366, 像自由一样美丽
2082194, 8.2, 12958, 小时候
2129427, 9.0, 3869, 三毛从军记全集
1595910, 9.5, 2101, 机器猫哆啦A梦1
1012561, 8.6, 6298, 上下五千年
1536907, 9.1, 3140, 金刚葫芦娃
1064841, 9.0, 3364, 绿山墙的安妮
4826530, 9.1, 2808, 我亲爱的甜橙树
1015584, 8.0, 12185, 看上去很美
3594151, 8.1, 10137, 柑橘与柠檬啊
1542939, 9.6, 1437, 哈尔罗杰历险记(全套共14册)
1007952, 9.4, 1721, 蓝熊船长的13条半命
1041993, 9.1, 2345, 中国少年儿童百科全书
2130986, 8.2, 7976, 美少女战士（全18卷）
1009273, 9.1, 2307, 三毛流浪记（全集）
1060383, 9.2, 2046, 中国少年儿童百科全书
2123957, 8.2, 7172, 绝对小孩
2334419, 9.0, 2281, 葫芦兄弟
1540211, 9.4, 1455, 丁丁历险记（共22本）
1005279, 8.7, 3172, 皮皮鲁和鲁西西的故事
1024889, 8.6, 3599, 大灰狼罗克
1156424, 9.0, 2163, 罐头小人
1077778, 8.1, 7383, 爱的教育
1582541, 9.2, 1707, 樱桃小丸子（全20册）
2050767, 8.6, 3536, 绿野仙踪
1003694, 9.1, 1828, 中国少年儿童百科全书
1880823, 8.8, 2588, 格林童话
1318622, 8.8, 2557, 青铜葵花
1873569, 9.3, 1416, 郑渊洁童话全集(33卷)
1478505, 8.6, 3189, 小甜甜
1433572, 9.2, 1509, 随风而来的玛丽阿姨
2161691, 8.3, 4662, 伊索寓言
1021311, 8.5, 3492, 爱丽斯漫游奇境
1430530, 8.2, 5098, 汤姆叔叔的小屋
1030469, 8.2, 5075, 青鸟
2081975, 8.7, 2550, 七色花
1073333, 8.7, 2481, 我的妈妈是精灵
1090575, 8.5, 3196, 金拇指
2065208, 9.1, 1533, 女神的圣斗士
1092965, 8.3, 4168, 智齿
1047927, 8.9, 1879, 郑渊洁十二生肖童话（12册）
1040632, 8.5, 3047, 木偶奇遇记
3854850, 9.4, 1059, 阿拉蕾全集
1156423, 8.8, 1989, 五个苹果折腾地球
1005325, 8.4, 3297, 童年的消逝
1018482, 8.0, 5875, 汤姆?索亚历险记
3376905, 8.5, 2759, 绝对小孩2
1023882, 8.4, 3149, 病菌集中营
2138971, 8.9, 1653, 黑猫警长
1012489, 7.7, 9001, 童年 在人间 我的大学
3210776, 9.5, 856, 小学生十万个为什么
2068527, 9.0, 1433, P小新1
1064532, 8.5, 2605, 秘密花园（2册）
1192706, 9.1, 1232, 大盗贼
1066463, 8.5, 2493, 我是钱
1933479, 8.9, 1528, 小灵通漫游未来
3041384, 9.5, 811, 阿拉蕾
1163327, 8.8, 1705, 列那狐的故事
1204878, 9.1, 1210, 超长篇机器猫哆啦A梦1
1054899, 8.3, 3181, 女生贾梅全传
1825593, 9.3, 964, 小学生十万个为什么
1009285, 7.6, 9160, 童年
1064862, 8.1, 4020, 男生贾里  女生贾梅
1536911, 9.3, 910, 舒克和贝塔（上篇）
5269920, 8.6, 1935, 30分老妈 2
1029149, 8.4, 2451, 乌龙院(1-6)
1491317, 9.0, 1189, 皮皮鲁和罐头小人
1162717, 8.8, 1485, 红沙发音乐城
1252742, 8.8, 1483, 309暗室
1006418, 8.8, 1471, 老夫子
1949268, 8.9, 1294, 夜莺
3090693, 9.4, 768, 小学生十万个为什么
1049463, 9.1, 1033, 神奇宝贝特别篇（全23册）
1753922, 9.2, 923, 超长篇机器猫哆啦A梦14
1736652, 9.1, 1016, 哈利?波特(共6册) (精装)
1022341, 8.2, 2991, 白客
1115397, 9.0, 1112, 我要做好孩子
5383175, 8.7, 1557, 童年与故乡
2265160, 8.6, 1733, 我的家在西双版纳
1448796, 9.2, 884, 鲁西西全传
1046883, 8.5, 1900, 查理和巧克力工厂
2258369, 9.0, 1047, 小公主
2003189, 9.2, 844, 皮皮鲁全传
1204911, 8.8, 1279, 洋葱头历险记
1103990, 8.3, 2351, 阿衰on line之一
1021209, 8.4, 2058, 尼尔斯骑鹅历险记
1321696, 9.4, 668, 小布头奇遇记
2331656, 9.0, 982, 邋遢大王奇遇记
1578115, 8.4, 1916, 金刚葫芦妹
1211572, 9.7, 487, 世界文学名著连环画 欧美部分（全十册）
1220559, 8.7, 1319, 胡桃夹子
1066133, 9.0, 945, 怪老头儿
1595898, 9.1, 826, 超长篇机器猫哆啦A梦13
1022702, 8.2, 2349, 小丫林晓梅
1912993, 9.2, 733, 海蒂
1079945, 8.1, 2676, 生化保姆
1161118, 8.7, 1218, 龙珠风波
3048059, 9.6, 493, 龙珠(全42册)
1007210, 8.7, 1172, 安徒生童话精选（共六册）
1129879, 8.4, 1661, 魔方大厦
1056707, 8.8, 1021, 时代广场的蟋蟀
10527304, 8.1, 2397, 好想回到小时候
1654074, 9.7, 410, 超长篇机器猫套装珍藏版
1416289, 8.9, 866, 晴天有时下猪
1080758, 9.3, 579, 史努比全集（全25册）
1310233, 8.6, 1174, 世界五千年
1318615, 8.4, 1481, 山羊不吃天堂草
1059016, 8.7, 1038, 蛇王淘金
3768439, 8.9, 811, 猪仔仔的时光机
2212064, 8.9, 787, 小房子
3533014, 9.4, 483, 20世o少年(ビッグコミックス)全22+21世o少年 上?下
1045486, 8.2, 1765, 小鬼鲁智胜
1204877, 9.6, 403, 机器猫 哆啦A梦39
1595911, 9.5, 434, 机器猫哆啦A梦2
1595921, 9.6, 394, 机器猫 哆啦A梦14
2257333, 9.2, 560, 松鼠先生和月亮
2253233, 8.9, 737, 黑猫警长.二
3726316, 9.8, 324, 郎雀
1456628, 9.3, 491, 长袜子皮皮的冒险故事
1232312, 9.6, 374, 机器猫 哆啦A梦(15)
1032764, 7.7, 3189, 小时候就在想的事
3063012, 9.1, 564, 上下五千年（一）
2253235, 9.0, 621, 黑猫警长.三
1002914, 8.5, 1057, 老夫子（共十册）
1595922, 9.6, 355, 机器猫 哆啦A梦16
4061754, 8.1, 1703, 黑花黄
1019293, 8.8, 741, 小飞人卡尔松
1051226, 9.6, 349, 阶梯新世纪百科全书
1865689, 8.6, 899, 玻璃城堡
4860554, 8.6, 894, 淘气包马小跳系列
1192700, 9.0, 588, 永远讲不完的故事
3561559, 8.6, 866, 黑背书系第三辑（全两册）
5360856, 8.0, 1789, 女少年
2214337, 8.9, 618, 星新一微型小说选
1085038, 8.4, 1064, 水孩子
1201947, 8.1, 1525, 哈克贝里・费恩历险记
1318422, 8.5, 932, 假小子戴安
1060489, 8.7, 744, 驼背小人
3053271, 8.7, 742, 小猫出生在秘密山洞
1285961, 8.3, 1158, 根鸟
1009665, 8.2, 1309, 五・三班的坏小子
2976542, 8.9, 597, 圣斗士星矢 1
1000993, 8.1, 1470, 女生日记-中华儿童文学金奖书库
1949237, 9.3, 404, 柳树下的梦
1016435, 8.8, 649, 女巫
2309204, 9.0, 528, 小淘气尼古拉绝版故事
1860433, 9.2, 436, 格林童话全集(上)
1791383, 9.3, 398, 365夜科幻故事（上、下册）
1008592, 8.6, 791, 那个骑轮箱来的蜜儿
1052424, 8.9, 574, 假话国历险记
1939608, 9.1, 473, 两个意达
1009405, 8.4, 976, 漂亮老师和坏小子
1001309, 8.6, 778, 苦儿流浪记
2365261, 8.7, 692, 一年甲班34号
3065341, 9.1, 458, 葫芦娃大战变形金刚
1207993, 7.8, 2058, 鬼车
1076320, 8.9, 552, 豆蔻镇的居民和强盗
1439737, 9.6, 296, 法国童话精选
1029817, 9.0, 496, 绿屋的安妮
1045722, 8.4, 915, 调皮的日子
2052682, 8.7, 657, 虎皮猫，你在哪里
1041104, 8.7, 656, 吹牛大王历险记
1437776, 8.9, 533, 哆啦A梦秘密道具完全大事典
2376789, 9.3, 366, 小学生十万个为什么（第二系列）
1578881, 9.0, 474, 车的颜色是天空的颜色
2059684, 8.7, 633, 猴王变形
26337198, 8.8, 566, 多多，爸爸一直在这儿
3769019, 8.5, 777, 闪亮的日子
1263747, 9.0, 461, 海的女儿
5321168, 8.2, 1077, 绘心2
3063133, 9.1, 412, 上下五千年（三）
2227700, 7.6, 2418, 有你我不怕
1491319, 8.6, 671, 皮皮鲁和教室里的隐身人
1044342, 9.5, 286, 皮德生活漫画
1884655, 8.9, 485, 皮皮鲁和幻影号
1917962, 7.9, 1521, 金银岛
2996273, 9.7, 238, 绿野仙踪全集之一
2983793, 8.7, 563, 蓝色的兔耳朵草
1491322, 8.8, 499, 皮皮鲁和活车
2052815, 8.6, 611, 幸福的鸭子
2052697, 8.7, 548, 能闻出孩子味儿的乌龟
1816103, 8.6, 601, 想变成人的猴子
1046619, 9.1, 370, 风吹白杨的安妮
5254318, 9.0, 405, 缝不起来的伤痕童年
1063733, 8.6, 599, 神秘的女老师
6525582, 9.2, 337, 城南旧事
1859876, 9.3, 308, 智擒大猩猩
1256784, 9.5, 261, 动脑筋爷爷（第一辑）
2229614, 9.1, 362, 铁臂阿童木（1）
1107026, 9.1, 361, 凡尔纳科幻故事精选
1084335, 8.3, 813, 古堡里的月亮公主
3464487, 9.2, 330, 绿山墙的安妮
1006933, 9.1, 360, 雷梦拉8岁
1221823, 9.7, 220, 中国童话名著连环画(上下)
1483961, 9.3, 296, 格林童话精选
3063091, 9.0, 384, 上下五千年（二）
1462081, 9.4, 271, 丁丁历险记-蓝莲花(下)
1007396, 8.1, 993, 男生日记
1062137, 9.7, 214, 最新21世纪少年儿童百科
3686974, 8.7, 501, 樱桃沟的春天
1063138, 8.3, 765, 今天我是升旗手
5922210, 8.8, 450, 猪仔仔的时光机2
1462079, 9.5, 244, 丁丁历险记-蓝莲花(上)
1008180, 9.1, 340, 天使雕像
1219255, 8.7, 489, 龙子太郎
1844858, 8.5, 599, 超级市长
1043256, 8.5, 593, 捣蛋鬼日记
3025580, 8.2, 826, 杰出的流年
1816105, 8.5, 581, 塔顶上的猫
1005237, 9.1, 324, 雷梦拉与爸爸
3829908, 9.5, 232, 格林童话
1119980, 8.1, 898, 淘气包马小跳系列:笨女孩安琪儿
1032777, 9.1, 320, 喜乐与我
1020054, 9.3, 270, 格林童话
3023897, 9.2, 293, 希腊三部曲Ⅰ 追逐阳光之岛
3072494, 9.7, 197, 午夜飞机上的谋杀
1162162, 8.6, 505, 宠物集中营
1004383, 8.9, 377, 威斯汀游戏
2161686, 8.7, 452, 豪夫童话
1018554, 9.2, 283, 山中岁月
3755917, 9.3, 260, 安徒生童话全集（全四册）
3072479, 9.7, 190, 镜子里的幽灵
1029951, 9.0, 334, 海蒂
1050091, 8.0, 937, 属于少年刘格诗的自白
1442789, 9.0, 327, 小女巫
3054759, 9.7, 185, 金字塔之谜
1310025, 8.5, 523, 红瓦黑瓦
1225539, 9.0, 322, 巧捕白象
1041057, 8.4, 570, 非法智慧
1225533, 9.1, 289, 亚马孙探险
1491320, 8.2, 701, 皮皮鲁和419宗罪
1216165, 8.4, 560, 没头脑和不高兴
1202184, 9.0, 310, 蝉为谁鸣
2120234, 8.4, 552, 三只小猪的真实故事
1417200, 9.0, 308, 苹果地里的特别列车
1019143, 8.2, 684, 细米
3067705, 9.7, 174, 绿宝石阴谋
1001872, 9.1, 278, 黄色童话
1047929, 9.1, 278, 伍德龙一家
1043880, 9.6, 187, 新编十万个为什么图画本(自然科学)(全八册)
1727587, 9.0, 300, 门背后的秘密
1248685, 8.3, 596, 同桌冤家
1019586, 8.6, 434, 红瓦
1076966, 8.6, 431, 大林和小林
1025434, 9.1, 272, 周作人丰子恺儿童杂事诗图笺释
1873575, 9.2, 249, 郑渊洁童话全集 2
1026755, 8.3, 579, 女生贾梅新传
2375997, 8.5, 466, Diary of a Wimpy Kid
1491321, 8.9, 317, 皮皮鲁和舒克贝塔
1143869, 8.3, 572, 漂亮女孩夏林果
1066194, 8.5, 456, 中国兔子德国草
1053536, 8.5, 453, 小公子
1022672, 8.6, 408, 杜立德医生
1245777, 8.3, 556, 贪玩老爸
2076987, 8.0, 778, 大宇神秘惊奇系列1-5
1339950, 9.3, 217, Lc渲歌
7058700, 8.7, 363, 小的时候
1311998, 8.2, 607, 杀人蚁
1022023, 9.0, 275, 小巫婆求仙记
1000135, 9.0, 272, 黑色棉花田
2264147, 8.4, 480, 最后一课
3044158, 8.0, 752, 小豆豆频道
1033816, 9.0, 269, 莫迪洛漫画
1252547, 8.3, 523, 丁克舅舅
2223473, 9.3, 208, 舒克贝塔和五角飞碟
1216338, 9.1, 243, 一路风景&lt;儿童文学十年精华本&gt;1993-2003(上下)
1491325, 8.6, 381, 皮皮鲁和梦中人
1162370, 8.3, 516, 疯丫头杜真子
2301328, 9.7, 153, 绿野仙踪全集之三
1248684, 8.5, 417, 四个调皮蛋
1125969, 9.2, 222, 嘭嘭嘭
1949242, 8.9, 285, 踩着面包走的女孩
2069663, 9.1, 240, 雨滴项链
3034059, 9.7, 151, 绿野仙踪全集之四
4742299, 8.5, 409, 北极村童话
1038984, 8.8, 307, 亲爱的汉修先生
1061126, 9.1, 236, 顽童时代
1035822, 9.0, 256, 黛西之歌
3072491, 9.6, 160, 寻找失踪的神庙
3072472, 9.7, 148, 鬼塔
1923154, 9.3, 198, 彩图成语词典
1916820, 9.0, 250, 狐狸列那的故事
3750803, 9.3, 195, 蓝色童话
1716950, 9.6, 156, 魔鬼海湾的危险
1781845, 8.3, 474, 女生贾梅
1225529, 8.9, 264, 北极探险
5906080, 7.6, 1087, 阿嬷，我回来了
1076136, 9.0, 241, 狮心兄弟
1434499, 9.3, 189, 混血豺王
1462104, 9.5, 161, 丁丁历险记-七个水晶球(上)
1416197, 8.4, 415, 巨人的城堡
1460166, 8.9, 258, Harper Lee&#39;s to Kill a Mocking Bird
3072487, 9.6, 149, 寻找海底城市
1981371, 9.4, 172, 拍脑袋的发明
3150367, 8.7, 303, 超长篇机器猫哆啦A梦23
1862008, 9.3, 183, 天国花园
6265890, 8.4, 405, 杨红樱校园小说《女生日记》《男生日记》
1014723, 9.1, 214, 小淘气
3023898, 9.2, 197, 希腊三部曲Ⅱ 桃金娘森林宝藏
4255374, 9.4, 169, 巴巴爸爸的诞生
1461934, 8.4, 402, 孙悟空大战机械人
1844857, 8.4, 401, 跳跳电视台
3150334, 8.7, 300, 超长篇机器猫哆啦A梦24
1143793, 8.2, 494, 天真妈妈
1914311, 8.6, 327, 孤女努力记
1477344, 8.8, 271, 黑玫瑰的七个魔法
1011960, 8.3, 438, 在自己的树下
1949266, 9.3, 179, 幸运的贝儿
2275038, 9.8, 125, 儿童百科全书(1-4全 不列颠版)
1819845, 8.8, 268, 一号街的幽灵猫
1022272, 8.3, 432, 会飞的教室
2160319, 8.4, 389, 魔女宅急便
1129261, 8.9, 244, 格里格海的细雨黄昏
6528087, 9.2, 190, 我的高邮
3677166, 8.9, 242, 美少女鹗(01)
1032562, 9.4, 162, 一千零一夜连环画(上下全）
3922847, 9.6, 140, 世界文学名著连环画（亚非部分全五册）
1854578, 8.7, 286, 皮皮鲁和红桃老K
1286930, 8.9, 239, 我飞了
1962718, 8.4, 378, 宝葫芦的秘密
2039809, 8.8, 259, 皮皮鲁和红沙发音乐城
26693898, 8.6, 310, 阿狸・旋木花园
1576005, 9.0, 215, Anne of Green Gables
3041335, 8.2, 456, 天子传奇
2067381, 9.4, 157, 快乐王子
3192130, 9.1, 197, 艰难的归程
4116756, 8.4, 366, 小城三月
1120014, 8.1, 501, 轰隆隆老师
1038137, 8.9, 229, 海蒂
1066589, 8.3, 398, 海伦・凯勒传
1792257, 9.2, 177, 三毛流浪记
1022733, 8.7, 268, 丛林奇谈(上下)
1012671, 8.3, 393, 地底旅行
1819840, 8.8, 244, 阁楼的秘密
1946712, 9.2, 175, 一千零一夜精选
1416196, 8.3, 386, 寻找大熊猫
2050878, 8.7, 262, 爸爸、妈妈、我和她
2010558, 8.6, 285, 蓝色的海豚岛
1254504, 8.1, 465, 小大人丁文涛
2159124, 8.4, 331, 高山下的花环
3058403, 8.5, 299, 郑渊洁与皮皮鲁对话录全集
3023900, 9.1, 177, 希腊三部曲Ⅲ 众神的花园
3099800, 8.5, 297, 神奇女生祝如愿
6759296, 7.9, 549, 五岁时，我杀了我自己
2080462, 9.1, 174, 红蜡烛和人鱼姑娘
1948874, 9.4, 139, 祖母
1040877, 8.9, 204, 收藏
1033226, 9.1, 173, 大侦探小卡莱
1949240, 9.2, 160, 老栎树的梦
3875520, 9.2, 160, 红色童话
1199658, 8.4, 318, 有老鼠牌铅笔吗
1091885, 8.3, 347, 神秘的头盔
3833004, 8.8, 217, 最爱的狗狗就是你
1481650, 7.6, 761, 不可思议国的小豆豆
1217319, 8.6, 252, 流浪狗和流浪猫
1000933, 9.1, 165, 蜡笔小新?第一辑（2）
1032361, 8.7, 229, 贝丝丫头
3094417, 9.4, 131, 请到我的烟囱街来
1130846, 8.3, 330, 魔法学校
3413784, 7.7, 643, 鸡皮疙瘩：噩梦营・邻屋幽魂
4199539, 8.9, 191, 星期三的战争
3435901, 8.5, 271, 风妖婆与大恶梦
1022091, 8.5, 270, 山羊不吃天堂草
1939451, 8.7, 225, 哀W是童年
1248686, 8.3, 323, 暑假奇遇
1030932, 8.6, 243, 我的故事讲给你听
1949245, 9.3, 137, 沙丘的故事
3650933, 8.7, 220, 布衣文丛
1044705, 9.4, 127, 吵闹村的孩子
1219826, 8.2, 352, “鬼屋”惊魂
3191308, 9.6, 110, 世界真奇妙
1102435, 8.1, 385, 冒险小虎队：喷火面具
10736589, 8.3, 311, 远远的村庄
1491328, 8.6, 234, 皮皮鲁和大灰狼罗克
1884658, 8.5, 256, 皮皮鲁分身记
1999088, 9.0, 167, 俄罗斯童话精选
3175033, 9.4, 124, 世界侦探故事100篇
1310023, 8.4, 279, 野风车
4070431, 9.4, 123, 多啦A 01
1976471, 8.6, 228, 淘气包马小跳
3132594, 7.8, 513, 鸡皮疙瘩：死亡古堡・神秘实验室
1949248, 9.0, 160, 冰姑娘
4263406, 8.7, 204, 山羊不吃天堂草
1819858, 8.8, 186, 蛇山的爱子
3068444, 9.6, 103, 银河列车999
1050731, 8.1, 356, 十六岁少女
1043037, 8.7, 201, 闹心
1102619, 8.3, 289, 智擒黑帮
1001516, 8.5, 237, 海蒂--木偶百年历险记
2372854, 9.4, 116, 九色鹿
1219810, 8.3, 285, 消失在女巫狂欢夜
1878490, 9.3, 124, 母亲的故事
1213486, 8.7, 194, 皮皮鲁外传
3713413, 8.3, 278, 顽皮故事集
1739814, 9.4, 113, 看听学
1041418, 7.9, 417, 仲夏夜之梦
1023798, 8.4, 250, 一个女孩的心灵史
1262333, 7.9, 416, 瞧
1084555, 8.2, 301, 所罗门宝藏
2993974, 9.5, 104, 365夜知识童话(上下)
1315731, 8.2, 296, 同桌冤家
2579237, 9.8, 85, 彩图世界名著100集（红星篇）
2010066, 9.6, 96, 幽默儿童文学名著译丛 （全6册）
2368819, 8.7, 186, 灶王爷
1091884, 8.3, 266, 法老王的咒语
2326886, 9.3, 117, 魔鬼三角的秘密
3192554, 8.2, 292, 请让我慢慢长大
1862012, 9.2, 125, 聪明人的宝石
2183149, 7.9, 399, 大宇神秘惊奇系列6-10
1970562, 8.5, 219, 被诅咒的海底城堡-超级成长版冒险小虎队
1199068, 9.2, 124, 中国通史故事（上.中.下）
5268196, 8.4, 236, 哥，你好猛！（珍藏版）
1816497, 9.1, 132, 亲亲我的妈妈
1951011, 9.1, 132, 那年的夏天很笛子
2229649, 8.3, 257, 童年的秘密
3750813, 9.1, 130, 紫色童话
1854579, 8.5, 211, 皮皮鲁逃往雅典娜
2340368, 9.7, 86, 世界童话名著故事365(精)
3042990, 7.4, 695, 郎朗 千里之行：我的故事
2225048, 9.0, 138, 小精灵智斗总督
1785487, 9.3, 111, 小鬼和太太
1769828, 9.1, 127, 骑鹅旅行记（下）
1204942, 9.4, 102, 生命的世界
2003633, 9.4, 101, 365夜故事（下）
3740950, 8.6, 185, Diary of a Wimpy Kid Complete 4-Book Set
2266827, 9.3, 108, 度假村的狗儿猫儿
1034658, 8.0, 324, 格林・盖布尔斯来的安妮
1102874, 8.5, 200, 甜橙树
1949258, 9.3, 107, 曾祖父
1091879, 8.1, 287, 马场闹鬼记
1219827, 8.1, 285, 寻找沉睡千年的法老
1219822, 8.4, 213, 捉拿隐身大盗
1970555, 8.4, 213, 沉默的证人-超级成长版冒险小虎队
1013528, 8.9, 140, 卡利柯灌木丛
1012269, 9.6, 86, 彩虹英汉词典
3240530, 9.6, 86, Trick of the Tale
2223475, 9.2, 112, 舒克贝塔和歌唱家
3103039, 9.2, 112, 第三军团
1274150, 8.0, 312, 伦敦塔
1001366, 8.9, 139, 老夫子45-王泽漫画作品全集
1063639, 9.5, 91, 六人飞行组
1949256, 9.1, 119, 干爸爸的画册
1854577, 8.8, 149, 皮皮鲁保卫叛逆者
1031901, 8.6, 175, 出卖笑的孩子
1018017, 9.4, 96, 红楼梦（连环画）1-16
1970557, 8.4, 208, 来自亡者的信件-超级成长版冒险小虎队
25353939, 7.8, 380, 如果我可以许一个愿望
1970561, 8.5, 190, 会流泪的骷髅-超级成长版冒险小虎队
1044836, 8.7, 160, 小国王
1086317, 7.8, 377, 会飞的教室
3039599, 9.4, 95, 狼蝙蝠
2023825, 9.4, 94, 比波王子的故事
1323723, 8.1, 269, 我的同桌是女妖
2309340, 8.3, 221, 非常女生
3082667, 9.2, 107, 野性的呼唤
3786733, 8.6, 169, 超酷天使大肚子爸
1007751, 9.7, 77, 儿童生活趣味百科
3032889, 9.7, 77, 算得快
10750284, 9.6, 81, 哈尔罗杰历险记典藏全集
3420103, 8.3, 216, 关于这座城市的记忆
2255503, 8.5, 179, 十五少年漂流记
1084550, 8.0, 286, 王子复仇记
1030717, 9.7, 75, 世界儿童文学名著故事大全
4261769, 8.9, 128, 到你心里躲一躲
3245411, 9.2, 103, 福星小子
3094982, 8.8, 138, 小忍者
1290266, 9.3, 96, 林汉达中国历史故事集
2372939, 9.3, 96, 吹牛大王历险记
1970558, 8.5, 176, 林中飘过白衣女人
2038043, 9.3, 95, 两个小路特
1007159, 9.0, 117, 橙色童话
10434725, 8.7, 146, 花花世界2
2298270, 9.7, 73, 世界童话画库（1－6册）
1258316, 7.8, 339, 雪椰（共8册）
3132595, 7.7, 379, 鸡皮疙瘩：灵偶・妖怪狩猎者
2368114, 8.0, 272, 男孩的冒险书
3413786, 8.1, 246, 鸡皮疙瘩：诡异魔术兔・厄运相机2
1781949, 8.8, 133, 罐头里的孩子
3698663, 8.6, 156, 天空在脚下
1049695, 9.3, 92, 噢，美丽的巴拿马
1018328, 8.7, 141, 蓝狗时代
1017201, 9.5, 80, 宠物小精灵-益智折纸绘本
4205372, 8.5, 166, 阿衰-24
1986331, 8.4, 181, 获救之舌
3419707, 8.2, 214, 小英雄和芭蕾公主
2224122, 9.3, 89, 舒克贝塔航空公司
3183037, 8.3, 191, 尼_河女 1
2208867, 9.3, 88, 辞海 1979年版缩印本
1970559, 8.4, 174, 一张被幽灵纠缠的旧照片-超级成长版冒险小虎队
1042714, 8.5, 158, 波兰吹号手
1256201, 8.0, 250, 球场“鬼怪”
25961690, 8.1, 226, 梦的解析
4114611, 9.0, 106, 凡尔纳科幻经典 4 部曲（全四册 ）
3171139, 8.4, 170, 腰门
4742300, 7.8, 302, 南方的堕落
1077674, 8.7, 131, 一只狗和他的城市
6852021, 7.6, 374, 与内心的小孩对话
2255448, 9.6, 70, 世界科幻名著故事 4
1340294, 9.2, 90, 哆啦A羰詹卮蠹合
4842122, 8.9, 111, 神奇的太阳花女孩
1952115, 8.3, 180, 乌龙院大长篇漫画系列（卷一）
1589591, 8.7, 128, 高尔基三部曲
1418145, 8.2, 194, 太空堡垒・麦克罗斯传奇（全三卷）
2181353, 8.2, 194, 开甲壳虫车的女校长
3264585, 7.8, 287, 拳皇97 (全13册)
1219824, 8.3, 175, 毒药博士的恐怖计划
3099784, 8.4, 160, 我的雀斑会跳舞
3166594, 9.5, 72, 身边的科学
2259144, 9.8, 60, 《365夜故事》图画本
1204910, 9.4, 76, 人类与社会
25734421, 8.5, 145, 胡萝卜须
3132593, 7.4, 437, 一罐魔血.厄运相机
4242813, 8.3, 169, 辫子姐姐心灵花园
1065109, 8.9, 104, 小鹿斑比
2329922, 9.3, 79, 中华少年奇才:彩色卡通画(上下) (精装)
1028584, 8.5, 139, 灵魂出窍
1781654, 9.2, 83, 开心格格
2302369, 9.2, 83, 小蝌蚪找妈妈
1470327, 9.0, 95, 地球女孩外星历险记
4737689, 9.7, 61, 世界动物故事100篇
1256198, 8.0, 216, 木乃伊汽车
1059136, 9.6, 64, 智力故事300个
1423193, 8.7, 117, 外公的13号古宅
2269522, 9.4, 72, 世界惊险故事100篇
1222704, 8.8, 108, 小猪唏哩呼噜
2224276, 9.1, 87, 舒克贝塔德国游
1719223, 9.4, 71, 恐龙世界
1219821, 8.2, 173, 太空陵墓
2039807, 8.9, 98, 皮皮鲁和车鼠李小二
4140606, 7.8, 253, 罗西与苹果酒
3932425, 8.7, 113, 父亲的荣耀
3115952, 8.2, 171, 侦探小组在行动
6397217, 9.9, 52, 365夜故事（上下）
2175926, 8.2, 168, 名叫牛皮的插班生
2334035, 7.9, 223, 火星公主
2034987, 9.6, 61, 一岁的小鹿
2223472, 9.1, 83, 舒克贝塔和老鼠报
1797851, 9.5, 64, 黑猫历险记
2225049, 9.1, 82, 小精灵大闹娃娃祭
1152448, 7.7, 265, 芳香日日
1131485, 9.1, 81, 鼹鼠当医生
3077841, 9.1, 81, 孙小圣和猪小能
1461388, 9.5, 63, 20世纪世界儿童文学名著精粹
1819850, 8.6, 116, 谢米尔与小潜水艇
5402038, 9.4, 66, 奥特曼和100大怪兽
3804961, 10.0, 47, 世界童话名著精选
1019284, 9.2, 74, 新概念几何
2062998, 9.3, 69, 白比姆黑耳朵
2003989, 9.1, 78, 清秀佳人
26279777, 9.1, 78, 木朵彩虹糖
1095999, 8.3, 142, 魔法学校之禁林幽灵
2350825, 7.7, 251, 大宇神秘惊奇系列16-20
4187426, 8.9, 89, 城南旧事
1489184, 8.5, 120, 稻草人
2131718, 9.4, 64, 西厢记
4748833, 8.4, 129, 丰收
3427906, 9.1, 77, 隐形人/神秘的雪球/老宅惊魂/复活的冷冻人/疯狂的医生/诡秘地带
3265348, 9.2, 72, 戴银铃的长臂猿
1262334, 8.0, 183, 瞧，这帮坏小子
2282214, 7.8, 220, 大宇神秘惊奇系列11-15
1105797, 8.6, 108, 神奇的花园
2012784, 8.1, 163, 我心中的风琴声
1257184, 8.9, 86, 漫游奇境(怪老头儿续)
1291733, 8.8, 92, 悬疑惊险小说系列
1039631, 9.2, 70, 妈妈的城堡
1221635, 9.2, 70, 18个童话女孩子
25816528, 8.4, 124, 小辰光
4021782, 8.0, 176, 少年阿莫的秘密日记
3932428, 8.9, 85, 母亲的城堡
1462796, 8.4, 123, 艺术的童年
1071463, 8.1, 158, 笨狼的故事
10443011, 8.6, 104, 活出你的小宇宙
1970560, 8.2, 144, 滴血的龙-超级成长版冒险小虎队
4909422, 8.3, 132, 世界上的另一个我
1916599, 8.9, 83, “全不知”游太阳城
1884656, 8.4, 120, 皮皮鲁蒙冤记
1049232, 9.0, 77, 中国神怪故事大观
1097899, 9.1, 72, 郑渊洁短篇童话选
1909917, 7.4, 317, 世界未解之谜
3620503, 8.5, 110, 小乔治的神奇魔药
1067994, 9.3, 63, 小仓鼠?毛姆日记1
1015241, 9.2, 67, 爱克斯探长(数学侦探故事)
1219823, 8.1, 153, 可怕的魔术
1002810, 9.0, 76, 美女与野兽
3130503, 9.0, 76, 鸦ㄊ㈤_r
1328662, 8.0, 167, 圆桌武士
1399823, 8.8, 87, 巫师的沉船
1829617, 8.0, 166, 骑鲸人
1066746, 7.2, 394, 魔血?倒霉相机
1202580, 9.3, 62, 中国民间故事大全(1-4)
6797964, 8.7, 92, 城南旧事
3826226, 8.1, 149, 金刚葫芦娃大战魂斗罗
1824350, 8.8, 85, 鲁迅杂文集
1875765, 9.0, 74, “全不知”游月球
6861097, 8.6, 98, 根鸟
2004066, 8.9, 79, 故事大王选集
1019292, 8.2, 135, 童林传（全四册）
1048732, 8.2, 135, 五个孩子和一个怪物
1028332, 8.1, 147, 小香咕和她的表姐表妹
1125872, 9.6, 51, 象母怨
1592783, 9.4, 57, 三国演义 连环画收藏本（全60册）
1109151, 8.4, 113, 小香咕和飞来的伤心梅
2160208, 9.9, 43, 彩图中国古典名著100集――紫龙篇
2568277, 7.8, 190, 趋光运动
1078643, 9.0, 72, 白比姆黑耳朵
3809828, 8.6, 95, 冒险小王子1
1091402, 9.3, 59, 灰姑娘
3620496, 9.0, 71, 世界冠军丹尼
4087075, 9.0, 71, 王尔德童话集
3620498, 8.4, 109, 魔法手指
1066996, 9.1, 66, 白雪公主
3551023, 8.4, 108, 大宇神秘惊奇5 - - -血色老屋.影子男孩
1015367, 6.9, 532, 正在发育
1029293, 8.7, 86, 引人入胜的数学趣题
2356331, 9.0, 70, 淡紫色童话
4116060, 9.0, 70, 魔幻游戏
1592138, 9.5, 51, 哪吒
1079701, 9.0, 69, 萨姆.劳埃德的数学趣题续编
1752500, 8.5, 98, 蝴蝶落在流泪手心
1001984, 9.8, 43, 牛津少年儿童百科全书（上、下编）
3526535, 9.8, 43, 小淘气尼古拉的梦想
2243169, 9.7, 45, 周锐童话选
2032711, 8.4, 104, 世界49大谜
1710831, 8.9, 72, 葫芦娃大战变形金刚（上）
3689682, 8.0, 142, 灵异学校.诡秘邻居-升级版
2160512, 9.3, 55, 爸爸的荣耀
3504802, 9.7, 44, 三百六十五夜童话故事
26257896, 8.6, 87, 童年时光
2266123, 9.1, 62, 中外科幻小说大观
26275717, 8.4, 101, 从八岁来
1047430, 7.6, 206, 装在口袋里的爸爸
1004133, 7.6, 205, 心里的锁
4720095, 9.1, 61, 安徒生童话全集
1125900, 8.5, 92, 中国兔子德国草(1)
2336452, 9.4, 51, 皮皮鲁和鲁西西奇遇记（一）
1123822, 8.1, 127, 天方夜谭
2061074, 8.8, 74, 列那狐传奇
25880453, 8.9, 69, 呼兰河传
1485699, 8.2, 116, 银顶针的夏天
1389911, 7.9, 148, 道尔教授的头颅
1043243, 7.8, 160, e班e女孩
4090843, 8.3, 102, 我们的广州
6969065, 8.3, 102, 生于1968・童年
3867628, 8.1, 120, 最想做的事
3938984, 9.5, 46, 精编小学生十万个为什么 第二系列
1965310, 8.5, 87, 乌丢丢的奇遇
2988525, 9.7, 41, 365夜民间故事
10767251, 9.3, 51, 365个艺术创意
5908551, 7.8, 154, 种在时光里的向日葵
1971700, 8.8, 69, 深山黑影
1046317, 9.3, 50, 秘密时光
1151059, 8.5, 84, 思黛拉街的鲜事
3813665, 8.8, 68, 我们永远在一起
1575999, 8.6, 78, Heidi
3141960, 9.1, 56, 世界童话精选百篇
2218827, 7.8, 150, 一颗超级顽固的牙
1018256, 9.9, 36, 新注全本安徒生童话（全四册）
1255331, 8.6, 77, 丁丁和字母艺术
2224631, 9.2, 52, 孙悟空三打白骨精
26608905, 9.2, 52, 小伤疤
1595887, 8.5, 82, 红烧蔡捕头
1022737, 8.7, 71, 铁路边的孩子们
2039815, 8.8, 66, 皮皮鲁和蜘蛛表
2158226, 9.1, 54, 黑加尔
2114757, 8.3, 93, 赫氏门徒
1153634, 9.0, 57, 童话仙境旅游公司/李志伟童话・长篇酷
2309339, 8.2, 100, 非常老师
1005894, 7.9, 129, 肚皮上的塞子
1033640, 8.5, 79, 倒霉的萨克
3133648, 8.5, 79, W少女01
1975101, 9.1, 53, 芝麻开门
1125964, 9.3, 47, 青鸟飞过
2049481, 9.3, 47, 孤女寻亲记
3243069, 8.3, 91, 101只斑点狗
1022241, 8.1, 106, 亲爱的笨笨猪
1216719, 9.4, 44, 受苦受难的科学家
1209316, 9.2, 49, 女孩和她的飞鸟
1125937, 8.0, 112, 我的同桌是女妖2
3111200, 9.0, 54, 遥远的仇恨--狼与狗的神话
2364253, 9.3, 45, 外国童话选
1313471, 8.7, 65, 小美人鱼
1079087, 8.2, 93, 童年
4030651, 9.0, 53, 紫色童话
2352128, 9.2, 47, 13点少女漫画(共4册)
2120327, 8.9, 56, 上帝保佑你，罗斯瓦特先生
1824868, 8.6, 68, 手心里的阳光
3761252, 9.3, 44, 中国古代奇案故事大观（上下）
25723412, 8.2, 91, 苏北少年“堂吉诃德”
2039806, 8.4, 78, 皮皮鲁和沙漠潜艇
3638919, 8.4, 78, 特别的女生萨哈拉
1209898, 7.7, 140, 李大米和他的影子
1086265, 8.5, 72, 幽默大师小豆子
1119308, 8.0, 106, 小坡的生日
1017066, 9.5, 39, 绘画儿童动物辞典
1082636, 9.6, 37, 比得兔的世界
1046744, 8.0, 105, 最美的夏天
2241256, 8.1, 96, 故事会
1220761, 9.1, 48, 土鸡的冒险
1270043, 7.9, 113, 唐・吉诃德
5408523, 8.0, 103, 漂亮女孩夏林果
2246174, 8.5, 70, 红瓦-曹文轩小说阅读与鉴赏
2326860, 8.7, 61, 奇奇怪怪国
1536909, 6.7, 430, 黑猫警长 05
3040214, 9.5, 38, 中外智慧故事大观
4005336, 9.5, 38, 青色童话
3664281, 8.5, 69, 大宇神秘惊奇・第2季1-5
1489168, 8.4, 74, 一百个中国孩子的梦
1025761, 7.9, 110, 没有尾巴的狼
1859073, 9.2, 44, 七个被绞死的人
3024378, 9.2, 44, 征服病菌的道路
1468927, 7.6, 144, 习惯死亡
1024380, 9.4, 39, 少年黑卡
1204909, 9.4, 39, 彩图知识童话365夜(4)
3212903, 9.4, 39, Anne of Green Gables (The Anne of Green Gables Novels #1)
1092000, 7.6, 142, 爷爷铁床下的密室
4255543, 7.6, 142, 旅行箱的故事
1066059, 8.6, 63, 狐狸小学的插班生
5333078, 8.6, 63, 小鱼散步
2014481, 9.6, 35, 数学故事丛书（共6本）
22677141, 7.8, 117, 杨红樱淘气包马小跳系列
2309335, 8.4, 72, 非常爸爸
2331817, 9.2, 43, 魔方大厦1
1084548, 7.8, 116, 埃及艳后
2270550, 9.5, 36, 亭亭的童话
4811691, 7.9, 104, 一直都在玩
2309337, 8.3, 75, 非常小男生和非常小女生
2323567, 7.7, 123, 非常童年
1008319, 8.8, 53, 漫话数学
3803906, 8.0, 94, 城市老鼠和乡下老鼠
1047734, 9.4, 37, 荒岛历险
1023712, 8.8, 52, 小海蒂
3250183, 7.8, 109, 童年忆往
1214596, 7.6, 131, 幽默三国
3445985, 8.7, 55, 阿凡提的故事
1940468, 9.6, 33, 目击者丛书 植物
1275465, 8.6, 58, 宋诗一百首
2309336, 8.0, 90, 非常妈妈
10600387, 8.1, 83, 透明的夏天
3526278, 9.5, 34, 豪夫童话选
26879423, 8.9, 47, 孩子是个哲学家
3242977, 9.6, 32, 看北极丛书（共四册）
3027259, 8.3, 69, 鲁西西和水晶兔
3719389, 9.3, 37, 1年级鲜事多
1158029, 9.2, 39, 油纸伞
1953639, 9.2, 39, 今年你七岁
2129434, 8.3, 68, 大宇神秘惊奇系列21-25
1010147, 8.6, 55, 奇妙的数王国
3041111, 10.0, 26, 森林探秘
1017380, 8.8, 48, 黑翼：悬疑惊奇小说集（全6册）
1067413, 8.6, 54, 丑八怪
1079254, 9.8, 28, 世界儿童小说宝库
2151797, 7.7, 107, 飞向冥王星的人
1489173, 9.0, 42, “下次开船”港
20273182, 7.4, 142, 妈妈的柴火灶
2056025, 8.8, 47, 绝句三百首
2223474, 8.8, 47, 贝塔无敌软件
5941349, 8.8, 47, 一起去远方
1066881, 8.9, 44, 冰狱之火
4110139, 9.2, 37, 丁丁历险记
1225864, 8.2, 69, 即兴诗人
1027438, 9.8, 27, 儿童看图读古诗(上册)
1453169, 9.8, 27, 世界童话之树
5356143, 8.0, 79, 莎莉・曼恩
3121104, 7.9, 85, 笑猫日记系列-杨红缨作品精选导读
1946711, 9.3, 34, 德国幽默故事精选
1596810, 9.6, 29, 开往古罗马的时光列车
1425813, 7.8, 91, 儿童心理学
1144825, 8.1, 71, 魔法学校之精灵宠物店
1057721, 9.1, 37, 阿拉丁
3075239, 9.0, 39, ‘X-3’案件
1079229, 7.8, 89, 小贝流浪记(1)
4920110, 9.3, 33, 家庭日用大全
4626208, 8.9, 41, 西湖民间故事
1125871, 9.0, 38, 蓝花
3036515, 9.2, 34, 有趣的数学
2327859, 9.3, 32, 哪吒三兄弟（上）
1077955, 8.8, 42, 农庄男孩（上下）
3757921, 7.8, 85, 神秘的易拉罐
4071855, 7.3, 129, 小回忆
3084344, 9.1, 34, 咬核桃小人和老鼠国王
3768194, 8.8, 40, 趣味推理：一分钟破案（第二集）
1162528, 8.5, 48, 蓝调江南
2364260, 8.5, 48, 蛇岛的秘密
2309338, 7.7, 87, 非常男生
20380455, 8.6, 45, 一点一横长
2301763, 8.4, 51, 声音之谜
26301883, 9.7, 25, 杜噜嘟嘟（精装全四册）
2133896, 7.5, 103, 薛仁贵征东
1883922, 8.1, 62, 童年
1471510, 7.9, 70, 生活的科学
1486208, 8.9, 36, 赛文奥特曼大全
2053697, 9.0, 34, 意大利童话
1103991, 7.1, 144, 豌豆笑传
3276325, 9.6, 25, 幼读古诗一百首
1159258, 8.5, 45, 子恺漫画
4800851, 8.1, 59, 山羊不吃天堂草
1974796, 8.9, 35, 追踪小绿人
4057831, 8.9, 35, 一岁的小鹿
1254233, 9.0, 33, 从根号2谈起
1934565, 8.0, 62, 男生不许进-阳光姐姐好看小说No.1
3291115, 9.1, 31, 孙敬修演讲故事大全
1499786, 8.2, 53, 童年・这里
1024482, 8.0, 61, 逃逃
1202981, 8.0, 61, 塌鼻子警察
6517157, 8.8, 36, 7只老鼠挖红薯
3535140, 9.5, 25, 成语典故故事
1040696, 7.9, 64, 魔法学校之影子面具
1137015, 9.1, 30, 空气是免费的
1042973, 8.0, 59, 科学改变人类生活的100个瞬间
1936465, 8.0, 59, 乌龙院大长篇漫画系列（卷四）
1023059, 7.6, 81, 千万别在奶奶家生病
1073417, 8.8, 35, 杜利特医生非洲历险记?杜利特医生航海记
1030810, 8.4, 44, 三毛迎解放
25885447, 7.4, 95, 春天怎么还不来
3417060, 8.5, 41, 中华龙鸟
1755417, 9.7, 22, 少年国王传奇
1076204, 9.8, 21, 世界儿童小说宝库
3011186, 8.6, 38, 100个科学家的故事
1043813, 8.0, 56, 孩提时代
1027753, 8.2, 48, 数学花园漫游记
1776703, 8.8, 33, 一个孩子的诗园
26607285, 8.5, 39, 厨房屋
1003301, 8.9, 31, 帮你学数学
1082360, 8.9, 31, 实用游戏图鉴
2159838, 7.6, 73, 毁灭
1982788, 8.0, 53, 一地虫声
3029762, 8.8, 32, 西顿动物小说
1010118, 7.2, 104, 我和妖怪有个约会
6510144, 7.3, 94, 太平盛世
10438194, 8.1, 49, 再见童年
1421329, 8.0, 51, 玩意儿
1971693, 8.5, 36, 秘密纵队
6527064, 8.5, 36, 中国传统节日故事
1364959, 8.1, 46, The Tao of Pooh
1126745, 6.6, 185, 还珠格格(第2部共3册)
26349011, 9.7, 19, 我的第一次动物大发现儿童地图绘本
6439725, 8.2, 41, 小豆豆在中国
1949735, 7.3, 80, 新来的小石柱
20503849, 7.7, 57, 杨红樱淘气包马小跳系列
1176700, 7.9, 49, 怪老头儿前传
2371121, 9.0, 25, 河^察
1286203, 7.7, 55, 蟑螂蟑螂死光光
1142826, 8.1, 41, 奥特曼大秘密(1-6册)
26606518, 8.3, 36, 草房子
2295161, 8.8, 27, 囚鸟
3060344, 8.6, 30, 孙小圣与猪小能
25664934, 7.7, 54, 被美人
2002923, 9.1, 23, 1980--1986中国童话选
2273700, 8.5, 31, 猫和老鼠
1058857, 8.9, 25, 漫画大自然探险(1)
25941422, 8.1, 39, 把世界搞好啊，少年
25880850, 8.3, 34, 妈妈，请在童年这样爱我
3164517, 8.4, 32, 我的宠物是恐龙
25812587, 7.9, 44, 从外星球来的孩子
1162863, 7.7, 50, 哈尔滨故事
24749427, 7.7, 50, 接纳孩子
1190570, 7.9, 43, 穷女孩心香和富女孩可人
1098486, 8.8, 25, 鬼怪迷的勇敢手册
2013315, 8.4, 31, 一年级的小豌豆
2284764, 7.7, 49, 《红楼梦》少年儿童版
4826524, 8.1, 37, 铁门胡同
3786735, 8.2, 34, 我是夏壳壳？戴牙套的青蛙王子
25744458, 6.7, 118, 回不去的小时候
3039180, 8.8, 24, 严文井童话
1275775, 7.2, 70, 薛丁山征西
3825113, 7.2, 70, 童年
1660682, 7.4, 58, 同一性
1082112, 8.0, 37, 口水龙/管家琪幽默童话系列
1148500, 7.8, 41, 儿童的秘密
3112031, 7.8, 41, 东游记
1214597, 7.0, 78, 幽默西游
2330388, 8.9, 21, 偷拳续集
1489189, 8.8, 22, 科学发现纵横谈
1705592, 8.0, 34, 中国神话选
1098485, 8.2, 30, 侦探迷的聪明手册
2269088, 9.3, 17, 聊斋汊子
6428081, 8.4, 26, 晶晶探奥秘-蛇国大战
1645162, 8.8, 21, 长生塔 (平装)
3719401, 8.7, 22, 六年级怪事多
2115367, 7.6, 41, 化学的秘密
3062325, 7.5, 43, 淘气包马小跳1
3714465, 8.2, 27, AX Volume 1
2222756, 8.5, 22, 小猫茉莉
3193630, 7.9, 30, 故事大王讲故事100篇
2229354, 8.6, 20, 猴王出世
2286734, 8.5, 21, 井中男孩
25917213, 7.7, 33, 爱你，小时候
1186177, 7.1, 51, 飘在天空的果冻
1019114, 7.6, 34, 绿刺猬
26645331, 8.6, 19, 童年哲学
10345576, 8.3, 22, 茜多和野孩子
26803373, 8.0, 26, 转动时光的伞
3438714, 7.9, 27, 文笔精华
1119892, 6.7, 69, 打开天窗
1195554, 8.2, 22, 小学生迪克比（全6册）
3256147, 7.9, 25, 绿茵场边的眼睛
1015213, 7.7, 28, 清史探微
5411420, 7.3, 36, 穿越时空遇见你
1174675, 6.6, 65, 豌豆笑传2
2149490, 8.3, 19, 星期天山就长高了
2336818, 8.3, 19, 小无知的故事（1-4）
6395015, 8.2, 20, 世界金典儿童诗集
25799842, 7.7, 26, 你好，旧时光
1640865, 7.6, 27, 微型小说三百篇
26693288, 7.7, 25, 暮色四合
25723396, 8.1, 19, 放大的时间
26789619, 7.5, 27, 托尼诺成长记
25910749, 7.2, 33, 变形金刚30周年纪念典藏版
4827147, 7.8, 22, 救救孩子，还是救救你自己
25853179, 7.7, 23, 亨利・休格的神奇故事
25837691, 7.9, 20, 森林童话
5379422, 7.7, 22, 非常男生
26282717, 7.8, 20, 麻木
26354327, 8.1, 17, 野趣童年
2982942, 6.8, 39, 网上惊魂神秘的男朋友
4322972, 8.0, 17, 城南f事 III
3704453, 7.6, 21, 玩具历险记
3525670, 8.2, 15, 姆明谷
10736524, 7.2, 26, 我会好好爱你
3057595, 8.1, 15, 长白山猎话
3462747, 6.5, 44, 80后的那些事儿
1027367, 7.2, 25, 恋恋薰衣草
2978985, 8.2, 14, 外国儿童趣味故事选
26427116, 7.7, 18, 当世界年纪还小的时候
26312396, 7.8, 17, 爸爸的花椒糖
1524900, 8.0, 15, 菜头与土豆  1
1351564, 7.7, 17, 老夫子96狐狸仙m集
1003192, 8.2, 13, 数学奇境故事丛书－－数学斗智故事
3197693, 7.0, 25, 玫瑰梦
2037627, 7.6, 16, 好玩的数学
2224671, 7.6, 16, 封三娘
10738987, 7.0, 23, 真假袁世凯辨别
26762989, 8.0, 13, 99℃
10607481, 7.3, 18, 情绪猎人-我是你的守护星-2
25929971, 7.9, 13, 手绘明信片之旅
1009560, 7.7, 14, 小思想家在行动
1290421, 7.4, 16, 同学，咱们聊一聊虐待
2027902, 7.9, 12, 童话国的小客人
3988993, 7.9, 12, 和父母谈谈男孩子的“小雀雀”
25832396, 6.2, 37, 初二七班
26579664, 7.2, 17, 布伦迪巴
20278192, 7.8, 12, 边山狩猎
2760446, 8.2, 10, Dinotopia
5441611, 6.7, 22, 父母祸害论
1826667, 7.4, 14, 童年与社会
26385396, 7.7, 12, 白色画布
25919247, 8.0, 10, 家在九芎林
1254232, 7.7, 11, 数学营养菜
1005072, 7.6, 11, 外国寓言故事精选/中外传世儿童故事
1254231, 7.8, 10, 故事中的数学
2567336, 7.1, 14, 玉剑香车 上册
4852329, 6.8, 15, 我们都是80后
4706069, 6.5, 17, 一学就会的100个小魔术
