2017-01-23 16:17:59
Tag: 童话
The number of books: 970 

ID, rating, votes, title
1084336, 9.0, 211694, 小王子
1046209, 9.1, 34468, 安徒生童话故事集
1043008, 8.9, 27892, 格林童话全集
3608208, 8.6, 45527, 牧羊少年奇幻之旅
3554154, 9.0, 23091, 阿狸・梦之城堡
1358873, 8.5, 34799, 月亮忘了
1433640, 9.3, 8894, 猜猜我有多爱你
1119839, 9.1, 11030, 王尔德童话
2361768, 9.3, 7910, 爷爷变成了幽灵
1941301, 9.2, 8032, 365夜故事（上下）
1765512, 9.1, 9075, 海的女儿
1036274, 8.5, 20152, 夏洛的网
1035848, 8.6, 15727, 一千零一夜
5395407, 8.9, 9777, 阿狸・永远站
1257365, 8.9, 9351, 活了100万次的猫
1028270, 8.8, 10442, 舒克和贝塔历险记
1026035, 9.1, 6276, 你看起来好像很好吃
1001136, 8.8, 9348, 彼得・潘
1021193, 8.8, 9323, 皮皮鲁传
1033190, 8.8, 8458, 失落的一角
1052990, 8.9, 6794, 草房子
1028404, 8.8, 7639, 鲁西西传
3608235, 8.5, 10843, 失物之书
1004088, 9.0, 5298, 长袜子皮皮
1041128, 8.5, 10743, 天蓝色的彼岸
1095634, 8.7, 7482, 小狗钱钱
1467519, 9.8, 1693, 世界童话名著连环画
1072319, 8.5, 7351, 长腿叔叔
1907739, 8.6, 5842, 当世界年纪还小的时候
1064841, 9.0, 3364, 绿山墙的安妮
1059503, 9.1, 2950, 爱心树
1270150, 9.3, 2322, 风与树的歌
4826530, 9.1, 2808, 我亲爱的甜橙树
4049269, 9.4, 1973, 狐狸的窗户
6857344, 8.5, 6108, 夜莺与玫瑰
2150240, 8.8, 3758, 我讨厌妈妈
1982200, 8.7, 4104, 爱德华的奇妙之旅
1007952, 9.4, 1721, 蓝熊船长的13条半命
26647054, 9.2, 1942, 小王子（纯美珍藏绘本）
1436586, 9.1, 2006, 你真好
3089661, 9.1, 1984, 永远永远爱你
1310673, 9.3, 1560, 遥远的野玫瑰村
1005279, 8.7, 3172, 皮皮鲁和鲁西西的故事
1474343, 9.1, 1941, 手绢上的花田
1024889, 8.6, 3599, 大灰狼罗克
1156424, 9.0, 2163, 罐头小人
1351652, 8.5, 4099, 路德S希革命1
2050767, 8.6, 3536, 绿野仙踪
2296687, 8.5, 3876, 纸牌的秘密
1880823, 8.8, 2588, 格林童话
1397331, 8.9, 2245, 爷爷一定有办法
1873569, 9.3, 1416, 郑渊洁童话全集(33卷)
1433572, 9.2, 1509, 随风而来的玛丽阿姨
2161691, 8.3, 4662, 伊索寓言
1021311, 8.5, 3492, 爱丽斯漫游奇境
1152745, 9.1, 1662, 花香小镇
1803641, 8.8, 2336, 小公主
5993314, 8.0, 7186, 安吉拉・卡特的精怪故事集
1030469, 8.2, 5075, 青鸟
2081975, 8.7, 2550, 七色花
1152495, 9.2, 1412, 白鹦鹉的森林
3608170, 8.0, 6775, 我想吃一个小孩
1073333, 8.7, 2481, 我的妈妈是精灵
1090575, 8.5, 3196, 金拇指
1092965, 8.3, 4168, 智齿
1047927, 8.9, 1879, 郑渊洁十二生肖童话（12册）
1040632, 8.5, 3047, 木偶奇遇记
1072126, 9.1, 1465, 我是霸王龙
1156423, 8.8, 1989, 五个苹果折腾地球
2117872, 8.9, 1750, 花婆婆
2120339, 8.6, 2494, 是谁嗯嗯在我的头上
1448645, 8.8, 1933, 鳄鱼怕怕牙医怕怕
1152564, 9.2, 1216, 黄昏海的故事
1023882, 8.4, 3149, 病菌集中营
1899006, 9.1, 1326, 我想去看海
1064532, 8.5, 2605, 秘密花园（2册）
1433568, 8.9, 1567, 逃家小兔
1192706, 9.1, 1232, 大盗贼
1066463, 8.5, 2493, 我是钱
1933479, 8.9, 1528, 小灵通漫游未来
1163327, 8.8, 1705, 列那狐的故事
1819816, 9.3, 956, 风的旱冰鞋
1536911, 9.3, 910, 舒克和贝塔（上篇）
1010898, 7.6, 8408, 格列佛游记
4097264, 9.0, 1198, 小兔彼得和他的朋友们（全3册）
1008459, 9.0, 1196, 毛毛
1489164, 9.1, 1072, 直到花豆煮熟
1491317, 9.0, 1189, 皮皮鲁和罐头小人
1162717, 8.8, 1485, 红沙发音乐城
1252742, 8.8, 1483, 309暗室
1949268, 8.9, 1294, 夜莺
3854484, 8.8, 1436, 这是爱
1855231, 8.6, 1818, 银河铁道之夜
1290911, 9.1, 1028, 银孔雀
1022341, 8.2, 2991, 白客
2138225, 8.6, 1756, 白雪公主
1448796, 9.2, 884, 鲁西西全传
1046883, 8.5, 1900, 查理和巧克力工厂
3338175, 7.9, 4373, 诗翁彼豆故事集
3689118, 8.3, 2426, 梦想家彼得
2258369, 9.0, 1047, 小公主
2003189, 9.2, 844, 皮皮鲁全传
1204911, 8.8, 1279, 洋葱头历险记
1486658, 9.2, 829, 奥菲利娅的影子剧院
1021209, 8.4, 2058, 尼尔斯骑鹅历险记
1321696, 9.4, 668, 小布头奇遇记
2331656, 9.0, 982, 邋遢大王奇遇记
1982096, 8.4, 1915, 关于来洛尼亚王国的十三个童话故事
1220559, 8.7, 1319, 胡桃夹子
1066133, 9.0, 945, 怪老头儿
1006770, 8.4, 1858, 卡尔维诺文集（第一卷 上下）
3210683, 8.2, 2379, 星尘
1912993, 9.2, 733, 海蒂
1079945, 8.1, 2676, 生化保姆
1161118, 8.7, 1218, 龙珠风波
1007210, 8.7, 1172, 安徒生童话精选（共六册）
1129879, 8.4, 1661, 魔方大厦
1056707, 8.8, 1021, 时代广场的蟋蟀
2135803, 8.7, 1085, 今天运气怎么这么好
1416289, 8.9, 866, 晴天有时下猪
1080758, 9.3, 579, 史努比全集（全25册）
1806300, 8.9, 859, 雪人
1462189, 9.2, 631, 谁也看不见的阳台
1059016, 8.7, 1038, 蛇王淘金
3137185, 8.8, 924, 阿米I-星星的孩子
3823070, 8.4, 1440, 最后的精灵
1959287, 8.6, 1128, 月亮的味道
5988558, 8.3, 1581, 深夜小狗神秘事件
1000251, 9.0, 713, 王尔德全集
1797670, 8.8, 876, 兔子屋的秘密
2212064, 8.9, 787, 小房子
1461652, 8.2, 1749, 纳尼亚传奇：狮子、女巫和魔衣柜
1982120, 9.0, 692, 向着明亮那方
2257333, 9.2, 560, 松鼠先生和月亮
3240293, 9.2, 548, 7号梦工厂
1899020, 9.1, 599, 我想有个弟弟
1456628, 9.3, 491, 长袜子皮皮的冒险故事
25732034, 8.5, 1121, 阿狸・尾巴
1074234, 8.5, 1117, 爱死你
6735972, 8.2, 1608, 兔子什么都知道
2979054, 8.3, 1354, 动物绝对不应该穿衣服
1019293, 8.8, 741, 小飞人卡尔松
3086575, 8.6, 906, 单翼天使不孤单
2340082, 9.0, 593, 亲爱的小鱼
1022582, 8.4, 1131, 瞬间收藏家
1192700, 9.0, 588, 永远讲不完的故事
1899007, 9.0, 587, 我想有颗星星
3797733, 8.5, 981, 巧克力味的暑假/阳光姐姐小书房
1534810, 9.0, 577, 红头发安妮
1824714, 9.1, 516, 拥抱幸福的小熊-阳光姐姐嘉年华
1012189, 8.9, 624, 柳林风声
1043591, 8.7, 764, 屎捞人・屎诗童话
1085038, 8.4, 1064, 水孩子
1797665, 8.7, 750, 红玫瑰旅馆的客人
2027835, 8.9, 605, 云朵面包
3053271, 8.7, 742, 小猫出生在秘密山洞
1009665, 8.2, 1309, 五・三班的坏小子
1949237, 9.3, 404, 柳树下的梦
1912513, 9.0, 532, 我去找回太阳
1016435, 8.8, 649, 女巫
1816104, 8.5, 895, 保姆狗的阴谋
1025251, 8.6, 800, 屎捞人・浮屎若梦
1860433, 9.2, 436, 格林童话全集(上)
1008592, 8.6, 791, 那个骑轮箱来的蜜儿
1052424, 8.9, 574, 假话国历险记
1939608, 9.1, 473, 两个意达
1048258, 8.6, 781, 屎捞人・在路途上
1009405, 8.4, 976, 漂亮老师和坏小子
1279913, 8.6, 772, 安徒生剪影
1207993, 7.8, 2058, 鬼车
1076320, 8.9, 552, 豆蔻镇的居民和强盗
1439737, 9.6, 296, 法国童话精选
10560097, 9.3, 379, 不一样的卡梅拉（1-10册）
4887519, 8.6, 748, 给姑娘陛下
1264253, 9.1, 450, 少女安妮
1959339, 9.0, 494, 巨人的花园（中英双语）
1444555, 8.7, 661, 要是你给老鼠吃饼干
3222829, 9.2, 407, 快乐王子
2042511, 8.5, 816, 第五个
2052682, 8.7, 657, 虎皮猫，你在哪里
1041104, 8.7, 656, 吹牛大王历险记
4726738, 9.1, 442, 小狐狸买手套
20273030, 8.3, 1015, 哈尔的移动城堡
2052229, 8.1, 1293, 爱丽斯奇境历险记
1578881, 9.0, 474, 车的颜色是天空的颜色
1912514, 8.9, 514, 我能打败怪兽
1005455, 9.3, 356, 淘气包埃米尔
1263747, 9.0, 461, 海的女儿
1000353, 8.6, 683, 纳尼亚王国传奇（全7册）
1491319, 8.6, 671, 皮皮鲁和教室里的隐身人
5355666, 8.5, 741, 小国王
1919733, 8.6, 659, 彼得潘
1145725, 8.5, 734, 鲍尔历险记
1884655, 8.9, 485, 皮皮鲁和幻影号
1975886, 8.5, 729, 一片叶子落下来
1340590, 8.9, 480, Where the Wild Things Are
4109194, 8.5, 716, 为自己出征
1854580, 9.0, 430, 皮皮鲁和蛇王阿奔
2996273, 9.7, 238, 绿野仙踪全集之一
1871364, 8.5, 701, 三个强盗
1491322, 8.8, 499, 皮皮鲁和活车
2052815, 8.6, 611, 幸福的鸭子
1083091, 8.6, 608, 吹小号的天鹅
2052697, 8.7, 548, 能闻出孩子味儿的乌龟
1816103, 8.6, 601, 想变成人的猴子
1063733, 8.6, 599, 神秘的女老师
1915337, 7.5, 2429, 百变小红帽
3099801, 8.9, 440, 我可以抱你吗宝贝
5299807, 8.6, 589, 当世界还不存在的时候
1084335, 8.3, 813, 古堡里的月亮公主
3464487, 9.2, 330, 绿山墙的安妮
1221823, 9.7, 220, 中国童话名著连环画(上下)
1072447, 7.6, 2011, 羊男的圣诞节
6560648, 8.5, 633, 教海鸥飞翔的猫
3437051, 9.3, 296, e的家都]有
4087909, 8.4, 700, 借东西的小人
1104027, 8.7, 507, 彼得潘
1048047, 8.5, 621, 风沙星辰
3686974, 8.7, 501, 樱桃沟的春天
5261730, 8.4, 684, 月亮看见了
1850977, 8.6, 552, 风到哪里去了
3232946, 9.5, 241, Lost and Found
1219255, 8.7, 489, 龙子太郎
3867627, 9.2, 308, 松鼠先生和第一场雪
1058413, 8.6, 532, 没有画的画册
1779099, 8.5, 584, 月亮，生日快乐
1816105, 8.5, 581, 塔顶上的猫
2054207, 9.4, 252, The Happy Prince and Other Stories
3829908, 9.5, 232, 格林童话
1020054, 9.3, 270, 格林童话
2161686, 8.7, 452, 豪夫童话
1018554, 9.2, 283, 山中岁月
3755917, 9.3, 260, 安徒生童话全集（全四册）
3111121, 8.9, 363, 黑兔和白兔
1000934, 8.8, 397, 詹姆斯与大仙桃
3628184, 8.9, 359, 猫武士
2157589, 8.5, 530, 我不知道我是谁
1442789, 9.0, 327, 小女巫
2340080, 9.0, 327, 小恩的秘密花园
1461655, 8.2, 734, 纳尼亚传奇：黎明踏浪号
1130002, 8.4, 586, 好好照顾我的花
1223582, 8.4, 571, 波莉安娜
25982794, 7.1, 3421, 世界上所有童话都是写给大人看的
3228781, 9.1, 289, 阿米Ⅱ-宇宙之心
3123757, 8.8, 377, 奥斯卡与玫瑰夫人
1491320, 8.2, 701, 皮皮鲁和419宗罪
1216165, 8.4, 560, 没头脑和不高兴
1417200, 9.0, 308, 苹果地里的特别列车
1017830, 9.5, 203, 英汉对照安徒生童话全集（全三册）
1001872, 9.1, 278, 黄色童话
1007576, 8.5, 483, 了不起的狐狸爸爸
1727587, 9.0, 300, 门背后的秘密
3428902, 9.3, 233, Complete Fairy Tales of Oscar Wilde
1485700, 8.6, 435, 苹果树上的外婆
1017993, 9.2, 252, 少年小树之歌
1076966, 8.6, 431, 大林和小林
1052629, 9.0, 294, 魔法师的帽子
1491321, 8.9, 317, 皮皮鲁和舒克贝塔
1225366, 8.7, 377, 小毛驴与我
2247147, 8.8, 343, 小熊维尼
3016791, 8.3, 567, 逆流河
1245777, 8.3, 556, 贪玩老爸
2340081, 8.7, 367, 月亮，你好吗
1339950, 9.3, 217, Lc渲歌
5908794, 8.2, 611, 童
1311998, 8.2, 607, 杀人蚁
1461653, 7.9, 864, 纳尼亚传奇：凯斯宾王子
1022023, 9.0, 275, 小巫婆求仙记
1461661, 8.2, 602, 纳尼亚传奇：最后一战
1678877, 8.2, 600, 鬼妈妈
1215241, 9.1, 250, 晴天下猪
1758593, 8.4, 480, 我绝对绝对不吃番茄
1491324, 8.7, 354, 皮皮鲁和金拇指
3183724, 9.2, 228, 小王子 堡垒
3661060, 8.3, 523, 小屁孩日记
2223473, 9.3, 208, 舒克贝塔和五角飞碟
5254082, 8.7, 348, 兔之眼
1491325, 8.6, 381, 皮皮鲁和梦中人
2301328, 9.7, 153, 绿野仙踪全集之三
1125969, 9.2, 222, 嘭嘭嘭
3608659, 8.2, 572, 很禽兽
1949242, 8.9, 285, 踩着面包走的女孩
2069663, 9.1, 240, 雨滴项链
1038984, 8.8, 307, 亲爱的汉修先生
1461658, 8.1, 628, 纳尼亚传奇：能言马与男孩
3930210, 8.9, 280, 下头一场雪的日子
4863321, 8.7, 332, 球球老老鼠-笑猫日记
1916820, 9.0, 250, 狐狸列那的故事
3750803, 9.3, 195, 蓝色童话
5401650, 9.1, 224, 小王子手稿画传版
1867361, 9.1, 222, Princesses oubliées ou inconnues...
1076136, 9.0, 241, 狮心兄弟
1278974, 9.2, 204, 海的女儿
1044299, 8.6, 343, 毛绒绒的逻辑・存在
6001114, 8.1, 577, 猫的事务所
1888637, 8.6, 339, 于是，天使来到身边
1862008, 9.3, 183, 天国花园
1442791, 8.8, 276, 我和小姐姐克拉拉
1413112, 8.7, 300, 波丽安娜
3129407, 8.8, 274, 喵呜
1477344, 8.8, 271, 黑玫瑰的七个魔法
1949266, 9.3, 179, 幸运的贝儿
4263422, 8.4, 393, 笑猫日记-一头灵魂出窍的猪
1819845, 8.8, 268, 一号街的幽灵猫
6507880, 8.5, 353, 不睡觉世界冠军
2160319, 8.4, 389, 魔女宅急便
2050877, 8.8, 266, 大海在哪里
1030065, 8.6, 315, 人面狮身的女子
1854578, 8.7, 286, 皮皮鲁和红桃老K
1482975, 9.0, 219, 普希金童话诗
1962718, 8.4, 378, 宝葫芦的秘密
2039809, 8.8, 259, 皮皮鲁和红沙发音乐城
26693898, 8.6, 310, 阿狸・旋木花园
10432767, 8.3, 415, 西女巫之死
4230583, 9.3, 170, 《There&#39;s a dark dark wood inside my head》
1999291, 9.1, 198, 麦兜麦唛系列
1431184, 8.3, 402, 笋瓜自传
1038137, 8.9, 229, 海蒂
3317244, 8.9, 228, 阿米III-爱的文明
1008214, 8.8, 247, 玛蒂尔达
4301568, 9.1, 192, Jolies ténèbres
1819840, 8.8, 244, 阁楼的秘密
1946712, 9.2, 175, 一千零一夜精选
1041267, 9.5, 139, 长腿爸爸
2050878, 8.7, 262, 爸爸、妈妈、我和她
2074254, 7.9, 596, 挖鼻孔真好玩
4003002, 8.9, 216, 你睡不着吗?
2029726, 8.8, 235, 月亮，晚安
2342074, 8.1, 462, 麦先生的旅行
10807915, 8.2, 407, 泪奔吧，无用超能力
3058403, 8.5, 299, 郑渊洁与皮皮鲁对话录全集
1491327, 8.6, 272, 皮皮鲁恐怖易位
3699146, 8.6, 271, 杨红樱童话珍藏版
3099800, 8.5, 297, 神奇女生祝如愿
1256220, 8.9, 208, 阿巴拉岛
3084678, 8.5, 295, 青蛙王子副班长
2080462, 9.1, 174, 红蜡烛和人鱼姑娘
3797864, 8.5, 290, 穿靴子的猫
1033226, 9.1, 173, 大侦探小卡莱
1949240, 9.2, 160, 老栎树的梦
3930204, 8.8, 220, 声音森林
1345430, 8.7, 239, 那天，我用爸爸Q了l金~
1055445, 8.7, 237, 魔法灰姑娘
1036205, 8.7, 236, 好心眼儿巨人
1842181, 9.0, 182, 塔克的郊外
1456886, 7.9, 524, 胡萝卜须
1217319, 8.6, 252, 流浪狗和流浪猫
3094417, 9.4, 131, 请到我的烟囱街来
1350811, 9.3, 140, 阿米：宇宙之心
1118982, 9.1, 160, 我的妖怪培养计划
1085217, 8.9, 187, 道连・葛雷的画像 快乐王子
1949245, 9.3, 137, 沙丘的故事
4209794, 8.4, 289, 六(四)班的追星族
1044705, 9.4, 127, 吵闹村的孩子
1887677, 9.4, 126, 大侦探小卡莱
2220265, 8.7, 217, Coraline
1034274, 9.2, 144, 5月35日
1884658, 8.5, 256, 皮皮鲁分身记
2145115, 8.5, 256, 狐狸的神仙
1999088, 9.0, 167, 俄罗斯童话精选
22693008, 8.2, 342, 兔子共和国
25959972, 8.2, 342, 染血之室与其他故事
2766771, 9.1, 154, It&#39;s Okay To Be Different
3930209, 8.9, 180, 兔子剧团之夜
1095737, 8.7, 210, 大灰狼罗克全传
10530984, 8.8, 191, 我要把我的帽子找回来
1028506, 8.5, 245, 风先生和雨太太
1225062, 8.7, 205, 汤姆的午夜花园
1138908, 8.6, 223, 我是谁?我的爱... ...
1057202, 8.4, 266, 南极，遥远的知音
1819858, 8.8, 186, 蛇山的爱子
1724588, 8.9, 169, 小皮斯凯的第一个朋友
2372854, 9.4, 116, 九色鹿
11530250, 8.9, 168, 这是我最好的爱
1878490, 9.3, 124, 母亲的故事
2274446, 9.1, 142, 橡树上的逃亡（共两部）
6440304, 8.3, 278, 青鸟
4843891, 8.4, 252, 没有秘密长不大
3841355, 9.0, 151, 青蛙和蟾蜍（全四册）
1083092, 8.2, 305, 精灵鼠小弟
6401118, 8.0, 372, 要求太多的餐馆
2993974, 9.5, 104, 365夜知识童话(上下)
10742687, 8.0, 369, 森林都记得
1430002, 8.1, 327, 妖精森林
2010066, 9.6, 96, 幽默儿童文学名著译丛 （全6册）
1875743, 8.8, 171, 西游新记
2326886, 9.3, 117, 魔鬼三角的秘密
1862012, 9.2, 125, 聪明人的宝石
1963663, 9.6, 95, 罗大里童话
6000035, 8.5, 218, 公主的生日
3176824, 8.3, 262, 外星童话
20375324, 8.6, 199, 你是世上最好的妈妈
2039812, 8.6, 198, 皮皮鲁和巴拉娜
3725681, 8.9, 154, 吃书的狐狸
1337046, 9.1, 132, 阿米:鄣奈拿
3124950, 9.4, 106, 去年的树
25857969, 7.6, 549, 拿不动的世界
3750813, 9.1, 130, 紫色童话
6971390, 7.5, 617, 小狗钱钱2
1854579, 8.5, 211, 皮皮鲁逃往雅典娜
1758542, 9.3, 112, The Nightingale and the Rose
1005572, 8.5, 210, 白雪公主
2340368, 9.7, 86, 世界童话名著故事365(精)
2039813, 8.5, 208, 皮皮鲁压缩人生7天
1066911, 9.1, 127, 大森林里的小木屋
1053532, 8.3, 246, 来自矮人国的小兄妹
2975344, 8.7, 172, 外公是棵樱桃树
1030864, 8.4, 221, 丛林故事
2039814, 8.6, 185, 皮皮鲁遥控老师
2266827, 9.3, 108, 度假村的狗儿猫儿
1994618, 9.1, 124, 倒长的树
1138914, 8.8, 155, 蜗牛快递
4100304, 8.0, 321, 巫术族的预言-萝铃的魔力-上下册
10491578, 9.3, 106, 小狐狸阿权
1863195, 9.4, 99, The Happy Prince &amp; Other Stories
24886923, 9.0, 131, 当鸭子遇见死神
1042748, 9.2, 112, 看不见的小妞
2223475, 9.2, 112, 舒克贝塔和歌唱家
1063639, 9.5, 91, 六人飞行组
1949256, 9.1, 119, 干爸爸的画册
1098155, 9.0, 128, 郑渊洁中篇童话选
1854577, 8.8, 149, 皮皮鲁保卫叛逆者
4882042, 8.4, 209, 时间之城
1031901, 8.6, 175, 出卖笑的孩子
1438221, 8.9, 137, 小无知气球旅行
1367103, 8.5, 189, 公主向前走
3039599, 9.4, 95, 狼蝙蝠
4077636, 9.4, 95, 不一样的卡梅拉 珍藏版Ⅱ
1072830, 8.8, 145, 风之王
2023825, 9.4, 94, 比波王子的故事
2039811, 8.7, 157, 皮皮鲁和肥皂订书机
1063651, 8.9, 133, 木民谷的冬天
3786733, 8.6, 169, 超酷天使大肚子爸
1768128, 8.4, 200, The Tale of Peter Rabbit
19894084, 7.6, 456, 矮人星上的矮人
1003604, 8.9, 131, 十一月的木民谷
3238521, 8.9, 131, 王尔德童话
1030717, 9.7, 75, 世界儿童文学名著故事大全
4261769, 8.9, 128, 到你心里躲一躲
2372939, 9.3, 96, 吹牛大王历险记
1077390, 8.5, 176, 彼得兔的故事
5399916, 8.9, 127, 紫丁香街的帽子屋
1583345, 8.4, 191, 猫太噼哩噗噜在海里
2038043, 9.3, 95, 两个小路特
1007159, 9.0, 117, 橙色童话
2979789, 8.4, 189, 犟龟
11606365, 9.2, 101, 汤普森心理童话药书2
1902979, 8.3, 206, 小猫玫瑰
2120267, 8.2, 226, 一百条裙子
2298270, 9.7, 73, 世界童话画库（1－6册）
3349991, 8.8, 134, 会飞的抱抱
1781949, 8.8, 133, 罐头里的孩子
20379682, 9.0, 114, 最美最美的中国童话
3124951, 8.6, 153, 小狐狸买手套
1854581, 8.7, 141, 皮皮鲁和机器猴
1884657, 8.7, 141, 皮皮鲁和魔筷
3514415, 9.0, 112, 彼得・潘
1466485, 9.2, 97, The Happy Prince and Other Tales
1258500, 8.2, 215, 黑猫尼诺
1341757, 9.3, 90, 安徒生童话.绘本原画展
1138916, 8.7, 138, 小鼹鼠的土豆
3518551, 8.7, 138, 暴风雨之夜/翡翠森林狼和羊第1册
2224122, 9.3, 89, 舒克贝塔航空公司
1433571, 8.9, 117, 玛丽阿姨回来了
26374356, 8.1, 231, 刚好有你在
6843976, 8.4, 174, 神奇的收费亭
2298477, 8.9, 114, 白色的帽子
10763602, 9.3, 86, 兔子的12个大麻烦
1078668, 8.8, 122, 木民谷的夏天
5398731, 7.4, 481, 童话的心理分析
11026780, 8.2, 202, 书虫小鼠
5476602, 8.1, 222, 竹久梦二的童画童话
1214004, 8.9, 112, 风又三郎
1950218, 8.4, 167, The Book of Lost Things
1102980, 8.4, 166, 小王子2(中英文对照彩色版)
1131805, 8.4, 164, 光荣的荆棘路
1813973, 8.9, 110, Politically Correct Bedtime Stories
1106466, 9.0, 102, 水仙月四日
4274281, 9.2, 88, 永远讲不完的童话
2349013, 8.7, 126, The Wizard of Oz
1949834, 8.6, 136, The Blue Sky
1045569, 8.4, 160, 宫泽贤治童话
1017632, 9.0, 100, 木民谷的彗星
26411427, 8.9, 107, 小王子
2259144, 9.8, 60, 《365夜故事》图画本
1915734, 8.5, 145, 狗来了
10438947, 8.3, 172, 我们都爱桃伯特
1171774, 8.6, 133, 牵一只蜗牛去散步
4048025, 8.7, 122, 吹牛大王历险记
2298482, 8.8, 112, 星星出租车
1320410, 9.1, 89, 水仙月四日
3734719, 8.7, 117, 环游世界做苹果派
1222704, 8.8, 108, 小猪唏哩呼噜
2224276, 9.1, 87, 舒克贝塔德国游
2956704, 8.9, 100, Humpty Dumpty and other nursery rhymes
5395147, 8.9, 100, 没有耳朵的兔子
2298455, 8.3, 160, 森林报-春
3027263, 8.6, 124, 鲁西西和龙珠风波
26328457, 8.4, 146, 童话心理学
2039807, 8.9, 98, 皮皮鲁和车鼠李小二
6401133, 7.7, 281, 座敷童子的故事
2158080, 9.6, 62, 法国童话选
2298480, 8.9, 97, 春天的乘客
6397217, 9.9, 52, 365夜故事（上下）
3923763, 9.5, 65, 乐于助人的公主
1066771, 8.3, 154, 丰子恺童话
2034987, 9.6, 61, 一岁的小鹿
10741326, 7.8, 246, 岁月是贼
2223472, 9.1, 83, 舒克贝塔和老鼠报
6438494, 9.1, 83, 彼得兔经典故事集-小兔彼得
3112357, 8.6, 119, 睡美人
1797851, 9.5, 64, 黑猫历险记
2973076, 9.1, 82, 一只聪明的小狐狸
1958733, 7.8, 241, 蝴蝶狮
3077841, 9.1, 81, 孙小圣和猪小能
1819850, 8.6, 116, 谢米尔与小潜水艇
1168743, 8.1, 177, 小约翰
1042820, 8.7, 107, 火鞋与风鞋
3684940, 9.1, 80, 小公主和矮爸爸
3923761, 9.4, 66, 迪士尼电影故事
3804961, 10.0, 47, 世界童话名著精选
3518553, 8.9, 91, 暴风雪的明天/翡翠森林狼和羊第3册
2243555, 6.9, 705, 两百年的孩子
1074192, 9.2, 74, 米切尔. 恩德作品集
1853974, 9.5, 61, 飞天小魔女
5360686, 8.4, 131, 动物医院三十九号
1427526, 8.1, 170, 不老泉
1489184, 8.5, 120, 稻草人
3063045, 9.0, 83, 绿拇指男孩
20273033, 7.9, 203, 空中城堡
3052649, 8.6, 110, 怪医杜里特的故事1
1151061, 8.3, 140, 屋顶上的小孩
26582271, 7.8, 223, 有我陪着你，什么都不怕
1060947, 7.4, 345, 爱丽丝镜中世界奇遇记
1215253, 8.8, 93, 我有时是猪
1426168, 8.8, 93, 猫和少年魔笛手
1257184, 8.9, 86, 漫游奇境(怪老头儿续)
1049207, 8.3, 136, 德国，一群老鼠的童话
1008619, 9.3, 66, 一百个中国孩子的梦(上中下)
3518552, 8.8, 92, 迷雾蒙蒙/翡翠森林狼和羊第2册
5907917, 8.4, 125, 绿狗山庄
26267109, 9.0, 80, 雾中的刺猬
10567935, 8.3, 135, 风之又三郎
1226366, 8.6, 106, 幸福来临时
3655454, 9.5, 58, 皮皮鲁总动员之舒克贝塔系列 礼品盒装(共6册）
3549894, 9.0, 79, 鹅妈妈童谣
2060483, 7.8, 212, 克雷洛夫寓言
2025833, 8.6, 105, 柳林风声（中英对照）
1071463, 8.1, 158, 笨狼的故事
1341492, 8.6, 104, ALICE&#39;S ADVENTURE IN WONDERLAND
1922761, 8.6, 103, 傻狗温迪克
1351869, 8.4, 120, Coraline
1884656, 8.4, 120, 皮皮鲁蒙冤记
3620502, 8.4, 120, 查理和大玻璃升降机
1097899, 9.1, 72, 郑渊洁短篇童话选
1573766, 9.1, 72, Owl at Home
3522714, 9.1, 72, 土拨鼠日记
3620503, 8.5, 110, 小乔治的神奇魔药
1464162, 9.6, 53, Cinderella Skeleton
1921928, 7.7, 226, 在海拔壹万叁仟米的地方
25917623, 7.7, 225, 女巫一定得死
1704801, 8.6, 101, 爱丽丝梦游仙境
1281454, 7.7, 224, 我丢失了我的小男孩
1677118, 8.9, 81, 神奇的玛丽阿姨
26276701, 6.9, 596, 南极姑娘
5038453, 8.4, 117, 猫王
1584476, 8.7, 92, 红发安妮
1944218, 9.4, 58, y河道の夜
4826983, 9.9, 44, 宝宝晚安----儿童睡前故事366
1394428, 8.8, 85, 黑塞童话选
1875765, 9.0, 74, “全不知”游月球
2151785, 8.7, 91, 宫泽贤治杰作选
1048732, 8.2, 135, 五个孩子和一个怪物
1486596, 8.3, 124, 香草女巫
10604012, 9.3, 61, 爱丽丝漫游奇境
4882258, 8.3, 123, 春神跳舞的森林
25756921, 9.0, 73, 星语者
4261770, 8.2, 133, 来自鬼庄园的九九
3885381, 8.1, 144, 猫女咪妮
2004336, 8.7, 89, 世界上最美的图画书
1161662, 8.1, 143, 兔子坡
6965583, 7.6, 232, 毒蜘蛛之死
26260642, 8.8, 82, 岩崎千弘绘本经典系列（全三册）
26607921, 9.2, 63, 《异世界童话之旅1：许愿魔咒》
11534101, 9.1, 67, 星星和蒲公英
26579234, 9.1, 67, 蝴蝶狮
1007601, 8.2, 130, 红帆
1091402, 9.3, 59, 灰姑娘
3620496, 9.0, 71, 世界冠军丹尼
4087075, 9.0, 71, 王尔德童话集
1318950, 7.9, 169, 浪漫鼠德佩罗
3620498, 8.4, 109, 魔法手指
1983222, 8.5, 100, Fables Vol. 1
4767453, 8.4, 108, 白雪公主和七个小矮人
5406991, 8.8, 80, 草莓
1257996, 8.6, 92, 谁也不知道的小小国
10732336, 9.0, 69, 凯迪克与凯特・格林威图画书精选集
1030328, 8.3, 115, 人鸦
1442794, 8.3, 115, 小幽灵
25774843, 9.3, 57, 快乐王子
3921902, 7.3, 306, 飞吧.乔舒亚!-与神对话的乌鸦
2970636, 9.1, 64, 嘭嘭嘭
2006699, 8.8, 78, 盲孩与弃狗
2279355, 9.2, 60, 住在屋顶上的小飞人
1858367, 9.7, 45, Moomin
2243169, 9.7, 45, 周锐童话选
3518554, 8.6, 89, 月圆之夜/翡翠森林狼和羊第4册
1886349, 9.2, 59, 大侦探小卡莱
3504802, 9.7, 44, 三百六十五夜童话故事
1892074, 9.2, 58, 孔雀石箱
5367350, 8.8, 75, 顽皮公主不出嫁
1442790, 8.5, 93, 小水精
1047430, 7.6, 206, 装在口袋里的爸爸
3229487, 9.0, 65, 爱丽莎的眼睛
4720095, 9.1, 61, 安徒生童话全集
2336452, 9.4, 51, 皮皮鲁和鲁西西奇遇记（一）
1123822, 8.1, 127, 天方夜谭
2061074, 8.8, 74, 列那狐传奇
1486660, 8.1, 125, 吃噩梦的小精灵
1320414, 8.5, 90, 英伦童话地图
1144954, 8.2, 114, 语法像一首温情的歌
25767512, 8.1, 124, 无论如何等到我们相遇
26907738, 8.9, 67, 圣诞男孩
4005108, 8.6, 82, 渔夫和他的灵魂
4326031, 8.2, 111, 沉睡的女儿
2070293, 7.3, 267, 看得见风的男孩
3024494, 8.0, 131, 笑猫日记（超值本）
2988525, 9.7, 41, 365夜民间故事
2193721, 8.1, 118, 鸭子农夫
5422772, 8.3, 100, 青鸟
2285274, 9.6, 43, 小夏蒂
3608169, 7.9, 139, 挖鼻孔的大英雄
1197455, 8.4, 91, 不不园
3107917, 8.4, 91, 皮皮鲁和超能智齿（下）
1807447, 9.0, 60, 万花筒
1151059, 8.5, 84, 思黛拉街的鲜事
3141960, 9.1, 56, 世界童话精选百篇
1190569, 9.2, 52, 蓝鲸的眼睛
1819982, 9.2, 52, 玻璃孔雀
1437869, 8.2, 104, 兰心的秘密
1032140, 8.5, 82, 北风的背后
2086977, 9.7, 39, 世界童话名著文库1
1991107, 9.6, 41, 安徒生童话全集 之四
3053004, 8.3, 94, 魔女宅急便2
4050577, 8.3, 94, 猫头鹰王国1-暗算
1678886, 8.7, 70, 愿望潘趣酒
3841364, 8.2, 101, 让我安静五分钟
1153634, 9.0, 57, 童话仙境旅游公司/李志伟童话・长篇酷
1085661, 8.0, 118, 小魔怪黏巴达
26611997, 9.3, 47, 故宫里的大怪兽
5320843, 7.6, 169, 欧洲童话村之旅
2322350, 9.8, 36, 银线星星
21352385, 8.0, 116, 请在星光尽头等我
2347556, 7.9, 126, 躲藏的人
1022241, 8.1, 106, 亲爱的笨笨猪
6124308, 8.3, 90, 安徒生童话剪纸
20441860, 8.9, 59, 从前，有一个点
4891165, 8.6, 72, 黑猩猩的面包店
19963456, 7.6, 165, 忽至森林深处
20285341, 8.9, 58, 梦的尽头
2002787, 9.2, 48, 吹牛船长航海记
1085121, 8.3, 87, 戴高帽的猫
3291913, 8.1, 102, 爱哭的猫头鹰
1805593, 8.9, 57, 轻轻公主
25723267, 9.1, 50, 魔法树
1459234, 8.9, 56, Momo
1810764, 8.1, 99, Grimm&#39;s Fairy Tales
3239719, 7.8, 128, Stuart Little
1010172, 9.1, 49, 吹牛大王奇游记
1252645, 8.1, 98, 帅狗杜明尼克
4373852, 9.2, 46, The Velveteen Rabbit
1119308, 8.0, 106, 小坡的生日
1082636, 9.6, 37, 比得兔的世界
2283183, 9.2, 45, 严文井童话寓言集
1449920, 8.5, 70, 帽子里的天空
2326860, 8.7, 61, 奇奇怪怪国
1536909, 6.7, 430, 黑猫警长 05
4005336, 9.5, 38, 青色童话
4293260, 9.0, 50, 挖_兔子洞
5245599, 9.0, 50, 苏斯博士最经典童书
1489168, 8.4, 74, 一百个中国孩子的梦
4723787, 8.4, 74, 雾中的奇妙小镇
1025761, 7.9, 110, 没有尾巴的狼
25750814, 8.8, 56, 不能得罪的樱树
1349331, 9.2, 44, 自私的巨人 The Selfish Giant 
3264857, 7.7, 131, 永远的男孩女孩
6953245, 8.5, 68, 童书创作实用指南
5333078, 8.6, 63, 小鱼散步
1425834, 8.2, 84, 世界没有角落
1146300, 8.8, 54, 北风的背后
1544121, 8.8, 54, 小鼹鼠的土豆
2270550, 9.5, 36, 亭亭的童话
1017228, 8.7, 57, 飞翔的教室
4822470, 8.7, 57, 家庭作业
1099330, 8.4, 70, 坎特维尔的幽灵
10794873, 8.5, 65, 永远的西瓜小丑-笑猫日记
2364277, 9.6, 34, 明希豪森奇游记
2021742, 8.9, 50, 女孩子必读的100个公主故事
1029928, 8.1, 87, 穿越夜空的疯狂旅行
10736308, 8.0, 93, 13只钟
1575997, 9.2, 41, THE WIND IN THE WILLOWS
1214596, 7.6, 131, 幽默三国
3685414, 7.6, 131, 遗失翅膀的天使
3121289, 9.1, 43, 尼姆的老鼠
3519771, 9.2, 40, 儿童文学的乐趣
3526278, 9.5, 34, 豪夫童话选
1773996, 9.1, 42, The Real Mother Goose (Real Mother Goose)
26690100, 8.8, 50, 百年童话
1498976, 8.9, 47, Love You Forever
20500693, 8.7, 53, 寻找黑骑士
1792321, 8.0, 87, 大雨大雨一直下
3027259, 8.3, 69, 鲁西西和水晶兔
26613610, 9.2, 39, 故宫里的大怪兽-御花园里的火车站
2081961, 8.9, 46, 阿信坐在云彩上
1017627, 9.7, 30, 大盗霍琛布鲁茨（全三册）
20261696, 8.1, 79, 我也曾如你般天真
1361630, 8.2, 73, 初版格林童（精A篇）
2381257, 9.0, 43, 会搔耳朵的猫
1010147, 8.6, 55, 奇妙的数王国
3240304, 8.1, 78, 不莱梅的音乐家
24902816, 8.2, 72, 格林童话I
2089897, 9.3, 36, 小熊温尼・菩
3118239, 8.6, 54, La grammaire est une chanson douce
4860711, 7.3, 159, 野兽国
24878424, 8.3, 66, 每一次相遇都是一粒种子
1489173, 9.0, 42, “下次开船”港
2223474, 8.8, 47, 贝塔无敌软件
5941349, 8.8, 47, 一起去远方
1715331, 9.3, 35, 天上掉下来的大蛋糕
10736307, 8.0, 81, 最后一朵花
1023236, 7.4, 138, 英国玫瑰
2968974, 9.0, 41, 妖湖怪谭
1534215, 8.4, 59, 全译伊索寓言集
26823936, 9.5, 31, 天啊，这本书没有名字！
26613629, 9.2, 36, 故宫里的大怪兽-睡龙床的男孩儿
1946711, 9.3, 34, 德国幽默故事精选
1151060, 7.9, 84, 五毛钱的愿望
2297153, 8.9, 42, 冷酷的心
26721099, 7.9, 83, 冰龙
1781440, 7.1, 177, 童话是童话是童话
26584740, 9.5, 30, 小王子
1035835, 8.1, 70, 秋空爽朗
4246741, 9.4, 31, 最後的巨人
2285301, 9.0, 38, 豪夫童话
4042064, 9.2, 34, 小狐狸阿权
3129409, 8.7, 45, 美丽的梦想
3876627, 8.5, 51, 假如狐狸和兔子互道晚安
2117867, 9.5, 29, 小`魂c太
25723268, 9.3, 32, 魔法树顶的国度
3182233, 7.9, 77, 驿马
2025004, 9.2, 33, 动物远征队
1370468, 8.4, 53, Stuart Little
2132898, 9.6, 27, 怪老头儿随想录
6527864, 8.8, 41, The Land of Stories
1017343, 8.6, 46, 哈默林的花衣吹笛人
26644623, 8.6, 46, 童话镇
2303918, 9.5, 28, Moomin
3157839, 6.9, 198, 成人酷童（上）
1007761, 7.7, 87, 尘封160年的格林童话
1226364, 8.1, 63, 苦涩巧克力
20281379, 8.2, 58, 畸人馆
1044377, 9.6, 26, 埃梅童话
4226366, 9.0, 35, 鼹鼠的故事
1080914, 8.6, 44, 电话里的童话
4004771, 8.6, 44, 注文の多い料理店
3521990, 8.7, 41, 宠物猫咪鲁・杰克逊
2970720, 9.4, 28, 再见零
2053697, 9.0, 34, 意大利童话
6852273, 9.1, 32, 爱拉与洞熊族
11534100, 8.5, 45, 鹿舞起源
3237107, 9.2, 30, 纽约少年
1322448, 8.8, 37, 安徒生文集（共四卷）
3209232, 8.4, 47, 晚安秋千
3872875, 8.5, 44, 然后，会发生什么呢？
3291115, 9.1, 31, 孙敬修演讲故事大全
26785346, 9.3, 28, 不能弄湿脚的青蛙女王
1360650, 8.9, 34, 死小孩The Gashlycrumb Tinies or
4208884, 9.6, 24, 沼泽王的女儿
10809013, 9.2, 29, 绒布小兔子
3011048, 9.0, 32, 非洲童话
1347653, 9.1, 30, Q妻 
6778492, 9.3, 27, 大象小不点
26681724, 7.9, 63, 童话镇: 别悲伤，阳光还在温暖
2160315, 9.6, 23, 神秘的楼梯-野蔷薇村的故事
1146270, 9.1, 29, 西顿动物小说全集（全三册）
1041638, 8.8, 34, 恰佩克童话集
3053047, 7.9, 60, 阳光姐姐魔法书 小魔女蓝小鱼
1645293, 9.0, 30, 吉卜林 动物小说
1021064, 9.1, 28, 张天翼儿童文学全集（全四册）
5381715, 8.3, 44, 公主四点会来
25881282, 8.4, 41, 香梅女皇
4299189, 8.1, 50, 皮皮鲁和有鬼电车
1085500, 7.8, 62, 拉封丹寓言诗全集
2050581, 8.7, 34, 我的甜橙树
2060238, 7.0, 127, 一个叫窦唯de孩子
2253737, 9.1, 27, And Tango Makes Three
2220798, 8.3, 42, 短鼻子大象小小
1931558, 8.7, 33, 鼹鼠的月亮河
2002812, 9.0, 28, 普希金童话诗・小驼马
11620648, 8.8, 31, 巧克力天使
2055846, 9.6, 21, 鼹鼠原野的小伙伴
1854232, 9.1, 26, 七条龙
2277935, 8.8, 30, 山羊兹拉特
3059436, 9.0, 27, 中国童话
26585473, 8.5, 35, 上帝的火柴
1576000, 8.4, 37, Aesop&#39;s Fables
11607052, 9.2, 24, 吹口琴的蓝特尔
26687654, 8.3, 39, 童话里的世界
11620650, 8.8, 29, 拴牛的山茶树
26137168, 8.8, 29, 梦幻月圆夜
10519842, 9.7, 19, 怪老头的故事
1146979, 8.1, 44, 爱心企鹅
26642435, 7.5, 69, 原来如此的故事
6439725, 8.2, 41, 小豆豆在中国
2100205, 8.5, 34, 十三海盗
24902735, 8.4, 36, 格林童话II
25819503, 8.6, 32, 杉
3145912, 8.7, 30, 蓝精灵的故事
2076616, 7.1, 97, 时间的皱纹
1176700, 7.9, 49, 怪老头儿前传
24715997, 7.1, 96, 潘宫的秘密1
11530534, 8.8, 28, 爷爷的煤油灯
5922149, 6.7, 148, 流血的童话
1103826, 8.5, 33, 世界文学小经典--小老鼠斯图亚特
5937224, 9.1, 24, 丽塔和小东西的圣诞节
10522857, 7.6, 61, 风铃草姑娘
20414891, 8.6, 31, 奥兹国的稻草人
26345647, 7.4, 71, 极品笨妖怪1-奇幻岛屿
24297733, 8.2, 39, 那年夏天四叶草
1962008, 7.5, 65, LASIA和魔法师的小花园(附盘)
2038035, 7.8, 51, 小兵张嘎
26582931, 7.0, 102, 我怀疑人们在密谋让我幸福
3797870, 8.5, 32, 灰姑娘
3060344, 8.6, 30, 孙小圣与猪小能
2002923, 9.1, 23, 1980--1986中国童话选
4893617, 8.7, 28, I版童
4174725, 9.0, 24, 狐狸村绑架案
2987855, 8.4, 33, 是谁在门外
2110075, 8.9, 25, 会唱歌的猫树
3719445, 7.5, 61, 么么公主的秘密日记
3124954, 8.4, 32, 渡过雪原
10576112, 8.5, 30, 鲁西西传
10862491, 9.1, 22, 彼得兔典藏全集（全23册）
11528349, 8.2, 35, 浮生五记
5260303, 8.7, 26, 小石佛
3199063, 7.6, 52, 摆脱恐惧和共生的方法
4174723, 9.0, 22, 圣诞节的魔法雪橇
26755572, 9.2, 20, 记忆之歌
26315808, 8.1, 36, 童话的魅力
3409995, 8.8, 24, Roald Dahl 15 Book Box Set
26285731, 7.3, 64, 山精灵普克
4728862, 9.4, 18, 天Zq兔子
26275816, 8.1, 35, 曼哈顿的小红帽
3479011, 8.6, 26, WIND IN THE WILLOW柳林风
20285351, 8.6, 26, 千代纸之春
1325265, 8.4, 29, 脑袋里的小矮人
1085185, 8.5, 27, 骑士降龙记+四个童话
3327047, 5.6, 583, 选择之道
1819930, 8.7, 24, 总有一天会长大
26376300, 8.7, 24, 被遗忘的公主
6709788, 8.2, 31, 微笑男孩和冰霜巨人
2250142, 8.3, 29, 俄罗斯童话
26270313, 7.3, 58, 荒野丛林
1805009, 8.4, 27, 小鹿斑比
10575575, 9.1, 19, 彩色世界童话全集-第一辑
1446225, 8.0, 34, 宫泽贤治童话精选（上下）
6394268, 7.9, 36, 流萤谷
2020133, 7.9, 35, 被偷去记忆的博物馆
2970638, 8.3, 27, 玻璃间
2991745, 8.5, 24, 德国当代儿童文学经典作品集(第2辑)
24863206, 7.6, 42, 致未来的你――给女孩的十五封信
25913491, 7.1, 63, 奥当女孩
3686824, 7.8, 36, 外教社德语分级注释有声读物系列A1-金发艾克贝尔特
2374445, 8.0, 31, 相信童话
24529222, 7.4, 47, 春天在到来的路上
1059351, 8.9, 19, 格林童话全集（上下）（成人双语版）
4743833, 7.8, 35, 黄瓜国王
1192109, 9.0, 18, 以撒辛格童话
6794112, 8.4, 24, 托莱摩斯的面包房
20429999, 8.0, 30, 猫儿事务所
5505953, 8.1, 28, Fantastic Mr. Fox
2052257, 7.2, 52, 五日谈
2222756, 8.5, 22, 小猫茉莉
2342846, 7.8, 33, 魔法小仙子
1972866, 7.7, 35, 魔法小仙子
1824413, 8.3, 24, 伊尔莎出走了
24089518, 8.3, 24, 仙草姑娘
3193630, 7.9, 30, 故事大王讲故事100篇
26323378, 8.5, 21, 快乐王子
2299002, 8.0, 27, 卡里来和笛木乃
1348377, 8.1, 25, 向_大冒U全集
1019114, 7.6, 34, 绿刺猬
26921701, 8.5, 20, 岛王
1797822, 8.0, 26, 酷蚁安特儿
4733117, 7.6, 33, 走进魔法森林
1439639, 7.7, 30, The Field Guide (The Spiderwick Chronicles
1879639, 7.8, 28, 魔法小仙子-女妖的戒指
2002917, 7.6, 31, 谢德林童话集
11442796, 7.7, 29, 吉祥子
26640819, 8.3, 20, 《异世界童话之旅2：女巫归来》
2325457, 8.4, 19, 怪蜗牛奇遇记
1479597, 8.5, 18, 黄书包
1485622, 7.7, 28, 魔山
1351509, 6.5, 73, 美城堡的禁忌髡f
2336818, 8.3, 19, 小无知的故事（1-4）
26831362, 8.1, 21, 我要是别人就好了
1070869, 7.9, 23, 糊涂大头鬼
24732375, 8.6, 16, 布罗卡街童话故事集（上下）
1882560, 7.8, 24, 白色日本童话-冬季童话
26326504, 7.6, 27, 猫的旅店
1007380, 8.0, 21, 马戏团的动物明星
1914357, 7.9, 22, 小巴掌童话
26945674, 9.0, 13, 狐狸与星
1621610, 8.8, 14, Complete Illustrated Lewis Carroll
26730676, 7.6, 26, 小王子
6990255, 8.3, 17, 成长的烦恼
20556219, 7.6, 25, 李看看的自习课之梦
25853179, 7.7, 23, 亨利・休格的神奇故事
25901258, 7.6, 24, 妖精的小孩
3160487, 7.9, 19, 小猪唏哩呼噜2-唏哩呼噜和他的弟弟
1370518, 8.1, 17, The Annotated Alice
1476974, 8.1, 17, 顾城童话寓言诗选
3102333, 8.2, 16, 小巴掌童话百篇
1832533, 7.5, 23, 花朵的故事
3427835, 7.6, 21, 棒棒老师系列
2138019, 8.2, 15, 德意志童话
4828014, 8.5, 13, 小书房五年精选集 幼儿卷
6523890, 7.7, 19, 夜鹰之星
26834739, 7.6, 20, 遇见信天翁
2285801, 8.0, 16, 乌拉波拉故事集
26897440, 8.1, 15, 妈妈菩萨孩子佛
2295573, 8.4, 13, 捉猫故事集
1266599, 7.3, 23, 让人失去记忆的木马 布娃娃有双活眼睛
3124816, 7.7, 18, 酷蚁安特儿历险记
4212862, 7.8, 17, 欢迎光临魔法池塘
2039946, 7.5, 20, The Princess Bride
1904996, 7.9, 16, 给幸运儿讲的故事
10593646, 8.0, 15, 星辰守护者-爱上奔跑的羊-2
3733119, 7.2, 23, 装在口袋里的爸爸・爸爸变小记
10794270, 8.0, 14, 莫里斯桑_克的格林童
25735053, 8.0, 14, 你也可以成为故事高手
26264190, 7.0, 25, 如今你的世界永远是黑夜
5377231, 7.5, 18, 塔木德胎教童话
11528343, 7.6, 17, 那份温暖永不散去
6903127, 5.5, 123, 令人的恐怖世界童c童{
4837451, 7.7, 16, 绝佳拍档
2159856, 6.8, 27, 陶奇的暑期日记
1081768, 8.2, 12, 儿童睡前故事大全
2063050, 8.2, 12, 雅诺什童话集（全四册）
26612811, 7.6, 16, 极品笨妖怪2-神秘原野
26689226, 8.0, 13, 北风遗忘的手绢
3519772, 7.7, 15, 作为神话的童话/作为童话的神话
10867882, 7.5, 16, 夜莺与玫瑰
3663421, 7.6, 15, 灰国王
6998865, 7.6, 15, 爱沙尼亚童话
6437134, 7.7, 14, 资本圈・大运作
26666135, 7.9, 12, 爱尔兰童话故事
2643542, 7.7, 13, Swedish Folk Tales
3161141, 7.7, 13, 新美南吉童话
26579664, 7.2, 17, 布伦迪巴
2085495, 7.8, 12, 加藤鹰物语
25901230, 7.8, 12, 给孩子们的故事
5379124, 7.7, 12, 镜子与永无岛
1014305, 7.1, 16, 荒诞书
10464298, 7.9, 10, 大大大和小小小历险记
24532750, 7.5, 12, 海盗的女儿（上下册）
6715701, 7.3, 13, Charlie and the Great Glass Elevator
3055217, 7.0, 15, 九亭宫
5936483, 7.2, 13, 童话转个弯
24744916, 7.5, 10, 螃蟹做生意
