2017-01-23 16:17:59
Tag: 策划
The number of books: 228 

ID, rating, votes, title
1889450, 7.8, 2349, 赖声川的创意学
2223180, 8.6, 672, The Copy Book 全球32位顶尖广告文案的写作之道
1083444, 8.1, 888, 文案发烧
1011617, 8.2, 682, 蔚蓝诡计
3853342, 8.2, 553, 广告文案
1193831, 8.2, 469, 创意
3127834, 8.4, 306, 广告文案训练手册
3410871, 8.1, 337, 谋生
25804890, 7.5, 639, 疯传
6843244, 7.7, 493, 广告人手记
25783682, 8.2, 217, 营销的16个关键词
26630833, 8.1, 224, 电商数据化运营
3773007, 7.6, 369, PPT演义
1393426, 8.1, 217, 编辑人的世界
1917628, 7.7, 324, 编辑力
1481803, 8.1, 184, 广告文案写作
1159373, 7.2, 437, 产品经理的第一本书
1053420, 8.4, 119, 广告的艺术
1852664, 7.2, 393, 活动策划完全手册
2047886, 7.3, 326, 叶茂中的营销策划
1481674, 7.7, 204, 世界动画电影大师
1082734, 7.6, 215, 产品经理的第二本书
1753047, 6.9, 483, 时尚：幕后的策动
3233400, 7.9, 148, 如何成为创意人
1781918, 7.8, 155, 广告媒体策划
1950825, 7.7, 143, 《新周刊》口述史
6819534, 7.5, 173, 金牌文案
1488517, 7.2, 238, 叶茂中策划.上卷・做
1084126, 7.3, 199, 思考的利器
26658035, 8.4, 70, 会讲故事，让世界听你的
1946714, 7.5, 142, 游戏关卡设计
5388019, 8.5, 59, 哲学与人生（I+II)
2024626, 7.5, 133, 叶茂中策划想（下卷）
6530484, 7.9, 90, 与众不同
1895758, 8.4, 61, 广告与促销
1261643, 7.4, 141, 一位创意总监的告白
1209080, 6.9, 241, 国际4A广告公司基本操作流程
3733096, 8.1, 66, 正道诡道
4893258, 8.2, 61, 电视节目策划笔记
3083692, 7.5, 102, 做最创意的节目
2058046, 7.5, 100, 谋事在人
1080338, 7.4, 107, 方法
4238915, 8.2, 53, 重整河山
4171044, 6.9, 167, 奢侈品应该这样卖
1451103, 7.3, 107, 找魂
1035195, 7.6, 79, 我是编辑高手
1024461, 8.7, 36, 一百零一个下午
1262928, 7.8, 66, 出版业
1226795, 7.6, 76, 亚太地区最成功的广告策略
1319369, 7.3, 96, 国际4A广告公司媒介策划基础
24533745, 8.2, 46, 游戏之巅
26686952, 7.4, 82, 声浪传播
6082116, 7.9, 54, 不说话就赢的企划术
6080846, 6.9, 126, 企划圣经
3529767, 7.6, 64, 游戏设计基础
1082303, 7.9, 47, 创意就是权力
1379556, 8.3, 36, 立策展人Independent Curators
2350065, 8.6, 30, 领导的轨迹
2015200, 7.0, 98, 策动
3153529, 6.6, 152, 互联网创业前奏曲
3684969, 7.0, 93, 声浪传播
3914542, 7.4, 63, ライカム
2977552, 7.3, 68, 谁的生意被策划照亮
4074678, 7.5, 57, 新闻公关策划实战
3146570, 7.9, 41, 意P本: 概念力
1018654, 8.3, 31, 转身看策划
25917524, 8.1, 35, 创意笔记本4
1528947, 7.2, 69, 策划人时代
6527509, 8.0, 37, 展览实践手册
1431564, 7.3, 61, 谋之刃
1201120, 7.4, 56, 广告枭雄
1820107, 7.5, 51, 出版大冒险
1066407, 7.4, 54, 99分的记者会
26655503, 6.2, 191, 那些让文案绝望的文案
4145697, 8.3, 28, V告X媒w
1083866, 7.8, 38, 快感制造
1429792, 7.4, 51, 超级女声VS超级策划
25839590, 6.9, 77, 人本游戏:游戏让世界更美好
1443439, 6.5, 113, 产品经理实战手册
2023654, 7.7, 36, 品类
1136470, 6.5, 98, 广告策划创意学
25985738, 7.3, 45, 何必珍珠慰寂寥Ⅱ
20392277, 6.8, 70, 改变地产策划人命运的23堂课
1143847, 7.8, 31, 中国版权经理人实务指南
1676855, 7.7, 33, 房地产营销的100个细节
25960852, 7.3, 43, 玩出来的产业
2137851, 7.0, 55, 游戏开发核心技术
1913823, 7.7, 32, 为叫花子做的策划
5262455, 7.4, 39, 叶茂中的吃功夫
1213877, 8.0, 26, 广告游戏
1109017, 7.5, 36, 儿童产品设计攻略
2120282, 7.2, 45, 丙方的观点
1819395, 6.7, 70, 广告策划
3043216, 7.0, 52, 向艺术致敬
25814975, 8.0, 25, 网站说服力――营销型网站策划
3015751, 7.6, 32, 意P本-思考力
2058024, 7.1, 46, 策划旋风
2307469, 7.3, 39, 艺术文化经济学
4261255, 7.2, 42, 你的网站价值百万
1263759, 7.1, 45, 国际4A广告公司媒介计划精要
1924585, 7.6, 30, 广告与整合营销传播原理
1169725, 6.7, 60, 诸葛亮日记
1132027, 7.6, 29, 文案设计30人
26931324, 7.6, 29, 运营笔记
1443790, 7.5, 31, 售书攻略
1443787, 7.9, 24, 图书宣传
1443788, 7.7, 27, 选题策划
2128356, 7.7, 27, 财智论语
3060825, 8.3, 19, 意P本 工作力
1078962, 7.6, 28, 财智时代（王志纲）
10451868, 6.7, 54, 事件营销
6901449, 7.7, 25, 房地产开发营销策划
1263786, 7.1, 38, 成功出版完全指南
2057896, 7.0, 41, 城变
2010053, 6.9, 44, 城市中国
2250298, 7.3, 32, 广告企划
1437416, 7.7, 24, 城市中国
4988236, 7.1, 36, 活动策划全攻略
1684987, 7.1, 35, 名师设计教学创新思维系列
1225045, 6.5, 59, 实战广告案例・全案
3100251, 7.1, 34, 策动II
3925471, 7.1, 34, 畅销书策划88法
1490242, 7.5, 25, 营销策划技能案例训练手册
6526249, 7.9, 19, 为广告插上翅膀
2943820, 7.0, 34, 重新认识定位
1029929, 8.1, 17, 图书出版的艺术与科学
4233460, 6.8, 39, 游戏架构设计与策划基础
1009719, 7.0, 33, 图书营销
3858166, 7.1, 30, 小心广告
3142114, 7.7, 20, 数字游戏策划
2116426, 7.4, 24, 财智时代
25853922, 6.3, 59, 图解营销策划
1430632, 7.5, 22, 期刊经营
1290179, 7.1, 28, 拳打策划脚踢广告
20425524, 7.4, 22, 推手
5415925, 7.3, 23, 肥尾理论
2006365, 6.8, 33, 大盘时代
1209034, 6.3, 52, 麦肯的方法
7015329, 7.5, 20, 影响力（中小企业版）
1443789, 7.4, 21, 图书出版面面观
1096579, 7.3, 22, 广告策划与策划书撰写
3191252, 6.2, 51, 绝对角力
10794967, 7.2, 22, 汽车4S店活动策划全案
1056001, 6.6, 34, 策划学
2991738, 7.1, 23, 谋事在人
1880741, 6.6, 33, 公关经理第一课
2004555, 6.5, 36, 行成于思
24756847, 6.7, 30, 地产策划
1802721, 7.4, 17, 广告策划创意
2307760, 7.2, 19, 电视节目策划与编导
24858412, 5.3, 140, 破晓
1309391, 7.6, 15, 谁比谁傻
4018957, 7.3, 17, 活动创造价值
1132624, 7.5, 15, 商业计划书写作指南
1968170, 6.7, 25, 电视人侃策划另类思维做节目
1968225, 6.5, 29, 实用图书策划学
1443349, 6.3, 34, 策划人
1799159, 6.4, 31, 刚左营销
2281087, 7.1, 18, 营销策划
1019164, 7.4, 15, 哈佛经理手册（上、下）
1271048, 7.0, 19, 商业策划与新闻炒作
6726105, 6.8, 21, 全球金牌电视节目解析
1881173, 5.9, 47, 电视节目策划学
1197523, 7.2, 16, 非常新闻策划大道
3864466, 7.4, 14, 电视策划与写作十讲
1802711, 7.0, 17, 活动项目营销
1443158, 6.5, 24, 策划学
25953841, 6.5, 24, 从心策划――驱动用户消费的电商营销新视角、
26803984, 6.6, 22, 创世学说
25880732, 7.3, 14, 好会议是策划出来的
1291915, 6.1, 33, 广告媒体策划
1943825, 6.1, 33, 广告策划与创意
1141099, 6.3, 27, 广告策划与创意
1161492, 7.0, 16, 策划
3026355, 6.9, 17, 一度战略
1968166, 7.2, 14, 从电视叙事看电视节目的策划-讲好故事与讲好故事
26737700, 6.7, 19, 一页纸企划书
3802448, 6.3, 25, 国际4A广告公司品牌策划方法
2329372, 6.7, 18, 策划传媒
10432173, 7.5, 11, 胶带营销
3658011, 7.3, 12, 策划学精要
1725586, 6.8, 16, 会展策划
2184424, 6.8, 16, 旅游策划
1481968, 7.0, 14, 价值过亿
2282752, 7.0, 14, 实战广告案例（第3辑）
1097512, 7.1, 13, 投资项目可行性研究指南
1510468, 7.1, 13, 广告与品牌策划
3061159, 7.1, 13, 不懂策划怎能成功
1060535, 7.6, 10, 营销管理分析、计划、执行与控制（第九版）
3643196, 6.9, 14, 媒体创意与策划
6049827, 6.9, 14, 营销策划文案写作指要
26346433, 6.9, 14, 实用文案与活动策划撰写技巧及实例全书
1934211, 7.3, 11, 游戏设计概论
1062953, 7.1, 12, 王志纲策划文库-策划旋风
3265307, 6.0, 26, 策划照我去战斗
6811696, 6.9, 13, 购物者营销
3299913, 7.4, 10, 营销企划手册
10831313, 6.4, 18, 移动营销的魔力
6722582, 7.2, 11, 广告行销策划关键词
3373597, 6.3, 19, 网络广告媒体策略与效果评估
1832800, 6.6, 15, 商业地产策划与投资运营
24816689, 6.6, 15, 活动策划实战全攻略
1084128, 5.9, 26, 顶尖策划4
1066103, 7.3, 10, 行成于思--王志刚中国走势思考录
4060618, 7.3, 10, 实战广告案例（第四辑）
4827256, 7.1, 11, 商业胜经
6893385, 6.8, 13, 房地产开发前期策划
2983375, 6.7, 13, 情感营销
3103011, 6.7, 13, 新闻报道策划
1314978, 6.8, 12, 如何成为广告策划高手
1105393, 7.1, 10, 耐克营销
2974603, 6.9, 11, 银行卡业务营销技巧
6527197, 6.6, 13, 网站策划师成长之路
6863806, 5.6, 28, 设计要怎么策划
1951682, 6.8, 11, 媒体策划与营销
3210269, 6.8, 11, 营销策划创意与案例解读
6866729, 5.2, 44, 设计趋势之上
1011852, 6.9, 10, 销售经理工具书
1315027, 6.9, 10, 策划总监
2123969, 6.9, 10, 广告策划实务与文案撰写
5924938, 6.9, 10, 图解营销策划案
1672646, 5.9, 19, 房地产广告策划与创作
1316033, 6.8, 10, 品牌策划
10523999, 6.6, 11, 字里行间的商业秘密
5387738, 6.7, 10, 策划案撰写实战全书
2329553, 6.6, 10, 电视策划教程
1082617, 5.3, 24, 炒作？没事找事的事件营销
1970426, 6.2, 11, 顶尖策划5
