2017-01-23 16:17:59
Tag: 纪实
The number of books: 944 

ID, rating, votes, title
20427187, 8.8, 108759, 看见
5414391, 9.0, 28890, 寻路中国
7060185, 9.0, 21135, 江城
3239549, 9.1, 11411, 夹边沟记事
10522856, 9.0, 7156, 冬牧场
5252677, 8.1, 15693, 幸福了吗?
3266345, 8.1, 12348, 三杯茶
25884880, 8.9, 3740, 我不知道该说什么，关于死亡还是爱情
26371317, 8.2, 8022, 24个比利
7064313, 7.8, 13468, 突然就走到了西藏
2791877, 9.1, 1981, One Billion Customers
1270508, 8.7, 3193, 失焦
2245468, 9.2, 1739, 南京浩劫
26291984, 8.8, 2654, 最后的耍猴人
26704403, 9.0, 1901, 二手时间
20453024, 8.6, 2938, 不要因为走得太远而忘记为什么出发
3759806, 8.4, 3192, 西藏一年
3178741, 9.2, 1200, 来自民间的叛逆
20503529, 9.2, 1186, 古拉格：一部历史
10588835, 8.8, 1653, 别处生活
1125731, 8.8, 1650, 第三帝国的兴亡（上中下）
25822105, 8.4, 2721, 无缘社会
4245064, 8.5, 2356, 冷血
3824491, 9.0, 1271, 父亲的战场
21329239, 8.8, 1584, 巴黎烧了吗?
3032690, 9.3, 901, 被人遗忘的人：中国精神病人生存状况
25845647, 8.7, 1730, 天空的另一半
3206270, 8.9, 1205, 拥抱战败
21458706, 8.4, 2165, 出梁庄记
3995799, 7.8, 4922, 蚁族
10808988, 9.1, 890, 重返狼群
3623831, 8.1, 2936, 温故一九四二
25778837, 8.3, 2204, 时差党
1541322, 9.3, 710, 黑镜头 9、10
1506961, 8.4, 1881, 西行漫记
1805764, 8.6, 1421, 宫女谈往录
6265779, 8.3, 2042, 地下
5362836, 8.6, 1294, 我的抗战
5350804, 8.0, 2659, 中国在梁庄
10512506, 7.8, 3575, 世界上的另一个你
4231394, 8.0, 2604, 中国足球内幕
1042157, 9.0, 757, 黑镜头（1、2册）
5502440, 8.3, 1608, 南渡北归（第二部）
1083692, 8.9, 790, 中国人本
26602467, 9.0, 707, 我是女兵
2363998, 8.4, 1347, 雨啊
2353663, 9.3, 501, 四季
1001682, 8.4, 1279, 我钻进了金字塔
3024802, 9.3, 485, 在路上――中国的天主教
1291987, 9.2, 529, 俺爹俺娘
5400595, 7.8, 2771, 中国，少了一味药
21617690, 8.4, 1233, 再会，老北京
25913058, 7.9, 2380, 我爱这哭不出来的浪漫
1050407, 8.5, 1091, 我从战场归来
26666533, 9.2, 499, 梵高手稿
6724865, 8.7, 815, 坚不可摧
26425892, 8.5, 995, 我的凉山兄弟
21370840, 7.6, 3361, 打工女孩
3063889, 8.8, 696, 进入空气稀薄地带
26587564, 8.3, 1201, 我已与一万亿株白桦相逢
1958741, 7.8, 2322, 追逐日光
5980471, 8.4, 1016, 生命如歌
3320694, 8.9, 590, 巨塔杀机
1000180, 8.9, 543, 世界摄影大师?布列松
1401851, 8.0, 1497, 我的诺曼底
1201259, 8.7, 649, 最长的一天
26341546, 8.9, 517, 大灭绝时代
1019743, 8.2, 1077, 重返巴格达
1082798, 9.0, 456, 美国新闻摄影教程
25940556, 8.3, 944, 锌皮娃娃兵
25833450, 7.6, 2389, 奇石
6840152, 8.0, 1313, 甘南纪事
1057408, 9.1, 389, 黑镜头(3-4)
1899764, 8.4, 747, 长征
25870998, 8.3, 824, 西部招妻
6556296, 8.3, 798, 亚洲教父
26591790, 8.6, 572, 我还是想你，妈妈
1005929, 8.4, 703, 变化
2980475, 8.4, 694, 长路漫漫
1394395, 7.6, 1908, 歌舞伎町案内人
26712353, 8.7, 497, 血疫
25900687, 8.6, 539, 夜
4822610, 7.6, 1779, 暗访十年
1069507, 9.1, 323, 战争风云：1939－1941（上下）
26274949, 8.3, 702, 昨天的中国
3043520, 8.6, 498, 不哭
1075764, 7.9, 1111, 我在美国当农民
20386243, 9.1, 310, 复眼的影像
3003189, 8.5, 519, 博尔赫斯谈话录
24839756, 8.1, 810, 死亡如此多情
1322852, 8.8, 383, 孤筏重洋
3924388, 8.1, 802, 解放战争（上）（1945年8月―1948年9月）
1012114, 8.0, 889, 远东 朝鲜战争
26390426, 8.3, 623, 比利战争
1444504, 8.3, 615, 四面墙
26673941, 8.2, 680, 正午故事001
6968193, 8.7, 397, 我的抗战2
1003322, 9.2, 253, 黑镜头
25731990, 8.3, 578, 我是落花生的女儿
4821769, 8.6, 417, 死者在说话
25768151, 7.7, 1182, 为奴十二年
1327414, 8.5, 447, 唐山大地震
26209381, 8.7, 365, 我见：马克・吕布纪实经典
1015600, 8.8, 332, 感谢你
11442895, 8.5, 443, 永不抵达的列车
4320555, 8.6, 396, 别对我撒谎
1088917, 9.0, 271, 黑镜头(5-6)
20424572, 8.6, 390, 敢问路在何方
1445011, 8.6, 387, 看不见的人 + 看不见的城市
1006732, 9.0, 267, 战争与回忆：1941－1945（上下）
3699210, 8.0, 734, 蛛丝马迹
1292443, 8.5, 422, 离上帝最近
26109489, 8.3, 519, 我是马拉拉
1916614, 7.8, 901, 我，十三岁，妓女，吸毒者……
10600121, 8.2, 551, 在约定的场所
6827684, 7.6, 1155, 利比亚战地日记
2980452, 7.7, 1001, 上帝的指纹（上下）
20499536, 7.8, 873, 时代的稻草人
1227816, 7.8, 859, 纪实摄影
1077427, 8.6, 354, 狮城舌战
26681349, 8.6, 353, 视觉004
11637051, 8.1, 593, 平壤水族馆
6065757, 7.2, 2013, FBI心理分析术
23134220, 8.2, 513, 上课记2
5253517, 8.1, 573, 大逃港
1288895, 9.0, 233, 在乌苏里的莽林中
24856612, 8.2, 488, 十四年猎诡人
2072469, 8.0, 610, 死亡回忆
25756932, 7.5, 1152, 两个故宫的离合
25900802, 7.6, 981, 我在底层的生活
26578141, 8.5, 349, 医生的精进
3887878, 8.9, 242, 缅北监狱
26791257, 8.6, 314, 没眼人
1019945, 8.2, 465, 拉贝日记
11445372, 8.3, 416, 是非洲
4102053, 8.2, 461, 解放战争（下）（1948.10-1950.5）
3364823, 7.8, 732, 是名画总会被偷的
26052898, 7.7, 827, 我从新疆来
26353607, 8.6, 306, 为你，耶路撒冷（上下册）
25936051, 8.6, 304, 我的一生
1265824, 9.2, 182, 黑镜头（7-8）
1530882, 9.0, 213, 恶魔的饱食
5290283, 7.6, 925, 最寒冷的冬天
5296918, 8.4, 366, 三杯茶2
1048771, 8.4, 365, 长征
3182220, 7.8, 701, 法医鉴证实录
1958738, 9.1, 192, 亨利 卡蒂埃 布勒松摄影作品
2228784, 8.2, 435, 火车上的中国人
6714848, 8.6, 290, 十四家
5283569, 8.4, 349, 台湾
26737134, 8.0, 532, 就要一场绚丽突围
1428482, 8.6, 286, 心理神探
26586579, 8.9, 219, 敦煌
26584746, 9.0, 201, 天谴行动
25951868, 8.6, 282, 茶之路
3543610, 8.5, 297, 往事不寂寞
2975973, 7.6, 806, 我的老千生涯
3081123, 9.2, 162, China
25880420, 7.9, 540, 少林很忙
4151203, 8.5, 286, 莫妮卡的芒果雨
25952582, 8.0, 473, 我爱・我家
1073404, 8.9, 198, 长河孤旅
6085417, 8.4, 308, 遗产
25731355, 8.1, 418, 都市速写簿
25858898, 7.7, 656, 益往直前
1023188, 8.2, 371, 风雪定陵
1077132, 8.7, 230, 黑镜头?时间中国
4038653, 8.4, 302, 逃离奥斯维辛
7916383, 7.9, 510, 中国留守儿童日记
1042969, 8.7, 227, 面孔的故事
1119635, 8.5, 270, 大国之魂
1028008, 8.2, 361, 一个伪知识分子的警察生涯
25871639, 8.1, 395, 广岛
5477166, 7.5, 808, 京城十案
1272779, 8.4, 289, 可卡因传奇
1038702, 8.0, 432, 贼巢
5026845, 8.7, 217, 我不会死在这里
26711101, 8.2, 341, “边缘人”纪事
25660877, 8.4, 278, 场记
1024591, 8.6, 230, 民间，民间
25758414, 8.3, 304, 苏联的最后一天
25831406, 8.3, 298, 陌生的中国人
5299885, 7.3, 972, 遗物整理人看见的
1264442, 8.2, 325, 内战结束的前夜
26349048, 7.4, 825, 鱼羊野史・第3卷
4817889, 8.3, 291, 拉丁美洲革命现场
25770575, 8.7, 201, 宁静的地平线
6105339, 7.6, 627, 煤老板自述三十年
3752476, 7.9, 438, 警察手记
3092928, 8.2, 316, 逼近的瘟疫
10577556, 7.9, 435, 中东现场
6444274, 7.4, 791, 太平轮一九四九
1004617, 8.7, 195, 第一现场
1317859, 8.7, 195, 中国知青梦
5328239, 8.3, 278, 唉，我的沧桑50年（1959至今）
2365403, 8.7, 193, 生而自由
2303846, 9.2, 130, Magnum Magnum
2228788, 8.1, 333, 上海人
4738654, 9.2, 128, 红太阳
1016627, 8.6, 206, 另类人生
26786719, 8.7, 188, 以色列：一个国家的诞生
2040853, 7.8, 455, 紫禁城的黄昏
5038624, 8.7, 187, 麦客
3035211, 8.0, 363, 日本帝国的衰亡（上下册）
1149618, 8.5, 221, 揭开真相
6124314, 7.9, 402, 皇帝
6892599, 7.5, 644, 赌球记
1049165, 8.5, 218, 留美幼童
6727722, 7.9, 391, 进城走了十八年
1440066, 8.7, 179, 上海人1990-2000
1472102, 8.1, 309, 出三峡记
25960996, 8.1, 309, 中国十亿城民
4861203, 8.1, 308, 粮民
1436902, 9.3, 112, Henri Cartier-Bresson: The Man
5291316, 9.0, 138, 异域1945
25846976, 8.5, 205, 跑步在最绝望的城市
1062525, 8.6, 186, 黑镜头?空间中国
2058587, 8.7, 170, 遥远的桥
26853060, 9.3, 108, 我心深处
1468858, 8.3, 242, 预约死亡
3887772, 7.8, 405, 真话
1491848, 8.4, 219, 唐山警世录
3000983, 7.6, 508, 生命之痛
26427189, 8.7, 168, 抗日战争
1060831, 7.8, 401, 前沿故事
4245541, 8.2, 261, 残影
25929823, 8.5, 196, 活着?见证
5353256, 8.4, 214, 世界上最糟糕的旅行
26434974, 7.5, 562, 行云纪
1262836, 8.1, 284, 我最宝贵的
1448684, 8.0, 313, 蓝血十杰
25719659, 9.3, 104, 忧伤的驯鹿国
2044286, 7.9, 346, 中国的新革命
1010356, 8.2, 254, 流浪金三角
25827006, 8.7, 162, 大地清凉
25788818, 8.1, 279, 免费午餐
3219109, 9.1, 118, 中国震撼世界
25761548, 8.5, 190, 被遗忘的动物们
1009840, 8.6, 174, 老照片（第一辑）
4912682, 8.6, 174, 阿瑟?米勒手记
1067666, 8.1, 270, 蓝衣社碎片
6527856, 8.1, 270, 总有你陪伴
20278566, 7.4, 596, 艰难一日
2005485, 7.8, 365, 我是法医
10441335, 8.0, 294, 这不是旅行
3320908, 7.8, 363, 我不是杀人犯
1417781, 8.3, 218, 一个时代的侧影
25755752, 8.4, 196, 监狱琐记
1016454, 8.0, 287, 东史郎日记
1769086, 9.3, 96, Workers
26801537, 8.7, 149, 山中最后一季
3908779, 8.9, 127, 陕北盲说书人
1111397, 8.0, 280, 独生子女宣言
3703535, 8.7, 148, 拒绝遗忘
20271719, 8.6, 160, 马克・吕布 东方印象
24847834, 8.8, 136, 黄河边的中国
1968756, 7.6, 428, 南非之南
26586326, 8.9, 123, 来自纳粹地狱的报告
1040518, 8.3, 202, 我有这样一个母亲
20257127, 8.2, 220, 从小李到老李
2970231, 8.3, 197, 黑夜给了我黑色的眼睛
1901506, 7.8, 323, 一个人的远行
25851264, 9.0, 111, 从文自传
4022831, 8.1, 232, 小岗村的故事
3480522, 7.7, 349, MEMOIRS OF GEISHA FILM艺妓回忆录
5440145, 8.3, 189, 铁在烧
4312477, 8.8, 124, 天地九重
4286212, 8.5, 156, 目击者
25929815, 7.6, 378, 中国人的一天
24295881, 8.8, 122, 汶川地震168小时
2155453, 7.6, 376, 唐师曾
1322279, 8.3, 183, 亲历可可西里10年：志愿者讲述
1907091, 8.0, 238, 苏州河
23134218, 7.1, 694, 工厂女孩
1432544, 8.5, 149, 我的菩提树
1026033, 8.8, 117, 斯大林格勒  第三帝国
1709524, 7.3, 518, 绝对隐私
1790130, 7.7, 320, 她们
1038698, 7.5, 401, 我第三个愿望
5916835, 8.9, 108, 爱在泉城
25811763, 7.1, 656, 崔永元：我有一事，生死与之（中国故事）
3932526, 8.7, 123, 乖狮克里斯蒂安
1982746, 8.5, 144, 西北偏北男人带刀
1506809, 8.9, 105, 漂泊
5291318, 8.7, 122, “穷“归故里
1740578, 8.5, 143, 阮义忠
1073656, 8.6, 131, 经历：我的1957年
26884467, 8.7, 120, 我甚至希望旅途永无止境
25764376, 8.1, 200, 父亲到死，一步三回头
5320300, 7.4, 421, 兄弟我在义乌的发财史
1024049, 8.4, 151, 身体的故事
26315071, 8.7, 117, 不要因为走得太远而忘记为什么出发――陈虻，我们听你讲 收藏版
20453794, 7.4, 411, 人体交易
6749875, 8.4, 148, 远乡
24873049, 8.4, 148, 中国梦：刘香成摄影三十年（平装版）
26431643, 8.4, 148, 吉卜力的风
1437525, 8.5, 135, Liu Zheng
1963579, 8.1, 191, 柏林日记
1488198, 9.0, 92, Robert Capa
3633544, 8.5, 134, 宦海沉浮（上、下）
4714008, 8.4, 145, 山中最后一季
26140658, 8.2, 171, 人造恐慌
26790004, 7.7, 280, 正午故事002
10570230, 8.0, 205, 十岁我离婚
4233382, 8.7, 112, 心灵的慰籍
4111974, 7.8, 243, 黑帮老大的一天
2306166, 8.8, 100, 飞去的候鸟
4276077, 8.5, 125, 调查背后
25960997, 8.6, 115, 远山在呼唤
26335757, 8.9, 92, 最后的熊猫
1083919, 8.5, 124, 黑镜头：中国的故事――包围城市
25772581, 8.5, 124, 寂静的烽塔
3108939, 8.5, 123, 触及巅峰
1683676, 8.4, 133, 中国远征军
20390907, 9.1, 79, 自由与荣耀
1318267, 8.8, 97, 熊猫虎子
10761718, 8.2, 157, 苏北利亚
1419710, 8.7, 104, 亚洲腹地探险八年
1253285, 8.3, 143, 第四级病毒
1313160, 7.7, 251, 美国草根政治日记
25956246, 8.2, 153, 与绝望抗争
26278916, 9.1, 77, 与狼同行：狼的隐秘生活
1051012, 8.9, 87, 世界摄影大师萨尔加多――与苦难者呼吸同一口空气的人
1606642, 9.0, 81, 聚焦生存
1836842, 8.6, 108, 上海人家
6716691, 7.3, 383, 西南联大的爱情往事
1064604, 7.9, 196, 纪实摄影
1843041, 8.4, 125, 走过青春
3103742, 8.4, 125, 我知道的老兵故事
2271500, 8.6, 106, 真相
2046995, 7.4, 330, 17q 1
20412099, 8.0, 174, 书店时光
2343045, 8.3, 133, 诺曼底登陆
10433224, 8.3, 133, Wild
1199500, 8.7, 97, 时光
3321575, 7.5, 290, 谁在收藏中国
4190262, 8.2, 143, 光荣道路
1071094, 7.4, 321, 解密凤凰
5383057, 7.5, 282, 人人身上都是一个时代
1315354, 8.8, 88, 破碎的梦想
1499853, 8.8, 87, Robert Frank:Storylines
1970660, 8.1, 151, 美国世纪大审判
5325649, 8.8, 86, 一站一坐一生
25902031, 8.2, 136, 她们知道我来过
1047109, 8.6, 97, 老照片（第2辑）
1356890, 9.4, 57, The Great LIFE Photographers
24858349, 9.4, 57, 珍藏麦柯里
26315805, 9.1, 68, 凶年
25725493, 9.3, 60, 生活中的影像
1978311, 7.5, 261, 喀布尔书商
1013991, 8.3, 121, 伦敦的日子-一个中国摄影家的经历
25903009, 9.0, 72, 光辉岁月
1291600, 8.4, 110, 你是我惟一的宝贝
1012050, 7.8, 187, 两个人的长征
3717319, 7.5, 255, 318国道
1843305, 8.2, 129, 最后一役
1037101, 7.4, 284, 谁杀了古典音乐
26253743, 7.8, 185, 南下打工记
3268044, 9.2, 62, 我
5275411, 8.0, 152, 蛾摩拉
5340617, 8.2, 127, 空港手记
1768861, 7.3, 310, 漫长的战斗
3683207, 7.6, 221, 一个小女人的常春藤之旅
6722176, 7.8, 179, 我的那些同志孩儿
1060000, 8.4, 105, 精神的雕像
25937456, 7.3, 302, 我的九十九次死亡
2280737, 8.5, 96, 边地行走
10564901, 8.8, 77, 传奇卡帕
25662369, 7.5, 237, 朱g基
2228786, 8.0, 143, 消逝的老街
1449651, 8.9, 71, 从贝鲁特到耶路撒冷
4214237, 7.6, 208, 独自在13亿人中
5275275, 8.2, 117, 生命的余味
1037785, 7.8, 164, 世界的眼睛
2280732, 8.5, 90, 与1000人对话
26154156, 9.4, 50, Vivian Maier
26540600, 8.5, 89, 175封遗书
1854620, 8.4, 95, 美军战地记者伊拉克战争亲历记
1977840, 7.7, 175, 房间里最精明的人
5397693, 8.2, 111, 我，只偷上流社会
3004271, 9.0, 62, 西藏生灵
4090843, 8.3, 102, 我们的广州
26701708, 8.6, 81, 幸运男孩
26694664, 8.2, 110, 遗失在西方的中国史
1037523, 7.8, 156, 广岛札记
1256265, 7.9, 142, 天黑了
6850879, 7.9, 142, 结婚吗
26617241, 7.5, 210, 渡过
2296562, 7.5, 207, 天空线下
1071506, 8.6, 79, 曾侯乙墓
26183950, 8.2, 107, 子弟
3521858, 7.4, 229, 传销洗脑实录
1321915, 8.2, 106, 中国的故事・最后的
26341543, 8.2, 105, 汤姆斯河
11511203, 8.8, 67, 驭风少年
3337483, 8.0, 123, 芙蓉国（上下）
4615319, 8.9, 62, 季羡林随想录
6731940, 7.8, 145, 恒向线
24522311, 7.6, 176, 我在美军航母上的8年
5939482, 7.9, 132, 寻找索马里海盗
4016649, 8.5, 81, 安哥：结图纪事
6087956, 8.2, 102, 如果能长大该多好
1028717, 8.3, 94, 1948・长春
1020762, 8.7, 70, 杜瓦诺：来自巴黎的“平民”摄影家
4016660, 7.6, 175, 美国杀戮
2280734, 8.5, 79, 偶然
1449978, 7.7, 154, 神探李昌钰
1005912, 8.2, 98, 哭泣的阿富汗
1507469, 7.7, 152, 我认识的鬼子兵
26587270, 7.5, 185, 无夜边境
1441058, 8.0, 115, 重返“3・19”枪击现场
24851265, 8.4, 83, 朝r
1676672, 8.5, 77, 1942
4016668, 8.5, 77, 家国细节
26813986, 8.0, 112, 如果可以这样做农民
4243170, 8.0, 111, 我是医生不是人
1080567, 8.7, 65, 犯罪升级
4838098, 8.0, 110, 白城恶魔
6525712, 8.1, 101, 我的朝鲜战争
1948788, 8.2, 93, 摇滚梦寻
5446436, 8.7, 64, 禁地青春
4086256, 8.2, 92, 新中国生活图史
1779257, 7.1, 268, 苏联祭
1440078, 9.0, 52, Marc Riboud in China
25860993, 8.1, 97, 十四年猎诡人2
1025647, 8.5, 71, 老照片(第三辑)
6785583, 7.9, 114, 地下室里的萨德
26705810, 7.3, 206, 中国通史
1426939, 7.1, 259, 病夫治国
4915947, 8.9, 54, 残园惊梦
3768950, 7.6, 149, 美丽男孩
1437411, 7.8, 123, 焚心之恋
26692643, 7.8, 123, 与废墟为伴
26577466, 6.9, 329, 崖边报告
2335783, 7.2, 227, 中国农民工调查
26270320, 7.6, 148, 穷忙
1187491, 7.7, 134, 迷失的天才
24530565, 8.6, 65, 东京罪恶
24882929, 8.6, 65, 颤抖的镜头：卡帕传
1796547, 6.6, 497, 忏悔无门
24882996, 8.1, 94, 世界的眼睛（修订版）
25716134, 7.6, 146, 印度，漂浮的次大陆
4016664, 8.5, 69, 烟火人间
25804571, 8.5, 69, 儿子，你要活下去
2228785, 7.7, 132, 寻常
1399028, 8.2, 86, 绝世金莲
20516544, 7.3, 196, 说吧.韩寒
4267096, 8.0, 100, 和老爸在一起的日子
26588890, 8.0, 100, 中国人的一天：变与不变的中国人
1044598, 8.1, 92, 中国知青终结
26655694, 9.5, 37, 如履薄冰
4255543, 7.6, 142, 旅行箱的故事
26577842, 8.6, 63, 抗日战争
1513052, 8.3, 78, 黎朗
1146381, 8.8, 55, 魔窟：日本细菌部队的可怕真相
4926234, 8.8, 55, 冰雪世界的远征
20390969, 8.4, 72, 大西洋帝国
1157232, 8.3, 77, 侯登科
24745232, 8.2, 83, 再见巴别塔
6560480, 7.5, 154, 喀布尔女孩
4606534, 8.6, 62, 失忆与记忆
1769992, 7.5, 153, 希特勒时代的孩子们
1029747, 8.4, 71, 中国农民肖像：九亿人民的故事
25928076, 8.2, 82, 当法医遇上警察
10538451, 8.0, 96, 战火之外
3662441, 8.4, 70, 被天堂遗忘的孩子
20412232, 8.0, 95, 1942饥饿中国
22155886, 9.2, 42, Vivian Maier
25921319, 8.8, 53, 冰点?特稿2012～2013
25779397, 7.4, 164, 现场
2043893, 7.6, 134, 不该被遗忘的人们
3909892, 7.3, 181, 我的母亲是纳粹
1044208, 8.4, 68, 你好，孩子：爱与被爱的故事
2130593, 9.0, 46, 珠峰幽魂
20268131, 8.3, 73, 国家
26272287, 8.0, 92, 龙永图 白岩松：中国，再启动
6516551, 8.2, 78, 日本核辐射死亡事件
21458732, 7.8, 108, 活在民国也不错
1881701, 7.7, 118, 生活在约旦河西岸
2134340, 8.6, 58, 法医生涯四十年
25829252, 8.5, 62, 最残酷的夏天
4747416, 9.0, 45, 永不放弃希望
1262214, 7.2, 193, 妇女闲聊录
2121552, 9.4, 36, Inferno
1913303, 8.8, 50, 寻找英雄
1027927, 9.0, 44, 卡什
3651090, 7.9, 95, 最后一百天
1210280, 8.4, 64, 刘铮
25717603, 8.7, 52, 广州火车站的日与夜
26902280, 9.5, 33, 田野调查.被遗忘的村落
6721187, 8.5, 59, 他们为什么要摄影
2343043, 7.7, 110, 保卫斯大林格勒
5415880, 7.7, 109, 住院医生夜未眠
26593066, 8.2, 72, 抗日战争
1063612, 7.5, 131, 战时日记
25798973, 7.8, 99, 触：台湾娘子上凉山
10566148, 7.3, 159, 被偷走的人生
1774187, 7.6, 118, 失语者的呼声
1160790, 8.1, 77, 浮世万象
4309710, 8.1, 77, FIFA黑幕
26415199, 9.8, 28, 吕楠经典三部曲（套装共3册）
26200416, 7.4, 143, 你是尘埃也是光
1006780, 7.9, 90, 留学美国：一个时代的故事
1143687, 8.2, 71, 说点您不知道的
26282478, 8.2, 71, 路遥传
2367967, 8.1, 76, 生而有罪――纳粹子女访谈录
2017994, 7.7, 104, 战地记者
1966756, 9.6, 30, Josef Koudelka
3029810, 7.3, 152, 大小眼看美国
3767361, 8.1, 74, 夺标：职场五年实录
2326991, 8.6, 52, The Principles of Uncertainty
1039599, 8.4, 59, 望乡
3217852, 7.9, 86, Seven Days in the Art World
26686539, 8.7, 48, 走的人多了，就有了路
2343046, 7.7, 101, 攻克柏林
3852698, 7.8, 92, 廉政公署全传
1762854, 8.0, 78, 格蕾丝
26862163, 8.3, 62, 她他
23081005, 7.6, 109, 午夜北平
6120006, 7.5, 119, 十年飕飕
26877449, 7.7, 99, 正午3：到海底去
1908580, 7.8, 90, 东京审判
3193489, 7.3, 143, 越南女兵档案
1486048, 9.0, 39, Love on the Left Bank
1795058, 7.2, 157, 蒋家门外的孩子
4934273, 8.4, 56, 野狗之丘
1863548, 8.3, 60, 乡痛
1055312, 8.6, 49, 轰然作响的记忆
4885129, 8.1, 69, 残影2
26263824, 9.6, 28, 南京大屠杀全纪实
2301586, 9.1, 36, 食人魔窟．日本关东军细菌战部队的恐怖内幕
1083010, 8.3, 59, 镜头里的社会（上下）
4263571, 7.6, 103, 谁在拍卖中国
26107426, 7.6, 103, 孤单的人总会相逢
24696649, 8.1, 68, 表态
22601822, 7.7, 94, 冷峻的良心
26417295, 7.3, 137, 我父亲是恐怖分子
1005217, 8.5, 51, 老照片（第4辑）
1429999, 7.6, 102, 影子武士
25783026, 7.6, 102, 南城根
1664618, 9.5, 29, 心灵实录/冯骥才分类文集
25850738, 7.7, 93, 监狱里的图书馆
25829399, 8.4, 54, 何处还乡
3794237, 8.9, 39, 问道武当
3270996, 8.3, 56, 西方文明史
1115554, 9.0, 36, 盗猎揭秘
1151885, 9.0, 36, 老照片(第5辑)
26869816, 8.9, 38, 上海屋里厢（中英双语）
26294167, 8.3, 55, 敬鄣念I袖
1076906, 8.2, 59, 猎奇之旅
1442281, 8.1, 63, 满城汉墓
19977771, 8.7, 42, 回来的路
1179160, 7.9, 73, 24天
2228791, 7.4, 112, 茶铺
26435649, 8.5, 47, 南方
25423184, 8.3, 53, 废柴家族
1065659, 7.9, 71, 胡风集团冤案始末
2341735, 8.5, 46, 我住在这里
1033569, 8.2, 56, 直言：李锐六十年的忧与思
4834136, 8.6, 43, 潜伏归来
1752608, 8.9, 36, 太阳号草船远征记
26838122, 9.7, 24, 痞子英雄
1066017, 7.7, 80, 相逢陌生人：当代中国人情感口述实录?采访手记
6383583, 7.9, 68, 钟摆上的怒江
1011067, 8.8, 37, 魏特琳日记
26636418, 8.8, 37, 艾略特・厄威特：快照集
1065571, 7.5, 94, 在宋美龄身边的日子
1219266, 8.3, 50, 命若悬丝
25862563, 8.6, 41, 死亡之手
26897747, 8.6, 41, 黑旗
2343978, 6.3, 386, 离开中国制造的一年
1072661, 7.0, 152, 我在美国当警察
1775705, 8.5, 43, Mr. China
1532385, 8.7, 38, 大迁徙
1425517, 8.3, 48, 血痛
5923912, 7.7, 75, 维基大战前传I
6968214, 7.7, 75, 机密档
10566933, 8.6, 39, 庄学本相册
1327515, 8.1, 54, 美国梦寻
2344672, 8.4, 44, Lone Survivor
1512278, 8.2, 50, 陆元敏
3176164, 7.8, 67, 1956，潘光旦调查行脚
3651532, 7.8, 67, 美国内战
5446265, 7.5, 86, 跟着美军上战场
20384923, 8.8, 34, 边缘地带的文化
6387163, 6.6, 225, 迷失日本
25748375, 7.9, 61, 喀布尔的星空
1077729, 8.5, 40, 上帝，你挨过饿吗？
6557329, 7.2, 110, 蒙淘克工程
1936788, 7.8, 64, 20世纪最后的浪漫──北京自由艺术家生活实录
2139589, 6.7, 190, 犯罪一线
26779193, 7.3, 98, 我所理解的世界
25905872, 9.1, 28, 无法触碰的爱
24541895, 7.0, 132, 中伦的秘密
1466084, 7.0, 130, 艾滋女生日记
10786475, 8.2, 46, 狮语者
25871899, 8.2, 46, 狂欢至死
11636069, 7.7, 66, 安拉.别为我哭泣
3726730, 7.3, 93, 酒吧之花
26430949, 7.1, 112, 熊砹
2372674, 7.8, 60, 中国的惊雷
3155745, 8.6, 35, 住院医生日记2
1535060, 8.1, 48, 文化冷战与中央情报局
3248452, 8.3, 42, 京剧守望者
25812943, 8.7, 33, 从布朗克斯到百老汇
25856219, 7.9, 55, 嘉烈c大l的最初
2058236, 8.8, 31, Marc Riboud
1001844, 7.6, 69, 迟到的故事
26449650, 8.2, 44, 碛衅名字的女孩
1449327, 7.9, 54, The Good Women of China
25853912, 8.3, 41, 天使飞行
26333266, 7.6, 68, 与荒原同行
1220617, 8.0, 50, 为历史流泪
6065807, 8.0, 50, 3096天
3253744, 7.0, 119, 大萧条时代
26596897, 7.8, 57, 生如逆旅
1057126, 9.0, 27, 旧时宣武门前燕
26840483, 8.1, 45, Hillbilly Elegy
1666808, 8.4, 37, 世界纪实摄影十杰
3761503, 8.4, 37, 国民党：1937
25709037, 8.4, 37, 反恐暗战4：菲律宾恐怖分子
1397976, 8.8, 29, 巴蜀旧影
22224910, 9.0, 26, 凯丽的心声
1400547, 8.0, 47, 我的特务生涯
2128362, 8.2, 41, 那些小人物
1291514, 8.4, 36, 生活在邓小平时代
25939444, 8.3, 38, 海岸线
1162560, 8.0, 46, 东北解放战争纪实
24532624, 8.0, 46, 点燃理想的日子
25733711, 8.0, 46, 我与HIV共存的故事
20512916, 7.6, 62, 第十九拥鬲z
4861225, 7.8, 53, 筒子楼的故事
1924967, 7.3, 80, 将军决战岂止在战场
25816165, 7.0, 107, 中国生存启示录
25770168, 8.3, 37, 重新发现上海 1843-1949
3916126, 6.8, 130, 三十五年的新闻追踪
20509333, 7.3, 78, 十一岁到德国
3090869, 7.9, 48, 刽子手之歌（上下）
1784123, 8.2, 39, 历史在这里沉思
25887944, 7.6, 60, 大石缝镇的小书店
25907645, 8.7, 29, 自然的角落
1490710, 7.7, 55, 史无前例的年代（全两册）
1146705, 6.8, 125, 瀛台泣血记
25888893, 7.6, 58, 舌尖上的中国2
3090934, 8.0, 43, 摩天大楼下的阴影
3773717, 6.5, 175, 金正日の料理人
1492785, 7.7, 53, 八千湘女上天山
2359476, 6.9, 109, “文革”前夜的中国
5413308, 7.5, 62, 他们比你更焦虑
21458700, 8.9, 25, 那些年
4263685, 7.3, 73, 递罪
23155685, 8.0, 42, 苦难辉煌
21330577, 7.7, 52, 话题2012
2567943, 7.6, 56, 被钉上的嘴
2228787, 7.2, 78, 江村纪事
4722183, 7.4, 65, 冷酷的钢铁
1058085, 8.3, 34, 孤儿泪
20509601, 8.3, 34, 危机或重生？
1055894, 7.7, 51, 我们在天堂重逢
2225849, 7.7, 51, 成败之鉴
1132747, 8.2, 36, 西极探险
1431734, 8.0, 41, 希特勒暗堡
1095637, 8.5, 30, 沈醉狱中趣闻
4584027, 7.8, 47, 解密上甘岭
25725860, 7.4, 64, 我们没疯！一起回到1900年生活吧
1873332, 7.6, 54, 钻石的历史
10488720, 7.6, 54, 惊艳台湾
7046969, 8.0, 40, 废纸劫
1009857, 8.2, 35, 总统班底
26852526, 8.2, 35, 甲骨时光
24845149, 7.7, 49, 困窘的潇洒
6425879, 7.2, 74, 差馆诡事
1760503, 7.5, 57, 黑雪 出兵朝鲜纪实
25894699, 8.5, 29, 我想活得像人
1184030, 7.5, 56, 我的科大十年
3089587, 9.0, 22, 精神病院：袁冬平摄影集
24722622, 7.0, 86, 为什么是毛泽东
1144871, 8.2, 33, 世界骗术奇闻录
24868284, 8.2, 33, 基地秘史
25750091, 8.3, 31, 晦侬往事
3079099, 6.9, 92, 我在美国坐牢
4912120, 7.3, 63, 人艺往事
4127878, 7.0, 83, 咀嚼爱情
25863645, 8.6, 26, 最后一个戏班
26366498, 7.3, 62, 财富的孩子
6900350, 7.8, 42, 记得那些甜蜜的事
24533469, 7.8, 42, 俄罗斯通史(1917-1991)
24722945, 8.2, 32, 穿绿毛衣的女孩
26292822, 8.2, 32, 沧海之后
2002740, 8.8, 23, 那个年代中的我们
24872057, 6.6, 122, 天堂在上，美国在这儿
1225259, 7.2, 66, 中国多性伙伴个案考察
5922489, 7.9, 38, 隐匿的现场
25887964, 7.6, 47, 光芒渐逝的年代
26816747, 8.0, 35, 破茧001
25907641, 8.9, 21, 在别处
1035281, 8.1, 32, 德拉姆
3069430, 9.2, 18, 教育诗（全三册）
25746247, 8.1, 31, 哪怕世界从未听我的
1712254, 8.4, 26, 王选的八年抗战
26339094, 8.4, 26, 死亡特雷布林卡
3199066, 8.2, 29, 动荡的青春
1339286, 8.9, 20, 让证据说话: 神探李昌钰办案实录 2
25907647, 8.9, 20, 希望的曙光
1041143, 7.5, 46, 我在伊拉克经历战火
4016674, 7.5, 46, 朱宪民-象形岁月
5364163, 8.6, 23, Nan Goldin
1000448, 7.5, 45, 苦婚
25695627, 8.2, 28, 喜马拉雅守护者
26425898, 7.8, 36, 隐形生产线
1843422, 6.5, 114, 叫我如何不宰你
1312552, 7.7, 38, 富人俱乐部的狼
2275462, 8.6, 22, Holding the Man
25760837, 6.8, 80, 毒D：木爰衙绲陌偃判旁
4087572, 7.6, 40, 我的伯父周恩来
1012866, 8.5, 23, 卢跃刚自选集?观察中国
1277254, 7.3, 50, 我为什么打老婆
1438218, 7.2, 54, 在西撒哈拉踏寻三毛的足迹
2075883, 7.5, 42, 纳西人的最后殉情
1031814, 8.1, 28, 看看他们
1751237, 8.6, 21, 庄学本
25780639, 7.8, 33, 你好，前台
26849846, 7.8, 33, 白宫往事
26313697, 8.0, 29, 照片里的20世纪全球史：1910年代 蔓延的战争
1424722, 8.1, 27, 遍地盐井的都市
25812352, 8.3, 24, 情：德国情话
1031906, 7.3, 46, 中国刑侦一号案
25836293, 7.3, 46, 底特律：一座美国城市的衰落
1042027, 7.9, 30, 寻找方大曾
10556301, 7.1, 54, 不沉默的少数
1484610, 8.5, 21, The Orchid Thief
1441182, 8.1, 26, 西方犯罪200年 1800-1993(上下册)
6798741, 8.1, 26, 安顺旧事
1138354, 6.9, 63, 黑白宋庄
4262010, 7.7, 33, 报海旧闻（修订版）
1079989, 7.5, 37, 比一千个太阳还亮
25697534, 7.0, 55, 没有英雄的时代，我只想做一个人
10726338, 7.8, 30, 洪流
1920740, 9.0, 16, Satellites
26755052, 8.6, 19, 我的动物，我的家人
1060981, 8.3, 22, 沧海（上下）
21339005, 8.3, 22, 女工记
26333408, 7.5, 36, 不如游泳
26827374, 8.2, 23, 我只想成为英雄背后的普通人
26697805, 7.3, 41, 乔布斯的厨师
3640681, 8.1, 24, 追忆蔡元培
1082987, 6.9, 57, 告密者
20476267, 6.9, 56, 请给我一支烟
1015083, 8.0, 25, 灰村纪事
10618037, 7.4, 37, 丁戊奇荒
3018087, 7.7, 30, 邓小平在1976（上下）
25957422, 7.6, 32, 忧郁的故乡
1003810, 8.4, 20, 青藏苍茫
3774818, 8.4, 20, 21世纪外科医师锻造之路
3769740, 7.8, 28, 生存故事
26755709, 7.8, 28, 远在古巴
4197816, 7.1, 46, 迷失Z城
1974050, 8.7, 17, William Klein : Rétrospective Exhibition
1072783, 8.1, 23, 摇晃的灵魂
1168351, 8.1, 23, 意志极境
26313771, 8.1, 23, 照片里的20世纪全球史：1980年代 柏林墙倒下
3031835, 7.6, 31, 西藏的贵族和政府
3411367, 7.7, 29, 莎拉的礼物
26665636, 9.1, 14, alone on the wall
1338427, 7.1, 44, 看神鬼
1674357, 8.3, 20, 尘封的历史瞬间
25829347, 8.2, 21, ＂砍手党＂的城乡之路
1409829, 7.2, 40, 五魁首
1442404, 8.1, 22, 大医精诚（下）
5958840, 8.0, 23, 死囚牢里的陪号
26335169, 8.0, 23, 拯救最后的犹太人
25727708, 7.0, 46, 我的豪华ǚ可活
25769810, 6.9, 50, 最寒冷的冬天Ⅲ
26296180, 7.3, 36, 动了真情的掠夺者
1220374, 7.7, 27, 谁适合移民加拿大
25811780, 8.3, 19, 永不拭I I 相遇（透明霓彩衣版）
6849335, 7.8, 25, 江河移民
26904058, 8.4, 18, 漫长的夏天
1085057, 8.1, 21, 为罪犯画像
1442405, 8.1, 21, 大医精诚（上册）
25963665, 7.2, 37, 一个都不放过
25960591, 7.9, 23, 上庄记
4725635, 7.1, 39, 中国足球黑幕
25972662, 7.8, 24, 珠峰史诗
1198004, 8.2, 19, 《武训传》批判纪事
1309689, 7.7, 25, 藏人言藏
2331116, 7.0, 41, 永远的异乡客
26568375, 7.2, 35, 劳作的女人
1008310, 6.3, 81, 我的减肥日记
1056153, 7.9, 22, 世纪之痛
26313701, 7.9, 22, 照片里的20世纪全球史：1920年代 新贵崛起
1137963, 7.4, 30, 涩果
4820256, 7.8, 23, 中国式看守所
24737834, 7.6, 26, 加勒比飓风
1976327, 7.1, 37, 宋美龄的外交生涯
26313766, 8.1, 19, 照片里的20世纪全球史：1970年代 恐怖主义
2103511, 7.1, 36, 我在传销中的82天
1956140, 8.0, 20, 596秘史
10472695, 8.0, 20, 卧底中情局
19957139, 8.2, 18, 人曲
10428248, 7.9, 21, 中国道教史
25928882, 7.9, 21, In Manchuria
10799985, 7.2, 33, 廉政
26670476, 7.8, 22, 沉没的西雅图
25880335, 7.1, 34, 来自星星的EXO
26650183, 7.6, 24, 感谢这一刻
24318988, 8.0, 19, 风过华西坝
4725637, 7.9, 20, 一台北，那我一起造的小世界
26219756, 8.2, 17, 梁思成林徽因影像与手稿珍集
24713945, 7.8, 21, 坎大哈之狮
6985526, 7.5, 25, 疯狂
26720831, 7.1, 33, One Child
25846358, 7.6, 23, 活着 余华
20492190, 6.2, 74, 专业是个啥?
1932291, 7.9, 19, 中华帝国纪行（上下）
20449990, 8.0, 18, 中n
19977742, 7.5, 24, 因父之名
11969628, 7.8, 20, Wave
2440972, 8.1, 17, Sahel
1848192, 6.4, 58, 为了世界更美好
7060373, 7.2, 29, 追寻新闻的深度
7059961, 6.5, 52, 印度！印度！
26678895, 7.3, 26, 氮
1421334, 7.7, 20, 中原解放战争纪实
25767542, 7.7, 20, 四个中国人
1059061, 6.4, 54, 厦门远华大案
25963063, 7.1, 29, 想起京都一只鸟
25895701, 7.3, 25, 寻路非洲
26611554, 7.4, 23, 街头摄影手册
5326227, 7.1, 28, P撒F|征中之i
26314645, 7.1, 28, 最寒冷的冬天Ⅳ：日本人眼中的朝鲜战争
1348300, 7.8, 18, Wild Grass
1289859, 7.7, 19, 用胸膛行走西藏
1059619, 7.2, 25, 华东解放战争纪实
1416579, 7.2, 25, 中国纪录片发展史
1812048, 6.2, 59, 鬼的现场调查
1114548, 7.7, 18, 西安记忆
11613775, 7.6, 19, FBI罪与罚
3791671, 7.8, 17, 完美风暴
25756746, 7.8, 17, 你是这样的人：回忆周恩来口述实录
1104357, 7.1, 26, 第四野战军征战纪实
3729165, 7.9, 16, 冰河世纪
6808992, 6.9, 30, 亲历中国革命
10785588, 6.5, 42, 课本上不说的历史
1939540, 8.0, 15, The Electric Kool-Aid Acid Test
26836368, 8.0, 15, 往来于故土之间
2006206, 7.3, 22, 活着的士兵
1088225, 7.1, 25, 慰安妇研究
24697407, 6.8, 31, 死刑台前的告别
11589097, 7.5, 19, 天赐王国
26808933, 7.8, 16, 不平o的江河
26746815, 6.8, 30, 希拉里
25984190, 7.9, 15, 布局
26776177, 7.9, 15, 腾冲！腾冲！――中国远征军生死战
26858554, 8.0, 14, 生死之间
25972664, 7.0, 25, 没有地图的旅行
6779355, 6.6, 34, 偷盗艺术
1019566, 7.5, 18, 我们曾经是动物
23066250, 7.5, 18, 高官反腐录
3373886, 7.1, 23, 吸毒者
26334652, 6.7, 31, 蠡园惊梦
25697260, 7.7, 16, 在迪拜，爱上不可能的你
25975573, 7.7, 16, 摇滚乌托邦
4262683, 6.5, 36, CIA美国中央情报局全传
1989694, 7.9, 14, 性是牛油和I包
26290219, 7.9, 14, 我负丹青
2243755, 7.3, 19, 腹地
2021094, 6.1, 50, 我的丈夫溥仪
25803252, 6.4, 37, 中国1946
3247813, 7.7, 15, 北京旧城胡同实录
25949570, 7.7, 15, 总统之死
4023805, 7.2, 20, 中国的乞丐群落
1418649, 7.8, 14, 我的性活
26265925, 7.8, 14, 缝隙中的改革
25736492, 7.4, 17, 父亲
26747064, 7.4, 17, 爆炸现场
3676786, 7.6, 15, 731细菌部队
6976077, 7.6, 15, 国家命运
25984245, 7.6, 15, 人妖之g
26355587, 7.6, 15, 速写时光
4039562, 7.7, 14, 赎罪日战争
6967365, 7.7, 14, 自从有了你
26335091, 7.7, 14, 远去的人
4055294, 8.0, 12, 藏传佛教
1038843, 7.2, 18, 父辈的荣誉
11583442, 7.2, 18, 西汉孤魂
26708627, 7.1, 19, 乌克兰
4189067, 7.5, 15, 小洋鬼子
26593306, 7.7, 13, 无上光荣
26633782, 7.7, 13, Street of Eternal Happiness
4121709, 7.3, 16, From Goddess to Mortal
26430646, 7.0, 19, 死亡如此多情Ⅱ
25803498, 7.5, 14, 无所畏惧
26312262, 7.5, 14, 县委书记们的主政谋略
26834567, 7.5, 14, 正义的代价
1588120, 8.0, 11, 文史资料存稿选编(全26卷)
3443105, 7.8, 12, 反抗军
1321651, 7.0, 18, 在我吸毒的日子里
1769082, 7.7, 12, 摄影与社会
2339867, 7.5, 13, 审讯和供述心理学手册
10594755, 7.6, 12, 拚命
11519039, 7.3, 14, 朝r是i
10779980, 6.8, 19, 父H金正日c我
21869427, 6.7, 20, 每个人的中国
23058721, 7.4, 13, 詹特森，谢谢你教会我爱
1311955, 7.7, 11, 乙肝日记
1923700, 7.7, 11, 吴家林-保山
25732714, 7.7, 11, 雨打芭蕉
1871432, 7.9, 10, 腹地
6535911, 7.3, 13, 性路无疆
6835712, 7.3, 13, 美国镜头里的中国风情
3674014, 7.6, 11, 好客之道
5309737, 7.6, 11, Open City
1084031, 7.8, 10, 革命百里洲
26911423, 7.8, 10, 欲望之石
25960874, 7.0, 15, 1979对越战争亲历记（增订版）
26715408, 7.0, 15, 快递中国
26596715, 7.4, 12, 黑色弥撒
26413702, 7.1, 14, 纱人的十二月
26431477, 7.2, 13, 1942―1945：我的上海沦陷生活
1329401, 7.5, 11, 二十世纪中国重灾百录
3521668, 7.5, 11, 农民工口述史
26706838, 7.5, 11, 观复
25981272, 7.1, 13, 华晨宇火星人的地球旅行
11505680, 7.6, 10, Scattered Sand
25726531, 7.6, 10, 洞洞舞女和川菜N子
5038566, 7.2, 12, 喜马拉雅的雪――中印战争纪实（中国与印度历史上唯一一次大规模现代战争）
26436288, 7.0, 13, 记者之死
25796154, 7.1, 12, 杰奎琳：最优雅的第一夫人
26678814, 7.4, 10, One of Us
1917853, 7.2, 11, 北京封闭妓院纪实
6077697, 7.0, 12, 黑暗中的眼泪
1032224, 7.3, 10, 调查中国（中央电视台新闻调查内部档案）2
26853194, 7.1, 11, 满川田纪事
26794784, 6.0, 23, 工厂男孩
1039738, 6.0, 22, 我的日记-一个坐台小姐灵与肉的自述
25812563, 7.1, 10, 洗冤伏枭录
1148179, 6.6, 12, 来自中国社会底层的报告
25737872, 6.3, 12, 人生边上，心城内外
10608449, 6.4, 11, 广州城中村
3167534, 3.6, 115, 战网魔
1275459, 0.0, 73, 中国的大饥荒
2088230, 0.0, 346, 城管执法操作实务
1394907, 0.0, 1323, 雪白血红
