2017-01-23 16:17:59
Tag: 经典
The number of books: 995 

ID, rating, votes, title
1007305, 9.5, 112862, 红楼梦
1084336, 9.0, 211696, 小王子
1770782, 8.8, 249272, 追风筝的人
1008145, 8.9, 179820, 围城
1082154, 9.1, 120302, 活着
6082808, 9.2, 94510, 百年孤独
1068920, 9.3, 73348, 飘（上下）
3066477, 9.2, 74756, 三体Ⅱ
5363767, 9.2, 74167, 三体Ⅲ
1200840, 9.0, 93950, 平凡的世界（全三部）
2567698, 8.8, 125632, 三体
1019568, 9.2, 52643, 三国演义（全二册）
1040211, 9.2, 46916, 福尔摩斯探案全集（上中下）
1255625, 9.1, 53461, 天龙八部
1221515, 9.5, 26483, 灌篮高手31
1083428, 8.8, 80363, 傲慢与偏见
1474773, 9.5, 25263, 海贼王
1017143, 8.5, 130070, 不能承受的生命之轻
1858513, 8.9, 61764, 月亮和六便士
1204889, 9.4, 27541, 机器猫哆啦A梦23
4820710, 9.3, 28345, 1984
10594787, 8.9, 50368, 霍乱时期的爱情
1141406, 8.5, 101777, 简爱
1829226, 9.1, 35359, 肖申克的救赎
1085860, 8.9, 48471, 基督山伯爵
1002299, 8.9, 47843, 笑傲江湖（全四册）
1046209, 9.1, 34468, 安徒生童话故事集
2035179, 9.2, 28216, 动物农场
1089243, 8.8, 52507, 黄金时代
3674537, 9.1, 30911, 明朝那些事儿（1-9）
1090043, 8.5, 83138, 倾城之恋
1082387, 9.2, 24012, 一九八四・动物农场
1827374, 9.0, 32526, 东方快车谋杀案
1057244, 8.6, 64019, 边城
1255624, 8.8, 43498, 神雕侠侣
1389960, 9.2, 22054, 七珠 34
1044547, 8.9, 31247, 射雕英雄传（全四册）
3006581, 8.9, 30731, 无人生还
1077847, 9.5, 12180, 史记（全十册）
1449351, 8.8, 34626, 呐喊
1003479, 9.1, 21223, 中国历代政治得失
1043008, 8.9, 27892, 格林童话全集
2154960, 8.7, 38723, 一个陌生女人的来信
2035162, 9.0, 22468, 刀锋
1205054, 8.9, 25777, 悲惨世界（上中下）
4908885, 9.0, 20161, 局外人
1119522, 8.4, 54442, 呼啸山庄
1082334, 8.3, 64853, 穆斯林的葬礼
1212893, 8.8, 26612, 鹿鼎记（全五册）
1254588, 8.9, 21367, 城南旧事
1002898, 9.1, 15616, 父与子全集
1883245, 9.4, 10247, 诗经
1058661, 8.8, 24329, 飞鸟集
1421921, 8.9, 20555, 幽游白书（全19册）
1963684, 8.6, 32874, 半生缘
1014578, 9.0, 17251, 我的精神家园
1059258, 9.4, 9750, 道德经
1400705, 8.1, 79127, 情人
1086249, 8.6, 30346, 荆棘鸟
1028409, 9.4, 9013, 中国少年儿童百科全书（全四册）
1064275, 8.3, 50357, 老人与海
1192090, 8.7, 24180, 球状闪电
1051193, 8.6, 28502, 麦琪的礼物
1088065, 8.6, 28218, 阿Q正传
1011754, 8.9, 17168, 海子的诗
1034282, 8.8, 19415, 时间简史
1203426, 9.0, 14293, 人间词话
1092335, 8.9, 16053, 教父
1014278, 8.4, 36428, 红玫瑰与白玫瑰
1321017, 8.8, 18652, 九州・缥缈录
1046492, 9.3, 9019, 史大V（上下）
1258490, 9.2, 10262, 基地
1013267, 9.3, 8690, 唐诗三百首
1029553, 8.7, 20406, 西游记（全二册）
1807516, 8.9, 14918, 罗杰疑案
1803022, 9.0, 12740, 圣经
1119839, 9.1, 11030, 王尔德童话
1024197, 8.3, 39280, 巴黎圣母院
3017857, 8.5, 26918, 金锁记
1292416, 8.5, 26421, 香水
1088581, 8.9, 13442, 浮生六记
3162991, 9.6, 5252, 艺术的故事
26698660, 9.0, 11426, 巨人的陨落
1853785, 8.7, 17065, 天是红河岸
1070851, 8.5, 23577, 倚天屠龙记(共四册)
1028842, 9.0, 10765, 经济学原理（上下）
2035171, 9.0, 10725, 人生的枷锁
1449352, 8.6, 19667, 朝花夕拾
1398395, 8.6, 19339, 狂人日记
1008988, 8.3, 32021, 了不起的盖茨比
1765512, 9.1, 9075, 海的女儿
1795079, 9.2, 7790, 乡土中国
1013380, 8.1, 45191, 茶花女
1394364, 8.8, 13718, 银河系漫游指南
1159939, 8.5, 21886, 一个陌生女子的来信
1008357, 8.5, 21641, 水浒传（全二册）
1060852, 8.8, 13440, 呼兰河传
1391191, 8.5, 21468, 京华烟云
1012611, 8.3, 29683, 乌合之众
1014561, 9.0, 9770, 古文观止
1225977, 8.9, 11215, 全球通史（第7版 上册）
1013416, 8.5, 20868, 雷雨
1856494, 9.3, 6366, 卡拉马佐夫兄弟
25829693, 9.0, 9503, 永恒的终结
1205370, 8.1, 40995, 羊脂球
1476651, 9.0, 9402, 社会心理学
1036274, 8.5, 20152, 夏洛的网
6781808, 9.2, 7079, 杀死一只知更鸟
2160556, 9.0, 8926, 十万个为什么
2136140, 8.7, 13764, 雨季不再来
6789605, 9.0, 8741, 树上的男爵
1035848, 8.6, 15727, 一千零一夜
1004992, 8.8, 11476, 张爱玲文集
1440972, 9.1, 7395, 博尔赫斯小说集
2218216, 9.5, 4440, 金庸作品集
3261600, 9.3, 5593, 人生的智慧
1258489, 9.3, 5581, 第二基地
1004821, 8.7, 12821, 理想国
1449348, 8.8, 11018, 彷徨
1016003, 8.0, 40984, 鲁滨逊漂流记
1043815, 8.2, 28051, 骆驼祥子
1013225, 8.3, 23373, 生活在别处
1020961, 8.7, 12133, 棋王
1085883, 8.6, 14040, 青铜时代
1082518, 7.9, 48085, 麦田里的守望者
1865089, 8.4, 19159, 瓦尔登湖
1885170, 9.4, 4553, 算法导论（原书第2版）
3187737, 8.4, 18682, 占星术杀人魔法
1008189, 8.9, 8656, 西方哲学史（上卷）
1085470, 8.4, 18547, 海底两万里
1062343, 9.2, 5733, 昨日的世界
2326403, 8.9, 8447, 认识电影
1032501, 8.7, 11284, 心理学与生活
1021273, 8.8, 9728, 中国哲学简史
1258491, 9.2, 5612, 基地与帝国
1760548, 9.2, 5538, 三毛作品集
1040104, 8.7, 11027, 魔戒（第一部）
1140727, 8.8, 9377, 安德的游戏
1001136, 8.8, 9348, 彼得・潘
1138986, 8.7, 10808, 名侦探柯南42
1077528, 8.9, 8072, 通往奴役之路
3136271, 8.6, 12526, 罗生门
1370274, 9.2, 5351, Level E
1422833, 8.7, 10691, 多情剑客无情剑(上、中、下)
2046236, 9.3, 4713, 庄子
1949420, 9.3, 4709, 孙子兵法
1964774, 9.0, 6922, 论语
1213546, 8.3, 20090, 变形记
1170801, 8.9, 7915, 泰戈尔诗集
1089512, 8.6, 11815, 陆小凤传奇
1102715, 9.1, 5775, 从一到无穷大
1291204, 9.4, 3887, 哥德尔、艾舍尔、巴赫
1258498, 8.3, 18238, 项链
2194123, 8.4, 15437, 相约星期二
1856025, 8.9, 7265, 道连・葛雷的画像
1006197, 8.4, 15294, 哈姆莱特
1322025, 8.8, 8110, 卓有成效的管理者
1005521, 8.1, 24875, 伊豆的舞女
1277981, 8.8, 8068, 社会契约论
1139336, 9.4, 3640, C程序设计语言
4071859, 9.3, 4072, 我在伊朗长大
3518332, 8.9, 6840, 绿毛水怪
3803820, 8.4, 14387, 人生
1066165, 9.3, 4024, 卡尔维诺文集（第三卷）
1082162, 8.3, 16741, 第一炉香
1264579, 8.7, 8931, 欢乐英雄
1465324, 7.7, 51342, 洛丽塔
3268399, 8.5, 12077, 上海堡垒
1007433, 8.1, 23572, 红与黑
1186392, 8.7, 8786, 约翰・克利斯朵夫
1261560, 9.0, 5738, 国富论
1060774, 8.7, 8593, 君主论
1073708, 9.0, 5613, 牡丹亭
1082150, 8.3, 15686, 白银时代
2076623, 9.5, 2989, 金刚经
1322455, 8.8, 7257, 遥远的救世主
1058759, 8.8, 7193, 魔戒（第二部）
1915958, 9.2, 4170, 野草
10560798, 8.7, 8042, 面纱
3608235, 8.5, 10843, 失物之书
1004088, 9.0, 5298, 长袜子皮皮
6518605, 9.3, 3605, 三体全集
1041128, 8.5, 10743, 天蓝色的彼岸
1254731, 8.8, 6881, 欧・亨利短篇小说选
1767741, 9.2, 4054, C++ Primer 中文版（第 4 版）
1073349, 8.8, 6705, 写在人生边上 人生边上的边上 石语
20392523, 8.5, 10391, 没有人给他写信的上校
24382569, 8.6, 8882, 一桩事先张扬的凶杀案
1883991, 9.3, 3479, 王小波全集
1409704, 8.9, 5773, 金刚经说什么
1187842, 9.0, 4977, 你一生的故事
1022632, 8.7, 7497, 罪与罚
1072295, 9.3, 3385, Y治通a（全二十裕
1980436, 8.7, 7357, 流言
1082584, 8.6, 8476, 追忆似水年华 Ⅰ
1883353, 8.8, 6336, 野性的呼唤
1058679, 8.7, 7263, 人・兽・鬼
1442720, 9.4, 2945, 鲁迅全集（2005最新修订版）
2158684, 9.0, 4737, 象棋的故事
1477390, 9.3, 3204, 代码大全（第2版）
1427288, 8.4, 10831, 小妇人
1230413, 9.5, 2441, 深入理解计算机系统
1036613, 8.9, 5071, 茶馆
1021990, 9.2, 3458, 唐诗鉴赏辞典
10774752, 9.1, 3909, 毛姆短篇小说精选集
1053759, 8.3, 12202, 雪国 古都
1760432, 9.2, 3385, 受戒
1040382, 8.9, 4948, 人间词话手稿本全编
6781794, 8.8, 5633, 过于喧嚣的孤独
1014763, 9.2, 3339, 三国志（全五册）
1012032, 8.6, 7385, 查拉图斯特拉如是说
1467519, 9.8, 1694, 世界童话名著连环画
1030200, 8.9, 4759, 失落的一角遇见大圆满
1082522, 8.2, 13360, 家
1044446, 8.7, 6176, 在黑暗的河流上
1203251, 8.1, 15497, 雾都孤儿
1013502, 7.6, 39511, 钢铁是怎样炼成的
1418058, 9.1, 3527, 小径分岔的花园
1000517, 8.8, 5191, 故事新编
1007772, 8.2, 12742, 双城记
1073744, 9.0, 3979, 四世同堂（上下）
1039389, 9.0, 3971, 新概念英语3
1275608, 8.7, 5877, 神秘岛
1004699, 8.9, 4454, 作为意志和表象的世界
1081422, 8.9, 4407, 卡夫卡小说全集（全三册）
1045352, 8.7, 5776, 二十首情诗与绝望的歌
1012637, 8.2, 12238, 牛虻
1061242, 8.8, 4981, 写在人生边上
1052828, 8.4, 8761, 玩笑
1072319, 8.5, 7351, 长腿叔叔
1078250, 8.2, 11729, 洗澡
1212488, 8.3, 9977, 罗密欧与朱丽叶
1031741, 7.8, 23727, 欧也妮・葛朗台
21346636, 9.4, 2293, 三毛典藏全集
1098643, 8.7, 5491, 聊斋志异
1318126, 8.4, 8482, 雪国
1012561, 8.6, 6298, 上下五千年
3532347, 9.5, 2031, 金庸全集
2340609, 9.0, 3543, 2001太空漫游
2052049, 9.0, 3465, 海伯利安
3673771, 9.0, 3464, 项塔兰
6425061, 8.6, 5864, 哲学家们都干了些什么？
1064841, 9.0, 3364, 绿山墙的安妮
1011215, 8.8, 4305, 论语别裁(上下)
1788421, 9.4, 2039, UNIX环境高级编程
1108762, 9.3, 2279, 诗经
5346110, 9.0, 3243, 穷查理宝典
1010472, 8.4, 7335, 安娜・卡列尼娜（上下）
1255288, 8.0, 13998, 复活
1774227, 9.6, 1621, 脂砚斋重评石头记庚辰校本
1006967, 9.3, 2244, 宋词三百首
1393218, 9.1, 2798, 大明宫词
10555486, 8.7, 4628, 分成两半的子爵
1287865, 9.4, 1921, 老子
1271212, 8.8, 3937, 死者代言人
25826936, 9.5, 1720, 冰与火之歌
6789551, 8.8, 3906, 不存在的骑士
3131626, 8.9, 3430, 荒原狼
1958714, 8.7, 4390, 彼得・林奇的成功投资
1069059, 8.1, 10636, 雪国
1148282, 9.5, 1664, 计算机程序的构造和解释
1772786, 8.6, 4958, 真名实姓
1467239, 9.1, 2599, 铳梦
2130190, 9.1, 2599, Java编程思想 （第4版）
1060025, 8.8, 3755, 中国近代史
1578609, 8.9, 3299, 张爱玲作品集
20428302, 9.1, 2580, 失明症漫记
1032431, 9.0, 2901, 卡尔维诺文集（第五卷）
1437858, 8.7, 4256, 天行健（全4册）
1047719, 8.5, 5621, 傅雷家书
1400059, 8.7, 4190, 心
1049522, 8.8, 3636, 西西弗的神话
2243615, 9.2, 2220, Head First 设计模式（中文版）
1203244, 8.2, 8578, 三个火枪手
1146267, 8.8, 3608, 深渊上的火
1052241, 9.1, 2475, 设计模式
1005918, 7.9, 13998, 堂吉诃德
1286547, 8.6, 4663, 菜根谭
7055441, 8.9, 3115, 罗马人的故事1
1040397, 8.1, 9722, 假如给我三天光明
4149805, 8.5, 5269, 了不起的盖茨比
1325507, 8.9, 3064, 江村经济
1157014, 8.8, 3477, 伤逝
1047138, 7.7, 19002, 少年维特的烦恼
1013469, 8.6, 4433, 战争与和平（全四册）
1038292, 8.6, 4417, 精神分析引论
1016631, 8.5, 5042, 西厢记
2036561, 8.4, 5804, 城堡
1147193, 9.0, 2596, 世说新语
1055128, 9.0, 2585, 传奇(上下)
1109968, 8.8, 3286, 英雄志（全三册）
1859108, 8.8, 3267, 白痴
1092168, 9.1, 2257, 追忆似水年华（上下册）
1139980, 9.3, 1798, 四章句集注
21979017, 9.5, 1451, 魔戒
1049957, 8.6, 4239, 浮士德
1201821, 8.0, 10520, 梦的解析
2381950, 8.8, 3231, 论摄影
1216737, 8.9, 2786, 纯粹理性批判
1437852, 9.5, 1409, 费恩曼物理学讲义（第1卷）
1083089, 9.3, 1738, 博尔赫斯全集
26647054, 9.2, 1942, 小王子（纯美珍藏绘本）
1212469, 8.9, 2760, 荷马史诗・伊利亚特
1052360, 8.9, 2758, 卡尔维诺文集（第四卷）
1077492, 9.0, 2439, 大师和玛格丽特
2381748, 9.1, 2162, 金刚经 心经 坛经
26264967, 8.3, 6196, 神们自己
1477437, 8.9, 2697, 唐人故事
2267883, 7.9, 11643, 色，戒
1258488, 9.0, 2374, 基地前传2・迈向基地（上下）
1433411, 8.8, 3037, 新教伦理与资本主义精神
4889838, 9.1, 2108, 鸟哥的Linux私房菜
1818583, 9.1, 2102, 斯・茨威格中短篇小说选
1006113, 7.8, 13625, 源氏物语
1393724, 9.0, 2347, 楚辞
5406559, 8.7, 3373, 鼠疫
1065977, 8.6, 3839, 共产党宣言
2146279, 9.0, 2307, 心灵的焦灼
1434038, 8.8, 2933, 龙枪编年史（全三册）
1540211, 9.4, 1455, 丁丁历险记（共22本）
1085021, 8.2, 6693, 蝴蝶梦
4116629, 8.9, 2544, 希区柯克悬念故事集
1072334, 8.5, 4231, 魔戒前传
1056023, 8.5, 4218, 鼠疫
1000888, 9.0, 2217, Zg]
1088054, 9.2, 1760, TCP/IP详解 卷1：协议
7064370, 9.2, 1759, 罗马人的故事2
1083435, 8.7, 3199, 契诃夫短篇小说选
3227098, 9.2, 1738, 编程珠玑
2083981, 8.7, 3157, 了凡四训
1082147, 9.0, 2158, 热爱生命
1083477, 7.8, 12247, 包法利夫人
1783111, 8.7, 3120, 存在与时间
2377310, 9.2, 1711, C专家编程
1077778, 8.1, 7383, 爱的教育
1870268, 8.7, 3106, 美国大城市的死与生（纪念版）
2050767, 8.6, 3536, 绿野仙踪
1840859, 9.6, 1116, 心经
1034922, 8.9, 2401, 莎士比亚喜剧悲剧集
1139360, 9.1, 1895, 毛泽东选集 第一卷
1083434, 8.6, 3473, 莫泊桑短篇小说选
1258485, 8.9, 2365, 基地续集1・基地边缘（上下）
4212812, 8.7, 3021, 紫川（全五册）
1400195, 8.7, 2991, 论自由
6403593, 8.6, 3384, 时寒冰说
6097966, 8.1, 6986, 发条橙
1882915, 8.9, 2275, 莎士比亚四大悲剧
1021709, 8.6, 3318, 桃花扇
1398441, 9.1, 1785, 汪曾祺散文
1185908, 8.5, 3755, 东周列国志（上下）
2302217, 8.8, 2537, 阿特拉斯耸耸肩（上下）
1873569, 9.3, 1416, 郑渊洁童话全集(33卷)
1292412, 9.1, 1763, 叔本华思想随笔
1982001, 8.7, 2825, 月牙儿
26672693, 9.0, 1955, 一个叫欧维的男人决定去死
1467587, 9.0, 1952, UNIX编程艺术
1399992, 8.9, 2177, 天渊
1033163, 9.2, 1541, 老子注译及评介
1229923, 9.0, 1924, 重构
1451270, 9.2, 1526, 纪伯伦诗集
1119528, 7.9, 8878, 高老头
1456692, 8.5, 3572, 金瓶梅
1052074, 8.7, 2738, 喧哗与骚动
1433572, 9.2, 1509, 随风而来的玛丽阿姨
1055234, 8.5, 3520, 神曲（全三册）
1481311, 8.7, 2695, 沙丘
10785583, 8.2, 5387, 思考，快与慢
4822685, 9.2, 1491, 编码
2042629, 8.7, 2687, 九三年
1089049, 9.3, 1337, 莎士比亚全集（全8册）
1051919, 9.3, 1329, 庄子今注今译（全三册）
10945834, 9.4, 1194, 蝙蝠侠：黑暗骑士归来
1066108, 8.6, 3014, 易经杂说
1803641, 8.8, 2336, 小公主
1035477, 7.8, 9983, 德伯家的苔丝
2173262, 8.3, 4499, 假如明天来临
1082593, 9.1, 1622, 经济学
1240002, 9.2, 1434, C Primer Plus
1874411, 8.5, 3341, 乞力马扎罗的雪
1454687, 9.0, 1787, 政府论（下篇）
1033843, 8.7, 2563, 张看（上下）
1430530, 8.2, 5098, 汤姆叔叔的小屋
3143537, 9.3, 1277, 津巴多普通心理学
1083429, 8.7, 2546, 爱伦・坡短篇小说集
1849409, 9.1, 1567, 易经
1489670, 8.7, 2506, 老子他说
2747765, 8.9, 1951, 中国古代文化常识
3055719, 8.7, 2473, 经济学的思维方式（第11版）
1444077, 9.2, 1366, 汪曾祺小说经典
1417878, 8.5, 3167, 里尔克诗选
10546125, 9.3, 1218, JavaScript高级程序设计（第3版）
1489494, 8.5, 3122, 人与永恒
1491239, 8.5, 3077, 吾国与吾民
2300010, 8.5, 3050, 夜访吸血鬼
4881998, 8.4, 3492, 猜火车
3007268, 9.3, 1182, 传习录
1021056, 7.2, 27763, 谁动了我的奶酪？
1088805, 9.1, 1456, 中国古典园林分析
24736899, 8.0, 6211, 雪国
2143016, 9.1, 1443, 我，机器人
1015398, 8.8, 2040, 卡尔维诺文集（第二卷）
1474736, 9.0, 1605, 鲁迅杂文全集
6797396, 8.5, 2968, 焚舟纪
1014144, 8.3, 3895, 大卫・科波菲尔（上下）
1076330, 8.9, 1788, 奥狄浦斯王
1231590, 9.2, 1272, Effective C++中文版
1051714, 8.2, 4421, 等待戈多
1457028, 8.9, 1747, 管理的实践
1491153, 8.7, 2206, 曾国藩家书
1317899, 8.1, 5013, 生死场
1020547, 8.9, 1727, 论语新解
4908872, 8.6, 2451, 都柏林人
1469878, 8.6, 2446, 日瓦戈医生
1038196, 8.4, 3177, 尤利西斯
1211267, 8.5, 2746, 阿甘正传
1091086, 9.1, 1336, 深度探索C++对象模型
1076598, 8.7, 2105, 宋诗选注
1009043, 8.4, 3106, 日出
2032964, 9.1, 1304, 正红旗下
3163104, 9.3, 1052, 变化社会中的政治秩序
1116367, 8.7, 2028, 道德情操论
1315844, 9.1, 1278, 古拉格群岛（上中下）
1041366, 9.3, 1016, 管锥编（全五册）
1024468, 9.0, 1380, 金锁记
1051943, 9.1, 1236, 尼各马可伦理学
1011702, 8.1, 4402, 廊桥遗梦
1028268, 8.8, 1731, 正义论
1150503, 9.0, 1363, 资本论（第一卷）
1626532, 9.5, 812, 地藏菩萨本愿经
1507170, 9.0, 1359, 外部空间设计
2354969, 8.2, 3731, 衣香鬓影
2010284, 8.0, 5017, 春风沉醉的晚上
2350549, 8.8, 1680, 海伯利安的陨落
1069805, 8.7, 1880, 给青年的十二封信
1823533, 8.7, 1879, 山海经
1254942, 9.2, 1070, 黄帝内经
1140726, 8.2, 3626, 计算中的上帝
3673670, 8.2, 3618, 怨女
1219090, 9.2, 1065, 沙与沫
1042168, 8.4, 2734, 李尔王
2254615, 8.9, 1472, 西线无战事
1059040, 8.6, 2102, 雅舍小品
1468426, 8.7, 1854, 利维坦
10759466, 9.0, 1308, 地下室手记
1231910, 9.5, 783, 具体数学（英文版第2版）
1091904, 9.1, 1172, 丰饶之海（上下）
1439441, 8.9, 1457, 伯罗奔尼撒战争史
1391510, 9.2, 1049, 机器人短篇全集（上下）
1102259, 8.4, 2683, 人月神话
2005726, 8.7, 1830, 货币金融学
1578504, 8.7, 1828, 建筑学教程：设计原理
1440490, 8.6, 2065, 王朔文集（纯情卷）
1002513, 9.2, 1039, 注析（全二裕
1123740, 9.5, 764, 科学革命的结构
1500149, 9.4, 841, UNIX网络编程
1013378, 8.8, 1584, 证券分析
1022318, 8.7, 1783, 爱弥儿
1152111, 8.6, 2011, 程序员修炼之道
1107841, 9.0, 1257, 战国策
1011228, 8.3, 2952, 远大前程
1657455, 8.6, 1977, 论人类不平等的起源和基础
1027587, 8.6, 1968, 恶之花 巴黎的忧郁
1868698, 8.3, 2895, 为什么读经典
1186350, 7.8, 6127, 红字
1071821, 8.1, 3834, 你不可不知的人性
3198422, 8.6, 1943, 光明王
3707886, 9.0, 1216, 中国通史
3360807, 9.1, 1090, Effective java 中文版（第2版）
1005915, 8.8, 1515, 艺术哲学
3041463, 8.3, 2831, 时间回旋
1181370, 9.3, 878, 文心雕龙注(上下)
4097264, 9.0, 1198, 小兔彼得和他的朋友们（全3册）
1029723, 9.2, 969, 汉书（全十二册）
1608873, 9.2, 969, 山海
1001065, 8.4, 2432, 麦克白
1012117, 8.2, 3157, 仲夏夜之梦
1070410, 8.9, 1307, 柏拉图对话集
1921597, 8.9, 1288, 大学・中庸
1292322, 8.2, 3103, 群星，我的归宿
1055347, 9.0, 1151, 中国史纲
26853835, 8.8, 1439, 丝绸之路
1855231, 8.6, 1819, 银河铁道之夜
1252057, 8.9, 1279, 1844年经济学哲学手稿
1034259, 8.5, 2060, 小逻辑
1734830, 9.2, 926, 汪曾祺精选集
2377241, 9.6, 628, 世f新Z{疏（全三裕
1008094, 9.3, 829, 春秋左髯（全四裕
1865765, 8.5, 2025, 童年的终结
1837654, 8.7, 1582, 审判
1257294, 9.2, 910, 传奇
1174721, 8.4, 2279, 丧钟为谁而鸣
1036446, 8.9, 1244, 诗学
3908240, 7.8, 5447, 情人
1315184, 9.0, 1109, 哲学研究
3228779, 8.7, 1542, 出埃及记
1277259, 8.6, 1735, 社会学的想像力
1397467, 7.9, 4559, 理智与情感
1119590, 8.0, 3905, 老残游记
1048173, 8.0, 3876, 忏悔录
26642866, 8.4, 2184, 萤火虫小巷
3012360, 9.0, 1069, C和指针
1116338, 9.0, 1063, 叔本华论说文集
1051745, 8.7, 1465, 一个陌生女人的来信
3843961, 9.4, 698, 唐诗三百首
3263006, 8.8, 1298, 飞越疯人院
3368865, 9.3, 766, 老子道德经注校释
1016930, 9.0, 1040, 论法的精神（上）
1089511, 7.6, 6994, 三少爷的剑
1006720, 8.4, 2105, 新概念英语第一册
26356948, 7.0, 22611, 摆渡人
1885262, 8.6, 1625, 笑面人
3097539, 8.9, 1149, 自由选择
1042053, 8.1, 3125, 儒林外史
2060491, 8.9, 1140, 逻辑学导论
2778632, 8.9, 1130, C陷阱与缺陷
1139881, 8.7, 1408, 微观经济学
1093078, 9.1, 897, 古龙作品全集（全53卷）
2062557, 9.1, 895, 地狱变
25752043, 8.7, 1386, 信息简史
3345595, 8.5, 1755, 猫城记
1854151, 9.2, 782, 金圣叹批评本水浒传
4038615, 9.2, 779, 阿加莎・克里斯蒂侦探推理“波洛”系列（全32册）
10583075, 8.5, 1683, 英国病人
1211572, 9.7, 487, 世界文学名著连环画 欧美部分（全十册）
1063401, 8.4, 1889, 精灵宝钻
1506961, 8.4, 1881, 西行漫记
2031604, 8.8, 1161, 离婚
25733467, 9.1, 838, V字仇杀队
11511232, 8.9, 1032, 大师的盛宴
1006770, 8.4, 1858, 卡尔维诺文集（第一卷 上下）
4589142, 9.7, 477, Book
3284547, 9.0, 916, 文心
25985126, 8.6, 1425, 迷宫中的将军
1052178, 8.5, 1603, 走向新建筑
1022914, 9.1, 816, 谈艺录
1779243, 8.9, 1005, 摄影构图学
2363834, 8.8, 1121, 春秋大义
1135754, 8.1, 2686, 你的灯亮着吗?
1083882, 8.5, 1584, 白先勇经典作品
1912993, 9.2, 733, 海蒂
1137244, 9.1, 808, 判断力批判
1253292, 9.1, 798, 老子今注今译
2301377, 9.2, 721, 玛法达
1825855, 8.8, 1088, 荒原
1076426, 8.8, 1086, 世界美术名作二十讲
6744648, 8.8, 1085, 与拉玛相会
24283160, 8.6, 1358, 间客
2295122, 8.4, 1726, 卡门
1486619, 8.3, 1948, 阁楼上的光
1005813, 9.0, 858, 自由秩序原理
19986372, 8.7, 1187, 沉默的大多数
1097835, 8.0, 2891, 名人传
1485625, 9.1, 759, 瑜伽之光
1076280, 8.7, 1154, 第一哲学沉思集
1077196, 8.6, 1291, 蒙田随笔全集（全三册）
1430657, 9.3, 611, 卡夫卡全集（全10卷）
1124895, 9.0, 820, 中国古代建筑史
1921589, 8.9, 910, 周易
1254278, 8.7, 1133, 思想录
3260902, 8.8, 1012, 智慧书
1496360, 8.1, 2402, 建筑空间组合论
24541955, 8.0, 2747, 史玉柱自述
20279665, 9.2, 664, “太空漫游”四部曲
1279212, 7.5, 6017, 十日谈
1040924, 8.1, 2360, 金粉世家（上下）
1251839, 8.6, 1247, 权力意志
26598807, 9.0, 800, 人鼠之间
20470849, 8.3, 1789, 神的九十亿个名字
1013488, 9.0, 798, 论犯罪与刑罚
1110934, 8.7, 1100, STL源码剖析
1144385, 7.8, 3612, 镜花缘
1051097, 8.7, 1099, 我们时代的神经症人格
1394250, 8.8, 982, 荒原
1093098, 7.8, 3582, 爱玛
2125973, 9.3, 586, 心理学导论
5921802, 7.6, 4873, 邮差总按两遍铃
1027767, 8.2, 1986, 时间的女儿
1027030, 8.4, 1504, 常识
1707050, 9.1, 690, 狭义与广义相对论浅说
1005255, 9.3, 569, 博尔赫斯文集
1075371, 8.7, 1049, 马丁・伊登
1707158, 9.4, 516, 微积分学教程（第一卷）
1084471, 8.4, 1486, 管理学
2282946, 7.8, 3392, 直面内心的恐惧
3689168, 9.1, 683, 社会学
1809150, 8.4, 1473, 公众舆论
1683152, 9.6, 429, 费恩曼物理学讲义 第3卷
3296317, 9.1, 678, 编译原理
1398461, 8.7, 1031, 梁实秋散文
26285194, 9.1, 672, 故事新编
2050779, 8.3, 1648, 魔山
24107596, 8.0, 2464, 神经漫游者
1684863, 9.5, 459, 费恩曼物理学讲义（第2卷）
24089492, 8.8, 906, 恶童日记（珍藏纪念版）
1034653, 8.8, 899, W概
1182890, 8.4, 1417, 严厉的月亮
2032523, 8.5, 1233, 失乐园
1000251, 9.0, 713, 王尔德全集
25851002, 8.1, 1995, 世界微尘里
1911687, 7.4, 5830, 厚黑学
1883349, 8.3, 1499, 永别了，武器
1496384, 8.2, 1696, 图解思考
1455274, 9.1, 615, 园冶注释(第二版)
1087547, 8.5, 1168, 理解媒介
1441980, 9.0, 678, 特朗斯特罗姆诗全集
1437488, 9.2, 557, 群魔
2174410, 8.2, 1664, 名利场
1203421, 9.3, 499, 王阳明全集（全二册）
1051314, 9.0, 663, 钢琴师
4311472, 8.4, 1277, 后来的事
3117247, 9.0, 658, 中国古代思想史论
5913475, 8.2, 1628, 高难度谈话
1179807, 8.8, 803, 计算机网络
3722967, 8.3, 1424, 人生十论
1469028, 9.4, 442, 文x（全六裕
1067592, 8.7, 872, 要塞
26692468, 8.6, 974, 智识分子
2127498, 9.5, 402, 罗念生全集：第二卷：埃斯库罗斯悲剧三种、索福克勒斯悲剧四种
1077833, 8.7, 869, 形而上学
1027002, 8.6, 967, 被欺凌与被侮辱的
4843454, 9.2, 521, 坛经
1137246, 8.6, 961, 就业、利息和货币通论
1247769, 8.6, 952, 家庭、私有制和国家的起源
1223897, 9.1, 564, 实践理性批判
1880825, 8.2, 1528, 希腊神话
1064101, 8.7, 841, 中国哲学史（上下）
2009914, 8.8, 755, 为权利而斗争
1274953, 8.7, 825, 伦理学
4891108, 8.4, 1160, 爱伦坡惊悚小说全集
26689989, 8.0, 1926, 余罪2
1214303, 8.8, 735, 韩非子
1440146, 9.0, 597, 给教师的建议
1331454, 8.7, 803, 西方正典
1125026, 8.9, 650, 毛泽东选集 第二卷
1321790, 8.1, 1636, 华氏451
1006624, 8.4, 1119, 孟子g注
1037148, 8.9, 643, 社会分工论
2064688, 8.3, 1255, 异乡异客
1083317, 7.8, 2460, 北回归线
26435630, 9.4, 398, 经济学原理(第7版):微观经济学分册+宏观经济学分册(套装共2册)
1690728, 8.8, 703, 沈从文精选集
1971678, 9.3, 432, 国家间政治
26591906, 8.3, 1229, 浮生梦
3092897, 9.1, 516, 政治学说史（上卷）
19952400, 9.4, 393, 算法（第4版）
1130500, 9.3, 429, 计算机程序设计艺术（第1卷）
1012189, 8.9, 624, 柳林风声
3043970, 8.4, 1065, 漫步华尔街
1792474, 9.1, 507, 易卜生戏剧集（三卷）
1071384, 8.5, 936, 物种起源
3126411, 8.9, 609, 与社会学同游
2364762, 8.7, 744, 唐璜（上下册）
2036569, 8.2, 1324, 愤怒的葡萄
4199741, 8.5, 924, 代码整洁之道
1031354, 8.0, 1711, 死魂灵
3117249, 9.0, 544, 华夏美学・美学四讲
1174722, 7.9, 1959, 太阳照常升起
12404751, 8.6, 819, 遥远地球之歌
1160320, 8.8, 660, 政治学
1007459, 8.5, 913, 怎样选择成长股
3327495, 8.3, 1148, 万有引力之虹
14439405, 8.9, 593, 哲学的故事
1073143, 8.8, 655, 美学(第一卷)
25776456, 8.7, 722, 老味道
26383997, 9.1, 484, 天国降临
2042631, 7.9, 1899, 弗兰肯斯坦
1781451, 8.7, 716, JAVA 2核心技术 卷Ⅰ
1039809, 8.1, 1444, 草叶集
26778494, 9.2, 434, 大哥（下）
2999785, 8.6, 783, 塔木德
1391207, 8.8, 629, 计算机网络（第4版）
26110579, 7.6, 2862, 暗店街
3852290, 9.0, 510, 现代操作系统（第3版）
1322324, 8.8, 620, 思想史研究课堂讲录
2271222, 9.1, 458, 鬼谷子（第二版）
1916533, 8.8, 612, 毛泽东选集 第五卷
2130743, 9.0, 501, 离散数学及其应用（原书第5版）
1447232, 9.5, 320, 伤寒论
4917220, 9.3, 379, 楚辞
2201479, 9.4, 347, 概率论与数理统计
1042006, 9.3, 378, 十九世纪文学主流（共六册）
1373788, 8.2, 1186, 玩偶之家
1425950, 9.1, 451, 线性代数及其应用
1580461, 8.8, 603, 园林景观设计：从概念到形式
26857095, 8.7, 668, 只因暮色难寻
1077621, 8.8, 602, 毛泽东选集 第三卷
2115906, 9.1, 450, 周易译注（全二册）
26610864, 8.1, 1339, 浮生六记
1001013, 8.8, 598, 杨绛散文
1230095, 9.4, 342, 数学分析原理
1435909, 8.6, 729, 竞争战略
1878495, 8.6, 729, 拜伦诗选
1881837, 8.1, 1263, 三言二拍
3117898, 8.7, 624, Python源码剖析
1242927, 9.7, 251, 英国文学名篇选注
1507315, 9.0, 452, 自然哲学之数学原理
1017334, 9.0, 451, 没有个性的人
2335844, 9.1, 407, Margin of Safety
1091964, 9.0, 443, 路易・波拿巴的雾月十八日
1018881, 9.0, 442, 穆旦诗全集
26354200, 8.9, 486, 华杉讲透孙子兵法
1098639, 8.3, 917, 纯真年代
1870212, 9.0, 439, 宗教生活的基本形式
1550704, 9.2, 364, 法律思维与民法实例
3788397, 8.5, 724, 豺狼的日子
3063888, 8.5, 720, 我的广告生涯&amp;科学的广告
1185912, 8.4, 803, 变形记
1173548, 9.0, 430, 程序设计实践
1931769, 9.1, 391, 心理学
1465419, 8.5, 704, 资本主义与自由
1075540, 8.8, 512, 拉奥孔
1507657, 9.2, 352, 小山词
1017213, 8.4, 778, 金融学
2191536, 9.1, 384, 资治通鉴-(柏杨白话版)(全九辑三十六册)(双盒装)
6006497, 8.6, 618, 诸神的微笑
1082601, 7.6, 2166, 羊皮卷
24380079, 8.5, 684, 怎样征服美丽少女
4924165, 9.5, 269, CLR via C#
2170030, 8.0, 1225, 白鲸
3249247, 8.9, 447, 高观点下的初等数学
24935031, 9.3, 310, 战争与和平
1492433, 8.1, 1041, 建筑的复杂性与矛盾性
1051659, 8.9, 435, 我与你
1002958, 8.7, 529, 战争论（全三卷）
1767120, 9.0, 396, 深入理解LINUX内核
2059252, 9.5, 258, 力学
1725606, 8.9, 433, 几何原本
1037121, 9.3, 301, 寒柳堂集
24944340, 8.5, 639, 尤比克
3465962, 8.9, 418, 素书
1048047, 8.5, 621, 风沙星辰
1072015, 9.1, 344, 人间喜剧 第一卷
1102235, 8.4, 682, 机器学习
10734881, 9.1, 341, 曾文正公嘉言钞
3795033, 9.0, 367, 数学天书中的证明
26745030, 8.8, 438, 陌生女人的来信
1056164, 9.0, 363, 慈禧全传(六卷八册)
25789686, 8.3, 729, 相遇
1231399, 9.2, 300, 托马斯微积分
26889848, 9.1, 323, 山海经全译
1913066, 8.8, 425, 市场营销原理
25779152, 8.3, 715, 超级符号就是超级创意
26289739, 8.0, 1023, 误入浮华
3816895, 8.1, 903, 雪崩
1266269, 8.1, 900, 建筑十书
26043287, 8.0, 1001, 我的拖延症女友
26852275, 8.7, 456, 好妈妈胜过好老师2:自由的孩子最自觉
1045934, 8.7, 455, 幻灭
1427527, 8.7, 455, 竞争优势
1789444, 8.4, 621, 第三次浪潮
1086444, 7.5, 1976, 沉沦
1083090, 9.3, 261, 杨绛文集（共8卷）
1087767, 9.1, 307, TCP/IP详解 卷2：实现
26303520, 9.0, 334, 婚姻的意义
1276771, 8.1, 846, 政府论（上篇）
3922162, 8.2, 749, 认识商业
2042167, 8.1, 838, 无名的裘德
1400697, 8.0, 944, 古兰经
5394453, 9.0, 325, 历史是造物主写的小说 第一部
26579966, 8.6, 473, 医生的修炼
26770145, 8.5, 523, 菊与刀（精装插图版）
4902836, 8.7, 426, 王小波小说全集：白银时代 2010 黑铁时代
1927487, 7.7, 1363, 乌托邦
2893591, 8.5, 520, King
1157145, 8.7, 423, 建筑模式语言（上下）
26872990, 7.8, 1177, 余生，请多指教
1096216, 8.8, 377, C++语言的设计和演化
2282706, 8.9, 342, 智囊全集
1016827, 9.1, 286, 阿西莫夫最新科学指南（上下册）
26390426, 8.3, 623, 比利战争
1021977, 8.0, 883, 思考致富
1525734, 8.8, 373, 德意志意识形态
1025808, 8.5, 498, 梦溪笔谈
10740958, 8.8, 370, 剑桥中国史（全十册）
1448343, 9.6, 190, 奈特人体解剖彩色图谱
1001356, 9.2, 256, 世界文明史(全24册)
2036573, 7.6, 1455, 儿子与情人
4711466, 8.1, 756, 培根随笔
1843508, 9.1, 276, 管理：使命、责任、实务（实务篇）
1211972, 8.5, 481, 博弈论
2308234, 8.5, 481, CSS权威指南（第三版）
3381387, 8.9, 325, 论持久战
1895965, 8.6, 431, 鬼谷子
1002562, 8.7, 388, 论道德的谱系 善恶之彼岸
3223719, 8.2, 652, 围炉夜话
3092871, 8.3, 581, 欧洲：一堂丰富的人文课
1858493, 7.8, 1055, 虹
5355285, 8.4, 519, 编程人生
1290969, 8.8, 347, 民主主义与教育
26639786, 8.1, 699, 舍得，舍不得
2185235, 8.5, 446, 历史是什么?
1949061, 8.6, 401, 不合时宜的沉思
25881855, 8.5, 439, 大教堂与集市
1959134, 8.1, 666, 中国皇帝的五种命运
26931701, 8.9, 295, 长安十二时辰
26318808, 7.5, 1446, 我的脖子让我很不爽
25844463, 8.8, 320, 摩根财团
25736982, 9.4, 192, 菲利普・迪克作品集（全5册）
4275052, 8.1, 646, 九型人格
3746915, 9.6, 163, 资治通鉴
2110638, 9.3, 202, 计算机组成与设计硬件/软件接口
1012929, 9.2, 218, 二十四史
25929667, 7.6, 1171, 你是我学生又怎样
3117248, 8.5, 404, 中国近代思想史论
4279678, 9.2, 215, C语言程序设计
3874395, 8.9, 273, 思想的力量
3864464, 8.3, 479, 我圻^，所以我活^
1205778, 7.7, 970, 睡美人
26266067, 8.9, 265, 重返美丽新世界
26773323, 9.1, 223, 莫泊桑短篇小说精选
1484018, 8.9, 263, 中兴百货广告作品全集
1761114, 8.9, 261, 物理学的进化
1281343, 9.3, 188, 微积分和数学分析引论（第一卷）
3788399, 9.7, 138, 复分析
1074178, 9.0, 233, 经济分析史（第一卷）
10488580, 9.0, 231, 鬼谷子
1017267, 8.7, 296, 伊甸之东
25803529, 9.3, 177, 现代英文选评注
1084385, 9.1, 205, 川端康成小说经典（全三册）
1161117, 8.2, 466, 股市趋势技术分析
7064456, 8.4, 376, 研究之美
26866300, 9.1, 200, 光芒纪・微光
1758926, 8.4, 373, 南方与北方
1588297, 9.0, 215, 统计学
5907515, 8.3, 410, 浮云
1929984, 8.4, 367, 数据库系统概念
25843055, 9.1, 196, 花花朵朵坛坛罐罐
6851810, 8.5, 332, 作家之旅
1778062, 8.9, 229, 荣格文集
1054762, 9.0, 207, 实践与反思
4766916, 8.6, 285, 爱默生随笔
1419432, 8.0, 525, 熵：一种新的世界观
1951395, 8.5, 302, 科学管理原理
1852515, 9.1, 169, 计算理论导引
1230328, 9.0, 182, 数学（第一卷）
2116353, 9.3, 144, 不列颠百科全书（全20卷）
4259311, 9.3, 144, 章太炎说文解字授课笔记
1597252, 9.2, 155, 二十四史全译1-88
4201552, 7.8, 586, 用户体验草图设计
26805297, 7.5, 857, 我必须恋爱的理由
26856953, 7.7, 633, 夏目友人帐
1020427, 8.6, 244, 爱与意志
10829270, 8.3, 324, 法的门前
1123668, 7.8, 553, 圣诞欢歌
26892962, 9.9, 91, 声律启蒙：注音朗读版
25911858, 8.3, 313, 我们能做什么
5392437, 9.2, 144, 魏晋南北朝隋唐史三论
1626467, 9.3, 133, 民法学说与判例研究
1499645, 9.5, 113, Essays of E. B. White
1463225, 8.3, 300, 快乐之道-游戏设计的黄金法则
3629804, 9.3, 129, 概率论沉思录
1954037, 9.5, 112, 计算机体系结构
10773248, 8.6, 223, 无条件养育
3268426, 8.3, 291, 洁净与危险
6535063, 9.8, 90, 堂吉诃德
1116325, 8.6, 217, 人类理解论（上下）
26904479, 8.1, 349, 余罪7
26924424, 9.1, 143, 喜欢我也没关系
26716260, 8.1, 345, 中国文学史
26791320, 8.5, 233, 哇，历史原来可以这样学1
1066217, 7.8, 469, 坎特伯雷故事
25833271, 9.0, 150, 萧红全集（精装・全5册・插图本）
1042938, 9.3, 120, 礼记集解（全三册）
23780616, 8.8, 175, 一个悲观主义者的积极思考
25828065, 8.6, 206, 中国政治二千年
26666471, 7.6, 585, 夜空最亮的星
26780911, 9.0, 148, 大哥（上）
1419377, 9.3, 118, 利息理论
26883132, 8.9, 155, 英格兰简史
4169488, 7.7, 490, 思维导图系列丛书（全五册）
26775412, 9.0, 140, 最朴素的生活和最遥远的梦想
20537674, 9.2, 118, 先知三部曲（全新插图修订本）
10775812, 8.4, 223, 远行
19894466, 8.3, 244, 爱情笔记
5432475, 8.7, 170, 穿越计算机的迷雾
1918325, 8.6, 183, 荒凉山庄
24749903, 8.3, 234, 世界是数字的
26775414, 8.9, 140, 茶，汤和好天气
26720841, 9.2, 112, 犹太人的故事
1317853, 8.8, 151, 斯特林堡文集（全五册）
1787103, 9.1, 120, How to Design Programs
3406939, 9.0, 126, 编程精粹
1066957, 8.1, 274, 罗织经
1433163, 8.9, 131, 星・雪・火
1159177, 8.4, 197, 高效程序的奥秘
25953656, 7.4, 573, 写真的话
10830940, 9.0, 120, 法式西餐制作大全
3425159, 9.3, 97, 数学的统一性
25723773, 9.1, 111, 柏拉图对话录
23238604, 9.4, 90, 莎士比亚悲剧喜剧全集・朱生豪译（全5册）
26742636, 9.0, 117, 鸟人
26896979, 8.8, 136, 嫡谋
1077506, 8.5, 170, 书写与差异（上下）
19973015, 9.8, 68, Operating Systems
2185076, 8.9, 121, 计算机系统概论
26284463, 9.0, 108, 皮特猫
26897494, 9.4, 82, 香初上舞
26673156, 7.8, 304, 关于山本耀司的一切
11636270, 8.4, 165, 最简单的小户型收纳整理术
1058634, 8.6, 139, TCP/IP详解 卷3：TCP事务协议、HTTP、NNTP和UNIX域协议
1684020, 9.1, 95, 数学分析
2152385, 9.0, 100, 程序设计语言
26534892, 8.2, 184, 未来的序曲
26847177, 8.9, 103, 猎魔人4：轻蔑时代
26919794, 10.0, 51, 现在就是最好的时光
26470077, 9.1, 87, 西尔斯亲密育儿练习手册
26281317, 8.2, 173, 群魔
10566123, 8.3, 158, 山海经
26883681, 9.7, 59, 至简中国史
26261036, 9.6, 62, 生命之灵
11612052, 8.3, 155, 路边野餐
26847644, 8.9, 96, 苏东坡传
26304954, 9.5, 64, 存在主义心理治疗
1023494, 7.8, 235, 罗马史（第一卷）
7015176, 8.0, 192, 管理的常识
4175522, 9.1, 77, 概率导论
2180422, 8.3, 140, 营销想象力
4733982, 8.3, 139, 轴心时代
25923082, 9.3, 66, 万物运转的秘密
26662988, 8.2, 148, 我明白你会来，所以我等
7052007, 8.6, 104, 心理学入门
1429901, 9.2, 67, 财务会计教程
26268737, 8.2, 140, 西尔斯橙色亲子课
26394906, 8.0, 165, 凤囚凰 漫画壹
6913349, 7.1, 442, 巴黎女人的时尚经
21325488, 9.3, 61, 俄国文学史（上下卷）
1449168, 9.1, 69, Photoshop设计师圣经
6801878, 9.1, 69, 宇宙密码
3119865, 9.5, 54, 物理学的概念与文化素养
7061949, 9.6, 51, 数学指南
26328513, 7.7, 211, 零伯爵
19977973, 8.8, 81, 空间・时间・建筑
25815890, 9.8, 43, 费曼物理学讲义 第一卷
26825931, 9.1, 62, 一曲终了
25827282, 9.1, 60, 悉德・菲尔德经典剧作教程
25900181, 8.9, 67, 宝宝圣经：怀孕・分娩・育婴图解大百科（白金修订版）
26775415, 9.2, 55, 到山中去
26878059, 9.5, 46, 人若犯我（全二册）
21268040, 8.8, 70, 竞逐富强
26710589, 8.4, 91, 落花生
3111282, 8.7, 72, 世界的逻辑构造
26586598, 8.8, 63, 性能之巅
10763915, 8.5, 72, 情人的礼物
26915101, 8.6, 67, 桃花尽处起长歌
25776301, 9.1, 48, 我们的经典
25836383, 7.7, 133, 真相
11614503, 9.4, 39, 20世纪中外散文经典
26804200, 8.6, 63, 希姆莱兄弟
4909050, 8.4, 71, 半轮黄日
26827391, 8.6, 60, 如何应对愤怒的公众
26584140, 8.1, 86, 民国清流1
26889498, 8.9, 48, 小确幸不如大欢喜
26260066, 8.5, 62, 没有你的天堂
26919754, 9.1, 42, 当下的你，最好的你
26281301, 8.8, 50, 和繁重的工作一起修行
26688714, 8.0, 84, 记忆里，微笑的你
26836228, 8.4, 62, 江山美人谋・终章
26793124, 9.0, 41, 区线与环线
26294139, 9.3, 34, 大^t牵C卷）
21354012, 8.8, 44, 何藩 昨日香港
26825412, 9.2, 34, 认识乐理
26775411, 8.6, 46, 祝，一切安好
26791537, 8.2, 59, 心静的力量
26878042, 9.1, 33, 等待电影的日子
26869237, 9.3, 29, 人间词话
26847843, 8.0, 64, 等待提拉米苏
26863470, 9.3, 28, 力量训练基础
26763167, 8.1, 57, 狼的恩赐
24887735, 9.6, 23, 和平与战争
26337354, 8.0, 56, 像哲学家一样思考
26358383, 9.0, 27, 艺术史
26779398, 9.6, 20, WKW
26590893, 8.5, 33, 论历史与故事
26878562, 9.0, 25, 人之初
26828061, 8.9, 26, 遗忘在乡下的植物
26781143, 7.8, 47, 全世界只有一个你
26832468, 8.5, 29, Go语言学习笔记
26833437, 8.3, 32, 凯尔特人・三巨头传
26910362, 8.8, 22, 此刻花开
26918931, 8.3, 28, 彼得兔
26787112, 7.7, 41, 那些细碎却美好的时光
26921237, 8.7, 22, 果壳里的一百五十九个宇宙
25848086, 8.4, 25, 春秋左传精读
26866433, 7.4, 48, 不期而遇的温暖
26913479, 8.4, 22, 华杉讲透《论语》
26920090, 9.2, 13, 问题之书
26812051, 8.4, 18, 假如海洋空荡荡
26769766, 8.0, 22, 开封奇谈.3
26895865, 8.4, 16, 线下社交：网络之外，才是真正属于你的圈子
26916804, 9.3, 11, 开封奇谈.4
26892737, 8.9, 12, 亚辛的世界
26914106, 7.8, 19, 醉流年
26835556, 8.0, 12, 生死民主
26923543, 8.0, 12, 现代欧洲史（全6卷）
26896093, 8.1, 11, 坐拥书城意未足
