2017-01-23 16:17:59
Tag: 绘本
The number of books: 983 

ID, rating, votes, title
1066462, 8.4, 69225, 向左走・向右走
3554154, 9.0, 23091, 阿狸・梦之城堡
11622283, 9.2, 13028, 滚蛋吧!肿瘤君
4714734, 8.4, 42969, 这些都是你给我的爱
1358873, 8.5, 34799, 月亮忘了
3014576, 8.4, 40666, 陪安东尼度过漫长岁月
3665874, 9.0, 14628, 星空
1431836, 8.6, 25623, 我的路
1433640, 9.3, 8894, 猜猜我有多爱你
1346815, 8.4, 33796, 一人住第5年
1056733, 8.3, 38739, 地下铁
2361768, 9.3, 7910, 爷爷变成了幽灵
2131415, 8.8, 13533, 我的路2
1021847, 8.5, 21139, 我的心中每天开出一朵花
2067299, 8.8, 12471, 我的路4
1819974, 8.7, 14105, 我的路3
5395407, 8.9, 9777, 阿狸・永远站
1358413, 8.5, 17333, 我只能槟惝一小卡片
1257365, 8.9, 9351, 活了100万次的猫
3128104, 9.0, 7902, 游园惊梦
26602392, 8.8, 9559, 你今天真好看
1049354, 8.5, 15068, 又寂寞又美好
1026035, 9.1, 6276, 你看起来好像很好吃
3699108, 8.7, 10854, 我的错都是大人的错
1033190, 8.8, 8458, 失落的一角
3316422, 8.9, 7268, 猫国物语
11527101, 8.5, 12361, 这些都是你给我的爱2
4071859, 9.3, 4072, 我在伊朗长大
3897928, 8.8, 7645, 我的路5
1059937, 8.4, 13452, 微笑的鱼
2251434, 9.0, 5560, 被爱路过
2171321, 8.4, 12903, 找死的兔子
1336968, 8.4, 12382, 一人上|京
5366275, 8.4, 12080, 我怎样毁了我的一生
5363752, 8.5, 10054, 哥斯拉不说话
3822879, 8.8, 6242, 躲进世界的角落
1056868, 8.5, 9458, 河童旅行素描本
1061367, 8.4, 10763, 幸运儿
1758767, 8.2, 14666, 人气绘本天后高木直子作品典藏（全6册）
4780102, 8.4, 10131, 一个人住第9年
1030200, 8.9, 4759, 失落的一角遇见大圆满
1032645, 8.6, 7209, 窥视印度
1367964, 8.2, 13268, 布瓜的世界
1761056, 8.3, 10728, 蓝石头
6387054, 8.6, 6690, 一个人住的每一天
1079680, 8.7, 5639, 你今天心情不好吗？
6114392, 9.1, 3175, 奈良美智横滨手稿
1905830, 8.7, 5212, 风色四叶草
1031575, 8.1, 12773, 听酌壮歌
1907739, 8.6, 5842, 当世界年纪还小的时候
1026686, 8.3, 9130, 履历表
2070012, 8.2, 10654, 一个人的第一次 第一次一个人旅行
4906101, 8.4, 7667, 一个人旅行2
1059503, 9.1, 2950, 爱心树
1769765, 9.2, 2486, 我在伊朗长大1
2258803, 8.3, 7788, 一人去旅行
3774884, 9.1, 2585, 子猫絮语
2150240, 8.8, 3758, 我讨厌妈妈
26755503, 8.9, 3177, 我可以咬一口吗
1003148, 8.3, 7274, 遗失了一只猫
3108835, 9.0, 2646, 让爱点亮
1026411, 8.2, 7428, 你们 我们 他们
25775445, 8.9, 2802, 睡不着：Tango一日一画
1780565, 8.2, 7332, 一人的第一次
26647054, 9.2, 1942, 小王子（纯美珍藏绘本）
5038394, 8.8, 3127, 踮脚张望1
2123957, 8.2, 7172, 绝对小孩
5243268, 8.5, 4509, 走向春天的下午
1769767, 9.3, 1664, 我在伊朗长大2
2980812, 7.8, 13338, 踮脚张望的时光
1434525, 8.2, 6814, 记得
5940434, 8.3, 5754, 一个人的美食之旅
1887754, 8.3, 5731, 失乐园1
1436586, 9.1, 2006, 你真好
3089661, 9.1, 1984, 永远永远爱你
1781300, 8.5, 4102, 玛塔
3887826, 8.1, 7411, 我兔斯基你
1769769, 9.2, 1680, 我在伊朗长大3
6007431, 8.4, 4506, 我不是完美小孩
1963312, 8.4, 4470, 失乐园Ⅲ：秘密花开了
1769773, 9.2, 1606, 我在伊朗长大4
1397331, 8.9, 2245, 爷爷一定有办法
5252666, 8.8, 2522, 一个人漂泊的日子2
6392683, 8.6, 3230, 小星星通信
2121010, 8.8, 2463, 我妈妈
2117875, 8.8, 2457, 我爸爸
1441707, 8.2, 5538, 小蝴蝶小披风
2117871, 8.8, 2426, 大卫，不可以
6114393, 8.1, 6386, 大家都有病
10553760, 8.9, 2132, 时光电影院
2271582, 8.4, 3867, 又来了，找死的兔子
3449759, 8.3, 4442, 一个人漂泊的日子①
4225582, 8.6, 2937, 寂地
1475048, 8.0, 6965, 150cm Life 2
1932866, 8.5, 3304, 失乐园2
26376603, 8.1, 5861, 秘密花园
3608170, 8.0, 6775, 我想吃一个小孩
4060362, 9.1, 1548, 猫城小事
3227126, 8.2, 4882, 30分老妈
6391328, 9.0, 1711, 踮脚张望2
1463767, 8.9, 1882, 画夜
6731566, 8.6, 2709, 一个人去跑步
1013001, 7.9, 7455, 森林唱游
1072126, 9.1, 1465, 我是霸王龙
1049190, 8.1, 5383, 森林里的秘密
1821232, 8.5, 3026, 谢谢你毛毛兔，这个下午真好玩
2969420, 9.5, 950, 抵岸
6392685, 8.2, 4532, 奈良美智・用小刀划开
2117872, 8.9, 1750, 花婆婆
26695174, 9.0, 1553, 灯塔
2977174, 7.8, 8137, N.世界
2120339, 8.6, 2494, 是谁嗯嗯在我的头上
1448645, 8.8, 1933, 鳄鱼怕怕牙医怕怕
3376905, 8.5, 2759, 绝对小孩2
26469245, 9.6, 801, 松风
1899006, 9.1, 1326, 我想去看海
1462981, 8.8, 1859, 绘羽
1937939, 8.3, 3496, 河童杂记本
3181927, 7.6, 10287, 大便书
6784859, 9.3, 1020, KYLOOE・忧郁的蜻蜓
1433568, 8.9, 1567, 逃家小兔
10426209, 8.8, 1759, 我的路6
5400559, 8.5, 2365, 飞翔的猫
2040056, 8.3, 3072, 150cm Life 3
4251473, 8.6, 2069, 手绘的奇思妙想
2970121, 9.0, 1276, 酌作10年精x
3770707, 8.4, 2600, 恋之风景
26314627, 8.9, 1391, 万物：创世
3440557, 8.5, 2247, 亲爱的沙皮
4072044, 8.1, 3843, 微笑的咖啡杯
4175411, 8.9, 1369, 象背2 交接
10555399, 9.0, 1215, 踮脚张望3
5269920, 8.6, 1935, 30分老妈 2
2118032, 8.2, 3284, 窥视工作间
3106707, 8.9, 1348, 好饿的毛毛虫
4097264, 9.0, 1198, 小兔彼得和他的朋友们（全3册）
5254259, 8.5, 2127, 卯个人
2044295, 8.3, 2750, 土耳其手绘旅行
5940493, 8.6, 1826, 世界e槲心
4846547, 8.7, 1617, 北海怪兽
3854484, 8.8, 1436, 这是爱
1808220, 8.9, 1276, A Box of Bunny Suicides
6844341, 7.6, 7836, 牡蛎男孩忧郁之死
1064880, 9.2, 917, 麦兜・微小小说
1212507, 9.1, 1011, 麦兜・尿水遥遥
2123287, 9.3, 822, 小熊宝宝绘本（全15册）
20435633, 9.2, 900, 小艾，爸爸特别特别地想你！
5383175, 8.7, 1557, 童年与故乡
2265160, 8.6, 1733, 我的家在西双版纳
1440992, 8.2, 2917, 一天
1053249, 8.7, 1511, 一点巴黎
1781120, 7.8, 5192, 可不可以不要上班
2970118, 8.8, 1272, 酌坠适碌拈_始
1486658, 9.2, 829, 奥菲利娅的影子剧院
2330383, 8.4, 2041, 一日江户人
3654631, 8.0, 3424, 琥珀
4173369, 8.7, 1356, 象背
1211572, 9.7, 487, 世界文学名著连环画 欧美部分（全十册）
24736805, 7.5, 7375, 我所有的朋友都死了
4894562, 8.2, 2458, 微光世界
10574335, 8.5, 1652, 妖绘卷
4809796, 8.2, 2431, 韩国漫画血型书
25960141, 9.2, 741, 地图（人文版）
1055643, 8.9, 1010, 我就是刀刀
2274454, 9.1, 812, 我的爸爸叫焦尼
1438461, 7.8, 4131, 窥视日本
1485268, 9.4, 587, 波隆那插画年鉴.第一辑
1486619, 8.3, 1948, 阁楼上的光
1032369, 9.1, 775, 花卉圣经
1578732, 8.5, 1429, 母鸡萝丝去散步
10527304, 8.1, 2398, 好想回到小时候
6517431, 9.1, 735, 北O熊 café 草莓味
1546437, 8.8, 986, 蚯蚓的日记
1128401, 8.9, 880, 两个人的回忆
2135803, 8.7, 1085, 今天运气怎么这么好
4061279, 9.5, 483, 怪物特e篇：]有名字的怪物
1806300, 8.9, 859, 雪人
10513941, 8.8, 952, 奥托手绘彩色植物图谱
4234598, 9.2, 621, 猫国物语-子猫絮语-猫城小事-全三册
1422017, 8.9, 831, O先生
1959287, 8.6, 1129, 月亮的味道
20435568, 8.7, 1003, 我的路7
20428702, 9.0, 727, 踮脚张望4
2212064, 8.9, 787, 小房子
3554095, 8.9, 777, 疯狂星期二
4149287, 8.9, 772, 好绘本如何好
26371105, 7.8, 3056, 就喜欢你看不惯我又干不掉我的样子
19977313, 8.8, 843, 花乱开
4882050, 8.5, 1178, 竹久梦二：画与诗
3651115, 8.8, 837, 银莲花
2257333, 9.2, 560, 松鼠先生和月亮
2222866, 8.3, 1486, 猫奴契约书
3865644, 8.8, 827, 麦兜响当当
26369210, 8.5, 1154, 黑猫侦探 I：阴影之间
19943826, 8.4, 1295, 找到这颗星球
3240293, 9.2, 548, 7号梦工厂
1963685, 9.0, 659, 流浪狗之歌
25732034, 8.5, 1121, 阿狸・尾巴
6735972, 8.2, 1608, 兔子什么都知道
2188017, 9.0, 648, 铁丝网上的小花
10810687, 8.5, 1090, 一个人的42公里
25373041, 8.7, 869, 我和狗狗的16年
6724537, 8.9, 702, 梦见市
10502507, 8.6, 961, 爸爸的木朵
11537640, 8.4, 1206, 一个人的美食之旅2
1965977, 7.4, 5094, 我的抑郁症
2979054, 8.3, 1354, 动物绝对不应该穿衣服
1145428, 8.7, 850, 我喜欢你
1036763, 8.4, 1194, 这本书
1022788, 9.0, 619, 希望今天遇见你
25934646, 8.6, 942, 咦，被发现了呢
1005312, 8.0, 1931, 开始
3026354, 8.6, 908, 造梦的雨果
1442308, 9.3, 450, 可爱的鼠小弟(1-6册)
2340082, 9.0, 593, 亲爱的小鱼
1902982, 8.8, 724, 獾的礼物
1022582, 8.4, 1131, 瞬间收藏家
5957787, 9.1, 535, 我爱你
20255214, 9.1, 528, KYLOOE 2・绿色隧道
2070128, 9.2, 475, 慰WaC2之⒊鱿愀
6867518, 8.8, 701, 世说新语.八周刊
3215997, 9.1, 520, 饥饿艺术家
20418203, 8.3, 1225, 拥抱
25934300, 8.6, 860, 塞拉菲尼抄本
1264792, 8.7, 768, 色铅笔的散步随笔
1829846, 9.2, 467, 慰WaC1
1478882, 9.1, 511, OH MY GOD! I MISS YOU
25848538, 9.1, 505, 星空
5283661, 8.2, 1346, 绘心・遇见
1026855, 7.8, 2317, 黑白异境
2027835, 8.9, 605, 云朵面包
5914563, 8.1, 1504, 边走边啃腌萝卜
3032391, 8.9, 601, 重庆语文
1288019, 9.4, 378, 波隆那插画年鉴（第二辑）
2120425, 8.6, 821, 小蓝和小黄
6852200, 8.1, 1466, 一个人暖呼呼
1823298, 8.9, 589, If you don&#39;t want to be perfect
2171327, 8.4, 1007, 好饿的小蛇
1025251, 8.6, 800, 屎捞人・浮屎若梦
2309204, 9.0, 528, 小淘气尼古拉绝版故事
7063932, 8.2, 1268, 东京散步
10602301, 8.3, 1111, Nancy的街头印象簿
1049016, 8.7, 704, 戴眼镜的女孩
26589018, 8.6, 783, 别做梦了
4718472, 9.0, 519, 一本关于颜色的黑书
5408863, 8.9, 568, 一点法国
2365261, 8.7, 693, 一年甲班34号
1027602, 8.6, 769, 奢侈、宁静和享乐
10821947, 8.9, 561, 墨涧花
3785949, 8.3, 1074, 梵高奶奶的世界
3283582, 8.8, 611, 大卫上学去
3040952, 8.8, 610, 团圆
10560097, 9.3, 379, 不一样的卡梅拉（1-10册）
6013636, 7.6, 2742, 将爱
26389520, 8.4, 922, 肚子饿万岁
1444555, 8.7, 661, 要是你给老鼠吃饼干
2042511, 8.5, 816, 第五个
4726738, 9.1, 442, 小狐狸买手套
3866325, 9.5, 312, 宇宙不安W暨T小雷LDP本
1063721, 8.6, 726, 清晨
10850970, 8.6, 723, 卜鸟
6745130, 9.0, 468, 馒头日记
5924289, 8.3, 982, 窥视厕所
26662689, 8.8, 568, 画的秘密
26684198, 8.5, 779, 一品芝麻狐
2340058, 8.6, 691, 小黑鱼
2071404, 7.3, 4036, 一个人泡澡
26425832, 9.3, 350, 纸上中洲
5415510, 8.9, 500, 复杂的意味
3792185, 9.1, 414, 卢利尤伯伯
6861897, 8.7, 608, 在重庆
1848181, 8.5, 745, 找海+寻找布烈松
5355666, 8.5, 741, 小国王
2122483, 9.0, 443, 大猩猩
4773507, 9.2, 368, 晚安，大猩猩
1975886, 8.5, 729, 一片叶子落下来
1340590, 8.9, 480, Where the Wild Things Are
3103858, 9.3, 331, 粉末都市
2969273, 9.0, 428, 最喜g的NEARGO
3240421, 8.2, 991, 有猫在
1436584, 8.6, 630, 彩虹色的花
4772537, 8.4, 775, 窥看舞台
3854873, 9.2, 349, 高木直子-八本装-精藏版
3536343, 9.1, 379, 朱家故事
20394889, 7.7, 1864, 妮玛！这就是大学！
23196321, 8.3, 855, 林竹闯关西
2119272, 9.1, 375, 忙忙碌碌镇
3085043, 8.9, 451, 小小恋人
2155060, 8.6, 605, 谁要一只便宜的犀牛
5254318, 9.0, 405, 缝不起来的伤痕童年
1800113, 9.1, 366, 图画书阅读与经典
5363542, 8.2, 928, 绘心
3910853, 9.4, 282, 可爱的鼠小弟(全12册)
5299807, 8.6, 589, 当世界还不存在的时候
1001360, 8.2, 915, 我的另一半
4057800, 8.9, 434, 我等待……
6064336, 8.4, 716, 花花世界
3003684, 8.7, 516, 幸福的种子
4194622, 7.5, 2299, 收纳空白
3437051, 9.3, 296, e的家都]有
6854431, 8.8, 459, 橙子故事
3224618, 8.7, 506, 和甘伯伯去游河
5408850, 8.9, 413, 不简单的生活
1850977, 8.6, 552, 风到哪里去了
1355256, 9.3, 286, pt
3232946, 9.5, 241, Lost and Found
3867627, 9.2, 308, 松鼠先生和第一场雪
3402634, 8.6, 539, 第二本书
10439099, 9.0, 361, 旅之绘本（全六册）
25695703, 8.6, 531, 最好的你，在路上
1779099, 8.5, 584, 月亮，生日快乐
2120228, 8.7, 475, 奥莉薇
26775078, 8.9, 389, 非人哉
2046566, 8.6, 521, 勇气
11587591, 7.7, 1537, 想念你的陌生人
20382023, 8.9, 387, 花・女词
3872850, 7.2, 3323, 心机母女
5038502, 8.4, 638, 作死的发明
4744788, 9.0, 351, 田鼠阿佛
1025623, 8.5, 571, 航空信
5403120, 8.6, 513, 花猫幻语
1811078, 9.2, 293, 带阁楼的房子
4134396, 8.9, 382, 让路给小鸭子
3651087, 9.1, 318, 噼里啪啦系列（共7册）
25709105, 8.8, 416, 革命之路
3529625, 9.2, 290, 爷爷的天使
1027343, 7.6, 1678, 窥看欧洲
1050083, 8.1, 862, 我就喜欢你这样的地方
25728467, 8.5, 549, 一个人的美食跑跑跑
1264793, 8.4, 610, 水彩画的写意生活
4860743, 8.6, 494, 一只狮子在巴黎
1345431, 9.3, 260, 失物招I
5408843, 7.7, 1435, 旅行从客房开始
4744698, 9.2, 280, 点
3111121, 8.9, 363, 黑兔和白兔
2039628, 8.5, 532, 不是我的错
2157589, 8.5, 530, 我不知道我是谁
2340080, 9.0, 327, 小恩的秘密花园
1130002, 8.4, 586, 好好照顾我的花
20491988, 8.9, 352, 亲亲木朵
3299715, 8.9, 351, 蹦!
20279547, 8.1, 805, 花之绘 38种花的色铅笔图绘
3927859, 9.1, 292, 玛德琳
10430786, 9.0, 316, 北O熊 café 芒果味
25920941, 9.1, 289, 踮脚张望5
3211056, 9.2, 265, 阿秋和阿狐
26431217, 8.6, 457, 在江湖
6826632, 8.3, 616, 蜗牛慢吞吞
2120234, 8.4, 552, 三只小猪的真实故事
3240298, 8.8, 365, 三只小猪
3024207, 7.8, 1100, 熟女养成日志
10604035, 9.1, 276, 点点点
26819342, 9.0, 298, 波丽娜
2135572, 8.6, 430, 打瞌睡的房子
3063125, 7.8, 1068, 呼吸的意义
24732965, 8.5, 473, 佛陀与想太多的猪 2
2119381, 9.2, 248, 轱辘轱辘转
1458838, 7.8, 1062, 东京昆虫物语
4730201, 8.6, 425, 有一天
4831326, 8.5, 470, 伊朗手绘旅行
26646733, 9.0, 292, 尾文字鱼
2375997, 8.5, 466, Diary of a Wimpy Kid
5919046, 9.4, 209, 图书馆狮子
1762395, 8.9, 314, 玛塞林为什么会脸红
4055859, 9.1, 263, 森林大熊
4161958, 8.9, 313, sc3
4005745, 8.8, 342, 棕色的熊、棕色的熊，你在看什么？
1958512, 9.2, 238, 长大做个好爷爷
3042252, 8.7, 369, 约瑟夫有件旧外套
5388462, 9.8, 151, The Natural History Book
2340081, 8.7, 367, 月亮，你好吗
3197563, 8.9, 305, 在森林里
2005425, 9.2, 236, 雪雁
5908794, 8.2, 611, 童
10553200, 9.1, 254, 那些蛋疼的日子
24732964, 7.9, 865, 佛陀与想太多的猪 1
25853069, 9.0, 273, 切尔诺贝利之花
1758593, 8.4, 480, 我绝对绝对不吃番茄
4903439, 9.1, 249, 高空走索人
3836303, 8.4, 476, 不语森林
2135567, 9.1, 246, 搬过来.搬过去
3661060, 8.3, 523, 小屁孩日记
2297218, 7.7, 1076, 蚁呓
25939157, 8.2, 579, 吃货的孤单心事
10607714, 8.0, 725, 如何抢救我的神经病
4232373, 8.1, 641, 幸福
3608659, 8.2, 572, 很禽兽
24756462, 8.6, 373, 骑鲸之旅
3712514, 8.6, 371, 抱抱
3121040, 8.5, 404, 爱花的牛
5939303, 9.0, 254, 自己的颜色
25881349, 8.8, 301, 翻开这本小小的书
3664843, 8.9, 275, 我的图画书论
3237608, 8.8, 300, 小威向前冲
2209050, 9.1, 231, The How to be British Collection
6511379, 8.1, 608, 色铅笔的美好时光
6127332, 9.1, 229, 肚子里有个火车站
1449802, 9.2, 211, 有]有穿西b
3429105, 8.8, 296, 月下看猫头鹰
1436583, 8.4, 435, 蚂蚁和西瓜
4265920, 9.3, 194, 形状游戏
3423958, 8.7, 322, 安的种子
10451985, 8.3, 474, 唯墨
5327608, 8.8, 290, 一起玩吧昆虫
5333081, 9.1, 223, 妈妈，买绿豆！
1346697, 9.3, 190, 兔子
1046774, 8.3, 469, 爱是从喜欢开始的
1867361, 9.1, 222, Princesses oubliées ou inconnues...
4817597, 8.1, 582, 型男炼成术
4753975, 8.7, 314, 100层的房子
6518041, 8.4, 417, 空蝉与诗
25720027, 7.8, 818, 19天
11630223, 8.6, 339, 国王先生
3276840, 8.1, 570, 有猫真好
3868217, 9.3, 186, 香港起
1870381, 8.4, 412, 闲情偶拾
4743834, 8.9, 256, 迟到大王
2131751, 8.9, 254, 鳄鱼爱上长颈鹿
4255374, 9.4, 169, 巴巴爸爸的诞生
4322883, 9.3, 182, 宫崎骏原画作品珍藏集
4831327, 8.5, 363, 中亚手绘旅行
4876949, 8.1, 553, 东搬葡萄西班牙之东一脚
10416188, 8.7, 300, 我的影的集
1933497, 8.4, 399, 一只会开枪的狮子
10743136, 8.8, 271, 忘了自己.做回一条狗吧
4831319, 8.3, 435, 土耳其东部手绘旅行
10749876, 9.0, 226, |
3074881, 8.8, 268, 苏菲的杰作
6507880, 8.5, 353, 不睡觉世界冠军
26292675, 9.3, 177, 绘本窗边的小豆豆（全2册）
2050877, 8.8, 266, 大海在哪里
10827841, 8.8, 266, 生命中一年的时光
3224600, 9.0, 224, 外公
4876950, 8.0, 599, 东搬葡萄西班牙之西一脚
1384929, 9.2, 190, ちいさな星通信
6127333, 9.1, 205, 牙齿大街的新鲜事
4848403, 7.8, 746, 一只猫的巴黎晃悠
3224599, 8.8, 261, 艾玛画画
26693898, 8.6, 310, 阿狸・旋木花园
6440709, 8.2, 463, 没创意还敢玩涂鸦
4230583, 9.3, 170, 《There&#39;s a dark dark wood inside my head》
25843810, 8.0, 566, 一个人的幸福手作
3889091, 9.1, 196, 没关系 没关系
3035733, 8.3, 405, 蜂蜜G茶
3545537, 8.5, 331, 隧道
20471312, 8.6, 299, 大自然的艺术
26577096, 9.1, 193, 吉米・科瑞根
3186403, 8.3, 398, 一园青菜成了精
2130688, 8.4, 359, 我喜欢书
25772950, 9.2, 176, 梦中梦
7004113, 9.6, 131, 开车出发（全7册）
26628959, 9.1, 187, 画猫・梦唐
2050878, 8.7, 262, 爸爸、妈妈、我和她
2074254, 7.9, 596, 挖鼻孔真好玩
25872643, 9.1, 185, 不可思议的旅程
26253659, 8.7, 259, 一个人的美食跑跑跑
6965581, 8.0, 522, 白夜森林
10768980, 7.9, 586, 月亮短歌
4003002, 8.9, 216, 你睡不着吗?
2029726, 8.8, 235, 月亮，晚安
5395444, 8.2, 411, 梅雨怪
26832470, 8.6, 275, 独生小孩
2340079, 8.8, 230, 雪花人
2373984, 8.8, 230, 兔儿爷
1962649, 8.4, 332, 向上跌了一跤
2130184, 8.0, 505, 叫醒布拉格
4758385, 8.0, 503, 要么拯救世界，要么滚回家！[英汉对照]
6858624, 9.0, 192, 爸爸，我要月亮
1033434, 8.6, 271, 梦游手记
25803006, 9.3, 151, 这不是我的帽子
3797864, 8.5, 290, 穿靴子的猫
4297683, 9.2, 159, 开往远方的列车
1962648, 8.5, 287, 人行道的尽头
1345430, 8.7, 239, 那天，我用爸爸Q了l金~
3065673, 9.2, 158, 小兔汤姆系列（第二辑）（全十册）
26613906, 8.5, 285, 野生动物在长春・第壹辑
1132688, 7.9, 532, 猫咪建筑家
1782016, 7.9, 522, 飞鸟与鱼
5323842, 7.9, 522, 跟我去香港
3171267, 9.2, 155, 阿黛拉和西蒙在巴黎
4882055, 7.8, 587, 异兽图志
4744792, 9.3, 143, 推土机年年作响，乡村变了
6859532, 9.3, 143, 数字的挑战
1221437, 9.0, 173, 贝贝熊系列丛书（共30册）
10427241, 9.1, 160, 小金鱼逃走了
26690392, 8.6, 242, 出发吧!和爸妈一起!
3227186, 7.5, 808, 我的小煮意
2344973, 9.5, 118, 不可思议的剖面：大城堡
1057552, 8.8, 200, 黄永玉大画水浒
1828907, 7.8, 541, 像猫一样生活
1958518, 9.0, 168, 我永远爱你
25871755, 8.7, 215, PICTURA神笔涂绘（怪物星球、漫游伦敦、巴黎漫步）
2145115, 8.5, 256, 狐狸的神仙
26830134, 7.7, 599, 就喜欢你看不惯我又干不掉我的样子2
4265979, 8.3, 308, 我梦游你梦游
25844595, 8.2, 339, 毕业了，却开始怀念
1417913, 8.5, 253, 厕所大不同
4144288, 8.9, 179, マラソン1年生
3315749, 8.8, 194, 绘卷水浒传
6758609, 8.1, 373, 我喜欢你是寂静的
5402475, 8.7, 210, 地下100层的房子
10563246, 7.7, 587, 跟我去台北
10530984, 8.8, 192, 我要把我的帽子找回来
4087982, 8.9, 175, 尼古拉的三个问题
10766040, 8.5, 244, 一人去跑步
26710042, 9.1, 148, 多莱尔的希腊神话书
4059063, 8.6, 222, 一寸虫
6042356, 9.1, 146, 糟糕，身上长条纹了！
4859498, 8.8, 184, 暗夜
10830085, 9.1, 145, 我们的家・我们的房子・我们的农庄
26845886, 9.1, 145, 野作
6042357, 9.3, 125, 先左脚，再右脚
6527152, 9.3, 125, 敌人
4245043, 7.5, 707, 苏三的花花草草、瓶瓶罐罐
2372854, 9.4, 116, 九色鹿
26429208, 9.5, 108, 猜猜我有多爱你
26924424, 9.1, 143, 喜欢我也没关系
10761530, 9.3, 122, 阿莫的生病日
26762941, 8.7, 193, 一个人的博物馆
3841355, 9.0, 151, 青蛙和蟾蜍（全四册）
4743856, 9.0, 151, 14只老鼠大搬家
4848918, 9.0, 151, 走进生命花园
2381462, 8.2, 305, 世界上最脏最脏的科学书
26383741, 8.5, 229, 和妈妈如影随形的日子
4229584, 7.8, 466, 幸福的料理箱
6837945, 8.3, 274, 突然之城
25810830, 8.1, 334, 第一次一个人旅行
4859499, 8.7, 190, 月之花
1213245, 8.9, 161, 礼拜三的糕饼课
10742687, 8.0, 369, 森林都记得
25842278, 7.6, 585, 奈良美智48个女孩
3572554, 8.9, 159, 臭起司小子爆笑故事大集合
2368819, 8.7, 186, 灶王爷
21817831, 9.0, 146, 世说新语.八周刊-卷贰
26582987, 8.7, 185, 隐世之国
4192120, 8.8, 170, 楼上的外婆和楼下的外婆
3725681, 8.9, 154, 吃书的狐狸
25977301, 8.3, 259, 我只是对人生过敏
2373992, 8.8, 166, 年
25857969, 7.6, 549, 拿不动的世界
26760537, 8.8, 165, 给孩子的动物寓言
1373755, 8.9, 152, Lullaby Supermarket
4823309, 8.9, 152, 自然图鉴（全5册）
1963501, 9.4, 105, 不可思议的剖面――大战舰
3559682, 8.5, 211, 月光男孩
26318944, 7.8, 426, 绘画是一个人的旅行
2814449, 9.3, 111, The Arthur Rackham Treasury
4943558, 9.3, 111, 青蛙弗洛格的成长故事-全12册
25921388, 8.3, 250, 大自然笔记
25712323, 8.5, 207, 一个人的美食之旅(第3版)(高木直子首发10周年纪念版)
26043286, 7.4, 682, 孤单星球
3341029, 9.1, 127, 女巫温妮
6523875, 9.3, 109, 小矮人
20391459, 7.8, 409, 一觉睡到小时候
1216407, 8.9, 145, 阿罗有枝彩色笔
24385080, 8.9, 145, 神奇飞书
4237563, 8.8, 156, 再见，小兔子
4278250, 9.8, 78, Provence Sketchbook
2274208, 8.1, 289, 小熊和最好的爸爸（全7册）
25931391, 8.2, 261, 我们就是世界
10491578, 9.3, 106, 小狐狸阿权
3198418, 8.6, 181, 古利和古拉
24886923, 9.0, 131, 当鸭子遇见死神
26108383, 6.9, 1332, 人生永远没有太晚的开始
2078497, 9.5, 92, 大剖面
10459904, 9.6, 86, 神奇校车-穿越飓风
25827271, 7.4, 626, 吃早餐，彻底改变了我
1901751, 8.9, 138, 星星还没有出来的夜晚
4882042, 8.4, 209, 时间之城
4087901, 9.2, 110, 有你真好
25353939, 7.8, 380, 如果我可以许一个愿望
19941522, 7.9, 338, 跟我去澳门
10539822, 9.0, 126, 夜色下的小屋
26431212, 8.5, 188, 两个人
6859149, 9.4, 94, 字的故事
21357312, 8.1, 269, 新笔记大自然
1145432, 8.5, 185, 告诉我你喜不喜欢
4743857, 9.2, 105, 14只老鼠挖山药
26883964, 9.5, 86, 老街的童话
11628722, 9.3, 98, Building Stories
2154693, 9.0, 121, WE ALL NEED SOMEONE TO KISS US GOODBYE
24839524, 8.9, 130, 四重奏
26825522, 8.9, 129, 生活三部曲：生活的样子
26428611, 9.5, 85, 宫西达也恐龙系列
25761171, 8.8, 139, 骑鲸之旅2
2140639, 9.6, 79, 三才D（全三裕
1383800, 8.9, 127, Nobody Knows
2301075, 9.1, 109, 灰掐
26278402, 8.8, 136, 倾斜的女孩
2157571, 9.1, 108, 在彼此的地图相遇
6890676, 9.3, 94, 11只猫跑马拉松
26590933, 7.9, 301, 如光影常在
5348905, 8.4, 185, 一粒种子的旅行
26654475, 9.1, 106, 节气手帖：蔓玫的花花朵朵
26797183, 8.0, 267, 喵呜，原来你是这种汪
25986415, 9.2, 98, 只是想和自己聊聊天
26740070, 8.6, 153, 我和老爸
25900291, 7.9, 292, 翻白眼吧！温蒂妮小姐。
3679806, 7.7, 363, 减肥侠
3786730, 9.2, 97, 圣诞颂歌
25751679, 8.3, 197, 一点儿北京
26825460, 8.4, 179, 我的世界都是你
1341757, 9.3, 90, 安徒生童话.绘本原画展
3112185, 9.0, 110, 京剧猫之武松打虎
10830082, 9.0, 108, 好安静的书
26284463, 9.0, 108, 皮特猫
2074085, 9.1, 100, A to Z
3884424, 8.9, 115, 料理Da
26890264, 9.0, 106, 不畏风雨
26038580, 9.2, 92, 山姆和大卫去挖洞
10763602, 9.3, 86, 兔子的12个大麻烦
25912268, 8.4, 169, 木朵百睡图
2139539, 9.1, 98, 土|．伊朗手L旅行 (附光碟)
25843217, 8.5, 155, 绘本非常建筑
26711222, 8.5, 155, 一九六：英伦乡野手记
5476602, 8.1, 222, 竹久梦二的童画童话
10511613, 9.2, 91, 高木直子6周年纪念(套装全12册)
26663864, 9.2, 91, 地下水下
10546116, 8.8, 121, 小鸡鸡的故事
4291039, 9.1, 97, 生命的故事
1485295, 8.8, 120, UKIYO
6843974, 8.6, 139, 噗~噗~噗
26352443, 8.7, 128, 诗经名物图
25785763, 7.7, 325, 大家都有病2
25711585, 8.8, 118, 莎拉珊德
6121179, 9.4, 77, 积木小屋
26429888, 8.7, 125, 动物的朋友圈
25831172, 9.0, 100, 我们的夏天比利时
7064584, 7.8, 283, 北欧旅绘日记
10438947, 8.3, 172, 我们都爱桃伯特
25712477, 9.2, 86, 画给喵星人的小情书
26776895, 9.1, 92, 我的收藏
4852033, 8.4, 157, 咖啡馆里的交换故事
26613544, 7.4, 440, 月亮的光是借来的
25829338, 8.0, 226, 真的假的啊？
2988752, 9.3, 80, W赫奇幻地IWA-I
26314736, 8.6, 132, 希腊神话
3876635, 8.8, 113, 大师经典哲学绘本（全四册）
6731180, 9.3, 79, 变焦
25879321, 7.3, 480, 梦想还是要有的，万一实现了呢
3033211, 9.0, 95, 人
26925163, 9.0, 95, 在最好的时候遇到你
5404087, 9.7, 61, 14只老鼠系列
4813673, 7.8, 266, 一期一会好时光
4299484, 8.6, 127, 爷爷的墙
3438645, 7.6, 327, 靠窗的位子
26886428, 8.5, 136, 一个人住第几年？
3449159, 9.0, 93, The Whispering Game and 5 Years of b.wing 2004-2008
5457136, 9.3, 76, Botanical Portraits with Colored Pencils
4767462, 8.8, 107, 蝴蝶・豌豆花
26636873, 8.5, 135, 山海经 精美绘本
26339894, 8.4, 146, 嗨，有人在吗？――月球车玉兔日记
26591755, 9.1, 85, 聪明的渔夫
24883568, 9.0, 91, 最美的上海
4744691, 8.6, 120, 一只奇特的蛋
26266165, 8.7, 111, 圣诞老爸的来信
26835061, 8.7, 111, 扫把的旅行手账
1988145, 9.1, 83, 爸爸的办公室
6438494, 9.1, 83, 彼得兔经典故事集-小兔彼得
5254295, 8.7, 110, 勇敢者的游戏
1808219, 8.3, 152, L本之力
25911585, 8.4, 139, 小店里的招牌猫
26831504, 8.1, 181, 喵呜，来摸
10427244, 8.7, 109, 看，脱光光了！
10461698, 8.5, 127, |京肉肉
7047175, 8.4, 137, 我就是一个人
5043500, 7.8, 239, 比屁股还懒
10761531, 9.0, 86, 格林爷爷的花园
26610688, 8.0, 192, 忘记亲一下
23122734, 7.5, 323, 时光的旅行
3804961, 10.0, 47, 世界童话名著精选
24739135, 8.7, 105, 我在屋长大
2057582, 8.4, 133, 兔本幸子的插教室
25745287, 9.2, 74, 眼
4785052, 7.5, 319, 想太多
10759335, 6.9, 699, 撒旦叔叔给你讲故事
25870860, 8.7, 104, 摩天大战
26435995, 7.9, 205, 魔法森林
4889896, 8.0, 186, 兔本幸子的插画教室
11510806, 8.0, 186, 莳花
3305057, 8.5, 119, Ost trifft West 东西相遇
10354916, 8.2, 153, 我不升职记2
1257611, 9.3, 67, 贺友直画三百六十行
20380111, 9.3, 67, 第一次上街买东西
2216160, 8.8, 93, 跳舞
26267109, 9.0, 80, 雾中的刺猬
4151504, 9.7, 52, The Art of Tim Burton
25816528, 8.4, 124, 小辰光
25713175, 9.3, 65, 梦想家威利
6869070, 7.6, 259, 别放弃，小豌豆
10600143, 8.6, 104, THIS IS米先生的世界旅游绘本・第一季
3876718, 9.6, 54, Paris Sketchbook
3797765, 9.1, 73, 女孩和寒鸦树三部曲
10587474, 8.8, 89, 熊和山猫
6443390, 8.4, 119, S手插
1067994, 9.3, 63, 小仓鼠?毛姆日记1
3704331, 9.2, 67, 你不能带气球进大都会博物馆
25962760, 8.2, 140, 浮生物语大画集
6540216, 9.0, 76, 山居鸟日记（全4册）
20498342, 9.4, 59, 我的家在紫禁城
25786368, 8.2, 139, 甄执叙花列1
11541361, 7.4, 311, 我勒个去
25720629, 8.1, 151, 画笔时光：周小兜手绘日记
6110482, 8.2, 138, 元素生活
10460408, 9.3, 62, 揭秘汽车
26315410, 8.8, 86, 水彩奶奶Cathy Johnson的清新手绘教程
10604012, 9.3, 61, 爱丽丝漫游奇境
25836448, 8.1, 147, 两个闺蜜去清迈
19974155, 9.1, 69, 房子
24295824, 8.2, 134, 共读绘本的一年
26840504, 7.6, 237, 人人都有妄想症
10733645, 8.0, 159, 寂静中的惊奇
26863265, 9.2, 64, 白纸味儿的书
5919044, 9.1, 68, 吃六顿晚餐的猫
6519655, 9.1, 68, 安野光雅数学绘本
21692819, 8.9, 77, 打开绘本之眼
26710254, 8.1, 143, 憋说话，吻我
25905020, 7.6, 232, 花花果果枝枝蔓蔓
26260642, 8.8, 82, 岩崎千弘绘本经典系列（全三册）
4776487, 7.5, 255, 爱情想太多
5406991, 8.8, 80, 草莓
26681602, 8.6, 92, 作死的兔子大全集
10732336, 9.0, 69, 凯迪克与凯特・格林威图画书精选集
26834939, 9.0, 69, 生活三部曲：美好的生活
26435202, 8.6, 91, 幸福是……：500件关于快乐的小小事
25887385, 8.1, 133, 我想你了，爸爸
6953246, 9.1, 63, 剑桥艺术学院童书插画完全教程
26832895, 9.1, 63, 生活三部曲：生活的意味
10809718, 8.5, 95, 我爱幼儿园
26774472, 8.1, 131, 睡了吗？摘颗星星给你
6989974, 7.3, 293, 咖啡狂的笔记本
25919839, 9.4, 52, 谁拿了红苹果
21361892, 8.2, 119, 植物绘
2379696, 8.0, 141, 伯母好!我是你鹤拥哪信笥
26835060, 8.6, 86, 瓜几拉的旅行手帐
19954650, 9.1, 61, 日本古店的手L旅行
26390070, 8.9, 69, 极地重生
26657288, 9.2, 57, 想太多的猪8
26770916, 7.2, 318, 毛茸茸
26591167, 7.9, 150, 窝在角落好安心
4604035, 8.7, 78, 可爱的身体
11622712, 9.3, 53, 2012宫崎骏手稿原画珍藏集A+B 1968～2012
2236230, 9.2, 56, 不可思议的大自然
6859534, 9.0, 63, 颜色的世界
21778174, 8.4, 95, 北冥有鱼
26597979, 9.2, 55, 梁山伯与祝英台
5916926, 8.5, 87, 不要随便摸我
26606726, 8.5, 87, 想太多的猪7：这才是我呀！
26261163, 7.9, 142, 树叶
4850464, 9.3, 51, 非用野BDa
3697825, 9.0, 61, 米菲绘本系列(第1-2辑)(套装共10册)
6750685, 9.4, 48, anusman的无字漫画
11622370, 9.6, 43, 全景式图画书・开车出发系列（套装共7册）
5908551, 7.8, 154, 种在时光里的向日葵
25765054, 8.1, 117, 去伦敦上插画课
10546117, 8.6, 79, 乳房的故事
1382820, 8.6, 78, Slash With a Knife
4179375, 8.1, 115, 收集幸福的手作P
26821555, 9.8, 38, 小豌豆认知绘本系列
25936306, 8.3, 96, 傲慢与偏爱
25871868, 8.8, 66, 深度拥抱症
1957870, 9.0, 58, 消逝边境
26269050, 9.2, 51, 长长的小百科：大动物，小动物
25767901, 8.7, 69, 100层的巴士
26675739, 8.3, 92, 朋友是，没有人像我一样在乎你
26662226, 8.9, 60, 不要，不要，妈妈不要！
26873719, 9.6, 40, 这不是书
6970981, 9.0, 56, 寄藤文平的意法
4136100, 7.2, 261, 不会存钱的女孩，等着瞧！
26284505, 8.4, 84, 如果世界是猫的
26641606, 7.9, 125, 寻暗集
4060755, 7.4, 200, 恋恋熊仔
5977659, 9.4, 43, Rooftops of Paris
25956102, 9.1, 51, 史努比的幸福宝藏（全11本）
10532407, 7.1, 281, 达令是外国人
1085121, 8.3, 87, 戴高帽的猫
3291913, 8.1, 102, 爱哭的猫头鹰
19963465, 8.9, 57, 走进奇妙的数学世界（全3册）
10510899, 7.8, 131, 云上的日子
2346729, 9.4, 42, 《大闹天宫》动画片造型设计
3073842, 8.3, 85, |京．角落: 手L_人私房景c之旅
5353803, 7.4, 191, 韩国温情漫画手绘技巧
4373852, 9.2, 46, The Velveteen Rabbit
25877706, 8.7, 62, 老虎来喝下午茶
26344072, 9.3, 43, 不可思议的旅程：彩虹国度
26377441, 9.3, 43, 大灰狼才应该小心
26661067, 8.3, 82, 万物皆奇迹
26786792, 9.1, 48, 走走画画
26856769, 8.2, 87, 邸ばr光
26766867, 8.0, 102, 就在伦敦
5245599, 9.0, 50, 苏斯博士最经典童书
4860630, 9.1, 47, 生命之树
26582044, 8.7, 60, 美味食光
26847878, 9.2, 44, 3D镜面绘本：今天吃什么
6953245, 8.5, 68, 童书创作实用指南
26303547, 7.9, 107, 希望有个人，爱你如生命
3664835, 8.5, 67, 艾特熊与赛娜鼠：我们在一起的日子
20387328, 7.3, 191, 花间词
26373384, 7.7, 127, 1cm的美好
5916927, 8.2, 83, 不要随便亲我
10574712, 8.6, 62, 便当盒里的秘密
24722023, 8.7, 58, 槭颤N都叫不
26209335, 9.1, 45, 月亮熊
6889832, 6.8, 342, 找死手册
1937559, 7.8, 113, _始造我的旅行L本
26757960, 9.2, 42, 淘气的拉拉
24743326, 7.3, 183, 发现另一个你
26216499, 8.7, 56, 火车头
6977590, 9.4, 37, 我的第一本古典音乐启蒙书
26302587, 9.2, 41, 第一次做面包
26394442, 9.1, 43, 什么都知道
26308522, 8.6, 58, 矮子画廊
25926472, 8.7, 54, Nala猫的彩铅国
26666217, 9.5, 34, 鹅妈妈布鲁斯
26689008, 9.1, 42, 雷杜德手绘花卉图谱
4115854, 7.5, 137, 下n後的台承÷眯
4730272, 8.0, 87, 高蛎榔鹋隳沓S
25761120, 8.7, 52, caca和猫猫的亲密手绘
26364312, 8.4, 63, 呀！屁股
24863573, 9.1, 40, 一条街道的100年
1427950, 7.6, 118, 我刍花世界
26738072, 8.5, 57, 这就是二十四节气
25981698, 9.2, 37, 小狸猫的自动售货机
25712479, 7.9, 88, 绘・生活 会・生活：东京TOTORO的水彩物语
24737198, 8.1, 74, 绘多肉
26301181, 8.1, 74, 妖怪山
21355911, 7.2, 167, 喜欢你的150个小细节
26737465, 9.5, 31, 可爱的一家人
26823936, 9.5, 31, 天啊，这本书没有名字！
5982207, 8.3, 63, 天啊！ 错啦 ！
26890287, 8.6, 51, 一支在欧洲散步的画笔
11498428, 8.9, 42, 鹿啊，你是我兄弟
26866156, 9.4, 32, 幸绘京城守艺人
25870742, 7.3, 145, 其实这才是我想做的事
26276517, 8.7, 47, PICTURA神笔涂绘第二季：恐龙崛起、仙境迷踪、骑士之旅
26430486, 8.6, 50, 微花
25819804, 8.4, 57, 妈妈，为什么？
2828764, 9.9, 25, Venice Sketchbook
25929073, 7.2, 158, 我们都一样，各自有光芒
20458053, 8.0, 75, 元青花
26705684, 8.0, 75, 宇宙再大大不过我和你
26273658, 9.2, 34, 二十四节气
26791281, 9.2, 34, 花园小象波米诺
26278419, 8.9, 40, 圣诞夜惊魂
26817445, 8.7, 45, 市场街最后一站
26852979, 9.5, 29, 到乌龟国去
26637972, 9.3, 32, 小情绪 大情感
25804514, 7.8, 85, 世间的猫都是旅人
26782676, 8.6, 47, 绘安静的地方
26415292, 9.0, 37, 简笔画5000例，一本就够色铅笔卷
2349014, 9.7, 26, The Art of Lisbeth Zwerger
24696861, 8.9, 39, 小猪佩奇
26785579, 8.8, 41, 脱力的彼尔德
26904095, 8.0, 70, 博物学家的神秘动物图鉴
26662356, 9.3, 31, 大自然
25720193, 8.5, 49, 清新彩铅微笔记. 花草集
2380696, 8.7, 43, In the Night Kitchen
26897325, 8.7, 43, 一定要画出来才好玩：伦敦
24719140, 7.9, 75, 炸带鱼多放油，爷有的是钱
10464055, 8.4, 52, a?手LP
26847859, 9.0, 36, 3D镜面绘本：不可思议的彩虹
26759965, 9.1, 34, 永远永远永远乐观的七只小矮熊：金腰带与女巨人
26717185, 7.9, 74, 日本古书店的手绘旅行
26394019, 9.4, 29, 小橡树
10595777, 8.6, 45, 1分钟画出暖暖的插画
24748634, 7.6, 94, 猫奴必懂的100个喵喵秘密
25929736, 8.0, 67, 仓鼠爱德华的日记
26818522, 9.1, 33, 做自己，木朵
3289906, 9.5, 27, MOE
26836752, 8.2, 57, 大英国小宇宙
25981703, 9.0, 34, 独角仙在哪里
26698928, 9.3, 29, 章鱼小香肠双胞胎
7057231, 7.9, 69, 绘本有什么了不起
26315881, 9.6, 25, 刺小猬的蛋
26673033, 8.1, 59, 北京不孤单
26792167, 9.5, 26, 我是Blop!
26818144, 8.8, 37, 明安小师父
26663969, 8.7, 39, 涂一年
26791139, 8.7, 39, 小幽灵科尼基
26319310, 9.1, 31, 长长的小百科：大恐龙，小恐龙
10809013, 9.2, 29, 绒布小兔子
26814005, 8.6, 40, 一人住第啄?
25902458, 8.9, 33, 身边的科学（最受欢迎的儿童生活百科全书）
21266885, 8.6, 39, 我的水彩+α绘日记
5266183, 9.2, 28, Botany for the Artist
26641733, 9.1, 29, 谢谢你用一生陪伴我
26789371, 8.2, 49, 这盛世
20374920, 9.2, 27, 神秘日志・海底100天
26612334, 8.6, 37, 想象有一天
26852972, 9.5, 23, 大熊和钢琴
26671508, 9.6, 22, 可爱的倒霉蛋们
26864697, 9.6, 22, 迈克斯睡前表演秀
26864701, 9.6, 22, 一切都在你心中
26249354, 8.6, 36, 韦尔乔西方哲理系列绘本01:神圣的智慧
25860846, 8.9, 30, SKETCHTRAVEL速本的奇幻旅程
5757791, 9.6, 21, 我喜gH你 (中法文版) j&#39;aime t&#39;embrasser
2049314, 9.2, 25, 不可思议的剖面：大建筑
25867506, 8.6, 34, 一条聪明的鱼
6527064, 8.5, 36, 中国传统节日故事
25981694, 8.5, 36, 一个苹果
26249359, 8.8, 30, 韦尔乔西方哲理系列绘本04:心灵的觉醒
26827251, 7.8, 56, 山 ? 十二记
26311012, 8.5, 35, 给一颗星的颂歌
26616450, 9.4, 22, 时间庭院（散页版涂色书）
26815558, 9.3, 23, 体育全知道
26864699, 9.5, 21, 大鬼小鬼图书馆
26666033, 8.3, 39, 幸福先生
26349011, 9.7, 19, 我的第一次动物大发现儿童地图绘本
26372413, 8.4, 36, 借一年，去新西兰
26774382, 8.6, 32, 公主怎么挖鼻屎
25940601, 7.1, 99, 怪咖的自我修养
26824221, 9.8, 18, 这就是我
6726098, 9.3, 22, 我的感觉系列（全7册）
26780659, 7.9, 49, 约翰・列侬艺术作品集
26738922, 9.2, 23, 弗朗西斯森林奇遇记
26668683, 9.5, 20, 好奇鬼的自然大发现
26831722, 9.6, 19, 自然
26851858, 8.7, 29, 画的力量
26890471, 9.7, 18, 京城绘1・人来车往
25826896, 9.2, 22, 汉声数学图画书
26823941, 9.8, 17, 敢于尝试的勇气
1343090, 7.3, 74, 米力的生活sL味屋
25981690, 8.3, 35, 小莲游莫奈花园
26611202, 8.3, 35, 手绘日本铁道之旅
26297786, 7.4, 67, 你烩你做啊
26575538, 8.8, 26, 幻兽之国
26838772, 8.8, 26, 我的忧伤像一头大象
26672941, 7.5, 58, 旧时书
25903570, 8.8, 25, 洞
26801221, 8.4, 31, 嗨，这个有情有肉的世界
26663567, 8.3, 32, 中国历史地图――手绘中国・人文版
26377907, 8.1, 36, 我们，我们的历史
2272125, 8.5, 28, 15分旅行明信片速
26864691, 9.5, 17, 走廊里有个大怪物
6073024, 7.2, 68, 打_旅行P本
26771897, 8.5, 27, 一只不属于任何人的猫
26776053, 9.1, 20, 博洛尼亚国际童书展：年度插画作品集2015
26376300, 8.7, 24, 被遗忘的公主
26657694, 9.3, 18, 家
26739913, 8.3, 29, 宝宝的量子物理学
26797923, 9.1, 19, 好绘本如何好
24697463, 8.4, 26, 改世界的f物事典
26284511, 8.2, 29, 恐龙快递
26311014, 8.2, 29, 熊的话
25934285, 8.8, 21, 彩云为裳
26876351, 8.5, 24, 最好的我们（漫画版）1
26925626, 9.7, 14, 大猪和小虫
25967553, 8.0, 31, 手绘本草
4179318, 8.7, 21, 手L人生 II
26763038, 8.8, 20, 三味合租屋 1
26802197, 7.6, 34, 猫咪人生
26921610, 8.4, 20, 时光本草
1676582, 8.2, 21, 猫头鹰的咖啡馆
26874453, 8.3, 19, 大城市里的小象
26831362, 8.1, 21, 我要是别人就好了
26945674, 9.0, 13, 狐狸与星
26925639, 8.7, 14, 惟妙惟肖寻宝系列 （《多彩生活》《环游世界》《城市漫游》《快乐圣诞》）
10354429, 6.4, 64, 如何创作绘本小说
26269678, 8.4, 15, 浮世猫绘/浮世L
26892737, 8.9, 12, 亚辛的世界
25720722, 7.8, 20, 威利的疑问
26370998, 8.0, 17, 朋友
6900438, 8.1, 15, 的52意
24876178, 8.1, 15, 45的小
25708954, 7.9, 15, 时差绘本联合国
26411398, 8.2, 13, 0～4岁幼儿认知小百科
26766968, 8.3, 12, 大城市
26843193, 8.3, 12, 不可思议的旅程：回归之夜
26666161, 8.4, 11, 帕布罗和他的椅子
25724470, 7.8, 13, 晚安，黛西
26925403, 8.3, 10, 兔子小白的礼物树
25729126, 7.7, 13, 日日生活手に孛
26831028, 7.3, 16, 流光飞舞
26311626, 8.0, 11, 一直一直往下挖
26837239, 8.0, 11, 有趣的一家
26089763, 7.8, 12, Lost in Translation
26914741, 8.2, 10, 两个小兵
26632113, 7.6, 12, 中国的美
26905838, 7.6, 12, 视觉思维
26870945, 8.0, 10, 竹林里的青蛙公主
26877324, 7.4, 13, 三言二拍
24525192, 7.4, 12, 尾巴摇摇
25724967, 7.1, 13, 手L女生稳诵》块g100布置z密
