2017-01-23 16:17:59
Tag: 绘画
The number of books: 933 

ID, rating, votes, title
1441853, 8.9, 4439, 伯里曼人体结构绘画教学
25811462, 8.4, 7332, 小顾聊绘画・壹
1933931, 8.7, 3681, 沿着塞纳河到翡冷翠
25775445, 8.9, 2802, 睡不着：Tango一日一画
26376603, 8.1, 5861, 秘密花园
2969420, 9.5, 950, 抵岸
26265303, 8.2, 3831, 小顾聊绘画・贰
2026870, 9.4, 858, 阿尔丰斯・穆夏
1154707, 8.6, 2044, 素描的诀窍
1370944, 9.3, 893, 席勒（中文版- BASIC )
3410759, 9.0, 1141, 隔江山色
3131814, 8.7, 1525, 笔记大自然
1047957, 9.2, 789, 比亚兹莱大师图典
1076426, 8.8, 1086, 世界美术名作二十讲
1485268, 9.4, 587, 波隆那插画年鉴.第一辑
1061004, 9.2, 662, 埃舍尔大师图典
1055088, 8.3, 1729, 像艺术家一样思考
1227986, 9.2, 624, 护生画集
4727293, 9.4, 503, 理解漫画
3334535, 8.5, 1258, 剑桥艺术史：绘画观赏
1019715, 8.8, 882, 世界名画家全集--莫奈
19977313, 8.8, 843, 花乱开
4882050, 8.5, 1178, 竹久梦二：画与诗
4011322, 9.0, 683, 重屏
3410762, 9.0, 660, 气势撼人
1174739, 8.9, 696, 艺用人体解剖
26417490, 8.2, 1549, 写给大家的西方美术史
1016832, 8.5, 1056, 我负丹青
25934646, 8.6, 942, 咦，被发现了呢
1450035, 9.3, 459, 比亚兹莱插画集
3410760, 9.0, 606, 江岸送别
25934300, 8.6, 860, 塞拉菲尼抄本
1264792, 8.7, 768, 色铅笔的散步随笔
1288019, 9.4, 378, 波隆那插画年鉴（第二辑）
1145983, 8.5, 894, 中央美术学院附中50年作品经典
1039208, 8.4, 992, 凡高画传
3785949, 8.3, 1074, 梵高奶奶的世界
1003414, 9.3, 379, 魔镜
2138351, 9.2, 406, E.席勒速写
25774379, 8.5, 791, 图说中国绘画史
3410761, 9.0, 472, 山外山
26662689, 8.8, 568, 画的秘密
26684198, 8.5, 779, 一品芝麻狐
26425832, 9.3, 350, 纸上中洲
1219614, 9.2, 375, 伦勃朗速写
1278499, 8.9, 484, 汪曾祺:文与画
1316396, 8.6, 646, 俄罗斯列宾美术学院珍藏素描精品选
1807843, 9.0, 420, 芥子园画谱
3581389, 9.4, 294, 吴冠中画作诞生记
1453129, 9.2, 348, 惊世比亚兹莱
10430691, 8.5, 684, 画家生涯
1289793, 8.6, 593, 俄罗斯列宾美术学院珍藏素描精品选
1437472, 8.9, 424, 笔记《清明上河图》
1036272, 8.5, 601, 素描基础
1004151, 8.6, 532, 艺用解剖
3041567, 8.8, 434, 美的情愫
1001871, 8.7, 477, 梵高
1131501, 8.7, 473, 丢勒
26390189, 9.0, 353, 如何看懂印象派
2990422, 9.1, 322, 克里姆特
26845199, 9.2, 295, 大都会艺术博物馆指南
1811078, 9.2, 293, 带阁楼的房子
2362352, 9.3, 263, 莫奈
1264793, 8.4, 610, 水彩画的写意生活
10738888, 8.5, 542, 色铅笔的花草生活
1606879, 9.2, 278, 莫兰迪
20279547, 8.1, 805, 花之绘 38种花的色铅笔图绘
3464448, 8.4, 571, 剑桥艺术史：17世纪艺术
26431217, 8.6, 457, 在江湖
1679155, 8.9, 331, 莫奈
1084866, 8.7, 394, 莫奈
1980903, 8.1, 742, 达・芬奇笔记
2143015, 8.4, 528, 我们什么也没看见
3065652, 8.0, 828, 像艺术家一样思考Ⅲ:贝蒂的色彩
1017227, 9.0, 293, 温迪嬷嬷讲述绘画的故事
5378929, 8.5, 464, 培养孩子从画画开始
1009963, 8.9, 310, 唯美主义大师图典
25811785, 7.4, 1786, 莫奈和他的眼睛
2005425, 9.2, 236, 雪雁
1445978, 9.1, 255, 阿道夫・门采尔人物素描集
2010622, 8.5, 431, 超级漫画素描技法-基础篇
1131497, 8.7, 353, 奥列佛风景建筑速写
1038523, 8.8, 318, 人体素描
2249390, 8.5, 407, 弗兰西斯・培根：感觉的逻辑
1252151, 8.2, 547, 康定斯基论点线面
6511379, 8.1, 608, 色铅笔的美好时光
1150256, 8.8, 290, 达利
1149896, 8.7, 311, 马蒂斯
25737866, 7.4, 1357, 梵高生活
1193646, 8.9, 240, 莫奈
5029413, 9.1, 203, 画眼
1595962, 9.1, 202, 阿道夫・门采尔速写
25872094, 7.5, 1101, 如何看一幅画
6440709, 8.2, 463, 没创意还敢玩涂鸦
1264791, 8.2, 460, 色铅笔的动物日记
2149449, 8.8, 251, 绘画史事
3168709, 8.6, 294, 风格与世变
20387173, 8.5, 320, 30天学会绘画
1480064, 8.7, 265, 夏加尔
4721058, 9.5, 140, Figure Drawing
24878414, 8.3, 389, 少有人看见的美
20389355, 8.5, 316, 水彩色铅笔之旅
26628959, 9.1, 187, 画猫・梦唐
3109124, 8.2, 424, 圣经故事:新约篇(名画全彩版)
20411692, 8.9, 211, 隐秘的知识
5503955, 8.2, 402, 陈丹青归国十年油画速写2000-2010
5353300, 9.0, 192, 林泉高致
1157182, 9.1, 177, 艺术家手册
4262671, 9.0, 191, 梵・高艺术书简
1772431, 9.5, 131, 男鹿和雄画集 2
1923636, 8.7, 243, 从莫奈到毕加索
3038328, 8.6, 265, 浮世绘
1446300, 8.1, 432, 丰子恺谈名画
1002701, 8.9, 200, 中国绘画三千年
10565975, 8.9, 200, 超级漫画家圣经
1149897, 9.1, 164, 马格里特
1099604, 8.6, 248, 动态素描・人体解剖
10453633, 8.7, 223, 蓝围巾男人
1264120, 8.0, 436, 我的色铅笔日记本
1097816, 9.2, 146, 吴冠中速写意境
10742073, 8.6, 238, 水彩画完全自学教程
1057552, 8.8, 200, 黄永玉大画水浒
1212372, 8.1, 384, 弗里达
25871755, 8.7, 215, PICTURA神笔涂绘（怪物星球、漫游伦敦、巴黎漫步）
26606513, 8.8, 196, 如何读中国画
20516764, 8.5, 255, 更大的信息
1817964, 8.4, 277, 于小冬讲速写
5417093, 8.9, 177, 水彩入门
3529322, 8.4, 273, 水彩画工作室 I
5363491, 8.6, 227, 千年丹青
5399602, 9.7, 99, Framed Ink
2225512, 8.5, 248, 超级漫画素描技法-草图篇
1073993, 9.3, 129, 丰子恺精品画集
1444827, 8.7, 205, 英国儿童读物插画完全教程
10739129, 8.2, 323, 野村重存的水彩课
1148711, 8.2, 319, 毕加索
5980848, 8.8, 184, 美国设计学院教授讲课手稿・奥列佛风景速写教学
4245043, 7.5, 707, 苏三的花花草草、瓶瓶罐罐
1131498, 8.6, 213, 达・芬奇
11603000, 8.2, 310, 不朽的林泉
4254481, 9.6, 100, 人体素描
20456359, 9.2, 131, 纸
26762941, 8.7, 193, 一个人的博物馆
1119281, 8.7, 192, 动态素描・人体结构
1046615, 8.6, 207, 达利的秘密生活/一个天才的日记
19950884, 9.1, 137, 视觉艺术用光
26865730, 7.5, 657, 小顾聊神话
1421566, 8.8, 171, 埃舍尔魔镜
4154939, 9.5, 102, 宋画全集
26582987, 8.7, 185, 隐世之国
25904562, 7.8, 447, 伦勃朗1642
1010199, 8.2, 290, 像艺术家一样思考之二
1099611, 8.7, 183, 动态素描・头部结构
3464485, 9.2, 123, 席勒色彩
6437861, 9.2, 121, 2011 sketch collection
26318944, 7.8, 426, 绘画是一个人的旅行
4109560, 8.9, 150, 吴冠中画语录
1057887, 8.4, 228, 世界名画家全集--达利
25921388, 8.3, 250, 大自然笔记
26801234, 7.9, 376, 我二十九岁的夏天
3622449, 8.6, 190, 我与西藏组画
3017768, 8.9, 148, 埃贡・席勒
1119268, 9.0, 137, 动态素描・着衣人体
20513213, 9.0, 137, 色彩与光线
1799658, 8.7, 172, 实战Painter9绘画技法
2090395, 8.8, 158, 铅笔画技法
4881500, 8.9, 145, 油画的光与色
4278250, 9.8, 78, Provence Sketchbook
3180445, 9.2, 115, 凡・高
1956148, 8.5, 200, 面部表情大全
1326012, 7.5, 565, 你应该读懂的100幅世界名画
1438525, 7.7, 441, 浮世绘的故事
1380573, 9.1, 119, 席勒
26708517, 8.8, 149, 绘森活--水彩私享课
1205346, 9.1, 118, 向大师学绘画
1442199, 8.6, 173, 艺用人体解剖
25794692, 8.9, 134, 中国画颜色的研究
21357312, 8.1, 269, 新笔记大自然
1311346, 8.4, 201, 解构人体
3832690, 8.6, 167, 最新漫画色彩使用技巧
2362359, 9.2, 105, 常玉
1261815, 9.3, 98, 芥子园画传
1800685, 9.0, 121, Frida Kahlo 1907-1954
1007998, 8.2, 237, 唐卡的故事(全彩插图珍藏本)
20277309, 8.1, 261, 诗之旅
1740088, 8.8, 139, 俄罗斯列宾美院素描精品集
3670057, 8.8, 138, 超级漫画素描技法:透视篇
2188178, 9.3, 96, 乔治.莫兰迪
3323333, 9.3, 96, Marlene Dumas
1027758, 8.0, 279, 印象派绘画史（全二册）
7067846, 9.4, 89, 金政基 2011sketch collection
3464479, 9.3, 95, 席勒素描
1910072, 8.9, 126, 门采尔素描选集
1019719, 8.5, 173, 世界名画家全集--夏加尔
11533547, 9.8, 69, 日本漫画名家CG课堂3-红果汁的漫画CG技巧
4926492, 9.4, 88, 日本漫画大师讲座1
26133644, 8.5, 172, 洛煌笈
1257057, 8.8, 134, 动态素描・手部结构
1592223, 9.2, 98, 黑白画理
1999579, 9.1, 105, Luc Tuymans
7162744, 8.8, 130, 几何天才的杰作
2821121, 9.6, 75, Watercolour Flower Portraits
26416437, 8.3, 196, 名画之谜：历史故事篇
1131504, 8.6, 149, 大师经典素描 弗洛伊德
3168977, 9.5, 78, Monet
2185016, 7.5, 445, 乔治.莫兰迪
26417642, 7.6, 392, 蒋勋破解莫奈之美
1947564, 7.6, 388, 弗里达
22994429, 9.3, 87, 米开朗基罗
1108637, 9.4, 80, 世界名画欣赏・第三辑
1148778, 8.1, 219, 心印
1743043, 8.9, 111, 欧洲绘画大师技法和材料
1261128, 7.9, 263, 我的粉彩日记本
3021613, 8.4, 163, B山明漫教室
3909836, 8.3, 176, 柯林斯30分钟水彩花卉
26756741, 8.3, 176, 胆小别看画 1
2274861, 8.0, 230, 100名画：古希腊罗马神话
3428169, 8.8, 115, 素描的高度
2815285, 9.3, 81, Perspective Drawing Handbook
25712477, 9.2, 86, 画给喵星人的小情书
1150342, 9.1, 92, 莫迪里阿尼
1471649, 8.1, 206, 拉斐尔前派的梦
26850007, 8.2, 187, 一幅画开启的世界
1220943, 7.5, 388, 你不可不知道的300幅名画
1808582, 8.0, 223, 色铅笔的温柔彩绘
20382267, 9.3, 79, 牛津艺用人体解剖学
1174671, 9.2, 84, 素描进阶教程
26313206, 8.7, 120, 看名画的眼睛.1
1820965, 8.8, 111, 藏传佛教绘画史
1808314, 8.9, 103, 怎样画钢笔画
1340160, 8.2, 180, 第一次色UP就上手(入T篇)
2007497, 8.8, 109, The Age of Feminine Drawing
5936451, 9.6, 64, 伯里曼着装形体绘画
25720155, 8.8, 108, 敦煌壁画复原图
5457136, 9.3, 76, Botanical Portraits with Colored Pencils
6536019, 8.4, 145, 色铅笔的温柔彩绘
5241663, 9.1, 84, 吴冠中自选速写集
1193644, 8.5, 130, 夏加尔
4018791, 8.7, 111, 查理雷德的水彩技法
1082197, 9.1, 83, 世界名画欣赏
1016861, 8.8, 102, 比亚兹莱黑白装饰画选
26365909, 7.2, 473, 人生只有一次，去做自己喜欢的事
3529317, 8.3, 147, 水彩画工作室 II
2221283, 8.9, 92, 苦瓜和尚画语录
5290264, 8.9, 92, 蒙克
1312489, 8.5, 124, 素描指南
3744014, 9.4, 66, Lucian Freud on paper
1340897, 8.7, 105, Picture This
3372470, 8.7, 105, 创意素描的诀窍
2057582, 8.4, 133, 兔本幸子的插教室
1016673, 9.1, 79, 水彩画里的色与光
5921082, 8.5, 121, 培养孩子从画画开始2：孩子的话如何看怎样教
2309919, 9.2, 73, 《Frida kahlo 》弗里达 作品集
26435995, 7.9, 205, 魔法森林
4889896, 8.0, 186, 兔本幸子的插画教室
11510806, 8.0, 186, 莳花
2131718, 9.4, 64, 西厢记
25768157, 8.6, 110, 让水彩画达到极致的调色技法
2284069, 9.1, 77, 石涛画语录
4090260, 9.1, 77, 力量
4104397, 8.9, 88, 彰显生命力
10571606, 7.7, 247, 物中看画
6920405, 8.8, 94, 秋草爱的色铅笔
6967955, 8.3, 139, 天生是个审美的人
1257611, 9.3, 67, 贺友直画三百六十行
10546632, 9.0, 81, 画眼
3180444, 8.7, 100, 高更
20254610, 8.7, 100, 被遗忘的真迹
24869637, 8.9, 86, 世界建筑风景速写
2241209, 8.7, 99, 德加
1434164, 8.8, 92, 美人风俗画
3070038, 7.9, 195, 像艺术家一样思考
10509471, 8.6, 106, 52个创意绘画实验
3446692, 9.1, 74, 张彦远和《历代名画记》
5411307, 9.0, 79, 日本漫画大师讲座2
4932844, 7.6, 260, 1支笔画出幸福绘本
3186836, 8.8, 90, 达芬奇素描解析（上）
26277913, 8.4, 122, 乐舞敦煌
1196877, 8.7, 96, 新世纪水彩人物画技法
5415337, 9.3, 64, Antonio Lopez Garcia
1323900, 8.6, 103, 中国绘画的历史与审美鉴赏
6443390, 8.4, 119, S手插
6810402, 9.6, 53, 草间偷活
1047192, 8.0, 168, 后印象派绘画史
25809216, 8.0, 168, 蛮情歌
25962760, 8.2, 140, 浮生物语大画集
4850206, 9.1, 71, 卢西安?弗洛伊德 1996―2005
25720629, 8.1, 151, 画笔时光：周小兜手绘日记
1098500, 8.6, 100, 园艺花卉
26315410, 8.8, 86, 水彩奶奶Cathy Johnson的清新手绘教程
3909839, 8.3, 126, 柯林斯30分钟水彩画
19964301, 8.3, 125, 日常生活颂歌
10601524, 8.8, 85, 墙之恋
1811560, 8.6, 98, 梵高自传
5936454, 9.1, 69, 伯里曼实用人体解剖
1153320, 8.7, 90, 艺用人体结构运动学
3870795, 9.9, 43, Die Gestalt des Menschen
1263558, 7.4, 290, 我的素描日记本
25905020, 7.6, 232, 花花果果枝枝蔓蔓
1023079, 8.3, 120, 世界名画家全集--马蒂斯
4884849, 8.1, 142, 解码西方名画
1429282, 8.5, 102, 世界名画家全集（全10册）
20256837, 8.3, 119, 色铅笔的清新手记
1084873, 8.5, 101, 德加
2274771, 7.9, 168, 100名画：《新约》
4845615, 9.4, 55, 小林系作品集 notebook
1024526, 8.3, 117, 著名画家、雕塑家、建筑家传
1254388, 8.3, 117, 达.芬奇论绘画
5977392, 9.5, 51, 动物画技法
25952069, 9.0, 69, 色铅笔浓情花鸟绘（亚洲篇）
1564008, 8.6, 90, 藏书票风景
2274564, 8.0, 147, 100名画：古希腊罗马历史
7063010, 8.4, 104, WOW 不一样的插画设计
25920002, 8.5, 96, 一个人Life：高木直子笔记本
26756742, 8.5, 96, 胆小别看画 2
1962817, 8.3, 112, 英国速写教学
6953246, 9.1, 63, 剑桥艺术学院童书插画完全教程
3320927, 8.5, 95, 中国绘画通史
21794293, 8.7, 82, 色铅笔de自然彩绘
4578686, 7.5, 236, 卡夫卡的画笔
2993841, 8.1, 131, 并非衰落的百年
2143156, 8.2, 120, 梁思成建筑画
4121084, 8.3, 110, 马奈的绘画
2990575, 9.3, 55, 门采尔
1196754, 8.2, 119, 塞尚
21361892, 8.2, 119, 植物绘
5936445, 9.2, 58, 伯里曼人体绘画技法
26782538, 7.0, 419, 这幅画原来要看这里
1140959, 8.0, 139, 铅笔速写技法
5356194, 9.0, 65, 超级漫画素描技法
3420747, 9.1, 61, 从铅笔到像素
26834591, 9.1, 61, 永山裕子的水彩画Ⅰ: 回首
26276406, 7.4, 253, 如何看一幅画Ⅱ
1376930, 9.0, 64, P中
4881797, 9.1, 60, 安德鲁・怀斯
5391697, 9.1, 60, 水彩色铅笔散步写生6堂课
11622712, 9.3, 53, 2012宫崎骏手稿原画珍藏集A+B 1968～2012
2035616, 8.1, 124, 画出你心中的艺术家
25767512, 8.1, 124, 无论如何等到我们相遇
1040244, 7.9, 148, 美国时装画技法
1272274, 8.7, 77, 丢勒速写
26610898, 8.4, 96, 竹久梦二画集
4879391, 8.6, 82, 大师的手稿-探索大师的心路历程
1030936, 8.4, 94, 画家笔记
1673993, 9.1, 58, 倪瓒山水
3031055, 8.7, 75, 于小冬讲触觉素描
1222680, 8.8, 70, J.夏帕德动态人体解剖
1859905, 9.7, 41, Andrew Wyeth
1149811, 7.9, 141, 日本浮世绘精品
1544623, 8.9, 65, 光感的表现
4412721, 8.9, 65, Lifelike Drawing in Colored Pencil with Lee Hammond
3429995, 9.1, 57, 吴冠中：我负丹青
1014485, 8.4, 92, 钢笔画技法
25765054, 8.1, 117, 去伦敦上插画课
2205654, 9.2, 53, 看示范.学水彩-水彩画书法关键必学
20432626, 8.2, 105, 幸福四季水彩花园
4198017, 8.7, 72, 于小冬再讲速写
2104660, 9.1, 55, 蒙克画选
6982049, 8.6, 76, 构图的艺术
1861230, 8.8, 66, Fun with a Pencil
25871868, 8.8, 66, 深度拥抱症
5372266, 9.0, 58, 梦想世界
1006575, 8.2, 102, 当荷马遇到凡高
5936449, 9.3, 48, 伯里曼百手图册
1160888, 8.1, 110, 透视的艺术
4885015, 8.1, 110, 兔本幸子的插画教室
21329731, 8.8, 65, 色铅笔绘晶莹美物
5341654, 9.4, 45, 「文Bd―南宋gc文化特展」卷
5936448, 9.4, 45, 伯里曼人体构造
1084867, 8.1, 108, 雷诺阿
1167876, 8.1, 108, 中国山水画史
1914201, 9.6, 40, 五代宋元山水名画
4850617, 7.8, 140, 安野光雅的七堂绘画课
3184787, 8.9, 59, 达芬奇素描解析（下）
1923594, 9.1, 52, 克里姆特素描-奥地利
2334124, 8.7, 67, 兔本幸子的素描教室
6866300, 8.0, 114, 水溶性色铅笔的四季花园
1176542, 9.0, 55, 罗丹素描《法国》
4209092, 8.1, 103, 中国书画浅说
5977659, 9.4, 43, Rooftops of Paris
6061723, 9.0, 54, 当代艺术家 安东尼奥?洛佩兹?加西亚
3522393, 8.4, 81, 丢勒和他的时代
1452345, 8.8, 61, 徒手绘画及速写
4889899, 7.8, 132, 兔本幸子的插画教室
1126264, 9.5, 40, 吴冠中墨彩作品集
1740108, 9.2, 47, 八大山人画集
26748029, 8.7, 64, 幻园
5353803, 7.4, 191, 韩国温情漫画手绘技巧
10774759, 7.3, 212, 恋爱咒语
3522407, 8.3, 84, 插画设计高级教程
1029261, 8.8, 59, 铅笔风景画技法
4910662, 7.6, 154, 彩绘创意色铅笔
26796791, 9.1, 49, 永山裕子的水彩课
1389121, 9.6, 37, Hokusai
5976780, 9.4, 41, 常玉-世界名画家
1410361, 8.7, 62, 中国绘画史
26786792, 9.1, 48, 走走画画
25981059, 8.0, 104, 蒙克与摄影
26382933, 8.0, 103, 绘画当为奇迹
26611270, 8.7, 61, 从风格到画意
7004284, 8.2, 87, 莫奈艺术书简
1946621, 9.4, 40, Gerhard Richter
1221141, 7.7, 133, 儿童绘画与心理治疗
3350412, 9.0, 50, 马蒂斯
26582044, 8.7, 60, 美味食光
7057439, 8.6, 64, 风格与观念
26393558, 8.6, 64, 水彩画的实质
25815846, 8.3, 79, 治愈系的水彩慢生活
22163122, 9.5, 37, How to Draw Drawing and Sketching Objects and Environments from Your Imagination
1196753, 8.1, 91, 高更
10483553, 9.3, 41, David Hockney
2108107, 8.8, 55, 石涛画语录
2119403, 9.6, 35, 周天民花卉画谱
26758311, 8.4, 72, 胆小别看画 3
2287119, 9.2, 43, 百鬼夜行}
4606534, 8.6, 62, 失忆与记忆
6773763, 8.9, 51, 素描的原点
25969281, 8.4, 71, 凡・高的树
2152661, 7.8, 115, 插画设计基础教程
3359735, 8.1, 89, 漫画人物CG技巧提升版
1429281, 8.3, 76, 世界名画家全集
1154711, 8.7, 57, 插图创意设计手册（上）
26345618, 8.7, 57, 看名画的眼睛.2
3934265, 8.4, 70, 像艺术家一样思考系列
1151886, 8.2, 81, 马蒂斯论艺术
25812974, 8.5, 65, 黑白画意
26873241, 9.6, 34, 就想亲手为你画一张小卡片
26714710, 7.5, 149, 生命的热情何在
24839474, 8.8, 53, 色彩圣经
2139205, 7.8, 111, 绘画中的食物
3630972, 8.0, 93, 世界名画家全集--马格利特
24875657, 8.4, 68, 花间美人
3299764, 8.8, 52, 透视缩短
6025622, 7.9, 100, 五分钟曼陀罗彩绘减压
1045329, 8.2, 78, 十字军东征图集
26339251, 6.8, 318, 人生随时可以重来
1809954, 8.7, 54, 着装人物素描
2228589, 8.3, 71, 素描精义
3099392, 8.6, 57, 八大山人研究
1150859, 8.9, 47, 东山魁夷美文集
26647513, 8.7, 53, 关于构图问题
2998659, 8.1, 81, 德国新媒体插画教程2
3027992, 9.4, 35, 吴冠中画集（上、下）
1032798, 8.0, 86, 和孩子一起享受艺术
1196878, 8.7, 52, 新世纪水彩画技法
25761120, 8.7, 52, caca和猫猫的亲密手绘
26860752, 8.1, 79, 妖怪
4007895, 8.3, 67, 艺术基础
20382261, 9.6, 31, 幻想的艺术
6982070, 8.0, 84, 手绘的创意日志
25898774, 8.9, 45, 伟大的绘画:图解世界名画
1410190, 8.4, 62, 水彩画疑难问题解决方案
1555786, 9.1, 40, 冷冰川的世界-闲花房-二十四节气及其他
1430625, 8.6, 54, 林风眠
20432628, 8.1, 77, 幸福四季水彩花园
5915006, 9.0, 42, 世界绘画经典教程
20474538, 9.5, 32, 天衢丹阙
25734352, 8.5, 57, 野村重存的水彩课
1659276, 8.4, 61, 温迪嬷嬷的艺术之旅
26834573, 8.2, 70, 这就是凡・高
3225358, 9.1, 39, 绘画史鉴-从公元1000年至公元2000年的西方绘画图鉴
25712479, 7.9, 88, 绘・生活 会・生活：东京TOTORO的水彩物语
2990586, 9.3, 35, 安格尔素描
5417085, 7.6, 114, 跟着“我”成为创意手绘达人-W
2148046, 9.0, 41, 叶浅予谈速写
26599282, 8.8, 46, 肯特里奇的六堂绘画课
24737198, 8.1, 74, 绘多肉
1688419, 7.6, 112, 建筑速写技法
26115810, 9.8, 27, 铅笔素描静物绘制详解
25944413, 8.4, 59, 黑白花意
26699062, 8.2, 68, 如画观法
1132033, 8.5, 55, 人体素描的艺术
5475189, 9.5, 31, A-Z of Flower Portraits
1209140, 8.1, 73, 西洋画派十二讲
2538693, 9.1, 38, An Atlas of Animal Anatomy for Artists
6802231, 8.7, 48, 人体与动物结构
26835452, 8.2, 67, 这就是莫奈
1480758, 9.6, 29, The Book of Kells
26276517, 8.7, 47, PICTURA神笔涂绘第二季：恐龙崛起、仙境迷踪、骑士之旅
1934665, 7.8, 90, 美国素描基础教程
1337781, 8.5, 53, 芥子园画谱
2828764, 9.9, 25, Venice Sketchbook
26390216, 9.5, 30, 增山修的水彩课――9堂课学会风景写生
26361284, 9.8, 26, 黑白画意：自然风景写生与创意教程
3096521, 8.9, 41, 松井冬子 一 MATSUI FUYUKO I
1002809, 7.7, 96, 欧洲现代画派画论（插图珍藏本）
1984819, 9.7, 27, Egon Schiele
2304506, 8.2, 64, 儿童绘画心理学
3465274, 9.4, 31, 画室人体课
23055450, 7.9, 80, 猫咪绘
1429284, 8.1, 68, 霍珀/世界名画家全集
4156796, 9.2, 34, 美W的O致
26791281, 9.2, 34, 花园小象波米诺
1044124, 8.2, 63, 印象派绘画大师
3705916, 8.7, 45, 小山画谱
26341168, 9.5, 29, 杉原美由树！水彩色铅笔的魔法
4207454, 6.7, 271, 心理画
21336689, 8.2, 62, 色铅笔绘优雅四季花
26782676, 8.6, 47, 绘安静的地方
24858212, 7.8, 84, 水色物语
26415292, 9.0, 37, 简笔画5000例，一本就够色铅笔卷
24744272, 8.2, 61, 林中圆舞曲
26433407, 9.6, 27, 浪漫水彩课：森系少女手绘技法
6954080, 7.9, 76, 莫迪里阿尼传
26904095, 8.0, 70, 博物学家的神秘动物图鉴
26662356, 9.3, 31, 大自然
25720193, 8.5, 49, 清新彩铅微笔记. 花草集
26362927, 8.5, 49, 忠于生活
26278663, 8.7, 43, 水彩植物艺术
26281082, 7.5, 106, 涂鸦笔记
1196322, 8.1, 64, 世界传世名画（上中下）
3061871, 8.3, 55, 新世纪卡通漫画技法5
2221287, 8.2, 59, 画禅室随笔
10595777, 8.6, 45, 1分钟画出暖暖的插画
20645167, 9.2, 32, 定格时光・幸福规画
26348108, 7.5, 103, 快乐禅绕画
26201961, 8.7, 42, 简笔画5000例，一本就够
1060430, 9.3, 30, 巴尔蒂斯画集
1833596, 8.6, 44, 美国基础素描完全教材
2183632, 8.2, 57, 看大师作画-绘画中如何把握视觉表达语言
1915363, 8.7, 41, 良友木刻 连环图画（全四册）
26732543, 8.7, 41, 水彩技法完全指南：贵图子的37堂实用水彩课
20475579, 8.1, 61, 手绘日志
10829052, 7.6, 91, 成为插画师，你该知道的大小事
26378537, 7.5, 99, 古画里的中国生活
26115807, 9.8, 23, 水彩绘森活
20444176, 7.8, 75, 动物绘
26361283, 9.7, 24, 绘画高手这样画素描――用铅笔画出纯美人像
1496389, 7.9, 69, 建筑绘画及表现图
4920105, 7.9, 69, 凵箱珠P可鄄世L
25741067, 7.8, 74, 多肉绘
25880435, 8.3, 51, 植物的水彩极致表现
1933742, 8.6, 42, 珂勒惠支
24714178, 7.9, 68, 花之绘2
25720194, 9.4, 27, 清新彩铅微笔记. 动物集
25912904, 8.2, 54, 行动中的绘画
3090001, 9.0, 33, Drawing
1491218, 8.4, 47, 中国绘画史
4532374, 8.7, 39, 威廉.透纳
6840131, 8.7, 39, 激漫11：跟日本名家学插画！漫画与插画技法入门
20475586, 8.5, 44, 手绘创意草图1000例
1809955, 8.3, 50, 铅笔素描肌理
2316802, 8.3, 50, 形象的模糊
26794102, 8.3, 50, 图解欧洲艺术史：14世纪
26344185, 9.3, 28, 水彩植物艺术:英国艺术家水彩调色的奥秘
26652352, 9.8, 22, 黑白花意3：300例超写实的花之绘
3096523, 9.6, 24, 松井冬子 二
26341898, 9.6, 24, 零基础学素描
26654078, 9.9, 21, 黑白画意：经典植物手绘教程
26527508, 9.0, 32, 我的创意房子
1064848, 7.7, 76, 版画插图丢勒游记
25969282, 7.8, 70, 凡・高的花园
1629242, 8.3, 48, A.罗丹速写
3302790, 8.0, 59, 卢浮宫朝圣
25849524, 9.3, 27, 日本超级漫画课堂：人物素描与写实
10442006, 8.8, 35, 历代名画记
5258914, 8.7, 37, 国际顶级数字艺术大师佳作赏析 2
4264974, 7.5, 88, 绘画与眼泪
26758312, 7.6, 80, 胆小别看画 4
21266885, 8.6, 39, 我的水彩+α绘日记
1399764, 8.1, 54, 康定斯基：文论与作品
1809987, 8.1, 54, 风景画绘画技巧
1450694, 8.3, 47, 米勒传
26382841, 8.4, 44, 烦了就想画几笔:让心静下来的减压心理涂色书
5266183, 9.2, 28, Botany for the Artist
25774884, 9.2, 28, 古画微
3923282, 8.2, 50, 西方绘画材料技法手册
26311126, 9.7, 22, 色铅笔绘画实用教程
2820816, 9.5, 24, Human Anatomy for Artists
5922095, 9.1, 29, 世界绘画经典教程――动物素描
1092616, 8.7, 36, 速写问题
26415459, 8.7, 36, 水彩圣经――水彩画工具与技法全书
10583149, 9.4, 25, 和孩子一起玩艺术
2050952, 9.3, 26, M. C. Escher
1444642, 8.0, 56, 钢笔建筑写生与创作
10876152, 7.5, 83, 飞乐鸟的手绘时光
10761238, 8.3, 45, 墨梅
1452451, 8.2, 48, 绘画色彩基础教程
1962123, 8.2, 48, 画室──塞尚与加斯P的对话
3924759, 8.2, 48, 艺用人体结构教学
6982046, 7.9, 59, 素描完全教程
1988344, 9.1, 28, 西方美术大师绘画技法
1787620, 8.9, 31, Sketching with Markers
10465940, 8.9, 31, 中国出土壁画全集
6829264, 7.8, 63, Q版漫画技法从入门到精通
25923258, 7.8, 63, The Golden Age Of 水墨
4048618, 8.3, 44, 建筑水彩表现技法
26351636, 9.6, 22, 初学色铅笔速成：超简单的35种美食绘制技法
1340159, 8.2, 47, 第一次色UP就上手(MA篇)
21241464, 8.0, 54, 做个风格插画家
3585818, 9.4, 24, Bridgman&#39;s Complete Guide to Drawing from Life
21321883, 9.4, 24, 超有爱手绘本
26586082, 9.4, 24, 浪漫水彩课：复古元素手绘技法
26281241, 9.7, 21, 拿笔就画 色铅笔绘画从入门到精通
26393464, 9.7, 21, 结构素描基础教程
3031416, 8.4, 41, 素描-俄罗斯列宾美术学院绘画基础教学
4254971, 8.1, 50, 张萱《虢国夫人游春图》
5980849, 9.3, 25, 伯里曼人体结构全书
26596315, 9.0, 29, 魔幻城堡（单面对开散页装）
19986427, 7.2, 105, 色铅笔的温情手绘
26655904, 9.8, 20, 黑白花意5：笔尖下的花姿百态
20382264, 8.6, 36, 灵感的速写簿
26722320, 7.9, 57, 感知艺术
1808321, 8.2, 46, 新世纪卡通漫画技法 1－2
1058905, 8.1, 49, 油画技法
4840791, 8.1, 49, 孩子的画告诉我们什么
4086201, 9.9, 19, Watercolour Fruit &amp; Vegetable Portraits
25860846, 8.9, 30, SKETCHTRAVEL速本的奇幻旅程
1200514, 8.7, 33, 水彩画
10801048, 9.0, 28, 班托的素描簿
2004773, 9.5, 22, 怎样画猫
26654093, 9.4, 23, 钢笔画手绘表现技法从入门到精通
25735122, 8.9, 29, 色铅笔时尚手记
26617116, 8.9, 29, 张择端《清明上河图》导览
25806203, 8.5, 36, caca的色铅笔教室：5种颜色的温柔魔力
1003023, 8.7, 32, 怎样画动物素描
26344577, 8.4, 38, 西方绘画大师经典佳作:梵高
3315897, 8.8, 30, 波提切利
5027557, 8.8, 30, 色UP教科
3633739, 8.0, 49, 世界名画家全集--契里柯
6875873, 8.0, 49, 你应该读懂的100幅世界名画
20505731, 8.0, 49, 有生之年非看不可的1001幅绘画
10423700, 9.9, 18, Gustav Klimt
1676781, 8.9, 28, 完全水彩画教程
2206452, 8.9, 28, 故宫书画图录（全三十册）
5918407, 9.3, 23, 跟着安柏利大师学画画 我们来玩手指印画
26617627, 9.3, 23, 萌果绘
1595091, 8.4, 37, 中国一百神仙图
1500210, 9.2, 24, 水彩光影表现技法
6687943, 8.7, 31, Artist&#39;s Journal Workshop
6982062, 8.7, 31, 创意绘画的艺术
26323285, 8.8, 29, 水彩画专业技法
4030068, 9.0, 26, 克利姆特
20507371, 9.0, 26, 超级漫画创作技法图解教程：动态人物衣褶的画法
1709756, 8.0, 47, 水彩画基础
1092382, 8.6, 32, 美术家手册
4065697, 7.9, 50, 画相片素描的诀窍
11593361, 8.9, 27, 你的艺术家大脑
2978043, 8.7, 30, 贺友直说画
1833651, 9.3, 22, 何多苓.忧伤的诗歌
26738922, 9.2, 23, 弗朗西斯森林奇遇记
2977494, 8.5, 33, THE Painter X Wow! BOOK(附赠1CD)
24732639, 8.5, 33, 童画家
5949808, 9.5, 20, M庭芳
20500987, 7.7, 56, 遇见绘画
25755542, 9.6, 19, Vincent
5941091, 8.2, 39, 大师的手稿-探索现当代素描肖像
1143736, 8.7, 29, 人物默写教程
6535942, 8.7, 29, 乐艺・场景
26369743, 8.7, 29, 1000个点画出世界名画
26851858, 8.7, 29, 画的力量
6709237, 9.7, 18, Rome Sketchbook
11525278, 8.5, 32, 毕加索线描全集
10481057, 7.9, 47, 瞥见死神
6003744, 8.8, 27, 水彩色UP的必修9堂n
26608163, 8.8, 27, 萌翻你的手帐简笔画10000例
3529319, 8.6, 30, 素描工作室
20391640, 7.7, 54, Q版手绘基础入门
1808361, 9.2, 22, 头像
21817840, 7.1, 90, 铅笔素描从入门到精通
3398362, 7.9, 46, 涂鸦日记
1585269, 9.4, 20, 中国书画家印鉴款识（上下）
6503926, 9.4, 20, The Complete Watercolorist&#39;s Essential Notebook
11633199, 9.4, 20, 百花诗笺谱
3172140, 8.7, 28, 画手百图 (1979)
25660718, 8.5, 31, 色铅笔下的美食王国
25728605, 8.5, 31, 手绘私时光
1156005, 8.9, 25, 图画见闻志
1392945, 8.2, 37, 跟塞斯学素描
1450877, 8.6, 29, 绘画构图基础教程
2184687, 8.4, 32, 宣和画谱
3172366, 7.1, 85, 中国绘画史
11533584, 8.2, 36, 南宗正脉
20382257, 8.2, 36, Graphic
1135942, 8.5, 30, 弗兰克・奥尔巴赫
1619402, 9.2, 21, 温迪嬷嬷讲述1000世界名画
26931151, 9.2, 21, 被误诊的艺术史
3109653, 9.0, 23, 动态速写
26369749, 8.6, 28, 1000个点画出城市美景
26366765, 8.3, 33, 素描基本原理
4124309, 8.8, 25, 敦煌壁画线描精品集
10549645, 8.8, 25, 力
26712691, 8.2, 35, 解忧禅绕画
2082403, 8.4, 31, 四季水彩素描-花的{色P
26816548, 8.4, 31, 《岁月绽放的花・水彩绘》
23780691, 9.5, 18, 世界绘画经典教程
3111156, 8.1, 37, 中国画学全史
4881499, 8.1, 37, 古典素描技法
4854539, 7.6, 52, 素描基础教程
6016140, 7.7, 48, 我的父亲高更
10537343, 7.7, 48, S手插2，到都可郏荷活用篇
5274892, 8.3, 32, 伯里曼人体结构教学
26237246, 8.2, 34, 寻找如画美
2084458, 9.1, 21, China Diary
3064755, 9.0, 22, 女人体素描
1190348, 8.4, 30, 世界名画全集(上下)
10753864, 8.4, 30, 灵感&amp;技法的突破（第1卷）
4288052, 7.8, 44, 名画的诞生
1158613, 7.5, 55, 米罗
2272125, 8.5, 28, 15分旅行明信片速
5423122, 7.3, 64, 如何成为插画师
2635404, 8.7, 25, Perspective Made Easy
25952618, 7.9, 40, 绘画心理学
25785835, 8.3, 31, 野村重存的漫步水彩写生
25828634, 8.1, 35, 自由绘画：插画师要知道的84个创作技巧
1001484, 6.9, 92, 抽象派绘画史
2025853, 8.6, 26, 古代风俗百图
3793286, 8.4, 29, 我的自然{色P
1334488, 9.0, 21, 林琪的z密花@
25752266, 9.0, 21, 和孩子一起画画
6742681, 7.9, 39, 五天学会绘画
26430978, 8.9, 22, 小小艺术家Ⅱ
26523933, 8.9, 22, 现代绘画简史
25880445, 9.1, 20, 增山修的水彩课――流动的风景
24754509, 8.1, 34, 鸟之绘
1042882, 9.2, 19, 光影与色彩
4100343, 8.0, 36, 艺术治疗
1974178, 8.7, 24, 当代素描新概念训练教程
6310351, 7.7, 44, 宋画中的南宋建筑
2567979, 8.4, 28, O的欤喝毡鹘y文250
2236377, 7.5, 51, 室内设计效果图手绘技法
2989385, 7.8, 40, 油画材料与技法
25851341, 8.5, 26, 水彩花卉的极致表现
1933806, 7.4, 54, 速写入门
5249767, 8.3, 29, 牛津素描指南
1103655, 7.6, 46, 透视
25779072, 7.6, 45, 风景绘
14098347, 8.0, 34, 六胖子油画技法
1664600, 8.2, 30, 美国耶鲁大学艺术学院素描教程
10354431, 8.3, 28, 如何创作涂鸦艺术
4733825, 8.5, 25, 儿童早期艺术创造性教育
1914984, 7.4, 51, 绘画现象学
1125047, 8.2, 29, 基础素描教程第一册
25920693, 8.2, 29, 心灵之镜
3763120, 8.7, 22, Botanical Illustration Course
10452358, 7.3, 54, 飞乐鸟的色铅笔手绘世界
5475035, 9.0, 19, Color Harmonies
26061084, 9.0, 19, 静物：陈丹青画册写生1998-2014
1007554, 8.6, 23, 欧洲近代绘画大师
26296454, 8.6, 23, 美术中的流光
2148045, 8.4, 25, 时装画技法培训教程
4589676, 9.2, 17, Imaginative Realism
25967553, 8.0, 31, 手绘本草
4179318, 8.7, 21, 手L人生 II
2142454, 8.8, 20, Everyday Matters
2998924, 8.8, 20, 水彩技法百科全书
4826579, 8.6, 22, 赵无极绘画六十年回顾
1973291, 8.9, 19, 手与足素描-结构.比例.姿态和动作
25779166, 7.8, 35, 水彩画的诀窍
25865937, 8.5, 23, 造就全人的艺术教育
1933808, 7.3, 50, 水彩画入门
10792195, 7.7, 37, 油画技法
1544625, 8.4, 24, 怎样表现光的氛围
3995847, 8.4, 24, 据几曾看
26392707, 7.3, 49, 淡淡的小时光
25855756, 8.7, 20, 中国绘画史图鉴（上下卷）
3372478, 8.6, 21, 人体解剖与素描
5261661, 8.2, 26, 直觉素描
7046873, 7.4, 44, 热爱绘画
4272289, 8.0, 29, 美国旧金山美术学院素描教学
26369747, 8.9, 18, 1000个点画出名人肖像
19948616, 8.3, 24, 线条、光线和色彩
1625617, 9.0, 17, 倪瓒研究
5919271, 9.0, 17, 版画的高度
6958250, 7.6, 37, 5天学会铅笔画
26285258, 8.2, 25, 文艺复兴的秘密语言
25948846, 7.7, 34, 水色森女馆
25972806, 8.0, 28, 水彩小时光
4276974, 8.6, 20, Pictures for Use and Pleasure
6521174, 8.5, 21, 夏克梁建筑风景钢笔速写
21248951, 8.5, 21, 抽象绘画
1383819, 8.7, 19, P大自然
25929641, 8.1, 26, 美食快到碗里来
19986428, 7.4, 41, 怎么画都可爱的生活涂鸦
25774377, 7.2, 48, 道德镜鉴
25816647, 8.3, 23, 云的理论
4146272, 7.9, 29, 透视学
1160887, 7.6, 35, 艺用人体运动解剖学
26297647, 8.0, 27, 天光水色：水彩风景画教程
25815185, 7.8, 30, 每天一幅禅绕画
11599218, 9.0, 16, 旅途上的n
6424942, 7.1, 50, 创意绘本技法从入门到精通
1933824, 8.4, 21, 画家实践问题向导
26913980, 8.4, 21, 阿部智幸的水彩笔记
20382246, 8.6, 19, 彩色铅笔的魅力
26081398, 8.1, 24, 水溶性色铅笔手绘――大自然的质感笔迹
10494096, 8.4, 20, 如何做个风格插画家
3031408, 7.8, 28, 速写-俄罗斯列宾美术学院绘画基础教学
10775622, 7.8, 28, 飞乐鸟的手绘时光*色铅笔手绘基础入门
26269472, 7.8, 28, 水色研究会
26882908, 8.3, 21, 图解欧洲艺术史：15世纪
3139788, 8.6, 18, 日本绘画史
3782069, 8.2, 22, 向莫奈学色彩
6960543, 8.2, 22, 丙烯画新技法/西方经典美术技法译丛
7004122, 8.2, 22, 世俗的肉身
1789077, 9.8, 11, 寄o我相同的`魂──葛瑞夫c莎e娜三部曲之一
6877265, 7.8, 27, CG插画全攻略
26022681, 7.8, 27, 艺术想怎样？
1382408, 8.8, 16, Wild Flowers by Colour
10773274, 8.8, 16, 何多苓
26760979, 6.6, 70, 画框里的男人装
17911108, 8.3, 20, How to Render
10472868, 8.4, 19, 色UP自然彩L花.草.淠 盛夏的果
1158370, 8.2, 21, 水彩风景画
1173708, 7.2, 40, 英国时装设计绘画教程
5423123, 7.7, 28, 美国人物速写基础教程
19966092, 7.1, 43, 1000种可爱图案，一学就会的简单铅笔画
26670452, 7.4, 33, 画人难
10546457, 8.3, 19, 和风艺志
4919575, 8.4, 18, （动漫洋学堂）动漫透视
4714697, 8.0, 22, 印象派绘画中的时尚女性与巴黎消费文化
25779103, 8.0, 22, 色铅笔的静物技法
6520521, 8.9, 14, 看！观察画里的光
1544618, 8.0, 21, 水彩画技法入门
3525913, 8.0, 21, Drawing Birds with Colored Pencils
3274330, 8.4, 17, Paintings in Proust
19986570, 7.3, 32, 三天学会铅笔画
25963662, 6.9, 43, 手账女王的手绘生活
20562619, 8.3, 17, 手L城市
5304900, 8.4, 16, 威尔汉姆?哈莫修依
6425064, 7.1, 35, 彩绘色铅笔技法从入门到精通
24860808, 7.7, 23, 马蒂斯艺术全集
1160891, 8.2, 17, 头部素描
20472652, 8.2, 17, 动漫人物的设定与上色技巧
25871666, 8.2, 17, WOW！Photoshop终极CG绘画技法
25908276, 7.0, 36, 超有爱森系水彩画
26287657, 6.1, 88, 水色斑斓
11579820, 7.7, 22, 3天学会可爱插画
26386761, 7.6, 23, 甜心笔记
1585442, 7.9, 19, 汉代漆器图案集
6982065, 7.9, 19, 色彩基础
25950989, 7.9, 19, 野村重存的三原色水彩课
26362418, 6.9, 37, 在咖啡馆画画
4843483, 7.8, 20, 1枝P去旅行
3842130, 8.3, 15, Michael Borremans
25834877, 7.8, 19, 爱手绘，爱多肉
2028547, 8.0, 17, 设计素描
25978480, 8.0, 17, 艺术的诱惑：摄影的前世今生
6687931, 8.4, 14, Splash 12 The Best of Watercolor
26360519, 8.5, 13, Anatomy for Sculptors
26285701, 7.4, 23, 油画艺术的秘密语言
25806017, 7.8, 18, 制作私绘本・涂鸦手账
26377004, 7.8, 18, 吃货绘旅行
26861719, 7.7, 19, 绘森活：薇蓝
1668807, 8.3, 14, 美国透视基础简明教程
3240082, 8.3, 14, 十竹斋书画谱
26349691, 7.9, 17, 手绘旅行:43位艺术家的创意速写簿
25927239, 7.5, 21, 再不学画画我们就老了
1742905, 8.1, 15, Vilppu Drawing Manual
6900438, 8.1, 15, 的52意
24876178, 8.1, 15, 45的小
1422472, 8.2, 14, 百花工笔画集
3745624, 8.2, 14, 李长白白描花卉写生
25842238, 8.2, 14, 元全集
25925858, 7.7, 18, 平面设计中的绘画、构成、色彩与空间样式
26735235, 7.7, 18, 你开心就好:一本分享快乐的创意手账书
26369746, 7.8, 17, 1000个点画出可爱动物
26889364, 7.8, 17, 英国皇家植物园植物画教程
10443661, 7.9, 16, 200个提升绘画能力的技巧
26369868, 7.9, 16, 舒压一整年：曼陀罗
26591055, 7.4, 21, 《最美的时光》绘本
4301314, 8.0, 15, 叶浅予速写画稿
1023060, 7.3, 22, 简笔画技法与运用
11507021, 8.1, 14, 怎N都可鄣暮P插BOOK4
25796290, 7.7, 17, 这样画会更棒！
26432972, 7.7, 17, 摩西奶奶绘画全集
25871684, 7.8, 16, g史中的hxc唐宋之
1310427, 7.9, 15, 中国当代儿童绘画解析与教程
19985886, 7.1, 24, 一起来画画
3937443, 7.2, 22, 马列维奇
6982069, 7.6, 17, 马克笔的魅力
1928786, 7.7, 16, 蜡笔画入门
25849556, 7.7, 16, 绘画的头脑风暴
6998852, 8.1, 13, 故事板
26909388, 8.1, 13, MoMA的绘画和雕塑
4775343, 7.8, 15, 艺用人体造型图集
19977279, 6.6, 33, 给初学者的绘画手册
3831472, 7.5, 17, 绘画构图学
4775345, 7.5, 17, 艺用人体造型图集
19957781, 7.5, 17, 圆珠笔手绘从入门到精通
3648612, 8.2, 12, 宫室楼阁之美
22538511, 7.3, 19, 飞乐鸟的手绘时光-铅笔素描基础入门
1180299, 8.0, 13, 水彩花卉技法
4226156, 8.0, 13, Charles Bargue and Jean-Leon Gerome
26300701, 7.8, 14, 你绘幸福的
26374869, 7.8, 14, 梦花园
26716401, 7.8, 14, 像透纳那样画水彩
1751691, 8.1, 12, The Natural Way to Draw
3921739, 8.1, 12, |山魁夷 四季の彩り
25763618, 8.1, 12, 中国画论研究（上、下卷）（王世襄集）
25929971, 7.9, 13, 手绘明信片之旅
26334528, 7.6, 15, 格尔尼卡
26647331, 7.7, 14, 打开你的脑洞
10555896, 7.0, 21, 古风漫画技法从入门到精通
1430615, 8.2, 11, 西班牙绘画
5973901, 8.2, 11, OtherWorlds
25981617, 8.2, 11, 500年大师经典素描肖像
10433882, 6.9, 22, 零基础学画漫画1
10485530, 7.8, 13, 西园雅集-中国人物画通鉴-5
25822231, 7.4, 16, 手た氐年P西小旅行
6110598, 7.1, 19, 威尔・艾斯纳漫画教程
25916485, 6.3, 35, 色铅笔绘画入门
26582887, 7.6, 14, 世界美术名作二十讲
25922358, 7.9, 12, 每天10分钟的绘画达人养成班
1434134, 7.7, 13, 蒋兆和
10508068, 7.7, 13, 时装画手绘表现技法
26831028, 7.3, 16, 流光飞舞
26735642, 7.4, 15, 画未了
6809277, 7.5, 14, 漫画人物素描从入门到精通
25849711, 6.9, 20, 藤田嗣治
25722274, 7.8, 12, 动物素描基础
25719307, 7.1, 17, 水溶色铅笔技法从入门到精通
26917427, 8.1, 10, 《跟菲利大叔学手绘：漫步水彩》
1623813, 7.3, 14, 图案配色经典
20503317, 7.4, 13, 创意简笔画
24705749, 7.4, 13, 超有爱手绘本
26308452, 7.4, 13, 静心禅绕画
26816953, 7.7, 11, 图像的肉身
26820492, 7.3, 13, Amily的可爱手绘生活
25662171, 7.6, 11, 论绘画
26652295, 7.6, 11, OY手绘
6873370, 7.4, 12, 漫画素描技法从入门到精通
1933807, 6.4, 22, 油画入门
6306195, 7.5, 11, 快描教室漫企v座1
25938174, 7.7, 10, 手绘与发现
1201991, 7.3, 12, 当代艺术家钢笔淡彩画材料与技法/当代艺术家绘画材料与技法丛书
20430263, 7.3, 12, 1分钟绘画入门 创意速写时光
25724967, 7.1, 13, 手L女生稳诵》块g100布置z密
25839212, 7.1, 13, 再不学画画我们就老了
2264260, 7.5, 10, 现代绘画简史
10509470, 7.5, 10, 新编美国基础素描完全教材
21660844, 7.0, 12, SAI超级绘画技法
26705302, 7.1, 10, 血缘的历史
