2017-01-23 16:17:59
Tag: 网络小说
The number of books: 993 

ID, rating, votes, title
1873231, 8.8, 77649, 明朝那些事儿（壹）
3674537, 9.1, 30912, 明朝那些事儿（1-9）
1949338, 8.9, 39248, 明朝那些事儿（贰）
2253642, 8.8, 30182, 明朝那些事儿（肆）
1948901, 8.4, 57645, 盗墓笔记
1003000, 8.4, 54134, 悟空传
5916880, 8.6, 36711, 华胥引（全二册）
1461903, 8.0, 114251, 何以笙箫默
3426869, 8.3, 54874, 三生三世 十里桃花
3879301, 8.1, 73971, 微微一笑很倾城
1020459, 8.4, 34393, 此间的少年
3266344, 8.5, 26485, 盗墓笔记4
2209098, 7.9, 78857, 致我们终将逝去的青春
2298149, 8.4, 28413, 盗墓笔记3
4173968, 8.4, 23035, 盗墓笔记6
3800166, 8.4, 22845, 盗墓笔记5
2057285, 8.2, 31901, 盗墓笔记2
5254315, 8.4, 22025, 盗墓笔记7
1882933, 8.1, 36146, 鬼吹灯之精绝古城
1812439, 8.1, 33578, 步步惊心
2326571, 8.6, 14161, 琅琊榜
1962929, 8.0, 35203, 佳期如梦
6953273, 8.6, 11240, 盗墓笔记
10601616, 9.3, 3775, 我爱摇滚乐
2283084, 8.2, 17494, 云中歌1
1316622, 8.4, 12265, 诛仙1
1926103, 8.0, 24275, 鬼吹灯之云南虫谷
3065343, 8.4, 12114, 云中歌3
1886385, 8.1, 17497, 来不及说我爱你
2048364, 8.1, 17487, 独步天下（上下卷）
2331434, 7.7, 36561, 原来你还在这里
2004407, 8.1, 16981, 后宫・甄执Ⅰ
3016221, 8.3, 11640, 云中歌2
1916726, 7.9, 22323, 鬼吹灯之龙岭迷窟
1261471, 8.7, 5914, 香初上舞
1925232, 7.9, 20555, 大漠谣
3561591, 8.0, 16067, 凤囚凰（上中）
1024217, 7.4, 51660, 第一次的亲密接触
6974232, 8.0, 15194, 盗墓笔记8・大结局（上）
3155622, 8.3, 8936, 庆余年・壹
1316623, 8.4, 7629, 诛仙2
1016523, 7.5, 36705, 告别薇安
2376306, 7.8, 20237, 第三种爱情
2078219, 8.0, 14025, 且试天下1
1938591, 7.8, 19921, 鬼吹灯之昆仑神宫
1049070, 8.4, 7059, 等一个人咖啡
3123939, 8.0, 13144, 不负如来不负卿1
1959892, 8.2, 9214, 大漠谣・终结篇
3293231, 7.8, 17916, 许我向你看
1437858, 8.7, 4256, 天行健（全4册）
2080619, 8.2, 8820, 且试天下2
1489555, 7.8, 17109, 寂寞空庭春欲晚
2062202, 7.9, 14136, 绾青丝Ⅲ
4241870, 7.7, 19746, 我在回忆里等你
2009825, 7.6, 22202, 绾青丝Ⅰ
1410145, 8.3, 6600, 诛仙3
1012203, 7.6, 21610, w寄生
4866987, 8.6, 4133, 如果・宅
2129362, 8.0, 10029, 帝王业（上下）
3218402, 8.2, 7032, 不负如来不负卿Ⅱ・大结局
1420794, 8.2, 6987, 诛仙4
2028070, 7.8, 13344, 绾青丝Ⅱ
3034184, 8.0, 9438, 鬼吹灯Ⅱ之四巫峡棺山
3730731, 8.0, 9424, 许我向你看（终结篇）
1400048, 8.5, 4335, 搜神记Ⅰ-神农使者
1748232, 8.0, 9225, 忽而今夏
3522694, 8.6, 3734, 史上第一混乱・第一季神仙预备役
21242062, 8.2, 6390, 长相思
4115227, 7.5, 21242, 岁月是朵两生花
3061282, 7.6, 17392, 山月不知心底事
4212812, 8.7, 3021, 紫川（全五册）
1468493, 7.6, 16494, 梦回大清
2971446, 8.4, 4392, 桃花债 上
2149655, 7.7, 13359, 鬼吹灯Ⅱ之一・黄皮子坟
2213684, 8.3, 4941, 又一春
4108541, 8.6, 3238, 回国驯火记
3674353, 7.7, 12924, 沥川往事
3165386, 8.6, 3192, 庆余年・肆
3244065, 8.6, 3092, 庆余年・伍
3165135, 8.5, 3532, 庆余年・贰
1478890, 8.5, 3523, 杀手
2382094, 7.8, 10285, 绾青丝Ⅳ（上）
2382087, 7.8, 10170, 绾青丝Ⅳ（下）
1420368, 7.6, 14199, 裂锦
1925218, 7.4, 20952, 翻译官
3244068, 8.5, 3376, 庆余年・陆
1433726, 8.1, 5977, 诛仙5
26886310, 9.1, 1596, 有匪1
3183785, 7.7, 11503, 爱你，是我做过最好的事
2300626, 7.5, 16634, 蔓蔓青萝（全2册）
2699701, 7.6, 13697, 歌尽桃花
10561209, 8.9, 1972, 全职高手1・放逐斗神
3165385, 8.5, 3228, 庆余年・叁
1007334, 7.2, 29353, 草样年华
2265312, 7.7, 10815, 鬼吹灯Ⅱ之二・南海归墟
1007178, 8.3, 4126, 功夫
3111691, 8.5, 3075, 桃花债(下)
4871447, 7.5, 15284, 东宫
2281912, 7.7, 10481, 醉玲珑（上卷）
1400049, 8.6, 2656, 搜神记Ⅱ・大荒惊变
4252125, 8.7, 2335, 吉祥纹莲花楼・玄武
2570719, 8.3, 3971, 诛仙全集（全六册）
3903387, 7.7, 10296, 香蜜沉沉烬如霜
6139592, 8.1, 5218, 11处特工皇妃
2271177, 7.7, 10034, 青春酷语（第四辑）
3584141, 8.1, 5174, 流水迢迢（全两册）
2340167, 7.9, 7050, 醉玲珑（下卷）
4252115, 8.7, 2224, 吉祥纹莲花楼・朱雀
1770668, 8.0, 5684, 诛仙6
5291181, 8.3, 3574, Blood X Blood：血族传说
1083257, 7.4, 16052, 烈火如歌
4098989, 8.2, 4122, 我的青春从爱你开始
26680113, 8.6, 2386, 那个不为人知的故事
1426673, 8.6, 2336, 搜神记Ⅲ・灵山十巫
3284067, 7.6, 10626, 佳期如梦之海上繁花
2220812, 7.6, 10575, 木槿花西月锦绣1
2340168, 7.9, 6284, 醉玲珑（中卷）
26331014, 8.3, 3351, 怨庾测1・食骨
23795254, 8.0, 5204, 骄阳似我
4135947, 7.9, 6020, 天子谋
2221889, 8.3, 3289, 无限恐怖
2354969, 8.2, 3731, 衣香鬓影
2340300, 7.6, 9779, 鬼吹灯Ⅱ之三・怒晴湘西
4766047, 8.0, 5000, 祸国
26763013, 8.6, 2158, 魔道祖师
3727329, 7.3, 17220, 千山暮雪
3293232, 7.7, 8045, 过客，匆匆
1029475, 8.1, 4211, 若星汉天空
4224758, 7.3, 16010, 花千骨（上下）
3606570, 8.3, 2996, 鹤唳华亭
19936010, 7.9, 5408, 三生三世十里桃花
1958655, 7.6, 8928, 寻找前世之旅（上下册）
10468852, 8.6, 1941, 海棠依f: 知否? 知否? 是G肥t瘦 卷一
26284304, 8.1, 3799, 簪中录
2078225, 7.9, 5144, 孤芳不自赏
3909876, 7.9, 5123, 琉璃美人煞（上中下）
2359687, 8.0, 4310, 堕落天使
1430871, 8.5, 2137, 亵渎1・轮回・月陨
1878819, 8.6, 1884, 蛮荒记1・鲲鹏
3889682, 8.4, 2390, 饕餮娘子
1805988, 8.5, 2097, 庆熹纪事
1921362, 7.8, 5725, 诛仙7
2004509, 7.6, 8037, 梦回大清
3611391, 8.7, 1617, 史上第一混乱・第二季・山寨武校
1291760, 6.8, 41973, 会有天使替我爱你
3290028, 8.5, 2045, 孤城闭
3336465, 7.3, 13726, 被时光掩埋的秘密
3697979, 8.3, 2614, 衣香鬓影2・千秋素光同
25735699, 7.9, 4678, 三生三世 枕上书・终篇
3664145, 8.8, 1398, 史上第一混乱・第三季・武林大会
1430597, 8.9, 1239, 狼群1
3236155, 8.9, 1223, 韦帅望的江湖
2221121, 7.8, 5225, 木槿花西月锦绣2
10762477, 9.0, 1071, 全职高手2・千机初芒
5921737, 8.7, 1494, 三生三世十里桃花2・之卷
4124855, 7.4, 10346, 人生若只初相见
1426214, 8.1, 3227, 少林寺第八铜人
6969185, 8.3, 2405, 沉香如屑《中》
3816834, 7.8, 4971, 兰因・璧月（上、下）
2373834, 8.4, 2061, 新宋・十字1
1433700, 7.4, 9657, 孔雀森林
3924481, 7.9, 4127, 夜行歌（上下）
26578003, 8.2, 2638, 无心法师 第一卷
10867759, 9.0, 999, 全职高手3・副本风云
4842735, 8.4, 2004, 海妖
1886402, 7.4, 9436, 如果这一秒，我没遇见你
2143487, 8.0, 3472, 茅山后裔1
3028009, 7.2, 13773, 温暖的弦
3802381, 8.7, 1363, 史上第一混乱・第五季・寻秦记
3244671, 8.2, 2538, 盗墓笔记之2：怒海潜沙
20927775, 9.1, 864, 全职高手6・神之领域
3177843, 7.7, 5332, 木槿花西月锦绣3
2703292, 7.5, 7442, 兰陵缭乱
3829004, 8.3, 2163, 明月照人来
26352002, 8.4, 1837, 怨庾测4・黑蝶
2008976, 8.9, 1007, 庆熹纪事Ⅱ
1036243, 7.4, 8262, 夜玫瑰
3335951, 7.6, 5783, 我的波塞冬
4144066, 8.5, 1576, 江山（一）
2139108, 7.4, 8164, 潇然梦（上）
3037790, 8.2, 2300, 小楼传奇
24283160, 8.6, 1358, 间客
3170442, 7.7, 4601, 午门迨垄
4922018, 7.6, 5401, 斗破苍穹 2
26320556, 8.3, 1887, 簪中录2
3392301, 7.8, 3826, 月上重火
26331660, 8.3, 1857, 怨庾测2・根P
1921433, 8.6, 1272, 蛮荒记2・青帝
3070952, 7.3, 8724, 佳期如梦之今生今世
26351997, 8.3, 1824, 怨庾测3・w天
1442620, 7.4, 7177, 和空姐同居的日子
26674263, 8.4, 1586, 司藤（上下）
2176855, 7.5, 5932, 潇然梦（下）
3705820, 7.5, 5923, 斗罗大陆（全14卷）
3205245, 7.4, 7066, 落落清欢
4903361, 8.3, 1785, 侯卫东官场笔记2
13221012, 8.5, 1383, 神游
4129249, 8.7, 1090, 五大贼王1
5366006, 8.4, 1554, Blood X Blood：血族传说大结局
3891452, 7.7, 4164, 纸婚
20501270, 8.6, 1203, 大唐明月1・风起长安
3024940, 8.6, 1199, 新宋Ⅱ・权柄1
4725541, 7.6, 4814, 大漠苍狼
3321449, 9.1, 698, 韦帅望的江湖之大刃无锋
6531676, 8.4, 1516, 阿麦从军
1024854, 7.3, 8062, 成都，今夜请将我遗忘
2138527, 7.5, 5625, 法老的宠妃
3359946, 7.7, 4035, 盘龙（1～10部）
2005545, 7.4, 6630, 红颜乱
2298478, 8.6, 1173, 知北游
3250733, 7.8, 3360, 午门迨垄
3577800, 9.1, 676, 韦帅望的江湖(Ⅲ众望所归)
1062326, 6.9, 17475, 爱尔兰咖啡
3042924, 8.1, 2153, 茅山后裔4
5264447, 7.5, 5401, 三千鸦杀
3069728, 7.1, 11261, 良辰讵可待
1742707, 8.4, 1429, 佣兵天下1
3245174, 8.4, 1428, 盗墓笔记之8：蛇沼鬼城III
3898994, 7.3, 7522, KAO，被潜了！
6712214, 7.9, 2781, 是我W生又怎
3053120, 8.6, 1110, 新宋Ⅱ・权柄2
1443276, 9.0, 719, 狼群2
6087472, 7.2, 8814, 浮世浮城
25912734, 7.2, 8813, 他来了，请闭眼
3100852, 7.7, 3606, 兰陵缭乱Ⅱ
25851002, 8.1, 1995, 世界微尘里
1283275, 8.5, 1200, 都市妖奇谈一
1792473, 8.3, 1530, 一代军师（第一部）
10451832, 8.1, 1985, 凰权（上下）
10563041, 8.5, 1194, 将夜之花开彼岸天
1012747, 7.2, 8468, 亦恕与珂雪
1048931, 7.6, 4126, 天堂向左，深圳往右
4929998, 8.3, 1502, 侯卫东官场笔记3
26613724, 7.6, 4096, 余罪
26365847, 7.6, 4079, 美人为馅
3074810, 7.3, 6753, 穿越与反穿越
1060779, 7.4, 5634, 圈里圈外
2111394, 8.3, 1475, 驱魔人・第一季・你是谁
26393180, 8.3, 1471, 怨庾测5・同路
25728092, 9.1, 606, 小张和小丽
1334600, 7.9, 2511, 不可抗力 上
6437035, 7.8, 2891, 扶摇皇后（上下）
10809121, 8.2, 1644, 沉香如屑《上》
3696953, 7.9, 2457, 绿红妆之军营穿越
3621144, 7.3, 6507, 良言写意
4218539, 7.3, 6472, 落花时节又逢君
1028916, 6.9, 14327, 雨衣
2342840, 8.4, 1255, 苏旷传奇
5276802, 8.6, 991, 饕餮娘子之岁寒记
25879588, 9.1, 586, 全职高手11・门票战争
3389971, 7.7, 3253, 永夜（上下）
2288853, 8.0, 2088, 茅山后裔2
4166020, 7.6, 3766, 殇璃
4197229, 8.1, 1802, 如意蛋 上
3671352, 7.4, 5249, 嗨，我的男人
10809124, 8.4, 1224, 沉香如屑《下》
11584484, 8.0, 2049, 将嫁
4090777, 7.9, 2346, 他，来自火星
4040223, 7.9, 2341, 坏事多磨
1440611, 7.9, 2316, 迷侠记
4057010, 8.0, 2009, 月上重火之水落石出
1026674, 6.9, 13446, 狼的诱惑
1464085, 7.8, 2647, 柔福帝姬
5275312, 7.5, 4193, 暴君，我来自军情9处
2244881, 8.4, 1161, 宝珠鬼话之锁麒麟
26689989, 8.0, 1926, 余罪2
3333758, 7.3, 5771, 大爱晚成
3829610, 7.8, 2523, 午门迨垄蟆の缑牌
6534919, 7.5, 4032, 然后、爱情随遇而安
25910906, 9.1, 534, 全职高手12・步步惊心
1043201, 6.8, 15034, 毕业那天我们一起失恋
10451835, 8.5, 970, 凰权（终结篇）
26315121, 9.2, 463, 全职高手18・十年荣耀
25803547, 7.8, 2339, 一生一世，美人骨
2375894, 7.9, 2019, 秀丽江山・白虎卷
5261719, 7.7, 2660, 只为爱
5245615, 7.6, 3094, 江山为聘
6730936, 8.2, 1324, 扶摇皇后・终结篇（上下）
4192766, 7.7, 2604, 凡人修仙传（1-10）
10566532, 8.6, 809, 海棠依f：知否？知否？是G肥t瘦 卷二
26745286, 8.5, 903, 七根凶 套b
2974188, 7.6, 2988, 回到明朝当王爷
2341489, 7.1, 7112, 香寒
3151078, 7.2, 5874, 大约是爱（全二册）
10775030, 8.5, 896, 海棠依f：知否？知否？是G肥t瘦 卷四
2973270, 7.7, 2548, 六弄咖啡馆
3084855, 7.6, 2967, 星辰变1
25916854, 9.0, 526, 全职高手13・圣诞之战
3227999, 8.3, 1114, 邪气凛然
26778494, 9.2, 434, 大哥（下）
2257608, 7.9, 1865, 秀丽江山・青龙卷
4833241, 7.4, 4014, 犹记惊鸿照影
26177190, 9.2, 430, 全职高手15・决战嘉世
3274141, 7.9, 1832, 秀丽江山・朱雀卷
24339872, 7.8, 2107, 至此终年
2048588, 7.6, 2843, 第一皇妃（Ⅰ、Ⅱ）
2139618, 7.5, 3327, 寻找前世之旅续集
1036067, 6.6, 19703, 那小子真帅
2094609, 8.2, 1225, 弹痕
26325635, 7.7, 2402, 月都花落，沧海花开
3289609, 7.1, 6595, 这么远，那么近
25955820, 9.0, 501, 全职高手14・ 线下风云
3065698, 7.3, 4430, 白昼的星光
20501271, 8.6, 739, 大唐明月2・谋断恩仇
1082515, 7.5, 3159, 理工大风流往事
1799812, 8.0, 1514, 飘邈之旅1:误入天庭
4162625, 7.4, 3679, 衾何以堪
11443061, 8.0, 1502, 别拿爱情说事儿
2975947, 7.5, 3118, 笑倾三国（Ⅰ、Ⅱ）
25904568, 8.8, 590, 乱世为王（上卷）
5936030, 8.1, 1304, ab日记
2176700, 8.1, 1292, 鬼吹灯之精绝古城（上下）（漫画版）
4224227, 7.5, 3050, 怪你过分美丽
3684873, 8.5, 800, 长大
4174098, 8.2, 1120, 那一场呼啸而过的青春
3766379, 8.6, 701, 新宋Ⅲ・燕云3
6040895, 7.9, 1638, 憾生
2973657, 7.5, 2947, 微雨红尘（上下）
3427342, 7.9, 1628, 第一皇妃Ⅳ、Ⅴ
3168454, 8.0, 1419, 夜上海
26755836, 8.0, 1419, 余罪3
1062346, 8.0, 1415, 王贵与安娜
21336788, 8.7, 619, 大唐明月3・西域烽烟
3227189, 8.5, 763, 宝珠诡话
3015088, 7.6, 2460, 极品家丁 1
25714176, 8.1, 1225, 雪中悍刀行 1
2138767, 8.0, 1394, 清风入梦・怡殇Ⅰ
26347981, 7.9, 1594, 簪中录3
10739632, 8.5, 761, 海棠依f：知否？知否？是G肥t瘦 卷三
4130055, 7.2, 4767, 跨过千年来爱你
3027642, 7.5, 2820, 青春酷语 第七辑
10749611, 7.7, 2066, 上古
3072649, 7.9, 1537, 窃明
3128636, 7.2, 4582, 末路相逢
25768277, 8.0, 1342, 苗疆蛊事1
26295181, 9.1, 404, 全职高手17・新的征程
20435586, 8.2, 1035, 皇叔
3420384, 7.2, 4524, 告诉大雄我爱她
2241269, 8.2, 1023, 清风入梦・怡殇Ⅱ
26347982, 7.8, 1695, 簪中录4
10490350, 7.2, 4379, 后宫・如懿传
20274086, 8.6, 638, 海棠依f：知否？知否？是G肥t瘦卷六 嫣然一笑新y就，春@海棠花妍
1071495, 7.2, 4359, 一杯热奶茶的等待
3236601, 7.9, 1448, 恶魔法则1
25767862, 7.1, 5124, 如果蜗牛有爱情
19281910, 8.5, 694, 海棠依f：知否？知否？是G肥t瘦 卷五
25832787, 8.8, 506, 惊悚乐园1
3931437, 7.3, 3539, 销魂殿
2010276, 7.6, 2184, 神墓1・潜龙出渊
5397152, 8.4, 766, 边缘少年
2117552, 8.6, 614, 历史的尘埃 1
23720194, 8.6, 611, 海棠依f：知否？知否？是G肥t瘦 卷七 那人s道，海棠依f 完
5905877, 7.3, 3468, 重紫（全两册）
2136038, 7.0, 5930, 诛仙8（大结局）
21346268, 8.7, 546, 大唐明月4・碧血黄沙
4175344, 7.6, 2121, 一辈子暖暖的好（全二册）
4837447, 7.3, 3403, 两只前夫一台戏
5269361, 7.9, 1369, I情
21370565, 7.6, 2082, 凶宅笔记
4224119, 7.4, 2837, 斩春
2117535, 8.5, 660, 如果可以这样爱・续
1443458, 7.9, 1354, 迷行记
6805154, 7.6, 2061, 再生缘（上中下）
2017876, 8.1, 1038, 仙剑神曲(全五册)
3179389, 7.5, 2375, 未央・沉浮（全两册）
3810025, 8.2, 904, 卡徒（第一季）
26785345, 8.0, 1154, 余罪4
4729680, 7.8, 1505, 路鸟
2327556, 7.6, 1991, 不辞冰雪为卿热（全2册）
10527811, 8.5, 636, 官居一品（全七册）
1277389, 8.3, 790, 食荤者
4919608, 7.6, 1973, 改尽江山旧
11625032, 7.4, 2680, 欢乐颂  第一季
6890100, 8.6, 565, 缥缈・提灯卷
3069478, 7.5, 2242, 凤血
3360791, 7.2, 3664, 桃花依旧笑春风
3135064, 6.9, 6410, 薄荷荼靡梨花白
3056907, 7.3, 3083, 宸宫（上下）
1003925, 8.4, 687, 风姿物语No.1
3721760, 8.1, 968, 琉璃美人煞・卷一・人如青葱
3550601, 7.5, 2201, 双阙
4136640, 7.1, 4289, 盛开
2381034, 7.1, 4286, 当时明月在
1014751, 8.4, 674, 异人傲世录1・异世逍遥
26599743, 8.1, 952, 有生之年
1928490, 7.9, 1227, 如果可以这样爱
4249302, 7.3, 2974, 我的名字，你的姓氏
4242061, 8.2, 836, 黑道悲情1
2973646, 7.4, 2501, 少年丞相世外客
25891017, 8.5, 595, 不疯魔，不成活
3895158, 7.5, 2129, 哪瓣洋葱不流泪
4217086, 7.5, 2114, 晨曦之雾
3097587, 7.6, 1818, 微光
6313955, 7.3, 2852, 迷雾围城（全两册）
3239048, 7.2, 3378, 相亲以后
2984725, 8.0, 1036, 鬼吹灯之龙岭迷窟①（漫画版）
6528739, 7.4, 2418, 谁的等待，恰逢花开
6790474, 8.4, 642, 别拿穿越不当工作（全三册）
5336752, 8.5, 576, 新宋Ⅲ・燕云4
1069628, 6.7, 8762, 那小子真帅2
10468727, 9.1, 321, 梵歌引.世间月
26437839, 9.1, 321, 全职高手20・蓝雨之役
26043287, 8.0, 1001, 我的拖延症女友
1104760, 7.6, 1720, 锦绣缘
3061895, 7.0, 4639, 心素如简
3266335, 7.7, 1478, 爱与乐的彼岸
6125965, 8.2, 777, 李逵日记
2216512, 7.7, 1471, 冒死记录
3015786, 8.0, 984, 有一种爱情叫兄弟Ⅰ
4277650, 7.8, 1263, 结爱・异客逢欢
10876729, 8.1, 860, 何欢
6041678, 7.4, 2241, 人生何处不尴尬
26812681, 8.0, 962, 余罪5
26853361, 8.7, 442, 夜旅人
4158875, 7.5, 1889, 爱如指间沙
2232921, 7.9, 1077, 樱之恋系列 （全8种）
3153363, 7.1, 3593, 三救姻缘
3021414, 7.2, 2959, 除了我你还能爱谁
3680215, 7.4, 2129, 皇后策
2240574, 8.3, 648, 师士传说①光甲重生
3618055, 7.6, 1564, 和空姐同居的日子
3244004, 7.8, 1177, 星辰变4
3178968, 9.0, 318, 妖刀2
3409619, 7.3, 2445, 耳洞
3071317, 7.2, 2886, 此心无垠（全2册）
10577009, 8.6, 463, 网游之近战法师1・一战成名
2277517, 6.8, 6007, 冷月如霜
6560283, 8.5, 506, 这世上我最爱你
3679840, 8.1, 781, 恶魔法则（全12册）
1428345, 7.3, 2341, 伊甸樱桃
1964473, 7.7, 1280, 流光夜雪
1607466, 8.4, 543, 妖言惑众
3733114, 7.3, 2292, 被遗忘的时光
7440370, 7.8, 1102, 非我倾城（全三册）
4162727, 8.2, 670, 步天歌
4012250, 7.9, 957, 色已成空
5984284, 7.5, 1648, 斗破苍穹3・寻找异火
1449307, 7.9, 952, 我把爱情煲成汤
2303151, 7.1, 3126, 花雨青春酷语（第五辑）
3137080, 7.3, 2216, 那一杯咖啡的爱情
2069604, 7.4, 1860, 成全了自己的碧海蓝天
2354896, 8.5, 467, 幽冥仙途
20444964, 7.7, 1202, 突然想要地老天荒
2993425, 7.5, 1594, 神仙也有江湖（上）
4833933, 7.4, 1852, 小女花不弃
3875446, 8.2, 643, m1・打入崾
4159518, 8.0, 808, 情人书
3894603, 7.6, 1363, 穿越之天雷一部（全二册）
3084682, 7.3, 2139, 琴帝
2300051, 7.7, 1180, 勿忘
2026188, 7.7, 1166, 天眼
26648636, 8.3, 560, 成化十四年（套装全3册）
3134869, 7.7, 1154, 星辰变2
3006825, 7.6, 1308, 是以见放
4280221, 7.8, 996, 宫（全二册）
4703557, 7.3, 2027, 君生我已老
3160035, 7.7, 1122, 流木
3215659, 7.7, 1119, 星辰变3
25768282, 8.0, 762, 苗疆蛊事2
26341728, 8.4, 483, 山河表里
24696808, 8.3, 535, 江山美人谋
6510393, 8.2, 596, 江南外传
3766708, 7.6, 1263, 爱莫能弃
26863353, 8.9, 294, 贩罪
4088400, 8.0, 745, 城外的月光（套装上下册）
2204232, 7.0, 3218, 7-ELEVEN之恋
6861939, 7.7, 1082, 帝凰（上中下）
6729710, 8.0, 729, 鬼叫魂之阴阳先生
5376551, 7.5, 1409, 江山如画（全二册）
5261747, 7.3, 1902, 薄暮晨光
3884307, 7.3, 1895, 梦落芳华
25846260, 8.4, 463, 张公案
11613971, 7.9, 808, 江湖不挨刀
3520727, 7.9, 807, 贵族
1006635, 7.1, 2572, 沙僧日记
4224756, 7.7, 1038, 危险关系
7162172, 7.4, 1576, 媚公卿（上下）
4898668, 8.4, 452, 缺月梧桐
3259415, 7.6, 1174, 彼爱无岸
24844263, 7.8, 897, 一念执着，一念相思
25929667, 7.6, 1171, 你是我学生又怎样
4738290, 8.2, 556, 狩魔手记 No. 1
3593982, 7.3, 1777, 跑跑江湖打打酱油（全二册）
4922017, 7.1, 2457, 斗破苍穹 1
1373144, 7.5, 1315, 具森林
5068504, 7.4, 1520, 十五年等待候鸟
1012566, 7.0, 2915, 洛神红茶（痞子蔡）
7658805, 7.8, 874, 士为知己（全二册）
3593984, 7.4, 1517, 帝王妻
11444474, 8.6, 359, 缥缈・鬼面卷
5379541, 7.1, 2417, 执子之手，将子拖走
4118264, 7.4, 1500, 五蠹
6981431, 8.0, 674, 废物们
3664816, 7.0, 2843, 尽在不言中
25768287, 8.0, 668, 苗疆蛊事3
1074879, 8.3, 472, 轻功是怎样炼成的
26712106, 8.4, 424, 开封志怪
4859438, 7.5, 1254, 没有烟总有花
25843937, 7.8, 823, 那些有钱的年轻人
2062281, 7.3, 1650, 清空万里
25751764, 8.4, 413, 雪中悍刀行 2
3802382, 7.5, 1208, 爱莫能弃
24877322, 8.3, 451, 江山不夜
10344574, 8.0, 624, 傲风
1917828, 7.3, 1594, 情何以堪
2262884, 7.7, 899, 九重凤阙・上
1034928, 7.3, 1584, 粉红四年
2099309, 8.5, 362, 弹痕II-风云际会
25880334, 8.7, 299, 大唐明月6・谁家天下（完）
3024962, 7.2, 1831, 满身风雨你从海上来
3426048, 7.6, 1015, 平凡的清穿日子1
3258458, 7.0, 2541, 贼猫
26793349, 8.6, 324, 桃花债
5414115, 7.4, 1322, 错嫁良缘之一代军师（上下）
5325550, 7.4, 1318, 若爱只是擦肩而过
2040795, 7.6, 994, 佛本是道1
26674168, 9.2, 191, 全职高手21・双杀晋级
4167370, 7.2, 1782, 寂静流年遍开花
3065701, 7.1, 2092, 哪一年让一生改变
2038441, 7.6, 971, 女皇神慧
25839869, 8.7, 285, 大唐明月5・云诡波谲
24379854, 7.1, 2014, 后宫・如懿传3
4209676, 7.3, 1461, 九鼎记
4932088, 7.4, 1259, 灯火阑珊处
3271254, 8.4, 373, 隋乱1・塞下曲
3099353, 7.4, 1239, 淑女本色
25773513, 8.4, 368, 雪中悍刀行 3
2998731, 8.3, 407, 到开封府混个差事
26603434, 7.7, 799, 无心法师 第三卷
6727858, 7.8, 704, 鬼差
1083255, 7.7, 798, 天舞・青梅
6072853, 8.4, 361, 橙红年代
3389953, 7.7, 794, 天长地久
3718158, 7.7, 789, 江湖遍地卖装备
26281913, 8.3, 394, 镇魂
1424858, 7.4, 1168, 风烟引
2297710, 7.3, 1353, 一年天下
3710711, 7.8, 682, 春秋大梦
2283574, 8.2, 430, 金陵女子1
2194003, 7.7, 766, 神墓5・名动西方
19977093, 7.8, 671, 天定风流1・千寻记（上下）
4236838, 8.7, 259, 那些牛人，那些糗事
1839260, 8.4, 341, 悟空前传--斗佛
1822785, 8.5, 309, 风姿物语1・暹罗结义
10742647, 8.1, 464, 那村那人那傻瓜 上
3069481, 7.7, 735, 太平
4838107, 8.1, 455, 新宋
5391689, 7.3, 1258, 花间提壶方大厨
3015008, 6.8, 2859, 何须浅碧轻红色
3375956, 7.9, 564, 黑白灰姑娘
4766662, 7.4, 1075, 爱情来了你就上
19958299, 7.6, 816, 大唐女法医・江南卷（上下）
20259330, 6.9, 2364, 欢乐颂  第三季
1787843, 7.6, 801, 兽血沸腾（第一卷）
5281331, 7.7, 698, 再不相爱就老了
26275998, 8.2, 393, 寒武再临
4113797, 7.3, 1201, 女人现实男人疯狂
21337763, 8.3, 353, 侯卫东官场笔记-全8册
4887684, 7.7, 693, 情迷北宋之北落师门
3709462, 6.8, 2717, 放弃你，下辈子吧
4853249, 7.5, 896, 春莺啭
4018165, 7.7, 686, 人性禁岛
2970998, 6.9, 2228, 青囊尸衣
6808505, 7.6, 766, 异事录1
1075353, 7.1, 1575, 给我一支烟
3998030, 8.6, 257, 妖怪记事簿
26148475, 7.0, 1848, 你和我的倾城时光
10559304, 6.8, 2613, 太子妃升职记
20432513, 7.6, 752, 坑你三生三世
26805297, 7.5, 857, 我必须恋爱的理由
25732720, 7.8, 584, 无方少年游（全两册）
4135941, 7.4, 977, 欢天喜帝
2282777, 8.5, 276, 师士传说2命运之痕
4012252, 7.1, 1477, 一路繁花相送
4197554, 7.8, 562, 每晚一个离奇故事之惊悚夜
3387582, 7.4, 937, 从零开始
4925049, 7.9, 496, 长生
5297359, 7.3, 1070, 错嫁良缘之洗冤录
4585039, 7.4, 928, 请继续，爱我到时光尽头
10794265, 7.1, 1449, 黑白
4889767, 7.5, 792, 步步生莲（全14卷）
3740290, 7.8, 540, 婆婆来了
26688708, 8.8, 198, 大英雄时代
4175347, 7.2, 1194, 流年明媚・相思谋
3464699, 7.8, 532, 神墓14・葬天
1817625, 7.2, 1179, 善良的死神
2012687, 7.7, 596, 神墓2・古神遗迹
2147373, 7.2, 1174, 朱雀记
6946709, 7.2, 1166, 小凰不是仙
10758278, 7.7, 591, 归离（上下）
20444642, 7.1, 1352, 慈悲城
4874141, 7.5, 751, 网游之公子连城
10537125, 7.2, 1137, 寡人有疾
2305270, 7.1, 1322, 凤求凰
4855558, 7.7, 576, 毕业八年，我重逢了高中的校花
5243507, 7.3, 975, 许你再见钟情
1398370, 7.4, 843, 恋人
26858009, 7.8, 507, 余罪6
6795801, 8.0, 403, 搞鬼
2216419, 7.5, 729, 冷宫
26403896, 7.9, 446, 永安调
11507163, 7.0, 1503, 心肝
25719303, 8.8, 185, 我的一个朋友
4184175, 7.5, 715, 神3
10599676, 7.5, 714, 公主F性（上）
1925201, 7.8, 489, 如梦令・三窃
25785758, 8.0, 389, 风雨浓，胭脂乱
11622713, 7.3, 927, 将军在上（上下）
2995606, 6.9, 1725, 宅女在古代后宫的幸福生活（全2册）
26904479, 8.1, 349, 余罪7
10540821, 7.8, 486, 龙缘
3675782, 7.6, 613, 一片冰心在玉壶（上下）
4885065, 9.1, 142, 拍翻御史大夫 三?青衫卷
3271259, 7.4, 788, 花间（上下）
25792536, 7.0, 1415, 后宫・如懿传4
20509118, 7.5, 682, 我的房东叫别扭
20283081, 7.5, 678, 庶女攻略1
3987275, 7.6, 592, 你在我的左手边
19957704, 7.7, 523, 锦衣夜行1・杀青州
20282520, 7.9, 413, 首席医官
26780911, 9.0, 149, 大哥（上）
1489079, 7.2, 1009, 狂神
1002862, 7.3, 873, 我的住院日记之羊肉炉不是故意的
1842679, 7.4, 760, 狂神6
26666471, 7.6, 585, 夜空最亮的星
3003680, 6.9, 1608, 满朝文武爱上我（全2册）
3499283, 6.9, 1602, 夜凝夕
6425455, 7.3, 855, 有座香粉宅
4046040, 7.9, 402, 盘龙（11～13部）
26365848, 7.6, 572, 美人为馅2・大结局
1485498, 7.4, 740, 狂神3
3039108, 7.9, 401, 极品家丁2
3561771, 8.1, 323, 那些过去的和将要到来的
26365250, 8.4, 239, 死人经
11502594, 7.3, 837, 遮天1・九龙拉棺
6902585, 7.5, 639, 你是我左上角的心跳
1262160, 7.1, 1116, 千帐灯
1879024, 7.2, 959, 湄澜池
25921286, 7.5, 633, 民调局异闻录1・苗乡巫祖
20507294, 7.6, 545, 大唐女法医・帝京卷（上下）
5414077, 7.0, 1248, 一霎风雨我爱过你
26252198, 7.5, 608, H鄣陌⒒米德（上）
1951015, 7.2, 913, 下班抓紧谈恋爱
1212453, 6.4, 3656, 蛋白质女孩
1842950, 7.7, 469, 大雪满刀弓
3575831, 8.0, 333, 卜案
4202322, 7.4, 670, 有一种爱谁敢言说
3712318, 7.3, 762, 天下倾歌
1485497, 7.3, 758, 狂神2・堕落天使
10786466, 7.3, 757, 不负如来不负卿・蓝莲花
5976260, 7.3, 752, 我要逆风去
4250750, 8.4, 218, 妖刀1
2363678, 6.7, 1919, 和亲公主
6716687, 7.5, 572, 最后的女神
4245541, 8.2, 261, 残影
3232134, 6.6, 2279, 倾世皇妃
2368191, 8.4, 215, 金陵女子2
10742649, 7.6, 499, 呸，下流胚
10594424, 7.2, 843, 月沉吟（上下）
3464724, 8.1, 283, 巫颂（第一部）
5399422, 6.9, 1305, 江南恨
19987171, 7.1, 953, 最后一个道士1
6440622, 7.4, 625, 亿万老婆买一送一
10447495, 9.3, 102, 1938
26781333, 8.6, 173, 格格不入（全两册）
3079250, 8.4, 205, 不存在未出版的错误条目
26731255, 7.6, 472, 浪花一朵朵
4175356, 7.0, 1064, 网游之没事找找虐
25735703, 8.0, 299, 芥子
2304613, 6.7, 1742, 绝色赌妃Ⅰ
5956228, 9.0, 123, 拍翻御史大夫 六 紫玉卷
3931408, 7.5, 520, 询君意（上下）
2137402, 7.3, 672, 寸芒.1
6557103, 7.4, 585, 彩虹的重力
26596521, 7.1, 877, 无心法师 第二卷
1009229, 7.5, 508, 这是我的答案
4104723, 7.2, 752, 和你一起住下去
4245704, 7.3, 654, 我相信，幸福是会重生的
26732446, 6.9, 1178, 你丫上瘾了
3275640, 7.6, 443, 神墓12・逆乱时空
4113424, 7.7, 392, 穿墙而过
24232307, 7.5, 497, 最后一束米迦勒雏菊
1804980, 7.4, 564, 狂神5
5501657, 7.2, 737, 禁忌之地
19906939, 7.9, 313, 巽离络
1932401, 8.9, 127, 乱世铜炉
6070379, 8.5, 175, 盛世
3561593, 8.1, 252, 重生于康熙末年（一）
25855719, 7.3, 633, 与凤行
2981704, 6.8, 1334, 绝色赌妃Ⅱ
4885795, 7.1, 821, 酒神（全14卷）
4859592, 7.2, 710, 我不是精英
5956227, 9.0, 115, 拍翻御史大夫 五 y~卷
4843500, 7.6, 422, 烟味，至爱
25921287, 7.5, 473, 民调局异闻录2・清河鬼戏
4737154, 7.3, 607, 妃子血（全两册）
7058051, 7.7, 370, 异事录3
25719558, 7.9, 295, 闻香榭之一 脂粉有灵
10442344, 7.7, 364, 九歌.绿衣
2040860, 7.4, 521, 冰火魔厨
3288009, 7.8, 323, 篡清1・京华烟云
3306251, 7.5, 455, 离魂
4205297, 7.5, 454, 听说爱会来
26824038, 8.3, 195, 余罪:我的刑侦笔记合集(1-4)
1817628, 7.3, 584, 善良的死神
25903898, 6.9, 1020, 后宫・如懿传5
2370240, 8.2, 210, 眉姐
6518246, 7.3, 572, 斗破苍穹4・吞噬异火
6716742, 7.4, 496, 斗破苍穹6・炼药师大会
4849081, 7.1, 737, 有多少爱可以重来
24714636, 6.5, 1977, 锦绣未央（1、2、3）
4583098, 7.2, 633, 瑾年绝恋.醉流苏
1258222, 7.7, 339, 谁说青春不能错
4874149, 7.4, 481, 十年懵懂百年心（全二册）
26680107, 8.5, 155, 制霸好莱坞
5247942, 7.2, 623, 人生若只如初贱
26522435, 8.0, 242, 凝爱成珠.1 归来
2213489, 7.2, 615, 空速星痕
3601005, 7.4, 467, 大漠情殇
4167100, 8.1, 214, 天下不帅
5916835, 8.9, 108, 爱在泉城
25921289, 7.5, 399, 民调局异闻录4・亡魂列车
5422980, 7.1, 667, 妙不可言
5027280, 7.8, 282, 凡人修仙传（11-20）
2595345, 8.1, 208, 飞花青离传之刺客传奇（上）
4829641, 8.0, 229, 尘缘 1 缘起尘世卷
6538396, 7.3, 504, 斗破苍穹5・佛怒火莲
3772795, 8.0, 227, D级危楼
10775765, 7.2, 563, 诛仙・第二部1
26436202, 8.2, 185, 清川日常
2253362, 7.8, 272, 清宫・红尘尽处（上下）
23018957, 7.8, 272, 帝皇书（全二册）
3982352, 8.1, 200, 超级教师
24385005, 7.5, 375, 茅山后裔6
3361748, 6.5, 1647, 倾世皇妃
3686859, 7.3, 475, 长生界1・龙岛死城
6728194, 6.7, 1138, 鬼吹灯之圣泉寻踪
25923242, 7.9, 238, 如何不相离
4102696, 7.7, 292, 长生界5・九州动荡
6751280, 7.3, 459, 斗破苍穹7
4101764, 7.8, 256, w升之後13
3669733, 7.1, 594, 全世界都知道我爱你
3610969, 7.5, 355, 永不言弃
2976880, 7.3, 451, 纳妾记
26125800, 7.5, 353, 民调局异闻录6・无边冥界
4864366, 6.5, 1527, 最初的爱，最后的爱
20492474, 7.1, 584, 乖宠
3726769, 7.2, 509, 眸倾天下（上下）
10343028, 7.3, 445, 殿上欢（上下）
26352031, 7.7, 278, H鄣陌⒒米德（下）
1852108, 7.0, 663, 唯我独仙1
10795878, 7.3, 441, 仙逆1・天逆珠子
6985028, 8.9, 96, 鬼妖T
1692012, 8.0, 202, 烟波江南Ⅰ・梨花落・碧玉钗
25973718, 7.5, 343, 祥云朵朵当空飘
3224322, 6.8, 883, 可惜不是你
3284084, 7.0, 648, 武林萌主（上下）
26611946, 8.7, 109, 凝爱成珠.2，蜕变
25801876, 7.2, 481, m略
1804944, 7.3, 419, 狂神4
25700787, 7.8, 237, 掌事(卷一)
4175419, 7.0, 626, 缠绵
3905401, 7.0, 623, 诡异档案
25744235, 7.4, 368, 侯门新妇-τ锸槟
10603626, 6.7, 981, 公子无耻（上下）
2150985, 6.6, 1145, 光之子（上中下）
26612679, 7.6, 287, 南方有乔木
5329637, 6.7, 965, 网游之天上红绯
24527013, 8.0, 189, 明宫秋词
26067840, 8.0, 189, 爱情无非就长这个样子
4866449, 8.5, 121, 斗铠
4904541, 8.4, 131, 打拼：六兄弟的血色往事4
4020356, 7.7, 251, 不怕狼心如F
25786539, 7.8, 226, 江山多少年
1414742, 6.2, 2349, 龙日一，你死定了
4054970, 8.8, 94, 太虚幻境
10738605, 7.0, 577, 卿本风流（上下）
22933018, 6.7, 899, 斗破苍穹
3669747, 8.0, 180, 满堂娇
11443725, 7.4, 337, WPO（上）
26579733, 7.3, 378, 芈月传・壹
10805367, 8.2, 148, 梵事进化札记（上下册）
1810238, 7.7, 239, 逝鸿传说
26569724, 7.6, 265, 苍兰诀
25835989, 6.9, 636, 独家占有Ⅰ
3321606, 7.9, 191, 底牌1
11625788, 7.6, 257, 资本剑客
26930033, 8.0, 171, 余罪8
3081725, 7.1, 464, 金樽幽月
20411512, 7.5, 282, 江湖路弯弯
26125718, 7.3, 350, 民调局异闻录5 ・赌城妖灵
3608017, 7.0, 514, 烟水遥（上.下册）
2352593, 7.0, 513, 生肖守护神1
3175373, 6.7, 793, 君如陌上尘
26603435, 6.9, 580, 无心法师 第四卷
20393132, 7.9, 176, 闭起双眼你会挂念谁
2024174, 7.9, 175, 流枫川志
2283497, 7.9, 173, 大唐后妃传：珍珠传奇 II（大结局）
25838009, 7.6, 234, 女心理师之江湖断案
26589045, 7.3, 327, 择天记
10801275, 7.5, 258, 一度君华
25744234, 7.0, 474, 御繁华
3786933, 7.3, 322, 骑士幻想夜Ⅱ
4726667, 6.3, 1467, 黄河鬼棺全集
2079805, 7.0, 451, 我在新郑当守陵人
7067228, 7.2, 340, 斗破苍穹14・强势归来
11587934, 7.4, 266, 美人凶猛（上、下册）
26587753, 7.3, 287, 司命
26870160, 8.4, 98, 黑锅
26278610, 7.3, 280, 红尘四合（上下）
25793692, 8.0, 135, 闻香榭之三 沉香梦醒
26253012, 7.2, 306, 我们住在一起
26800331, 7.8, 160, 护心
6052978, 6.7, 604, 三生酒 神仙醋
25908409, 7.3, 266, 九重紫（1、2、3）
26357608, 9.0, 61, 妖言水浒・卷一
20503653, 6.9, 433, 三嫁惹君心（上下）
11614388, 7.2, 293, 军火皇后（上下）
26381143, 9.0, 59, 高手寂寞
10751093, 8.3, 96, 傲风2
26718236, 8.0, 123, 木兰无长兄1
2241265, 8.1, 112, 再生勇士1・失落之村
26695255, 6.8, 466, 蜜汁炖鱿鱼
26260911, 7.5, 196, 致命邂逅
2037461, 6.6, 623, 穿越时空之生死恋
3191253, 6.6, 620, 北京诱惑
3172031, 7.4, 217, 七界传说后传1・龙腾北国
25919864, 7.7, 157, 奥术神座1・女巫笔记
10753937, 7.6, 173, 龙蛇演义1
6970979, 7.3, 233, 血嫁
26438770, 6.3, 949, 如懿传大结局
21361151, 7.5, 179, 顾十八娘（全三册）
20276023, 7.0, 316, 地狱公寓
25962945, 6.9, 357, 独家占有Ⅱ
26579749, 7.3, 213, 芈月传・贰
3177946, 7.3, 211, 天庭内幕
20434296, 7.9, 116, 首席医官2
25725666, 7.9, 113, 活在晚明①
26863501, 9.1, 47, 花开成毒
26743403, 7.1, 243, 一生一世，黑白影画
6843664, 6.7, 397, 战长沙
4273260, 7.4, 162, 不存在未出版的错误条目
5347785, 8.2, 79, I墓P漫2:七星王m
10829876, 7.6, 132, 红了樱桃，绿了芭蕉
25733504, 8.1, 85, 首席医官 6
4097495, 7.6, 131, 玩转王子学院
6528103, 7.1, 220, 我只是遗憾不能陪你一起老
25939263, 8.0, 89, 明月下西楼 大结局
26417045, 8.1, 80, 江东双璧
26361681, 7.5, 135, 女官
26411461, 7.0, 230, 禁庭（上下）
21365305, 7.8, 101, 首席医官4
5029379, 6.7, 332, 毕业后，我们裸婚
24225189, 8.4, 62, 高人
20312477, 6.9, 249, 斗破苍穹25・净莲妖火
26339855, 7.3, 157, 有种后宫叫德妃
26417443, 7.7, 106, 丞相不敢当
1955493, 6.9, 247, 邪神传说1
26264633, 8.2, 70, 首席医官13
25868175, 8.3, 65, 首席医官10
20425868, 7.0, 217, 你是我最好的遇见
25766551, 7.3, 155, 唐砖1・土豆有妖气
2044743, 6.3, 581, 穿越时空之错爱唐朝
25832074, 8.1, 74, 首席医官5
1942688, 7.0, 211, 爱上明晓溪
25733509, 8.1, 73, 首席医官 7
5313005, 6.7, 303, 不存在未出版的错误条目
25770951, 6.2, 652, 锦绣未央(4、5、6)
3938304, 8.3, 62, 江山如此多娇
4895205, 8.7, 47, 暴风雨中的蝴蝶
10762501, 6.5, 388, 吞噬星空・觉醒1
4885129, 8.1, 69, 残影2
20509472, 7.7, 95, 一品江山・第一部1・清平
10451754, 6.5, 371, 错嫁良缘之后宫疑云（上下）
6435156, 6.8, 244, 28岁未成年
26779714, 7.6, 101, 意外事故
26698993, 8.1, 66, 杀青
26264635, 8.3, 57, 首席医官11
2112072, 7.2, 146, 魔法帝国（全六册）
26873783, 8.8, 41, 仇敌1
24541877, 7.0, 181, 我只害怕我爱你
25908323, 6.6, 299, 锁金瓯
24502132, 7.8, 82, 只愿金屋不藏娇
6532567, 7.2, 141, 斗罗大陆2
3757914, 6.5, 329, 浅浅心事
25934782, 6.8, 210, 盛世良缘
25843532, 7.1, 147, 塔尖恋人
25881528, 7.6, 90, 只有海豚知道
26417450, 7.9, 70, 大香师
20434306, 6.8, 207, 决战在即-斗破苍穹-26
20475616, 6.7, 232, 斗破苍穹27・晋阶斗帝
4721796, 9.1, 32, 中国美术全集
24542160, 7.0, 158, 名草有主
26633470, 7.1, 138, 隔壁那个饭桶
26614962, 8.1, 57, 一见阳光就灿烂
4811840, 6.5, 286, 倦寻芳（上下）
26610473, 7.5, 92, 鲜花盛开的春天
26734228, 8.1, 55, 鬼吹灯全集
3228761, 7.5, 87, ふ仪笆乐旅・二部曲3・牡丹公子
3172433, 7.2, 115, 鬼吹灯外传
26528526, 7.3, 104, 落花时节又逢君
26636393, 7.7, 72, 饕餮记
2232544, 5.7, 993, 冰火魔厨
26672861, 8.3, 44, 惊悚乐园2
10792272, 6.1, 427, 武动乾坤1・血池石符
25698781, 7.5, 77, 叶落淮南
26729381, 8.3, 42, 惊悚乐园4
1077293, 7.0, 121, 有种你丫别跑
26702162, 8.1, 47, 民国遗事1931
25813176, 7.3, 88, 完美替身恋人：终结篇
26688712, 7.3, 88, 他站在夏花绚烂里
4243433, 8.8, 30, 地府皇家x：唐棣之A(上)
26757275, 8.0, 49, 战国纵横:鬼谷子的局（套装共8册）
26882866, 7.2, 94, 识汝不识丁
25744975, 6.4, 238, 江山不悔（上下）
26722035, 8.5, 35, 惊悚乐园3
7163389, 6.4, 234, 光明之子-神印王座-I
6853804, 7.3, 84, 斗罗大陆3
25698499, 6.5, 200, 半欢半爱
26856665, 8.6, 32, 与时光擦肩而过
25765018, 8.0, 45, 三生三世彼岸花・完美终结（上下）
26700354, 7.1, 94, 危宫惊梦
1955062, 6.8, 127, 邪神传说2
24714235, 8.6, 30, 地狱笑星：暴牙小鬼讲冷笑话
26291302, 6.6, 157, 我欲封天
25908426, 7.2, 82, 玉台碧
25855722, 7.1, 89, 喜盈门（上下）
26639674, 6.8, 121, 拾光里的我们
3269217, 6.2, 253, 穿越时空之绝色神偷3
24720075, 6.8, 116, 莽荒纪2・天下纪氏
20325229, 8.0, 41, 斗破苍穹漫画版4
26756791, 8.0, 41, 木兰无长兄2
25930023, 7.9, 43, 忘尘阁之一 噬魂珠
26595222, 7.9, 41, 隐世十族
26914116, 8.0, 38, 生途
26424037, 7.3, 64, 一品仵作
5063872, 6.5, 146, 武神
26698059, 6.9, 90, 暮春之令
26659626, 7.1, 71, 世家 上
5256867, 6.0, 256, 三生三世桃花依旧
25795918, 6.3, 164, 我们为何欢庆失眠
21360628, 6.6, 108, 吞噬星空2・涅1
26774124, 7.9, 34, 木兰无长兄3
26148091, 7.5, 45, 儒道至圣
26587752, 6.9, 75, 京门风月1芳华归来
20440895, 6.0, 225, 斗罗大陆・第二部・绝世唐门1
26693076, 7.6, 41, 民国异闻录
26668796, 7.8, 35, 灯下黑
24526995, 7.4, 44, o限恐怖番外 01
26321012, 6.9, 67, 沉香雪
5936095, 7.3, 46, 医道官途
20563156, 6.4, 104, 斗罗大陆・第二部・绝世唐门2
4864227, 8.0, 26, 我在黑社会卧底的日子
26609836, 7.6, 33, 大泼猴1齐天之路
26308576, 6.7, 66, 月明见君来（全二册）
3101218, 6.3, 97, 木子美性廴沼
3351345, 6.7, 61, 网游混迹在美女工作室4
2595030, 5.8, 187, 华丽诱惑・穿越到后宫做妃子
25929620, 6.5, 74, 君心似我心
26670452, 7.4, 33, 画人难
26688788, 7.2, 37, 军装下的绕指柔
26738321, 6.8, 50, 思美人
25888101, 6.8, 47, 酱油女官
26828743, 7.9, 21, 明王幻世录
25925741, 6.6, 51, 先婚厚爱
26358901, 7.3, 28, 忘尘阁2玲珑心
26803191, 7.6, 23, 后来我们会怎样
3614337, 6.3, 67, 相亲记
26823006, 6.8, 39, 潜鳞1
26731752, 7.0, 30, 龙王传说
21334279, 5.5, 158, 校花的N身高手1
20411511, 6.1, 66, 星动烟火
24153235, 7.7, 18, 上了贼船，下不来
26825040, 8.5, 12, 张公案Ⅱ
26677104, 6.7, 30, 陈，你心可有我姓名
25733653, 5.1, 209, 大主宰1
25762233, 6.8, 25, 厉嘉禾，只要你说爱我
24371380, 7.0, 21, 许你沉默时光
25742357, 6.6, 27, 再嫁侯门・完结篇（上下）
26724638, 7.0, 19, 灵路
25778897, 6.4, 28, 愿我如星君如月
25747627, 5.6, 65, 一日为叔，终身不负
26599706, 6.7, 21, 诺言已老，遇见恰好
26281206, 6.4, 26, 拥抱我吧，叶思远2
26873788, 7.7, 11, 仇敌2
20510068, 7.5, 11, 邪器1
20384591, 6.8, 16, 网游之来呀来呀来追我呀
25809693, 6.6, 18, 错位爱情
26296039, 6.6, 16, 假凤惊鸾
25783431, 5.3, 48, 斗破苍穹之大主宰2
25961318, 5.6, 25, 斗破苍穹之大主宰5
25713178, 0.0, 539, 我当道士那些年2
25712490, 0.0, 1009, 我当道士那些年1
