2017-01-23 16:17:59
Tag: 网络
The number of books: 957 

ID, rating, votes, title
1873231, 8.8, 77649, 明朝那些事儿（壹）
3674537, 9.1, 30912, 明朝那些事儿（1-9）
1949338, 8.9, 39248, 明朝那些事儿（贰）
2052448, 8.9, 32680, 明朝那些事儿（叁）
3626924, 9.0, 22771, 明朝那些事儿（柒）：大结局
2253642, 8.8, 30182, 明朝那些事儿（肆）
1948901, 8.4, 57645, 盗墓笔记
3009821, 8.8, 27475, 明朝那些事儿（伍）
1003000, 8.4, 54134, 悟空传
3274113, 8.9, 22741, 明朝那些事儿（陆）
5916880, 8.6, 36711, 华胥引（全二册）
1461903, 8.0, 114251, 何以笙箫默
3426869, 8.3, 54874, 三生三世 十里桃花
3879301, 8.1, 73971, 微微一笑很倾城
1020459, 8.4, 34393, 此间的少年
3266344, 8.5, 26485, 盗墓笔记4
2298149, 8.4, 28413, 盗墓笔记3
6021440, 8.8, 12973, 黑客与画家
4173968, 8.4, 23035, 盗墓笔记6
3800166, 8.4, 22845, 盗墓笔记5
2057285, 8.2, 31901, 盗墓笔记2
5254315, 8.4, 22025, 盗墓笔记7
1882933, 8.1, 36146, 鬼吹灯之精绝古城
5375620, 8.8, 11259, 失控
1812439, 8.1, 33578, 步步惊心
2326571, 8.6, 14161, 琅琊榜
1962929, 8.0, 35203, 佳期如梦
4238754, 8.0, 33203, 失恋33天
1316622, 8.4, 12265, 诛仙1
1926103, 8.0, 24275, 鬼吹灯之云南虫谷
1886385, 8.1, 17497, 来不及说我爱你
2048364, 8.1, 17487, 独步天下（上下卷）
2004407, 8.1, 16981, 后宫・甄执Ⅰ
1916726, 7.9, 22323, 鬼吹灯之龙岭迷窟
1261471, 8.7, 5914, 香初上舞
1925232, 7.9, 20555, 大漠谣
3561591, 8.0, 16067, 凤囚凰（上中）
1024217, 7.4, 51660, 第一次的亲密接触
3155622, 8.3, 8936, 庆余年・壹
1316623, 8.4, 7629, 诛仙2
1788421, 9.4, 2039, UNIX环境高级编程
1016523, 7.5, 36705, 告别薇安
2376306, 7.8, 20237, 第三种爱情
2078219, 8.0, 14025, 且试天下1
1938591, 7.8, 19921, 鬼吹灯之昆仑神宫
1049070, 8.4, 7059, 等一个人咖啡
10740021, 8.0, 13252, 三生三世 枕上书
3123939, 8.0, 13144, 不负如来不负卿1
1959892, 8.2, 9214, 大漠谣・终结篇
1772786, 8.6, 4958, 真名实姓
1827702, 8.5, 5684, 点石成金
1437858, 8.7, 4256, 天行健（全4册）
2080619, 8.2, 8820, 且试天下2
1489555, 7.8, 17109, 寂寞空庭春欲晚
2062202, 7.9, 14136, 绾青丝Ⅲ
6974102, 7.7, 19299, 盗墓笔记8・大结局（下）
2009825, 7.6, 22202, 绾青丝Ⅰ
1410145, 8.3, 6600, 诛仙3
1012203, 7.6, 21610, w寄生
4866987, 8.6, 4133, 如果・宅
2129362, 8.0, 10029, 帝王业（上下）
4889838, 9.1, 2108, 鸟哥的Linux私房菜
3218402, 8.2, 7032, 不负如来不负卿Ⅱ・大结局
1420794, 8.2, 6987, 诛仙4
2028070, 7.8, 13344, 绾青丝Ⅱ
3034184, 8.0, 9438, 鬼吹灯Ⅱ之四巫峡棺山
1400048, 8.5, 4335, 搜神记Ⅰ-神农使者
3522694, 8.6, 3734, 史上第一混乱・第一季神仙预备役
5423803, 8.2, 6530, 剑桥倚天屠龙史
1088054, 9.2, 1760, TCP/IP详解 卷1：协议
5336428, 9.1, 1964, 吉祥纹莲花楼终篇之青龙・白虎
4115227, 7.5, 21242, 岁月是朵两生花
3061282, 7.6, 17392, 山月不知心底事
4212812, 8.7, 3021, 紫川（全五册）
1468493, 7.6, 16494, 梦回大清
2971446, 8.4, 4392, 桃花债 上
2149655, 7.7, 13359, 鬼吹灯Ⅱ之一・黄皮子坟
2213684, 8.3, 4941, 又一春
1867642, 7.7, 13050, 世界是平的
3165386, 8.6, 3192, 庆余年・肆
3244065, 8.6, 3092, 庆余年・伍
3165135, 8.5, 3532, 庆余年・贰
2382094, 7.8, 10285, 绾青丝Ⅳ（上）
2382087, 7.8, 10170, 绾青丝Ⅳ（下）
5394309, 8.4, 3974, 简约至上
10807374, 8.7, 2657, 浮生若梦1
4118599, 8.3, 4562, 武侠，从牛A到牛C
1925218, 7.4, 20952, 翻译官
3244068, 8.5, 3376, 庆余年・陆
26886310, 9.1, 1596, 有匪1
2300626, 7.5, 16634, 蔓蔓青萝（全2册）
2699701, 7.6, 13697, 歌尽桃花
10561209, 8.9, 1972, 全职高手1・放逐斗神
5299409, 8.6, 2837, 犹记斐然
3165385, 8.5, 3228, 庆余年・叁
1007334, 7.2, 29353, 草样年华
1006073, 7.6, 13038, 七月与安生
2265312, 7.7, 10815, 鬼吹灯Ⅱ之二・南海归墟
1007178, 8.3, 4126, 功夫
1919072, 7.7, 10606, 长尾理论
3111691, 8.5, 3075, 桃花债(下)
4871447, 7.5, 15284, 东宫
1400049, 8.6, 2656, 搜神记Ⅱ・大荒惊变
4252125, 8.7, 2335, 吉祥纹莲花楼・玄武
2570719, 8.3, 3971, 诛仙全集（全六册）
3903387, 7.7, 10296, 香蜜沉沉烬如霜
6139592, 8.1, 5218, 11处特工皇妃
2271177, 7.7, 10034, 青春酷语（第四辑）
1436959, 8.7, 2246, 搜神记Ⅵ・似是故人来
3590768, 9.1, 1403, JavaScript语言精粹
4252115, 8.7, 2224, 吉祥纹莲花楼・朱雀
5291181, 8.3, 3574, Blood X Blood：血族传说
4098989, 8.2, 4122, 我的青春从爱你开始
1426673, 8.6, 2336, 搜神记Ⅲ・灵山十巫
1681426, 8.8, 1818, 杯雪・传杯・秣陵冬
2220812, 7.6, 10575, 木槿花西月锦绣1
1426674, 8.6, 2286, 搜神记Ⅳ・太乙火真
26331014, 8.3, 3351, 怨庾测1・食骨
4135947, 7.9, 6020, 天子谋
20429677, 7.5, 12047, 大数据时代
2221889, 8.3, 3289, 无限恐怖
2354969, 8.2, 3731, 衣香鬓影
2340300, 7.6, 9779, 鬼吹灯Ⅱ之三・怒晴湘西
4766047, 8.0, 5000, 祸国
26763013, 8.6, 2158, 魔道祖师
3727329, 7.3, 17220, 千山暮雪
3293232, 7.7, 8045, 过客，匆匆
1029475, 8.1, 4211, 若星汉天空
4734919, 8.5, 2323, 大劈棺
1975809, 7.8, 6460, 海上牧云记
1500149, 9.4, 841, UNIX网络编程
4224758, 7.3, 16010, 花千骨（上下）
3606570, 8.3, 2996, 鹤唳华亭
1958655, 7.6, 8928, 寻找前世之旅（上下册）
10468852, 8.6, 1941, 海棠依f: 知否? 知否? 是G肥t瘦 卷一
3779046, 8.6, 1937, cN年 卷7
26284304, 8.1, 3799, 簪中录
2078225, 7.9, 5144, 孤芳不自赏
3909876, 7.9, 5123, 琉璃美人煞（上中下）
10763905, 7.8, 5902, 西游日记
1430871, 8.5, 2137, 亵渎1・轮回・月陨
1878819, 8.6, 1884, 蛮荒记1・鲲鹏
1805988, 8.5, 2097, 庆熹纪事
3611391, 8.7, 1617, 史上第一混乱・第二季・山寨武校
3290028, 8.5, 2045, 孤城闭
3697979, 8.3, 2614, 衣香鬓影2・千秋素光同
25735699, 7.9, 4678, 三生三世 枕上书・终篇
3664145, 8.8, 1398, 史上第一混乱・第三季・武林大会
1430597, 8.9, 1239, 狼群1
3236155, 8.9, 1223, 韦帅望的江湖
5313010, 7.9, 4496, Facebook效应
3330173, 8.8, 1350, 蛮荒记Ⅵ・刹那芳华
10762477, 9.0, 1071, 全职高手2・千机初芒
3816834, 7.8, 4971, 兰因・璧月（上、下）
2373834, 8.4, 2061, 新宋・十字1
3106593, 8.9, 1129, 狼群(上、下)(全二册)
1433700, 7.4, 9657, 孔雀森林
26578003, 8.2, 2638, 无心法师 第一卷
10867759, 9.0, 999, 全职高手3・副本风云
4842735, 8.4, 2004, 海妖
2143487, 8.0, 3472, 茅山后裔1
3802381, 8.7, 1363, 史上第一混乱・第五季・寻秦记
2117066, 7.7, 5397, 夜船吹笛雨潇潇
20927775, 9.1, 864, 全职高手6・神之领域
2703292, 7.5, 7442, 兰陵缭乱
3739306, 8.7, 1323, 史上第一混乱・第四季・诱惑仙草
3829004, 8.3, 2163, 明月照人来
1467492, 9.0, 945, Blame! 1
2298769, 8.1, 2827, 殷商舰队玛雅征服史
26352002, 8.4, 1837, 怨庾测4・黑蝶
2008976, 8.9, 1007, 庆熹纪事Ⅱ
3567853, 9.0, 900, Getting Real
1036243, 7.4, 8262, 夜玫瑰
4144066, 8.5, 1576, 江山（一）
24283160, 8.6, 1358, 间客
25848410, 8.6, 1354, 夏梦狂诗曲（全二册新版）
3170442, 7.7, 4601, 午门迨垄
4922018, 7.6, 5401, 斗破苍穹 2
2298345, 8.5, 1476, 狐魅天下・第一部・狐妖公子
26320556, 8.3, 1887, 簪中录2
3330170, 8.7, 1156, 蛮荒记Ⅴ・九鼎
26331660, 8.3, 1857, 怨庾测2・根P
2052176, 8.4, 1620, CSS禅意花园
26351997, 8.3, 1824, 怨庾测3・w天
1442620, 7.4, 7177, 和空姐同居的日子
3705820, 7.5, 5923, 斗罗大陆（全14卷）
4129249, 8.7, 1090, 五大贼王1
20501270, 8.6, 1203, 大唐明月1・风起长安
3024940, 8.6, 1199, 新宋Ⅱ・权柄1
1921890, 8.7, 1067, JavaScript DOM编程艺术
3321449, 9.1, 698, 韦帅望的江湖之大刃无锋
6531676, 8.4, 1516, 阿麦从军
3924175, 8.6, 1186, 构建高性能Web站点
1024854, 7.3, 8062, 成都，今夜请将我遗忘
3359946, 7.7, 4035, 盘龙（1～10部）
6749832, 9.0, 761, 复杂
2005545, 7.4, 6630, 红颜乱
3250733, 7.8, 3360, 午门迨垄
1062326, 6.9, 17475, 爱尔兰咖啡
3042924, 8.1, 2153, 茅山后裔4
3816827, 8.2, 1874, 沸腾十五年
3294516, 8.5, 1275, 荼蘼肆野
1742707, 8.4, 1429, 佣兵天下1
3245174, 8.4, 1428, 盗墓笔记之8：蛇沼鬼城III
10746113, 8.7, 1004, HTTP权威指南
3898994, 7.3, 7522, KAO，被潜了！
6712214, 7.9, 2781, 是我W生又怎
3053120, 8.6, 1110, 新宋Ⅱ・权柄2
1443276, 9.0, 719, 狼群2
3040870, 8.9, 770, Head First HTML与CSS、XHTML（中文版）
1792473, 8.3, 1530, 一代军师（第一部）
10451832, 8.1, 1985, 凰权（上下）
1012747, 7.2, 8468, 亦恕与珂雪
1048931, 7.6, 4126, 天堂向左，深圳往右
1087547, 8.5, 1168, 理解媒介
3074810, 7.3, 6753, 穿越与反穿越
2111394, 8.3, 1475, 驱魔人・第一季・你是谁
26393180, 8.3, 1471, 怨庾测5・同路
6965746, 8.2, 1642, 科技想要什么
1179807, 8.8, 803, 计算机网络
4729353, 8.6, 998, 史上第一混乱・第六季・时光总动员
1074234, 8.5, 1117, 爱死你
1028916, 6.9, 14327, 雨衣
1491241, 9.0, 650, 狼群3
1981037, 8.7, 889, 亵渎7
4090777, 7.9, 2346, 他，来自火星
4040223, 7.9, 2341, 坏事多磨
1440611, 7.9, 2316, 迷侠记
4844954, 8.5, 1067, 史上第一混乱・第七季・终极拯救大结局
1464085, 7.8, 2647, 柔福帝姬
2244881, 8.4, 1161, 宝珠鬼话之锁麒麟
3132277, 8.6, 908, 高性能网站建设指南
3829610, 7.8, 2523, 午门迨垄蟆の缑牌
3101286, 8.6, 885, 新宋Ⅱ・权柄4
1043201, 6.8, 15034, 毕业那天我们一起失恋
25803547, 7.8, 2339, 一生一世，美人骨
5261719, 7.7, 2660, 只为爱
5245615, 7.6, 3094, 江山为聘
4192766, 7.7, 2604, 凡人修仙传（1-10）
1232061, 8.7, 726, JAVASCRIPT权威指南(第四版)
26745286, 8.5, 903, 七根凶 套b
1809842, 8.6, 807, 一代军师（第二部）
3183693, 8.6, 807, 新宋Ⅱ・权柄5
3239554, 8.6, 805, 新宋Ⅲ・燕云1
2974188, 7.6, 2988, 回到明朝当王爷
3084855, 7.6, 2967, 星辰变1
3227999, 8.3, 1114, 邪气凛然
26778494, 9.2, 434, 大哥（下）
4833241, 7.4, 4014, 犹记惊鸿照影
1391207, 8.8, 629, 计算机网络（第4版）
1036067, 6.6, 19703, 那小子真帅
3932520, 7.5, 3260, 免费
4212245, 8.5, 846, 别想摆脱书
1963250, 8.0, 1551, 冤鬼路
3065698, 7.3, 4430, 白昼的星光
20501271, 8.6, 739, 大唐明月2・谋断恩仇
1799812, 8.0, 1514, 飘邈之旅1:误入天庭
11443061, 8.0, 1502, 别拿爱情说事儿
5936030, 8.1, 1304, ab日记
3306270, 8.6, 709, 新宋Ⅲ・燕云2
3766379, 8.6, 701, 新宋Ⅲ・燕云3
6040895, 7.9, 1638, 憾生
21336788, 8.7, 619, 大唐明月3・西域烽烟
3015088, 7.6, 2460, 极品家丁 1
25714176, 8.1, 1225, 雪中悍刀行 1
26347981, 7.9, 1594, 簪中录3
25768396, 8.7, 606, 深入浅出Node.js
3027642, 7.5, 2820, 青春酷语 第七辑
3072649, 7.9, 1537, 窃明
10799984, 7.5, 2751, 大数据
20435586, 8.2, 1035, 皇叔
26347982, 7.8, 1695, 簪中录4
3105646, 8.0, 1286, 江山多少年 上
1916738, 8.5, 708, 一代军师（第三部）
2010276, 7.6, 2184, 神墓1・潜龙出渊
1450472, 7.8, 1625, 恐惧炸弹
2117552, 8.6, 614, 历史的尘埃 1
20434415, 8.6, 612, 无根攻略
2136038, 7.0, 5930, 诛仙8（大结局）
21346268, 8.7, 546, 大唐明月4・碧血黄沙
4175344, 7.6, 2121, 一辈子暖暖的好（全二册）
4224119, 7.4, 2837, 斩春
1834139, 7.9, 1351, 云荒往世书・云散高唐
1000900, 8.2, 920, 顾客为什么购买
3179389, 7.5, 2375, 未央・沉浮（全两册）
3810025, 8.2, 904, 卡徒（第一季）
4729680, 7.8, 1505, 路鸟
3735295, 7.5, 2312, 未来是湿的
1277389, 8.3, 790, 食荤者
4919608, 7.6, 1973, 改尽江山旧
5379664, 7.6, 1936, 浅薄
3549421, 8.4, 692, PHP和MySQL Web开发(原书第4版)
3069478, 7.5, 2242, 凤血
3056907, 7.3, 3083, 宸宫（上下）
1003925, 8.4, 687, 风姿物语No.1
4136640, 7.1, 4289, 盛开
6860890, 8.3, 758, 黑客
10588021, 8.0, 1081, 技术元素
4249302, 7.3, 2974, 我的名字，你的姓氏
3097587, 7.6, 1818, 微光
4717680, 8.7, 480, 五大贼王2
1444225, 7.3, 2899, 那么，爱呢？
2157554, 8.0, 1033, 赢在用户
6790474, 8.4, 642, 别拿穿越不当工作（全三册）
5336752, 8.5, 576, 新宋Ⅲ・燕云4
2149971, 8.7, 469, 链接
1069628, 6.7, 8762, 那小子真帅2
6829101, 8.2, 800, 大地的谎言
3821157, 8.5, 571, Web界面设计
6125965, 8.2, 777, 李逵日记
4076216, 8.0, 976, 锦绣蓝图
1087767, 9.1, 307, TCP/IP详解 卷2：实现
1419361, 7.4, 2236, 医生杜明
3989542, 8.6, 488, 宝珠诡话之翡翠小人
1429891, 8.5, 540, 张飞流水帐
4718389, 8.1, 838, 江湖异闻录
3021414, 7.2, 2959, 除了我你还能爱谁
3680215, 7.4, 2129, 皇后策
2240574, 8.3, 648, 师士传说①光甲重生
4886100, 8.5, 519, Web表单设计
3409619, 7.3, 2445, 耳洞
10546925, 8.2, 705, 白帽子讲Web安全
3112503, 7.7, 1317, Python核心编程（第二版）
3169342, 8.1, 788, Web信息架构(第3版)
1493316, 7.9, 1003, 交互设计之路
25863515, 8.1, 782, 图解HTTP
1444504, 8.3, 615, 四面墙
4038567, 8.1, 773, 蓝色骇客
1428345, 7.3, 2341, 伊甸樱桃
1607466, 8.4, 543, 妖言惑众
3733114, 7.3, 2292, 被遗忘的时光
5984284, 7.5, 1648, 斗破苍穹3・寻找异火
1449307, 7.9, 952, 我把爱情煲成汤
2069604, 7.4, 1860, 成全了自己的碧海蓝天
3084682, 7.3, 2139, 琴帝
2300051, 7.7, 1180, 勿忘
3006825, 7.6, 1308, 是以见放
4280221, 7.8, 996, 宫（全二册）
3376907, 7.8, 995, 思科九年
2345964, 8.5, 434, 超越CSS
6510393, 8.2, 596, 江南外传
2204232, 7.0, 3218, 7-ELEVEN之恋
1230451, 7.9, 836, 网站重构
6861939, 7.7, 1082, 帝凰（上中下）
6729710, 8.0, 729, 鬼叫魂之阴阳先生
5376551, 7.5, 1409, 江山如画（全二册）
3884307, 7.3, 1895, 梦落芳华
25846260, 8.4, 463, 张公案
1011731, 9.0, 262, 信息规则
4860552, 7.1, 2612, 活着就为改变世界
1006635, 7.1, 2572, 沙僧日记
4789228, 8.7, 338, In The Plex
7162172, 7.4, 1576, 媚公卿（上下）
24844263, 7.8, 897, 一念执着，一念相思
4738290, 8.2, 556, 狩魔手记 No. 1
4922017, 7.1, 2457, 斗破苍穹 1
5068504, 7.4, 1520, 十五年等待候鸟
7658805, 7.8, 874, 士为知己（全二册）
1089508, 7.8, 846, 数字化生存
1074879, 8.3, 472, 轻功是怎样炼成的
3241883, 7.6, 1092, 眼泪的上游
25751764, 8.4, 413, 雪中悍刀行 2
3191237, 8.0, 639, 众声喧哗
25886309, 8.4, 411, 翻转课堂的可汗学院
24877322, 8.3, 451, 江山不夜
20471211, 8.7, 302, Linux多线程服务端编程
2262884, 7.7, 899, 九重凤阙・上
1034928, 7.3, 1584, 粉红四年
3024962, 7.2, 1831, 满身风雨你从海上来
3426048, 7.6, 1015, 平凡的清穿日子1
26793349, 8.6, 324, 桃花债
5414115, 7.4, 1322, 错嫁良缘之一代军师（上下）
2040795, 7.6, 994, 佛本是道1
25900156, 8.5, 348, Redis设计与实现
2038441, 7.6, 971, 女皇神慧
1474667, 7.9, 655, 搜
2061219, 8.9, 237, 朔风飞扬
4209676, 7.3, 1461, 九鼎记
3396111, 7.9, 645, 网络营销实战密码
3099353, 7.4, 1239, 淑女本色
20365163, 7.7, 819, 创客
25773513, 8.4, 368, 雪中悍刀行 3
6072853, 8.4, 361, 橙红年代
3718158, 7.7, 789, 江湖遍地卖装备
26281913, 8.3, 394, 镇魂
2283574, 8.2, 430, 金陵女子1
26889865, 7.5, 1001, 我不知道该如何像正常人那样生活
7007666, 7.2, 1554, 认知盈余
2194003, 7.7, 766, 神墓5・名动西方
19977093, 7.8, 671, 天定风流1・千寻记（上下）
3793884, 7.6, 855, 轻公司
10742647, 8.1, 464, 那村那人那傻瓜 上
1764444, 7.5, 959, 仙楚1・轩辕
6434440, 7.4, 1094, 寻狗事务所
5391689, 7.3, 1258, 花间提壶方大厨
2975973, 7.6, 806, 我的老千生涯
1787843, 7.6, 801, 兽血沸腾（第一卷）
3214462, 8.2, 389, 窃明3
4853249, 7.5, 896, 春莺啭
2970998, 6.9, 2228, 青囊尸衣
2298856, 7.7, 674, 一目了然
1075353, 7.1, 1575, 给我一支烟
4118577, 9.5, 126, UNIX网络编程 卷2
26148475, 7.0, 1848, 你和我的倾城时光
10559304, 6.8, 2613, 太子妃升职记
20432513, 7.6, 752, 坑你三生三世
25732720, 7.8, 584, 无方少年游（全两册）
10733304, 8.3, 336, 基于MVC的JavaScript Web富应用开发
1082843, 7.4, 968, 我打不赢爱情
1429182, 7.2, 1287, 只道是年少
1026593, 8.4, 295, 信息时代三部曲：经济、社会与文化
3387582, 7.4, 937, 从零开始
3369440, 7.5, 811, 赖宝日记
5297359, 7.3, 1070, 错嫁良缘之洗冤录
10794265, 7.1, 1449, 黑白
1450079, 8.9, 187, L姿物Z 1
1879670, 7.3, 1069, 撬动地球的Google
1798458, 8.3, 316, 武林外传
3005684, 8.4, 286, 师士传说3
1095834, 8.5, 257, 真腊风土记校注
3464699, 7.8, 532, 神墓14・葬天
26265544, 9.2, 143, 图解密码技术
1817625, 7.2, 1179, 善良的死神
2012687, 7.7, 596, 神墓2・古神遗迹
2147373, 7.2, 1174, 朱雀记
20444642, 7.1, 1352, 慈悲城
6885949, 8.8, 192, 网络、群体与市场
10537125, 7.2, 1137, 寡人有疾
4855558, 7.7, 576, 毕业八年，我重逢了高中的校花
1398370, 7.4, 843, 恋人
25805096, 8.5, 244, 雪中悍刀行 6
1764900, 8.0, 391, Ajax实战
1444838, 8.4, 260, 最佳设计100细则
11622713, 7.3, 927, 将军在上（上下）
2995606, 6.9, 1725, 宅女在古代后宫的幸福生活（全2册）
1953827, 9.5, 107, TCP/IP路由技术（第一卷）（第二版）
4885065, 9.1, 142, 拍翻御史大夫 三?青衫卷
20283081, 7.5, 678, 庶女攻略1
3987275, 7.6, 592, 你在我的左手边
3094686, 7.6, 590, y座桑fg
2208550, 8.7, 190, CSS实战手册
1002862, 7.3, 873, 我的住院日记之羊肉炉不是故意的
6425455, 7.3, 855, 有座香粉宅
1466696, 8.2, 293, 囚狐
3039108, 7.9, 401, 极品家丁2
3561771, 8.1, 323, 那些过去的和将要到来的
26877850, 8.2, 290, 你就适可而止吧
26365250, 8.4, 239, 死人经
2114615, 7.7, 497, 神墓4
1262160, 7.1, 1116, 千帐灯
1205456, 7.8, 441, 未来之路
1879024, 7.2, 959, 湄澜池
25856314, 8.8, 167, Web性能权威指南
6843244, 7.7, 493, 广告人手记
2265341, 7.1, 1080, 维基经济学
3091380, 8.2, 280, 等不到花开的时候（下）
2968802, 8.5, 211, CCNA学习指南
3218233, 7.8, 424, 神墓10・君王现世
3717165, 7.3, 790, 众包
1212453, 6.4, 3656, 蛋白质女孩
5245508, 9.0, 137, 拍翻御史大夫 ・ 四 绿袍卷
26275273, 8.1, 301, 锦衣卫
1861805, 7.3, 773, 世界是平的
3215423, 7.5, 588, IT不再重要
3712318, 7.3, 762, 天下倾歌
2314470, 7.7, 457, 神墓6
2066610, 7.6, 512, 神墓3
25747269, 7.7, 454, 颠覆医疗
26268767, 8.7, 169, Wireshark网络分析就这么简单
3360612, 7.7, 453, 神墓13・六界崩碎
1288955, 7.8, 399, 一个人
25908098, 8.0, 319, 千香引・雏凤星现
3085660, 7.7, 444, 神墓9・人界之乱
2368191, 8.4, 215, 金陵女子2
2987074, 7.7, 434, 神墓7・死亡之地
1013042, 8.3, 231, 孤独的狂欢
3784712, 7.9, 344, 网络江湖三十六计
3219109, 9.1, 118, 中国震撼世界
1829534, 8.3, 226, 杨叛作品
1026904, 8.4, 201, 图雅的涂鸦
5956228, 9.0, 123, 拍翻御史大夫 六 紫玉卷
3035772, 7.7, 409, 神墓8・祸乱天界
3931408, 7.5, 520, 询君意（上下）
1791013, 7.0, 1029, 女生寝室
3768653, 6.7, 1664, 诡案组
1925375, 8.4, 196, 仙剑问情1
24737674, 7.7, 397, 图解TCP/IP : 第5版
26732446, 6.9, 1178, 你丫上瘾了
3275640, 7.6, 443, 神墓12・逆乱时空
4113424, 7.7, 392, 穿墙而过
1079191, 7.4, 558, 寂寞杀死一头恐龙
1798896, 8.6, 159, The Definitive Guide to Django
4233474, 7.6, 428, 设计网事
5956227, 9.0, 115, 拍翻御史大夫 五 y~卷
25719558, 7.9, 295, 闻香榭之一 脂粉有灵
10471592, 7.1, 791, 沉香豌
1820596, 7.2, 678, 狩猎美男
1481292, 8.2, 214, e小说
3258798, 6.9, 1022, 爱是至奢华的一件事
6518246, 7.3, 572, 斗破苍穹4・吞噬异火
1016556, 7.7, 348, 向天真的女生投降
6716742, 7.4, 496, 斗破苍穹6・炼药师大会
3082329, 7.8, 310, 极品家丁3
19802008, 9.1, 100, God of the Atoms
24714636, 6.5, 1977, 锦绣未央（1、2、3）
1288877, 7.1, 726, 电车男
1481158, 8.1, 222, 搜索引擎
2016013, 9.0, 104, 用TCP/IP进行网际互连
1288989, 7.7, 332, 网络共和国
2213489, 7.2, 615, 空速星痕
1171117, 8.1, 219, HTML和XHTML权威指南(第五版)
2152606, 8.4, 166, 镶嵌
1058634, 8.6, 139, TCP/IP详解 卷3：TCP事务协议、HTTP、NNTP和UNIX域协议
4783285, 7.8, 284, 明日歌・山河曲1
3115770, 7.7, 315, 极品家丁4
5027280, 7.8, 282, 凡人修仙传（11-20）
6538396, 7.3, 504, 斗破苍穹5・佛怒火莲
3427344, 7.9, 251, 极品家丁8
6737930, 7.6, 344, 寒鸦劫
3299152, 7.1, 638, 丁约翰的打拼
1834459, 9.1, 90, 深入理解LINUX网络内幕
3982352, 8.1, 200, 超级教师
4228449, 8.0, 217, 鲲与虫
1186901, 8.4, 150, 代码
1801865, 7.4, 413, 上穷碧落
6716875, 7.2, 533, 黑白配
20283083, 7.5, 365, 庶女攻略3
1186899, 8.2, 176, 思想的未来
26745062, 8.6, 125, 网络黑白
6751280, 7.3, 459, 斗破苍穹7
1255437, 7.7, 286, 飘来荡去
24875857, 6.8, 931, 社交红利
1417143, 6.5, 1534, 恶魔之吻2
2976880, 7.3, 451, 纳妾记
25719562, 8.2, 171, 闻香榭之二 玉露无心
20283082, 7.5, 349, 庶女攻略2
4275054, 6.9, 762, 网民的狂欢
1692012, 8.0, 202, 烟波江南Ⅰ・梨花落・碧玉钗
3194076, 7.7, 274, 极品家丁5
1822766, 7.6, 304, 飘渺神之旅-(全二册)
6426768, 7.1, 561, 水墨山河
25801876, 7.2, 481, m略
1732805, 7.5, 332, 五胡录
25842420, 7.5, 332, 决战大数据
5917229, 7.6, 295, 我就是妖怪1
1692009, 8.2, 161, 烟波江南Ⅱ・水流星
6795815, 8.3, 147, 明日歌・山河曲终结篇
6721224, 8.1, 174, 为什么中国没出Facebook
4236346, 7.3, 409, 花神（下）
3358831, 7.6, 287, 明朝五好家庭1
1836577, 6.6, 1139, 梦落繁花・蓝雪
3744558, 7.1, 525, 奥美的数字营销观点
4833931, 6.8, 802, 乌龙插错电
25786539, 7.8, 226, 江山多少年
6876925, 8.4, 130, 大话移动通信
20388034, 7.3, 396, 大连接
22933018, 6.7, 899, 斗破苍穹
4050757, 7.9, 198, 免费文化
3671502, 7.6, 267, 大话通信
1223837, 7.5, 297, 正版语文
1930183, 8.5, 113, 千年终结
1929871, 8.3, 133, 认同的力量
6758576, 7.2, 415, 斗破苍穹8
11521741, 7.8, 209, 遮天2・青铜仙殿
4066788, 8.3, 131, 搜索引擎营销
3338726, 7.5, 282, 信息乌托邦
4912064, 8.1, 154, 尘缘 2 缘中黄泉卷
6758577, 7.2, 394, 斗破苍穹9.挺进内院
22793675, 8.3, 126, 深入理解Nginx
1472607, 7.2, 386, Ajax基础教程
1681792, 8.0, 162, 兄弟
19961270, 9.2, 65, 网络新新词典
10801275, 7.5, 258, 一度君华
25744234, 7.0, 474, 御繁华
1887264, 6.7, 734, 赵赶驴电梯奇遇记
4726667, 6.3, 1467, 黄河鬼棺全集
24701827, 7.4, 283, 公子无色（套装共2册）
26022186, 6.6, 848, 跨界
1953737, 8.4, 108, 仙剑问情4
20283093, 7.6, 225, 修真世界1・晶石狂人
6857773, 7.2, 356, 斗破苍穹11・强榜之争
20451827, 7.7, 201, Web前端黑客技术揭秘
3287915, 7.1, 401, 人肉搜索
26763010, 8.1, 136, 千秋
10793814, 8.7, 84, 黑客攻防技术宝典（第2版）
7067228, 7.2, 340, 斗破苍穹14・强势归来
3275071, 7.3, 300, 刑警奇闻录
11587752, 7.2, 338, 娥媚（全二册）
3776720, 7.4, 265, 就这么做产品
4068576, 6.8, 573, 我和我的经济适用男
20429704, 6.9, 492, 删除
25961910, 7.9, 152, 九宗罪之心理实验
20003328, 7.7, 182, 一刀@春《上》
26278610, 7.3, 280, 红尘四合（上下）
2162002, 9.6, 45, TCP/IP路由技术（第一卷）
1138771, 7.9, 149, 人本界面
6959737, 7.1, 352, 斗破苍穹12.陨落心炎
1100854, 9.2, 56, TCP/IP路由技术（第2卷）
10530041, 7.3, 275, 把耳朵捂住
6797555, 7.3, 267, 网络至死
25807533, 7.4, 238, 情人泪：岁月尽头
1444220, 6.1, 1711, 她死在QQ上
1455079, 7.7, 171, 抗战狙击手
5386194, 9.0, 61, TCP/IP协议族
6976264, 7.1, 332, 斗破苍穹13
21632268, 7.6, 187, 数字乌托邦
1491647, 7.7, 165, 剑器行
1007893, 8.9, 62, 点击1999
10769712, 6.3, 1044, 爆发
25896883, 7.8, 145, 无处可藏
3191253, 6.6, 620, 北京诱惑
6559326, 8.0, 120, 人类之网
6526952, 7.3, 240, 朽女厨娘
2159181, 6.7, 524, 最完美的女孩
6720139, 7.2, 269, 最愚蠢的一代
10416434, 7.0, 341, 斗破苍穹15・加玛风云
3037920, 7.3, 236, 生肖守护神
1098574, 7.0, 338, 图书馆的女孩
1420829, 7.4, 209, 驭兽斋1・幻兽少年
25848953, 7.0, 334, 群体性孤独
3264684, 7.6, 165, 新数字秩序的革命
6880466, 8.6, 71, 深入浅出Networking
1012945, 7.1, 285, 我的野蛮女友
2137490, 7.1, 284, Python网络编程基础
10545414, 7.5, 180, 九州・戏中人
1914095, 8.0, 112, 眼儿媚
21361151, 7.5, 179, 顾十八娘（全三册）
4306582, 7.1, 277, 正在爆发的营销革命
5977258, 7.9, 120, 新媒体事件研究
10798546, 7.1, 273, 斗破苍穹21・解救药老
1268619, 7.3, 212, GUI设计禁忌
3177946, 7.3, 211, 天庭内幕
1831619, 7.2, 236, 马云创造
24383461, 7.8, 127, 网络素养
10529159, 7.0, 299, 斗破苍穹16
1178992, 8.2, 90, 江湖
22224906, 7.2, 234, 拜相为后
3519369, 8.1, 97, Java TCP/IP Socket编程
4251875, 6.8, 384, 实战Nginx
26589080, 7.1, 259, 社交红利2.0
1471662, 7.5, 166, GOOGLE HACKS
4143275, 6.4, 700, 皇瓜
10543656, 7.0, 292, 斗破苍穹17备战中州
10581124, 7.0, 291, 斗破苍穹18
25725666, 7.9, 113, 活在晚明①
6510686, 6.5, 583, Google时代的工作方法
25836383, 7.7, 133, 真相
3381707, 7.3, 198, 奇怪@壹
1438754, 7.6, 144, Java网络编程(中文版 第三版)(O＇Reilly Java系列)
2280536, 7.4, 176, 一本神经
5388602, 8.1, 92, 物联网导论
5377414, 7.5, 156, 榨干百度谷歌
10762476, 7.0, 267, 斗破苍穹20
3729518, 8.1, 89, 深入搜索引擎
24722611, 8.0, 96, Linux高性能服务器编程
1028797, 7.8, 114, 笑死你不偿命-网络经典幽默文集
1808611, 7.8, 113, 复杂网络理论及其应用
20366340, 7.4, 165, 小圈子・大社交
1420828, 7.7, 122, 驭兽斋2・宠兽星球
4265473, 7.3, 181, SNS浪潮
4838726, 8.2, 79, 揭密取经门
11026529, 7.0, 251, 斗破苍穹22・重振星陨阁
10433737, 7.9, 98, Metasploit渗透测试指南
10607959, 7.0, 245, 勇闯中域-斗破苍穹-19
10555972, 6.6, 417, 浮生梦・三生约
1141548, 7.8, 106, C++网络编程（卷2）
21691692, 7.9, 97, Wireshark数据包分析实战
1087146, 8.5, 61, 极乐世界的下水道
6558345, 7.1, 213, 信任代理
2023146, 7.7, 114, HTML与CSS入门经典
6432146, 7.3, 167, 薄媚・恋香衾（全二册）
6536639, 8.1, 80, 网众传播
6790578, 8.2, 74, 总开关
24748921, 6.9, 263, 诛仙・第二部4
6114436, 9.5, 33, 网络环境中的著作权保护研究
26411461, 7.0, 230, 禁庭（上下）
1137259, 8.2, 73, 面向模式的软件体系结构 卷2:用于并发和网络化对象的模式
1165791, 7.5, 132, C++网络编程（卷1）
21323863, 7.6, 119, 凡人修仙传21・广寒界
24722919, 7.4, 144, 九州・殇翼
4846545, 7.7, 108, 互联网政治学
4191825, 7.3, 159, 公众风潮
4818688, 7.6, 118, 与50位网站主编面对面
1064751, 8.1, 76, 计算机网络
4203438, 7.9, 89, 数字化崇拜
2361716, 7.4, 139, 指南录 1
2100836, 7.5, 125, 美女江山一锅煮
26323705, 7.8, 95, 碧台空歌
3012114, 8.7, 49, 说话算数
11604672, 6.9, 238, 斗破苍穹23・天墓历练
2115006, 7.0, 209, 三宫六院七十二妃
1988571, 8.0, 79, 社会网络与组织
1476966, 7.1, 185, 互联网商规11条
1754380, 7.9, 84, 祸水三千
2009919, 7.4, 131, 社会网络分析法
21355888, 7.1, 180, 天才相师1
1737592, 7.0, 202, Web设计禁忌
1900002, 8.3, 61, 无名
3596701, 8.9, 41, 更安全的Linux网络
6793130, 8.0, 75, 黑客江湖1
4714009, 6.6, 327, 谷歌小子
1395492, 8.7, 46, Free Culture
6058986, 7.9, 81, TCP/IP高效编程
1478764, 7.7, 95, 小小世界
3245122, 7.1, 172, 大话存储
10737444, 8.6, 48, 网络科学导论
5988607, 6.6, 317, 阅读的未来
2370822, 6.6, 312, 水长东
10743011, 6.8, 237, 诡案组大结局
6527857, 7.5, 110, 六朝清羽 1
1765779, 7.4, 121, 什么是网页设计
5291098, 6.6, 308, 腐女GaGa
4913235, 8.6, 47, 淘宝大赢家-网店赚钱必会120招
2006258, 7.3, 133, 友谊，或者前戏
26340695, 9.2, 33, 三位一体
1316052, 8.8, 41, 网络流
11630377, 7.3, 129, 美人凶猛・完结篇（上下）
4024068, 6.9, 200, 决胜SNS
1725501, 7.4, 115, 驭兽斋5・龙兽魔宫
6087548, 7.5, 103, 大话存储Ⅱ
19995676, 6.8, 219, 斗破苍穹24・天府联盟
4255391, 6.3, 445, 微博力
2983716, 7.8, 79, 鸳鸯错
20398142, 7.6, 92, 明日歌.凤凰于飞
1040105, 7.8, 77, 狼
2129076, 9.4, 28, The TCP/IP Guide
4253290, 8.0, 65, 曹操秘史
3731034, 7.6, 90, 让你的英语口语不再雷死人
20434306, 6.8, 207, 决战在即-斗破苍穹-26
1128908, 8.1, 60, 完美商店
3241943, 8.1, 60, 凤凰面具4
20475616, 6.7, 232, 斗破苍穹27・晋阶斗帝
6711793, 7.6, 87, 画皮
20367069, 7.5, 95, 融合文化
25726665, 7.7, 79, 当下的冲击
1144771, 7.9, 67, 麦克卢汉
26438331, 8.5, 44, 巅峰荣耀
24283791, 7.1, 138, 庶女攻略7
1465388, 7.4, 102, 未来的社区
1400428, 7.3, 111, 中国网络媒体的第一个十年
1191041, 7.6, 84, 网络营销
21966988, 7.6, 84, 腾云
2024301, 8.8, 36, 你死我活 第一部
1223838, 6.9, 168, 新浪之道
5325853, 7.2, 119, 我们改变了互联网，还是互联网改变了我们?
1336926, 7.6, 81, 月冷寒玫8（完）
1812186, 6.9, 162, 连线
1446992, 8.6, 39, 入梦羊
3133921, 7.2, 116, 唐朝好男人1
3869706, 7.3, 104, 网络传播概论
1323570, 7.4, 92, 伊托邦
24700704, 7.8, 65, Netty in Action
2232544, 5.7, 993, 冰火魔厨
3276854, 6.7, 192, 美人谋（上下）
23117090, 8.3, 45, Best of Quora 2010-2012
1897245, 7.8, 63, 长尾理论打艳80/20法则的新经济学
3159865, 7.7, 67, 社会网络分析发展史
2188086, 8.7, 34, 数据通信与网络
25911735, 8.6, 36, TCP/IP网络编程
26710788, 8.6, 36, wireshark网络分析艺术
1309230, 8.0, 53, 网络渗透技术
1225935, 8.8, 32, 计算机网络系统方法
6129181, 7.9, 57, 六度分隔
4825522, 9.1, 27, Networks
1776253, 8.0, 52, HTML Dog
4725272, 7.3, 90, Web安全测试
3908071, 5.4, 1657, 豆瓣，流行的秘密
3678862, 8.1, 46, Linux防火墙
20560942, 8.3, 40, 深入理解计算机网络
1433764, 7.5, 72, 鼠标宣言
26695340, 7.3, 86, 那坝凶`ι 1
1192062, 7.8, 56, ACE程序员指南
1832770, 7.3, 85, 网络工程师教程
1396503, 6.7, 160, Google成功的七堂课
3816826, 6.7, 160, 当我们变成一堆数字
1229865, 8.4, 37, GSM原理及其网络优化
7163389, 6.4, 234, 光明之子-神印王座-I
1827022, 7.7, 56, 我++
5380976, 8.1, 42, GAE编程指南
3086810, 7.9, 48, Learning Website Development with Django
1231968, 7.5, 65, Windows网络编程
1955062, 6.8, 127, 邪神传说2
4225166, 8.0, 44, PHP基础教程
6753827, 7.1, 92, 你不是个玩意儿
10679284, 7.5, 64, 未来就是现在
4124130, 7.7, 54, TCP/IP Sockets编程
10464624, 7.6, 58, 隐私不保的年代
25907579, 7.3, 74, 美人谋律・洛阳卷（上下）
2176766, 7.7, 53, 网络星河
1137618, 9.5, 19, TCP/IP路由技术(第1卷)
2058367, 6.8, 119, 中国龙组
3526700, 7.2, 78, 网络社会
3664621, 6.4, 188, 在线为王
3994722, 6.3, 214, 都市风水师
25801171, 7.8, 45, 先吻我
1768152, 7.3, 65, 达・芬奇的便携式电脑
4894670, 6.0, 300, 别笑，这是大清正史
1096682, 8.1, 35, Perl网络编程
6711792, 7.2, 69, 独活十年
1954700, 8.0, 36, 复杂网络
1998104, 6.7, 109, 博客营销
11536437, 6.9, 88, 神印王座6
26286497, 7.0, 79, 九重紫（4、5、6）
25955093, 7.5, 51, 美人谋律・长安卷（上下）
10830975, 6.9, 87, 神印王座5・星光神兽
25779099, 7.5, 50, 深度解析SDN――利益、战略、技术、实践
5909797, 8.4, 27, The Net Delusion
26655503, 6.2, 191, 那些让文案绝望的文案
3683326, 7.5, 48, Apache源代码全景分析第1卷
1231788, 8.3, 28, UNIX网络编程卷2
3359523, 7.6, 44, 思科网络技术学院教程CCNA Exploration
10768083, 6.9, 79, 神印王座4
26314393, 8.6, 23, 自营销互联网方法
24700186, 7.2, 58, 社交网络改变世界
1086595, 8.1, 30, 用TCP/IP进行网际互联
3902640, 7.8, 36, 整体网分析讲义
26361666, 8.0, 31, 一本书读懂互联网思维
11527041, 6.3, 140, 武动乾坤2・力挽狂澜
25888099, 7.1, 59, 天才儿子腹黑娘亲(1)-武林萌主
2023174, 7.6, 39, Java网络编程精解
6793886, 6.7, 85, 人形软件1灵魂上载
6843795, 7.4, 45, 契约婚姻之未婚妈妈
10345443, 6.4, 113, 咖啡机中的间谍
24852528, 6.6, 88, 数字战争
1312339, 7.1, 54, 网络媒体教程
26421908, 6.8, 71, 创业头条
5939015, 7.3, 45, 互联网的未来
25919428, 7.1, 53, 图解网络硬件
5372270, 7.2, 48, 网站性能监测与优化
3758781, 6.6, 84, 神仙进修班
19955017, 6.2, 130, 武动乾坤3・墓府探秘
1218019, 7.6, 34, 思科网络技术学院教程
1540434, 6.9, 59, 网络研究
3636082, 8.0, 26, Linux Networking Cookbook（中文版）
10577937, 8.0, 26, Linux网络安全技术与实现
25952584, 7.5, 36, 中国P2P借贷服务行业白皮书2014
1067955, 7.1, 47, 比特之城
26284947, 6.6, 75, 断点：互联网进化启示录
2245206, 6.5, 81, 倒过来念的是猪
1434957, 7.8, 27, 计算机网络与因特网
4922691, 7.8, 27, 云计算应用架构
1031796, 7.3, 38, 从界面到网络空间
24736876, 8.2, 21, 流量的秘密
3923796, 7.7, 28, 黑客之道
24745216, 7.1, 43, 社会网络分析
2595030, 5.8, 187, 华丽诱惑・穿越到后宫做妃子
3777943, 8.0, 23, 网络时代的知识和学习
25741392, 7.3, 36, TCP Sockets编程
3265692, 7.2, 38, 无线网络安全攻防实战
1838749, 8.3, 19, Linux防火墙-(原书第3版)
4063518, 8.3, 19, 传播网络理论
1241062, 7.5, 30, DNS与BIND
1087519, 7.1, 40, 互联网心理学
3743917, 8.3, 18, TCP/IP路由技术（第二卷）
4892988, 6.1, 103, 轻熟女词典
4189500, 6.8, 47, Linux网络编程
1218018, 8.2, 18, 思科网络技术学院教程
1858898, 7.9, 21, Network Algorithmics
5976352, 8.4, 16, 次柳氏
26312505, 6.8, 43, 数据新常态
10759173, 6.4, 62, CDN技术详解
25728857, 7.5, 25, 额外生命
6067322, 5.8, 128, 新新媒介
4238653, 7.5, 24, You Are Not a Gadget
1223835, 7.7, 21, 关键十年
4918067, 7.7, 21, 网络营销实训
3063039, 8.2, 16, Internet技术基础
2233937, 7.8, 19, 亡灵战记-幻世1
1233724, 8.0, 17, Cisco OSPF命令与配置手册
1139427, 7.2, 27, 思想无羁
2029163, 7.2, 27, 网络营销基础与实践
7067055, 6.7, 39, 牛闪闪成长记
4264880, 6.8, 35, 超越谷歌
1119944, 8.0, 16, Web协议与实践
1452125, 6.5, 45, Twisted Network Programming Essentials
2186458, 7.5, 21, 互联网使用的社会影响
3397220, 8.1, 15, TCP/IP Architecture
5914256, 7.7, 18, Linux内核源码剖析（套装上下册）
3724752, 6.2, 58, 网络战争
2274686, 7.6, 19, 对等网络
20268405, 6.3, 52, 凤凰斗-第一庶女（全两册）
6067383, 5.8, 92, 落跑甜心
5388490, 6.5, 41, 网络营销应该这样做
26115888, 6.7, 34, 武极天下1-2册套装
1326019, 7.2, 23, 说我是谁，我就是谁
3691313, 7.8, 16, TCP/IP入门经典
1240919, 7.4, 20, Java Servlet编程
21361316, 7.1, 23, 你以为你是你，其实你不是你
4822271, 7.3, 20, Cyber War
1788119, 7.8, 15, Life on the Screen
1852988, 7.2, 21, Linux网络体系结构
5338398, 5.7, 84, 自己动手写网络爬虫
1486020, 7.5, 17, Web Caching
3316135, 7.5, 17, Grown Up Digital
2120352, 7.7, 15, C++网络编程.卷1-运用ACE和模式消除复杂性
25723063, 7.2, 20, SDN核心技术剖析和实战指南
20701576, 6.6, 31, 云计算与分布式系统
1059751, 7.8, 14, 硅谷优势
4894307, 7.4, 17, 网络新闻学
20471011, 7.4, 17, Web应用安全威胁与防治
3389964, 7.5, 16, IPv6详解（卷1）
10421306, 7.5, 16, Trust Me
25762233, 6.8, 25, 厉嘉禾，只要你说爱我
1868178, 7.6, 15, Scalable Internet Architectures
2970268, 7.6, 15, CCNA 3 交换基础与中级路由-思科网络技术学院教程-(附光盘)
3082451, 7.6, 15, TCP/IP指南（卷2）
5390095, 6.6, 29, 小小黑客之路
25793573, 6.9, 22, Linux运维之道
1445303, 7.4, 16, UNIX与Internet安全实践指南
1536582, 7.2, 18, 共赢
24283910, 6.1, 43, 实用负载均衡技术
20413735, 5.5, 89, 神医傻妃（上中下）
3538112, 7.1, 18, 思科网络技术学院教程CCNA Exploration
10742077, 7.4, 15, 互联网时代的大客户销售
3265202, 7.5, 14, 用TCP/IP进行网际互连第二卷
1233262, 7.2, 16, 赛博空间的哲学探索
3074784, 5.7, 58, 日赚500元
6558082, 7.4, 14, 网络攻防技术与实践
2029973, 8.1, 10, Cisco VPN完全配置指南
2222602, 6.8, 20, 铁笼，还是乌托邦
25866394, 6.7, 21, 软件定义网络
6872849, 7.4, 13, Social Network Analysis for Startups
24734315, 6.6, 21, 淘宝网店运营01
3538110, 7.0, 16, 思科网络技术学院教程CCNA Exploration
1676583, 7.3, 13, 小块松散组合
25710280, 7.3, 13, 兰德报告
26328571, 6.9, 16, 天才儿子腹黑娘亲2 比财招亲
11600819, 6.2, 27, 当代中国社会的网络谣言研究
10834269, 6.3, 24, 黑客的代码
26284510, 7.2, 13, 软件定义数据中心：技术与实践
1231605, 7.3, 12, 网络信息安全的真相
26337213, 7.3, 12, 重塑发现
26869219, 7.3, 12, HTTPS权威指南
25897245, 5.0, 113, Netty权威指南
3612076, 7.1, 13, 网络游戏安全揭密
26369253, 7.1, 13, 图解服务器端网络架构
1453863, 7.4, 11, 网络安全开发包详解
2062133, 7.6, 10, 思科网络实验室路由、交换实验指南
4118407, 7.6, 10, 上海网络与近代东亚
4224472, 6.9, 14, 深入浅出Linux TCP/IP协议栈
3365369, 7.5, 10, 网络编辑基础
6976951, 6.1, 24, 如何应对网络舆情
3948374, 7.4, 10, Cisco/H3C交换机配置与管理完全手册
5380302, 7.4, 10, 无线网络安全攻防实战进阶
4826090, 6.3, 19, 追踪Linux TCP/IP代码运行
25929699, 7.3, 10, 没有人会营销
10344010, 7.2, 10, 网络扫描技术揭秘
26377098, 7.2, 10, 图解基础设施设计模式
5388604, 6.3, 16, P2P技术揭秘
25913035, 7.0, 10, 软件定义网络：基于OpenFlow的SDN技术揭秘
26333234, 6.4, 14, 云计算网络珠玑
4212924, 6.9, 10, Linux内核网络栈源代码情景分析
1025705, 6.4, 10, 亚马逊网络书店传奇
3243883, 4.5, 88, 同人的世界
1517727, 4.8, 42, 网络传播概论
25713178, 0.0, 539, 我当道士那些年2
25712490, 0.0, 1009, 我当道士那些年1
