2017-01-23 16:17:59
Tag: 美食
The number of books: 896 

ID, rating, votes, title
20470917, 9.0, 13987, 深夜食堂 01
20470916, 9.1, 8103, 深夜食堂 02
20470913, 9.1, 6754, 深夜食堂 03
20470914, 9.1, 5939, 深夜食堂 04
10529412, 9.2, 3685, 深夜食堂 06
23780875, 9.1, 3692, 深夜食堂 05
10759773, 9.2, 3083, 深夜食堂 07
1227844, 8.8, 4126, 雅舍谈吃
23780881, 9.1, 2405, 深夜食堂 08
20390101, 9.1, 2221, 深夜食堂 10
11639625, 9.1, 2220, 深夜食堂 09
5940434, 8.3, 5754, 一个人的美食之旅
1288925, 8.8, 2219, 五味
1924318, 8.9, 1928, 汪曾祺谈吃
4246151, 8.0, 4980, 厨房里的人类学家
3213367, 9.0, 1166, 昨日的美食 01
1006884, 8.6, 1840, 随园食单
25701102, 9.0, 1100, 深夜食堂  11
4189446, 8.8, 1281, 跟着君之学烘焙
1057601, 7.8, 4194, 半饱
2974903, 8.1, 2562, 香港味道2
11588627, 7.9, 3341, 无非求碗热汤喝
2282081, 8.0, 2725, 香港味道1
5276802, 8.6, 991, 饕餮娘子之岁寒记
4917641, 8.9, 710, 故乡的食物
10678825, 8.4, 1223, 小白素食记录
4908871, 7.9, 2356, 用洗脸盆吃羊肉饭
11537640, 8.4, 1206, 一个人的美食之旅2
25913413, 8.2, 1532, 四季便当
26387640, 8.2, 1528, 忧伤的时候，到厨房去
1056968, 8.2, 1505, 老饕漫笔
6967496, 8.2, 1461, 不去吃会死
1415311, 8.1, 1598, 美食家
20267987, 7.4, 4433, 孤独美食家
25776456, 8.7, 722, 老味道
3410797, 7.8, 2200, 吃，吃的笑
4011282, 8.2, 1279, 京味儿
1761142, 7.9, 1860, 人和食物是平等的
19974860, 8.6, 765, 孤的美食家
26389520, 8.4, 922, 肚子饿万岁
26672441, 8.5, 815, 收山
20499677, 8.0, 1423, 味道・味觉现象
6826615, 7.8, 1844, 台北小吃札记
2141646, 7.8, 1813, 恰似水之于巧克力
1457211, 7.8, 1773, 吃主儿
5502946, 7.5, 2696, 元气糖
25849892, 8.8, 525, 人间滋味
2057529, 8.1, 1137, 阿佛洛狄特
5263544, 9.0, 401, 昨日的美食 02
4692016, 9.1, 366, 西式糕点制作大全
20499702, 7.7, 1786, 味道・第一宗罪
11627774, 8.2, 909, 贪食纪
2241214, 8.7, 522, 味至浓时即家乡
1064014, 8.3, 802, 中国吃
5333049, 8.8, 463, 最详尽的甜点制作教科书
25774772, 8.5, 600, 做饭
3535792, 7.6, 1846, 日本料理
11507833, 8.4, 655, 深夜食堂料理特
26687647, 7.8, 1352, 至味在人间
2996680, 7.8, 1345, 蔡澜食材字典
4175452, 7.8, 1334, 美味关系
1460123, 8.0, 960, 寒夜客来
1421803, 7.7, 1416, 蔡澜谈吃
1082586, 7.8, 1213, 厨室机密
5914555, 8.0, 934, 暴食江湖
3062449, 9.2, 273, 唐鲁孙作品（六卷精华版）
1916929, 8.6, 469, 梁实秋谈吃
1223612, 8.5, 506, 唐鲁孙谈吃
5914556, 7.6, 1474, 台湾味道
4705912, 8.9, 327, 意大利餐制作大全
10795243, 7.9, 954, 舌尖上的中国
1069778, 8.1, 746, 我的川菜生活
5338233, 8.3, 561, 我的法兰西岁月
1039661, 7.7, 1158, 厨师之旅
25763528, 8.1, 695, 植物学家的锅略大于银河系
5954632, 8.4, 496, 寿司品鉴大全
1143233, 8.1, 676, 从小爱吃的菜
25852665, 7.6, 1249, 孤独的人都要吃饱
26461519, 8.0, 738, 面包会有的
23116260, 8.2, 543, 其实，大家都想做菜
6902934, 9.3, 196, 学徒面包师
2044609, 8.5, 395, 上海老味道
1007246, 7.8, 860, 写食主义
6558047, 7.9, 756, 胡吃乱想
3836152, 7.5, 1275, 快煮慢食
1071270, 8.2, 512, 酸甜苦辣咸
5423779, 7.9, 704, 食桌情景
1871292, 7.8, 788, 天生嫩骨
1042250, 7.9, 692, 肚大能容
25852538, 7.4, 1314, 知日・料理之魂
10481061, 7.8, 752, 小&#34;食&#34;光
25982649, 8.8, 261, 深夜食堂 13
2131829, 7.3, 1405, 煮妇日记
1037090, 8.1, 478, 天下味
25975888, 8.5, 312, 食事
26634871, 9.0, 200, 迷m 1
10767989, 7.5, 977, 蜗牛食堂
3017063, 8.8, 234, 漫话《闲情偶寄》
3071714, 7.9, 577, 饮膳札记
5391689, 7.3, 1258, 花间提壶方大厨
6513841, 8.6, 274, LIFE家庭味
1051500, 7.8, 632, 恋人食谱
4246990, 8.0, 491, 吃透法兰西
3802538, 8.6, 265, 四方食事
4906173, 8.5, 290, 君之的10分钟蛋糕
25828868, 7.5, 884, 快活馋
3136744, 8.2, 376, 从零开始学下厨
3115895, 7.9, 521, 两个素食者的创意厨房
2227749, 7.9, 512, 美食评论家的乔装秘密生活
10744608, 8.8, 209, 跟着君之学烘焙Ⅱ
6972440, 8.1, 406, 老饕续笔
26925068, 9.7, 106, 不敢不乐
3227186, 7.5, 808, 我的小煮意
6397533, 8.2, 347, 水果猎人
1071800, 7.7, 607, 饮食男女
14267490, 9.3, 133, 厨神的家常菜
26848146, 7.8, 528, 民国太太的厨房
4703383, 8.9, 174, 经典面包制作大全
6558053, 7.9, 446, 灶下书
4016036, 9.4, 118, 食物cN
3065667, 7.8, 492, 蔡澜食材字典续编
6716684, 7.6, 619, 天生是饭人
4156058, 9.4, 114, Mastering the Art of French Cooking
6871026, 7.6, 597, 在欧洲，逛市集
4229584, 7.8, 466, 幸福的料理箱
1213245, 8.9, 161, 礼拜三的糕饼课
4195722, 9.1, 138, 好吃的西c蛋糕zE
25807523, 7.3, 862, 唯爱与美食不可辜负
26679036, 8.6, 201, 地道风物003・舌尖上的新年
2379023, 7.8, 447, 欧陆传奇食材
1062913, 7.9, 399, 食相报告
1228011, 8.0, 356, 知堂谈吃
6429545, 8.4, 239, 早安，甜心
20470522, 7.9, 392, 耀扬的厨房
3431035, 7.7, 477, 下厨记
3406848, 7.6, 532, 终极美味
3535331, 8.7, 174, 食经
3039590, 7.1, 1031, 食物恋
1051217, 7.1, 1022, 玩味
19894041, 7.6, 512, 食记百味
3274328, 7.5, 569, 一头猪在普罗旺斯
20172515, 8.5, 194, 寻味
20379785, 8.3, 231, 京味儿食足
25827271, 7.4, 626, 吃早餐，彻底改变了我
26771603, 8.2, 252, 英雄的食材和神做法
1044699, 7.7, 426, 文人饮食谭
4174183, 9.3, 102, 食物cN
24704589, 8.4, 206, 跟着小胱龊姹
4760876, 7.4, 609, 写给牡蛎的情书
1962081, 7.4, 608, 加一片柠檬
26279028, 7.8, 368, 面包和汤和猫咪好天气
26680436, 8.3, 221, 来份杂碎
1563556, 8.2, 242, 日本蛋糕名店的私藏秘方
26367556, 8.7, 155, 深夜食堂 14
26814859, 8.2, 239, 独立日：日出之食
6510146, 7.7, 404, 梅酒香螺嘬嘬菜
24699651, 7.7, 401, 吃饭
25958461, 6.5, 2399, 一人食
10830940, 9.0, 120, 法式西餐制作大全
3698045, 8.5, 176, 法式糕点制作基础
10827645, 8.0, 281, 舌尖上的上海
10480691, 8.2, 230, 蓝带甜点师的纯手工果酱
10560187, 8.5, 175, 我爱面包机
1227910, 8.1, 252, 说东道西
26421209, 8.5, 168, 地道风物001・广西
20549889, 7.0, 920, 厨房里的哲学家
19974381, 7.3, 591, 味道台北
26806660, 8.6, 147, 一夫食堂
3932842, 8.7, 135, 红茶品鉴大全
2125029, 7.8, 309, 无尽的盛宴
3884424, 8.9, 115, 料理Da
1479240, 7.4, 480, 餐桌上的普罗旺斯
4706662, 9.4, 80, 食物cN
1019716, 7.3, 539, 川菜杂谈
1313275, 7.6, 372, 温情煮意
26587847, 7.9, 264, 食帖05：全宇宙都在吃甜品
25755529, 7.9, 262, 一把盐
5396414, 8.9, 109, 洋酒品鉴大全
1873541, 8.2, 193, 味觉森林
26741843, 9.1, 94, 你不懂葡萄酒
10586500, 8.6, 136, 四季的幸福烘焙
4199599, 8.1, 210, 面包新语
1084016, 8.2, 191, 亲爱的西餐
1262308, 8.0, 231, 什锦拼盘
24522588, 7.3, 508, 暖食
5261623, 7.8, 280, 天真本色
3410291, 8.5, 144, 料理仙姬(01)
4760870, 7.4, 438, 如何煮狼
3178437, 8.0, 225, F中吃
3665981, 7.6, 342, 吃的大冒险
1598832, 8.7, 120, 专业烘焙
4725016, 7.6, 332, 蔡澜常去食肆160间
26785986, 8.3, 164, 食帖09：了不起的面包
26638269, 8.7, 118, 寿司之神
1043471, 8.1, 196, 大杂烩
26613060, 7.7, 293, 食帖06：理想身材，吃即王道！
1395831, 7.6, 326, 考吃
1504966, 8.4, 148, 古今食事
3102649, 7.9, 235, 恶魔花园
3465071, 8.7, 115, 满汉全席之进宫
26707638, 9.6, 63, 大自然中的美食
6265143, 8.9, 99, 最详尽的面包制作教科书
4315669, 7.2, 515, 蔡澜的生活方式
25959963, 7.7, 281, 深夜面包房・凌晨0点的配方笺
3923521, 8.5, 132, 面包品鉴大全
26593188, 8.9, 97, 一日一果
4266808, 9.2, 79, 满汉全席之饽饽
3082471, 8.8, 104, F路便之旅(01)
22155952, 8.9, 95, The Kinfolk Table
25985699, 7.4, 381, 爱就是在一起，吃好多好多顿饭
26314759, 7.2, 485, 食帖02：只为喝杯好咖啡
11509650, 8.0, 196, 舌尖上的世界
25774256, 7.2, 480, 肥肉
1049426, 8.3, 146, 四方食事・胡嚼文人
20272103, 7.3, 410, 旧时光的味道
25942396, 7.4, 357, 日本味道
3739799, 8.4, 131, 孟老师的100道面包
1082621, 7.6, 281, 巴黎：一席浮动的豪宴
24849908, 7.6, 280, 假如我有一间咖啡馆
10749566, 8.7, 103, 果酱女王教你做蓝带风、纯天然极品果酱
26722322, 8.7, 103, 我的时尚厨房
25838015, 8.0, 185, 离开前，请吃空冰箱
1484084, 9.3, 68, 大众川菜
26390942, 7.7, 249, 食帖04：肉！肉！肉！
3668654, 8.4, 127, 孟老师的100道手工饼干
26739700, 8.4, 126, 食光深处的温暖
3698039, 8.2, 149, 法式西餐烹饪基础
1706129, 8.9, 86, 调鼎集
26782151, 7.8, 212, 黄小厨的美好日常
26580165, 8.0, 174, 这世界，只是一个食堂
4911161, 9.8, 48, Modernist Cuisine
2284300, 7.5, 283, 为国王们烹饪
26293762, 7.1, 461, 食帖01：Brunch吧!没那么赶时间
1320960, 7.6, 252, 好吃懒做1
5317052, 9.1, 71, 大糕c
4855867, 8.0, 166, 两个素食者的创意厨房2
26375107, 7.6, 245, 食帖03：食鲜最高
24522590, 7.3, 345, 寻味
4266797, 8.9, 80, 满汉全席之满菜
1049217, 7.4, 303, 食物恋
3999204, 8.8, 85, 干酪品鉴大全
4230121, 7.2, 385, 细味
3038824, 8.1, 147, 文怡拿手家常菜
1674916, 9.1, 69, 专业烹饪
10533384, 8.3, 123, 潮汕味道
6841120, 8.1, 145, 米饭杀手
7154270, 7.7, 211, 在阳台种美味
26865490, 8.7, 89, 明日的便当
4058769, 7.1, 418, 极致之味
25943103, 7.1, 418, 温暖灵魂的味道
25815344, 7.1, 417, 民国吃家
6977795, 8.0, 154, 留味行
5249966, 7.4, 284, 巴黎小厨房
2037301, 8.3, 118, 香港味道2不zm的奶茶
26775628, 7.4, 283, 好好地吃一朵西蓝花
3787135, 9.0, 70, 威士忌品鉴大全
26345261, 8.8, 80, 小森食光 1
25799696, 7.8, 182, 寻味中国
25767395, 6.9, 526, 神的拉面
1221278, 8.0, 149, 烘焙宝典
20452762, 8.4, 106, 深夜食堂之偈挚
20453477, 7.9, 162, 烹宰为乐
26265818, 7.4, 272, 电影食堂
26593509, 7.6, 218, 酒友 饭友
26443878, 8.0, 147, 趁热品尝
23164345, 7.8, 175, 幸福，一手“煲”办
10602305, 6.9, 498, 斗宴
25930692, 7.6, 211, 吃货辞典
4274470, 6.9, 492, 美味方丈记
2047483, 7.6, 210, 一碗好汤
6989974, 7.3, 293, 咖啡狂的笔记本
1849704, 8.1, 130, 绝色川香
26827556, 7.8, 171, 食帖10:早餐，真的太重要了
6432236, 8.1, 129, 100元吃遍北京
1868788, 7.7, 187, 谈情说菜
25758219, 8.8, 75, 法国蓝带西餐烹饪宝典
1931913, 8.1, 128, 家常菜精选1288例
26789266, 8.7, 80, 你不懂面包
5275275, 8.2, 117, 生命的余味
3572310, 8.7, 79, 香草茶品鉴大全
3158328, 8.4, 98, 超Q润戚风
3003658, 7.3, 279, 蔡澜谈美食
20470336, 8.1, 124, 文以载食
3010137, 7.2, 312, 面包人生
2146585, 7.6, 196, Asian 甜品屋
26717937, 7.6, 195, 女人的食指
1352993, 8.4, 95, 法{У幕A糕cn
26325615, 8.5, 88, 家常酒菜
1042616, 8.0, 132, 云乡话食
3432108, 9.1, 58, Mastering the Art of French Cooking
24852220, 8.2, 110, 半间灶披间
6012061, 7.3, 263, 恋味者
25797851, 8.4, 93, 山家清供
26806905, 9.4, 48, 时光，一场不散的筵席
26602109, 7.4, 233, 吃饱了才有力气谈恋爱
5379662, 8.8, 69, 经典曲奇500
5990266, 7.3, 257, 美食家的字母表
10732120, 6.9, 425, 一路吃下去
20429355, 9.3, 50, 意大利面制作大全
10593872, 8.7, 73, 给亲爱的你-全五册
20470506, 7.0, 368, 不过一碗人间烟火
1572548, 8.1, 115, 姑苏食话
26866648, 8.1, 115, 吃了再爱，还是爱了再吃？
1949507, 8.4, 90, 潮菜天下
2010072, 7.6, 182, 国宴与家宴
1315426, 7.8, 149, 只吃半饱
24828689, 7.5, 201, 菜市场里的大厨
5441092, 8.5, 83, 享受香浓咖啡
6782226, 8.8, 67, 30分钟做营养晚餐
2989622, 7.6, 180, 美食美刻
10781910, 8.0, 123, 用筷子夹出美味
26411821, 7.9, 133, 无印良品的人气菜肴
10426453, 7.6, 176, 寻味日本
2160291, 7.4, 217, 人间有味
23164585, 6.9, 399, 爱自己，好好吃早餐
3601521, 7.6, 175, 从零开始学烘焙
19956804, 7.1, 303, 当世界变成辣椒
26681993, 7.8, 140, 食帖07:大丈夫生于厨房
26281415, 7.5, 185, 早餐礼赞
25772471, 6.8, 432, 唯美食与爱不可辜负
10528380, 8.6, 72, 有生之年非吃不可的1001种食物
21372703, 7.4, 203, 旅人的食材历
2038064, 8.1, 104, 香港味道1移山填海西米
26928533, 8.8, 62, 日本料理神髓
3360443, 8.9, 57, 糕c}
26879195, 8.4, 80, 食帖12：厨房，治愈人生的避难所
25958209, 7.4, 191, 四季蔬：小白素食记录
1084153, 7.2, 238, 村上春树美食厨房
26364021, 6.8, 395, 料理小说俱乐部
5379680, 8.7, 63, 经典蛋糕500
10862442, 9.0, 52, 金牌意大利餐
7002722, 7.7, 139, Julia&#39;s香草满屋
2354486, 9.2, 46, Mastering The Art of French Cooking
5379675, 9.2, 46, 经典比萨500
26411825, 8.0, 106, 无印良品的花样土锅料理
3272691, 7.3, 208, 达・芬奇的秘密厨房
10781907, 8.1, 96, 用刀叉吃出高雅
3066876, 8.6, 66, 日本F路便大全
6771884, 7.9, 113, 甜点品鉴大全
10766229, 8.3, 81, ~翅c花椒
5333574, 7.6, 148, 烹饪、菜肴与阶级
3615001, 6.6, 500, 一个人也得下厨房
3923324, 8.2, 87, 文怡精选家常菜
24535401, 7.7, 133, 慢食之后
24716250, 7.7, 133, 栗原的日式家庭料理
26582044, 8.7, 60, 美味食光
26611159, 8.7, 60, 深夜食堂 15
26879049, 8.8, 56, 和果子
4281379, 7.4, 176, 法国女人不会胖
25662823, 8.5, 68, 杰米・奥利弗30分钟上菜
26276634, 7.4, 174, o印良品的四季食谱
2105733, 7.6, 142, 一切取决于晚餐
19912148, 7.9, 107, 吃情十物
2010081, 8.0, 98, 红焖厨娘
10574712, 8.6, 62, 便当盒里的秘密
3003660, 7.4, 169, 蔡澜食典
25913193, 7.2, 210, 一切有情
10864608, 8.6, 61, 拍出幸福美滋味
3314139, 8.7, 57, 小小乳酪蛋糕食V
25922419, 8.3, 75, 日本味儿
1025210, 8.0, 94, 吃的艺术
26617305, 8.2, 80, 美食近似于爱
2139205, 7.8, 111, 绘画中的食物
10733035, 7.5, 147, 清粥草头咂咂鱼
1063712, 7.7, 121, 文学的餐桌
25892845, 7.8, 110, 初心
4893150, 8.4, 68, 伴随一生的家常菜
1350685, 8.1, 85, 到不了的地方，就用食物吧！
4160256, 8.2, 78, 吃心望想
26584275, 8.0, 91, 寻食启事
20492753, 8.8, 51, 跟爱和自由一起做面包
4241357, 8.4, 66, 跟胖星儿学做菜
1968244, 7.8, 106, 梅子的写食日记
26303206, 7.4, 155, 今天也谢谢招待了
3017522, 9.1, 42, 大众菜谱
26879048, 9.1, 42, 京料理
3739797, 7.9, 96, 孟老师的100道小蛋糕
6520694, 7.9, 96, 从零开始用烤箱
5972443, 8.0, 88, 白话随园食单
26646314, 7.3, 169, 今天也要好好吃饭
5906090, 7.6, 124, 甜蜜日日・我爱果酱
4730272, 8.0, 87, 高蛎榔鹋隳沓S
5379666, 8.6, 56, 经典果饮500
1199561, 8.2, 74, 鳕鱼
26369001, 8.2, 74, 一起来吃早午餐
5441610, 9.1, 41, 享受香醇葡萄酒
1393189, 8.9, 46, 养小录
4922458, 8.9, 46, g迎M入Grace西ct茶rg
26609131, 8.9, 46, ?S盛?美好
26630973, 7.9, 93, 嗑：做一只会吃的松鼠
6990098, 7.6, 121, 我爱咖啡
26665581, 8.6, 55, 料理全书
26363916, 7.7, 110, 李英爱的晚餐
26036530, 7.8, 100, 深夜谈吃
6967739, 7.5, 130, 老爹妈思厨
6798514, 8.6, 54, 日本顶级甜点师的烘焙创意
10726382, 8.6, 54, 甜蜜厨房
4209020, 7.8, 98, 从零开始学煲汤
20273182, 7.4, 142, 妈妈的柴火灶
1886213, 7.2, 174, 舌尖上的中国
3888518, 8.9, 44, 香槟品鉴大全
25780643, 7.3, 154, 最好的厨房
2063865, 8.0, 81, 香港味道4如假包Q碗仔翅
19961100, 8.0, 81, 廿四分之一挑食
11600027, 7.6, 114, 大仲马美食词典
25816136, 7.2, 170, 汁吃诗
3669218, 7.5, 124, 味蕾的旅行
26843917, 8.9, 43, 和食十品
2089292, 7.1, 187, 饭醉分子
3375919, 7.7, 102, 菜蔬小语
3702082, 8.5, 55, 法糕c基A篇1
2161481, 7.9, 85, 名店面包大公开
2982281, 8.1, 71, 巧克力全书
6967521, 8.7, 47, 幸福便rg
2063864, 7.9, 83, 香港味道3叉凵喜桶
26583821, 7.9, 83, 嗜：戒不掉的甜蜜
3998874, 8.8, 44, 随园食单  白门食谱  冶城蔬谱  续冶城蔬谱
25862237, 8.8, 44, 我们要好好的，吃晚餐
4238745, 8.0, 76, 清粥小菜
1228392, 7.9, 82, 橄榄色的托斯卡纳在歌唱・意大利食物恋
3352569, 6.8, 252, 我这温柔的厨娘
2294654, 7.5, 116, 米饭情书
1055518, 8.3, 60, 知味集
26411826, 8.0, 75, 无印良品的简单微波炉料理
6556855, 8.5, 52, Kodi &amp; Mr. Bear 甜蜜N房
26369033, 7.2, 154, 一起来吃轻晚餐
25733948, 7.8, 87, 爱妻便当・
26561125, 9.1, 36, 小森食光 2
5029939, 9.0, 38, 无师自通  新手学烘焙
4875830, 8.4, 55, 面包新语Ⅱ
5407463, 8.4, 55, 世界葡萄酒全书
6003669, 9.2, 34, 超人气甜点轻松做
26115710, 6.9, 214, 最孤独的冰箱和有故事的远方
20481421, 6.7, 274, 终于尝到真滋味
4908516, 9.5, 29, Noma
1257179, 8.2, 62, 家庭实用菜谱大全（上、中、下）
3699253, 7.1, 165, 秘食指南
5952378, 8.1, 66, 从零开始学西餐
20473533, 7.2, 145, 饭否
20392217, 9.5, 28, 葡萄酒的感官世界
25857506, 8.0, 69, 菜单中的秘密
26142174, 7.6, 96, 今天的早餐
25843177, 8.2, 59, 我爱沙拉
3187449, 8.8, 40, 细说川菜
25896115, 7.1, 156, 一顿自己的晚餐
6753064, 7.5, 103, 我的小煮意2：木有便当，上神马班！
26575277, 8.7, 42, 美食人生
3410787, 6.9, 193, 绕着地球吃
3221589, 6.8, 218, 厨房中术
6510396, 7.3, 124, 吃酒！吃酒！
6003673, 9.0, 35, 超人气面包简单做
5284846, 7.9, 72, 钟鸣鼎食之家
26411829, 7.9, 72, 无印良品的万能酱汁料理
6885170, 7.8, 78, 蔡澜食材字典
4090720, 7.4, 109, 一碗好面
25315047, 7.8, 76, 幸运签饼纪事
10574708, 8.1, 60, 早餐桌上的圆舞曲
20497345, 8.1, 60, 云之味
10825645, 7.4, 107, 即将消失的百年美味
2000227, 7.2, 130, 烘焙时光
26718762, 8.2, 55, 真味
26584283, 7.6, 88, 饿童时代
26677209, 8.3, 51, 葡萄酒生活提案
5361946, 7.2, 128, 蔡澜世界名馔录
24522598, 7.2, 128, 食色
25881227, 7.3, 115, 入味
10771034, 8.1, 58, 美味手记
26421278, 7.3, 114, 全球蔬菜纪行
2239075, 7.7, 79, 五味俱全《贝太厨房》创刊5周年巨献
10465998, 8.4, 47, Pierre Herme 写给你的法式点心书
26757638, 7.2, 125, 食帖08：自给自足指南书
6429310, 7.2, 124, 去巴黎烤个马卡龙
1985839, 7.7, 78, 相对美女私房菜之结婚一年间
25797287, 8.6, 41, 面包圣经
2224050, 8.0, 61, 超好吃吐司化100N
10574709, 8.3, 49, 四季的野餐篮
26807660, 8.7, 38, 沙拉花园
25751865, 7.0, 150, 德国式厨房规则
1421890, 8.2, 52, 梅玺阁菜话
3032377, 7.4, 99, 老俗事
1384094, 8.6, 40, 一座小行星的新食方式
25862234, 8.6, 40, 爱，不停炖
6390863, 9.4, 26, 用松饼粉制作的简单甜点163款
1926453, 7.2, 119, 维多利亚女王的秘密厨房
5272134, 8.3, 48, 新媳妇私房菜
26819233, 9.3, 27, 给你一桌子美好
3161235, 8.8, 35, 美味大挑(01)
3819562, 8.9, 33, 手指鬯
25817240, 7.4, 96, 菜篮・素之味
1018595, 7.0, 144, 红楼梦饮食谱
24742991, 7.6, 80, 再赴美食之旅
10574711, 8.3, 47, 嘴巴去旅行
25817241, 7.5, 87, 菜篮・肉之味
26298264, 9.2, 28, 积存时间的生活
26898505, 9.0, 31, 奢侈的滋味
10825662, 8.2, 50, 情人的饱嗝
25785271, 7.1, 125, 男人的菜市场
26774591, 8.4, 43, 怀旧食堂
26258470, 7.2, 112, 中国豆腐
24882694, 7.4, 92, 食一碗乡味儿
1233662, 7.5, 84, 中国吃的故事
24733759, 7.8, 65, 厨室探险
6879074, 8.3, 45, 刀工
3215991, 6.9, 150, 东食西渐
10574710, 8.0, 55, 我们家是咖啡馆
3293143, 8.8, 33, 法国糕点基础篇2
6127004, 8.6, 37, 子W校 Vol.5 磅蛋糕&amp;烤c心
1894162, 7.6, 75, 世界热饮名品
26014724, 8.1, 51, 好想为你做便当
4252285, 7.3, 98, 花之宴
26418280, 9.5, 23, 九城记:中国城市生活美学
24876861, 9.4, 24, 情迷意大利美食：一学就会的意大利餐招牌菜
21351738, 7.8, 62, 刁嘴
26771606, 7.8, 62, 没完没了的好时光
4824349, 8.7, 34, 云林堂饮食制度集
26348759, 8.0, 53, 中国馔馐谭
25862240, 8.8, 32, 我要的甜蜜“汁”味
4208375, 8.2, 46, 孟老师的中式面食
5366429, 6.7, 180, 东京厨房
1880302, 7.5, 78, 中国饮食文化史
2010080, 7.5, 78, 饕餮书
20365783, 7.5, 78, 青春饭，我们都爱重口味
2979364, 7.9, 56, 粤菜溯源录
20279908, 7.5, 77, 我在法国西南有间小屋
26576601, 7.4, 84, 深夜面包房・凌晨1点的偷心贼
24878554, 8.2, 45, 主食变变变
7059585, 8.5, 37, 法国蓝带面包制作基础
3777334, 7.4, 83, Julie and Julia
6773859, 7.3, 91, 下厨记Ⅱ
4934505, 8.8, 31, 调鼎集
3190688, 7.4, 82, 简・奥斯汀食谱
25929221, 7.5, 75, 把爱做到菜里面
24714214, 8.1, 47, 驻京办招牌菜在家做
1774844, 7.3, 89, 德国老啤酒主义
26266559, 8.3, 41, 德国式简单烘焙
2003247, 7.8, 58, 余杂记
1023896, 7.6, 68, 好吃
3920540, 8.6, 34, I糕c的魔法烘焙g
6973651, 8.6, 34, 鱼我所欲也
10480692, 9.1, 26, 手做酱泡菜
25731492, 7.8, 57, 花样甜――不用烤箱的76道快手甜点
6039270, 7.2, 94, 日本料理的社会史
1026953, 7.0, 115, 厨师的十日谈
7059586, 8.5, 35, 法国蓝带糕点制作基础2
26856887, 8.5, 35, 觅食迹
1348179, 8.9, 28, 法{У幕A料理n
1774868, 7.3, 85, 法兰西甜点地图
11542554, 7.3, 84, 最值得品尝的100种味道
1920808, 7.2, 92, 早晚美食计
25808333, 8.3, 39, 跟着君之做饼干
24704588, 7.9, 51, 幸福的烘焙时光
6443341, 6.6, 176, 碗里江山
21345894, 7.1, 100, 汤圆与白香饼
3202002, 9.0, 26, 法糕c大全:110N特x甜c、76T
25722024, 8.5, 34, 我爱西餐
26421322, 7.3, 82, 蔬菜之神
5990221, 8.4, 36, 五湖四海家常菜――A北|南及|W地^
7001463, 6.9, 120, 人间滋味
6512048, 7.8, 53, 发现粗食好味道
25717039, 8.2, 40, 最详尽的冷冻保存教科书
26731424, 7.5, 67, 买不到的味道
24854685, 6.6, 168, 味道上海
6727854, 9.2, 23, 310例营养蔬果汁DIY
2194406, 8.8, 28, 法{Ц恻c用
6029193, 8.8, 28, 生牛奶糖c手工糖果
20562355, 7.5, 66, 因为爱.所以在厨房
3653550, 8.3, 37, 宴飨的故事
25927955, 7.8, 52, 寻味：舌尖上的乡愁
25717529, 7.9, 48, 我的音乐厨房
10945190, 7.1, 94, 舌尖上的中国
25929854, 7.1, 94, 宋朝饭局
1418319, 7.3, 77, 亚洲美食之旅
1465569, 7.8, 51, Julie and Julia
4887563, 7.7, 55, w正平搞什N?
26281268, 8.4, 34, 会烘焙的女人，走到哪儿都有人爱
2204971, 8.1, 41, 阿基偷呷步
24849597, 7.0, 100, 记忆的味道
1733079, 7.5, 63, 爱因斯坦的厨房
25888893, 7.6, 58, 舌尖上的中国2
25032919, 9.1, 23, 烧好家常菜
26757192, 9.1, 23, 简简单单做面包
1248264, 8.0, 43, 鸡尾酒的178种标准鸡尾酒的配制
21660842, 8.1, 40, 小岛老师的蛋糕教室
25827537, 7.2, 81, 吃到念念不忘
26422178, 7.6, 57, 料理王国
25660718, 8.5, 31, 色铅笔下的美食王国
26297786, 7.4, 67, 你烩你做啊
26436166, 8.0, 42, 食豆饮水斋闲笔
10463365, 7.9, 45, 80后男人的厨房
6425914, 7.5, 61, 美味调剂出的幸福生活 我们俩
1321819, 7.3, 72, 坐在黄河岸边的小镇上品饮
26862352, 8.8, 26, 莫扎特，请入席
6560164, 6.7, 131, 美食狂失恋记事本
25797855, 8.4, 32, 食宪鸿秘
1143580, 8.2, 36, 闾巷话蔬食
1917376, 8.0, 41, 食经
26765379, 8.0, 41, 爱上铸铁锅
20111919, 7.8, 47, 土豆你个马铃薯
4156057, 9.0, 23, Mastering the Art of French Cooking
26734610, 9.0, 23, 中国食谱
26359465, 9.3, 20, 永不失败的面包烘焙教科书 （享誉世界的日本y专业厨艺联盟学校的面包大师教你零失败做面包，800多幅专业图片步步图解，20
10867046, 8.1, 38, 趁崞
6534605, 7.6, 54, 煲一碗靓汤
1343342, 7.3, 69, YILAN的台成活滋味
3387283, 7.9, 43, 巴黎{NW校日
6511141, 8.3, 33, 料理欢乐家01：好色・沙拉
25941119, 8.8, 25, 够味儿!80道经典家常菜烹饪详解
26812868, 8.1, 37, 吃的美德
20477027, 7.9, 42, 轻松学西餐
1774857, 7.3, 67, 意大利饕餮之旅
6718313, 8.6, 27, 食物c矍榈脑@{
26317780, 8.6, 27, 台湾酿酱
24765642, 8.3, 32, 最全面的蛋糕教科书
6742666, 7.2, 72, 循香记
26769704, 8.2, 34, 早安，早餐
1394378, 9.0, 22, 出TL古早
26806927, 9.0, 22, 亲爱的食物
17421508, 9.2, 20, Gordon Ramsay&#39;s Ultimate Cookery Course
22992426, 9.2, 20, 家庭咖啡室
1083361, 8.4, 30, 40种手工果酱
4209428, 8.4, 30, 就圻@映渣I包
25725374, 7.6, 51, 你好土
1908263, 7.2, 71, 咖喱传奇
3829038, 8.8, 24, 本心斋蔬食谱
4299475, 8.5, 28, 我酆惋L洋子
3560187, 7.4, 59, 食在宋朝
3848885, 7.1, 76, 茶果子
2102128, 7.9, 40, 烹调原理
25702403, 8.3, 31, 跟着小胱鎏鸬
1812272, 8.0, 37, 每天都爱吃吐司
4043614, 7.1, 74, 煮物之味
26831669, 9.0, 21, 贝太厨房・十二城味
1958924, 8.5, 27, 易牙遗意
22992355, 9.1, 20, 糕点装饰大全
25742337, 9.1, 20, 面包制作大全
6857549, 8.2, 32, 酒经
10606257, 8.2, 32, 大厨小贴士
3248920, 8.1, 34, 米其林红色指南
25842245, 8.1, 34, KINFOLK餐桌
26711352, 8.1, 34, 面包制作的科学
1875368, 7.0, 80, 世界第一美食
1062114, 8.0, 36, 吃的自由
6732087, 8.7, 24, Joanna的不×侠
26803921, 7.9, 38, 味言道（精装水墨版）
26415841, 7.2, 65, 我想给你做顿饭
6951902, 8.1, 33, 最爱花草茶-让你和疲惫、失眠、痘痘、赘肉说拜拜
24851443, 8.1, 33, 冰食纪
25802892, 8.1, 33, 幸福  从早餐开始
25808908, 7.7, 43, 舌染红尘
11509490, 6.8, 94, 日本美食地图-蔡澜日本四书
26631903, 8.3, 29, 味之风月
26803669, 9.9, 14, 《露丝玛丽，教我做西餐吧》
3398187, 8.9, 21, 最具人气的西餐精选
20224582, 8.9, 21, 一学就会!70道最经典的法国甜点
26780654, 8.9, 21, 美味岁时记
20516653, 6.1, 222, 一个人也要好好吃早饭
26281256, 8.4, 27, 味XC人
10737635, 7.8, 39, 贝太厨房 至爱小炒
5418731, 7.6, 45, 香草香料鉴赏手册
1083357, 8.1, 32, 家传牛肉面配方大公开(30种家传美味配方全方位大公开)
6000642, 8.0, 34, 烧烤圣经
26844050, 8.2, 30, 器物帖
25896797, 8.6, 24, 小虢棠阕龅案猓ǜ焦馀蹋
25905793, 7.4, 52, 吃肉
7059587, 7.8, 38, 法国蓝带西餐烹饪基础Ⅱ
25831035, 7.8, 38, 吃遍广东之潮汕的原味时光
26789646, 7.4, 51, 四万十食堂
25858001, 7.5, 47, 台湾舌头
25902282, 8.2, 29, 美食摄影全书
26413982, 8.8, 21, 吃对你的家常菜2
10727853, 8.7, 22, N之（上）
4263958, 7.5, 46, 基本和食 - 清淡自然精致营养的日本料理
5922492, 7.0, 69, 年夜饭的艺术
23801448, 7.0, 69, 台湾肚皮
1692620, 7.1, 62, 日本料理大全-日式料理/点心/便当
26261024, 7.3, 52, 吃主儿二编
1852368, 7.5, 44, 马铃薯
26784339, 7.7, 38, 胖子之城
24706589, 8.3, 26, KODI的美味便当书
6048389, 7.9, 33, 食材
19930005, 7.3, 51, 一饭一世界
26702143, 8.6, 22, 旅食与文化
1053004, 7.8, 35, 隐藏的美味（深度探索法国美食文化风景）
4706563, 7.3, 50, 慢食运动
3084870, 7.1, 59, 讲食集
1353268, 8.0, 30, 法{巧克力
6903386, 7.8, 34, 烘焙新手必备的第一本书
25713939, 7.3, 49, 让世界垂涎――大鱼大肉的80种风雅吃法
26866719, 7.2, 53, 食帖11：美食漫画万岁！
26454651, 7.0, 63, 口头馋
4920081, 7.8, 33, Joanna鄣牧侠: {Ы涛谊P於叟c人生的32道食V
26140408, 7.2, 51, 食神漫笔
26763735, 7.5, 40, 四季餐桌
20379791, 6.9, 66, 食在宫廷
24527571, 8.3, 24, 大海的一流料理人 香吉士的M腹餐c
1980626, 7.4, 43, 蔬食斋随笔
26677846, 9.0, 17, 有味是清欢：美食小品赏读
26306663, 7.3, 46, 一个人的好食光
25980569, 8.2, 25, 水果的盛宴
3433534, 8.0, 28, 食在自然
10804952, 8.6, 20, 日本人妻惠玉教你做家庭幸福料理154道
24845960, 7.3, 45, 中午吃什N? 一W家的o星_胃指南
25929641, 8.1, 26, 美食快到碗里来
3200821, 7.6, 35, 饮食杂俎－中国饮食烹饪研究
6746343, 8.0, 27, 5分钟轻松在家做面包
2054417, 8.5, 20, x大利就是pasta 王
1397426, 8.4, 21, 另食的g
3409295, 8.4, 21, 生命宴
24849905, 7.4, 39, 异国情调浪漫吃
18606574, 8.3, 22, 舌尖上的川菜
25819577, 7.5, 36, 幸福，私厨定制
25881642, 7.5, 36, 好吃的哲学
26697805, 7.3, 41, 乔布斯的厨师
26770150, 6.7, 69, 蔡澜旅行食记
26670437, 7.5, 35, 唯爱与美食不可辜负
25865953, 8.0, 25, 杰米?奥利弗： 一天学会做饭
24749351, 7.4, 37, 灵感厨房（上下册）
1854616, 7.0, 51, 辣椒
26658078, 7.7, 30, 舌尖上的四川苍蝇馆子
25859626, 7.5, 34, 厨房里的双人舞
26911451, 8.2, 22, 小津安二郎美食三昧
26640373, 7.3, 39, Lonely Planet：101中国美食之旅
26849966, 8.1, 23, 深夜食堂 严选之味
1292123, 7.3, 38, 蔡澜美食教室
10834273, 7.9, 25, 路边的川菜史
4903519, 8.2, 21, 咖啡^style三明治
10514966, 7.6, 30, 米饭杀手
25891005, 7.6, 30, 盘中巴黎
6531549, 8.5, 18, 法国奶酪品鉴
26314596, 7.0, 47, 味的道
2266079, 8.0, 23, U食慢味: 宗哲和尚的精M料理
24890055, 6.5, 73, 每天1碗沙拉
26806954, 7.9, 24, 爱你的某食某刻
25839377, 6.9, 49, 品味的记忆
3200719, 8.1, 21, 食物圣经
1840143, 6.9, 48, 番茄
26415837, 7.5, 30, 我的第一次品酒
26911258, 8.0, 22, 食帖13：腐的品格!初心者的发酵料理书
25931736, 7.6, 28, 在巴黎餐桌上
26684007, 7.9, 23, 明日的餐桌
24297419, 7.4, 31, 台n．二十四獾谋４媸
3946844, 8.2, 19, 日本料理大全
1369313, 8.1, 20, 菜市鲷~Da
1335492, 8.0, 21, 大N食材完全指南
25848096, 8.4, 17, 料理王
26341270, 7.9, 22, 80后男人厨房 : 无敌下饭菜
3059606, 7.4, 30, 鬯荆呼~片c醋背後四百年的z密
5400859, 7.4, 30, 30岁重新做女人
10826873, 7.2, 34, 福州美食私人地图
6716568, 7.7, 24, 皇帝的饭局
10764843, 6.3, 77, 江湖一碗面
26369075, 8.0, 20, 寿司笔记
23009775, 6.9, 42, 我不是吃货
25896580, 7.2, 33, 和星云大师一起吃饭
1080074, 8.3, 17, 胡地风流
26369018, 7.6, 25, 一起来吃下午茶
25974766, 7.8, 22, 柠檬
25872912, 8.4, 16, 水晶月光 川味笔记
26304298, 7.4, 28, 野味难寻
3141455, 7.7, 23, KO宴
26795351, 7.0, 37, 从厨房到餐桌
10490896, 8.1, 18, 新手也会用的异国酱料
26702586, 8.1, 18, 来自地球的一个餐桌：潘潘猫的幸福家宴
21331178, 7.3, 28, 西餐大厨成长记录
26386761, 7.6, 23, 甜心笔记
23164735, 5.7, 144, 好菜知时节
5326300, 7.9, 19, 的[味
19986962, 7.9, 19, 温暖传家菜
1052029, 7.0, 34, 提味
26767066, 8.1, 17, 有意面，不孤单：快煮慢食的10000种意大利面
26436739, 8.2, 16, 吃的常识
26868554, 8.2, 16, 小津安二郎美食三昧・关东篇
3115727, 7.6, 22, 米其林红色指南
26717928, 8.3, 15, 咬一口昭和回忆
26767067, 8.3, 15, 我有故事与酒：10000次与鸡尾酒相伴的时光
25977946, 7.5, 23, 老家味道
26774853, 7.9, 18, 深夜食堂 16
25934152, 7.8, 19, 奶奶的菜――想念老家的味道
26470906, 8.0, 17, 至爱面包
2680621, 8.1, 16, The Art of Simple Food
19977285, 6.6, 44, 食有鱼
6979538, 8.2, 15, Cafe Brunch 星期天的料理r光
25927370, 6.8, 36, 冰淇淋：吃的全球史
2193531, 7.8, 18, 阳光八万里
3554450, 7.8, 18, 500酱料大全
25786083, 7.8, 18, 山家清供
26324055, 7.8, 18, 最想念的年货：心意、食材和美味地理
26696179, 7.3, 24, 浅草散步，遇见粉花面包店
3798474, 8.1, 15, 我郾淇淋
26767061, 8.1, 15, 《只一盘也是盛宴：懒人的10000种健康沙拉》
19976875, 6.2, 60, 面条之路
3043769, 7.5, 20, 食说新语
4197177, 7.9, 16, 巧克力}
26695208, 7.9, 16, 泥花散帖
25927364, 6.9, 30, 汉堡：吃的全球史
25746624, 8.5, 12, 杯酒人生：葡萄酒的365天
5362573, 8.3, 13, 中国菜肴史
3291607, 7.3, 22, 亲爱的今天吃咖喱饭
5284821, 8.1, 14, 钟鸣鼎食丛书③：蒸煮
26324057, 8.1, 14, 最想念的年货：外婆、妈妈与故乡的味道
26856342, 8.1, 14, 面食之书
4191707, 7.6, 18, Chocolate Me
6509763, 7.6, 18, 贝太厨房 经典月子菜
3184369, 7.5, 19, 佐R阿叩某元饬侠
21351739, 6.1, 59, 欲望厨房
25945805, 8.4, 12, 天D_
21326633, 6.5, 39, 食札思录
6755324, 7.9, 15, 醒园录
1507156, 8.2, 13, The French Laundry Cookbook
25693197, 7.3, 21, 猫猫饭食
5399038, 8.0, 14, 中国点心（上）
26582028, 8.0, 14, 亲手做零食 家人放心吃
26596235, 7.0, 25, 食物
6075189, 7.8, 15, 4F料理生活家n程精x
26802578, 7.8, 15, 一粒糖
25927349, 7.0, 24, 比萨：吃的全球史
26747443, 7.4, 18, 味蕾知道我爱你
26761601, 7.4, 18, 低卡料理家
1388206, 7.3, 19, p如食
26607048, 8.0, 13, 日本料理制作大全
2058527, 7.7, 15, 一法I包傅的告白
2264811, 7.7, 15, 原味主NW利佛：r尚p食秀
26378913, 7.7, 15, 零基础日式家庭料理
26786860, 7.7, 15, 孤的美食家2
5910558, 7.8, 14, 家常真味-壹
25828630, 7.8, 14, 戚风蛋糕
26362682, 7.5, 16, 主厨家宴
26376669, 7.5, 16, 基本200:百吃不厌的200道人气料理
26703539, 7.9, 13, S@食窝aC
26906511, 7.7, 14, 梅森瓶里的轻食光
26838177, 8.2, 11, 荻山和也的手作面包2
26942225, 8.0, 12, 把爱写进食谱
26344796, 7.3, 17, 无鲜勿落饭
26617461, 7.6, 14, 写在基因里的食谱――关于饮食、基因与文化的思考
26857820, 7.6, 14, 《把这瓶开了！》
5362571, 7.9, 12, 中国面点史
4285381, 7.7, 13, 造洋饭书
10734577, 7.7, 13, 流传20年的栗原家小甜点
25770176, 7.3, 16, 中岛老师的无添加烘焙书
26318422, 7.3, 16, 民国名士舌尖上的豪迈与洒脱
26632532, 7.3, 16, 小津安二郎的餐桌
26293077, 7.4, 15, 怀孕就要好好吃
26805331, 8.0, 11, 荻山和也的手作面包
25972668, 7.8, 12, The Language of Food
26641842, 7.8, 12, 厨师之旅（修订版）
26899880, 7.8, 12, 荔枝蝉
3637530, 7.6, 13, |京野餐趣
26415659, 7.6, 13, 美食摄影完全手册
26668448, 7.6, 13, 和味道・素淡养生的精进料理
26737205, 7.6, 13, 静心烘焙 幸福甜点
4277974, 7.3, 15, 分子N 首部曲: 揭_美食Wz的科W革命
11527729, 7.3, 15, 敦子的食堂
26592098, 7.3, 15, 料理摆盘：超简明技法图解事典
2095990, 7.9, 11, 韩良露私房滋味
24739621, 7.9, 11, N解}
25934270, 7.4, 14, 食我
26591102, 7.4, 14, 栗原日式料理每天做
4898906, 7.7, 12, L味}
26290459, 7.7, 12, 因爱料理
26438921, 7.5, 13, 最好吃的咖啡馆简餐
11622281, 7.1, 16, 桂林米粉
26871297, 7.2, 15, 东京时味记
20398165, 7.8, 11, 初W者的料理教科
26353677, 7.6, 12, 德国式简单料理
6040816, 7.3, 14, 我酆凸子
26324949, 7.3, 14, 咖啡圣经
26932848, 7.4, 13, 食帖14：小聚会教科书
20444061, 7.7, 11, 我爱酸奶
20436397, 7.9, 10, 府城的美味r光
25830720, 7.5, 12, 日本烘焙师的专业配方：藤田千秋的司康饼和软曲奇
25901552, 7.3, 13, 我的轻食主张
26668444, 7.6, 11, 和味道・点点心意和果子
26699860, 7.8, 10, 厨室机密
26877103, 7.8, 10, 人间至味
10809879, 7.2, 13, 日本的餐桌
26706436, 7.2, 13, 日之味
25828629, 7.5, 11, 麦香蛋糕
26369064, 7.5, 11, 烤肉笔记
26581636, 7.5, 11, 四季沙拉
11511602, 7.7, 10, 顶级名师常温蛋糕的多样化
26828671, 7.1, 13, 厨房大叔环球美食搜鲜记
5953540, 7.4, 11, 烹饪工艺
5998939, 7.6, 10, I
26588306, 7.6, 10, DK世界美食之旅
1216376, 7.0, 13, 开家甜品店
24525710, 7.3, 11, 日本料理的常RcWz
26332127, 7.3, 11, 花c的春天――P於美食
26422618, 7.3, 11, 原硎沁@N味道啊~《孤的美食家》名店全收
25762705, 7.4, 10, 京都午茶r光！日式抹茶幸福甜c
26586665, 7.4, 10, 饕掏不绝
26635532, 7.3, 10, 旧日滋味
25885271, 6.8, 13, 北WN神
26307508, 6.9, 11, 从餐桌到餐桌的旅行
26446742, 6.9, 11, 菜市场蔬菜图鉴
26927383, 6.4, 11, 回味北京老食光
26879375, 2.0, 13, 你今天看起来很美味
