2017-01-23 16:17:59
Tag: 自助游
The number of books: 176 

ID, rating, votes, title
2154960, 8.7, 38724, 一个陌生女人的来信
4884218, 8.8, 11317, 我的阿勒泰
4618225, 8.2, 20289, 不去会死！
4906101, 8.4, 7667, 一个人旅行2
5366278, 8.0, 11582, 走吧，张小砚
3905366, 7.8, 15862, 迟到的间隔年
6516050, 8.2, 6630, 搭车去柏林
1051440, 8.1, 3935, 在路上
2161983, 8.8, 1527, 怀斯曼生存手册
2044295, 8.3, 2750, 土耳其手绘旅行
1963229, 8.6, 1153, 东南亚
4822437, 8.7, 891, 四川和重庆
2191536, 9.1, 384, 资治通鉴-(柏杨白话版)(全九辑三十六册)(双盒装)
10566257, 8.0, 1173, 出国自助游教室
1968295, 8.3, 755, 柬埔寨
1864891, 8.7, 361, 德国
2299194, 8.2, 558, 大勇和小花的欧洲日记Ⅱ
4876949, 8.1, 553, 东搬葡萄西班牙之东一脚
5986543, 7.5, 1062, 11元的铁道旅行
2122173, 8.7, 267, 意大利
4873796, 7.7, 723, 沙发旅行
10512480, 7.6, 659, 花甲背包客
1940182, 7.7, 546, 老爸老妈去旅行
10945439, 7.5, 538, 老火车的时光慢游
1945009, 7.9, 330, 蜂蜜与尘土
1068637, 7.8, 366, 丽江的柔软时光
6425967, 8.2, 225, 贵州
4898629, 8.7, 143, 伦敦
20273449, 8.7, 123, 走遍全球
10807777, 7.5, 378, 我去!拉萨
2081705, 8.2, 179, 美国
2359268, 7.5, 342, 2009年中国自助游（全新升级）
1187494, 7.4, 366, 我把欧洲塞进背包
4238196, 8.7, 104, 西班牙
2381480, 7.7, 244, 中国古镇游
2102045, 7.5, 303, 2011中国自助游全新彩色升级版
1365978, 8.6, 106, Lonely Planet Europe On A Shoestring
1451751, 8.2, 146, Cambodia
2075774, 9.0, 72, Lonely Planet Germany
2364643, 8.7, 87, 南美洲
1186894, 7.6, 223, 100元狂走中国
3775827, 8.7, 84, 巴黎
1470213, 7.6, 217, 两个人的爱琴海
1945763, 7.7, 183, 2007全新升级中国自助游
1703959, 8.0, 131, 云南天堂
1798706, 7.5, 202, 近乎私奔
1920636, 7.3, 239, 旅行小贴士
4915825, 8.7, 69, 柏林
6905364, 7.9, 112, 自行车骑行宝典
6977224, 7.6, 136, 从法棍到米粉的越南行
2250135, 7.8, 100, 追寻梦里的中土乐园
4916062, 8.0, 81, 土耳其和伊斯坦布尔
1431137, 6.9, 240, 六感漂泊：尼泊尔零钱惊艳之旅
1442469, 7.1, 180, 明天就去尼泊尔
26641785, 7.6, 102, 路上有微光
6808157, 7.2, 148, 2013年中国自助游（全新升级第13版）
4605584, 8.4, 53, 威尼斯
2148827, 7.7, 90, 尼泊尔
4177143, 8.0, 67, 2010中国自助游
1765968, 8.0, 66, 欧洲经典游
1082413, 7.7, 81, 西藏
2005596, 6.6, 251, 滇藏星空
1485642, 7.6, 84, 搭地铁玩香港
3115690, 8.9, 32, 维也纳
1734107, 7.3, 97, 越南自助游
6311394, 7.3, 96, 独行侠65天走遍申根25国
1317589, 7.1, 116, 云南行知书
1062105, 7.7, 67, 中国自助游
2188843, 7.1, 110, 侣行天下
25766302, 7.4, 80, Lonely Planet旅行指南系列：韩国（2013年全新版）
2678354, 7.5, 73, 开始在美国自助旅行
1843227, 7.3, 87, 印度――走遍全球
1427565, 7.9, 48, 青海/藏羚羊自助旅行手册
3245979, 7.9, 48, 罗马
2054486, 8.1, 40, 意大利
25849536, 7.5, 60, 在全世界的边缘呼唤爱
26266258, 7.7, 51, 雪山乌托邦
3058854, 6.8, 115, 越南
4709261, 8.7, 26, 老挝、泰国自驾游
3572839, 7.0, 87, 行走在欧罗巴的苍穹下
26247176, 7.6, 51, Lonely Planet 孤独星球:东北（2014年版）
1154227, 7.4, 57, 乌镇的似水年华
1136602, 7.6, 48, 四川重庆行知书
25985823, 8.3, 30, 中国自助游
2081784, 8.1, 33, 台北旅[全攻略
3286054, 8.0, 34, 悉尼
5405150, 7.7, 39, 完全自游京都・奈良
2568658, 7.5, 44, 搭地铁玩香港
1957182, 7.1, 61, 中国古镇游
4605585, 7.8, 35, 旧金山
25854543, 8.2, 27, 印度七城行记
2261773, 7.6, 39, 青海全攻略
5336020, 8.1, 28, I Can旅游系列
6011165, 8.1, 27, 开始在香港自助旅行
1490293, 7.7, 34, 上海夜太High
3825088, 7.7, 34, 八条顶级线路玩转西部
1897738, 7.5, 39, 四川（走遍中国）
4240920, 7.5, 39, 香港澳门攻略完全制霸
20477044, 8.3, 23, 海外一周自助游
4127115, 8.0, 27, 你，就是冒险王
21339181, 7.3, 43, 一路东去
1885160, 8.3, 22, Once While Travelling
1400033, 7.1, 47, 带一本书去广州
1765965, 7.0, 49, 徒步・加德满都到拉萨
3794340, 7.2, 40, 我将心丢在喜玛拉雅
2009849, 6.9, 51, 北京逛街地图
1897679, 7.0, 45, 大学生旅游圣经
2154839, 8.3, 19, 有声记忆（1级部分）
6101663, 7.6, 28, 中国最美的88个特色旅游地
6313274, 6.5, 67, 情迷首尔之旅
1429908, 7.2, 33, 杭州客
1127588, 7.0, 38, 甘肃宁夏行知书
1751394, 6.8, 45, 心灵的异境
4862639, 7.5, 22, 杭州玩全攻略
4240999, 7.3, 25, 北海道5天4夜
1799600, 6.9, 33, 10000元2个月亚洲十国行
1379927, 7.7, 18, Lonely Planet Taiwan (Lonely Planet Taiwan)
10060161, 6.9, 29, 芝麻开门伊斯坦布尔
1082557, 7.7, 17, 东北
4863907, 7.5, 19, 私家上海/50+1系列
1648403, 6.9, 27, 瑞士
1488866, 7.4, 19, 美国旅游
5405142, 7.7, 16, 完全自游土耳其
5405143, 7.7, 16, 完全自游意大利
4058634, 6.2, 48, 触摸天堂的骑士
1151088, 7.5, 17, 2004中国自助游
2077466, 7.5, 17, Bad Lands (Lonely Planet) (Travel Literature)
4241005, 6.9, 25, 搭火车游欧洲
1082424, 7.6, 16, 中国公民出境旅游自助手册
2215739, 7.5, 16, 新疆全攻略
2382017, 6.8, 25, 走遍中国
1082910, 7.1, 20, 千元自助游
3212688, 7.1, 19, 大美山西
5936591, 7.3, 16, 英国玩全攻略
4063553, 7.1, 18, 骑单车玩桂林
21241289, 7.1, 18, 90元走中国
1217511, 6.8, 22, 江苏上海古镇书
2978142, 7.6, 13, 2008去北京
5997829, 7.2, 16, 中国最美的88个自然风光旅游地
1791797, 7.4, 14, Myanmar
3734752, 7.4, 14, 埃及（09-10）――走遍全球
1988783, 6.7, 21, 川滇线快乐自助游
2114184, 7.2, 15, 千元游中国
2978734, 7.3, 14, 2008中国自助游
4853196, 7.4, 13, 手绘西塘
3405790, 7.1, 15, 驴友圣经
1392737, 7.9, 10, 名镇天下
2115935, 7.9, 10, 滇西北-走出来的旅行指南
25897410, 7.3, 13, 搭地铁游东京（第2版）
5405146, 7.6, 11, 2012-2013-完全自游南法普罗旺斯蔚蓝海岸-升级版
25897415, 7.6, 11, 东京购物终极指南
10801511, 6.9, 16, 穿火车
5960118, 7.0, 15, 台湾自助游
6310936, 7.1, 14, 香港澳门旅行口袋书
1397847, 7.2, 13, 精彩龙脊
25775625, 7.2, 13, 台湾自助游
10466005, 7.7, 10, 人生必去的101个地方
4601855, 7.0, 14, 上海玩全指南
3719609, 6.4, 21, 奇迹天堂
1094034, 7.4, 11, 新疆/藏羚羊自助旅行手册
4116611, 7.4, 11, 上海自助游
10747491, 7.4, 11, 旅行的智慧
1033702, 6.7, 16, 自由自在游丽江、香格里拉（含1CD）
2219122, 7.1, 12, 走遍中国
5413274, 6.7, 15, 最南京
1820968, 7.4, 10, 江西福建行知书
6535452, 6.7, 14, 自助玩转六大洲
1173016, 7.1, 10, 安徽古镇书
6040878, 6.7, 12, 150美金玩转东南亚柬埔寨
6508760, 7.0, 10, 中国最美的88个人文旅游地
1163672, 6.9, 10, 西双版纳的温柔诱惑
4778364, 6.9, 10, 甘肃・宁夏自助游
6040879, 5.7, 21, 150美金玩转东南亚越南
10774607, 6.7, 10, 云南自助游2012-2013版
6802547, 5.7, 19, 畅游日本－悠生活.旅游大玩家
1485666, 5.5, 16, 马来西亚自助游
