2017-01-23 16:17:59
Tag: 自我完善
The number of books: 927 

ID, rating, votes, title
1775691, 8.3, 51958, 少有人走的路
2340100, 8.1, 52278, 遇见未知的自己
3609132, 8.5, 23221, 把时间当作朋友
1056295, 8.3, 18844, 人性的弱点全集
1048007, 8.2, 19076, 高效能人士的七个习惯（精华版）
4953695, 8.0, 24725, 拆掉思维里的墙
10786473, 8.2, 16686, 自控力
6709809, 8.4, 9958, 暗时间
2363651, 8.2, 13376, 十四堂人生创意课
4180711, 8.2, 11388, 拖延心理学
1045716, 8.7, 4879, 人生中不可不想的事
1286547, 8.6, 4663, 菜根谭
1504957, 8.6, 4390, 学会提问
3413836, 8.4, 5693, 当下的力量
24753751, 8.1, 8436, 向前一步
5317075, 7.2, 46335, 蔡康永的说话之道
3533221, 8.5, 4430, 非暴力沟通
3711733, 8.6, 3785, 那个姐姐教我们的事
1269900, 8.2, 6692, 活法
3558629, 8.4, 4947, 小强升职记
1115353, 8.3, 5413, 奇特的一生
10747883, 8.0, 8164, 怦然心动的人生整理魔法
5940553, 8.8, 2384, 当尼采哭泣
3266968, 7.3, 26364, 秘密
20453024, 8.6, 2938, 不要因为走得太远而忘记为什么出发
3002878, 8.7, 2328, 优势谈判
2345548, 8.2, 4389, 学习之道（第2版）
1491153, 8.7, 2206, 曾国藩家书
1161817, 8.7, 2198, 洛克菲勒留给儿子的38封信
1045862, 8.5, 2824, 第五项修炼
3800022, 8.2, 4106, 活出全新的自己
1083403, 8.0, 5427, 世界上最伟大的推销员
5916234, 7.7, 8835, 番茄工作法图解
24749465, 7.5, 12280, 断舍离
3123393, 7.6, 9172, 遇见心想事成的自己
1077129, 8.5, 2313, 一生的学习
1135734, 8.6, 1984, 追寻生命的意义
1444900, 8.6, 1872, 爱的五种语言
1020644, 8.1, 3654, 金字塔原理
10739290, 7.9, 4876, 30岁前别结婚
20507212, 8.0, 4025, 习惯的力量
26761696, 7.8, 5352, 精进
2372450, 8.6, 1635, 改变，从心开始
3035600, 8.5, 1847, 心灵的七种兵器
3622904, 7.3, 11963, 不抱怨的世界
1105890, 8.2, 2557, 生命的重建
25870384, 8.4, 1859, 你的生命有什么可能
2307720, 8.2, 2345, 幸福的方法
20270670, 8.2, 2249, 为何爱会伤人
1053174, 8.6, 1353, 你干吗在乎别人怎么想？
3644095, 7.9, 3190, 越读者
20389195, 7.4, 7250, 慢慢来，一切都来得及
3035606, 8.5, 1378, 七个心理寓言
1788302, 8.5, 1361, 重塑心灵
10773358, 8.1, 2255, 意志力
1183730, 8.4, 1513, 谈话的力量
2980795, 7.7, 4051, 内向者优势
3224456, 7.7, 3981, 少有人走的路Ⅱ
2282946, 7.8, 3392, 直面内心的恐惧
1436707, 7.6, 4639, 如何掌控自己的时间和生活
2070807, 8.5, 1231, 懂得爱
1085660, 8.0, 2294, 尽管去做
3218534, 8.1, 1919, Eat
2049781, 8.5, 1136, 世界在你心中
5913475, 8.2, 1628, 高难度谈话
6052834, 8.2, 1600, 亲密关系
4898627, 8.3, 1392, 禅者的初心
4010185, 8.0, 1997, 哪来的天才？
6966843, 7.8, 2652, 重遇未知的自己
4934733, 8.3, 1326, 真实的幸福
1004719, 8.6, 900, 谈修养
3874168, 8.1, 1652, 零极限
20475794, 8.1, 1646, 身体知道答案
2133074, 7.0, 10038, 20几岁，决定女人的一生
1984347, 8.3, 1238, Power Sleep
25783654, 7.5, 3866, 如何高效学习
4726323, 7.5, 3847, 一万小时天才理论
24083865, 7.7, 2790, 女人明白要趁早之三观易碎
22994632, 9.0, 563, 成功，动机与目标
10586741, 8.3, 1198, 关键对话
2119843, 6.9, 11337, 钝感力
23044177, 8.0, 1686, 挺住，意味着一切
4812799, 9.1, 478, 认识佛教
25858068, 7.6, 2912, 100个基本
25845203, 8.5, 879, 五岁熊孩子教我的事
3691437, 7.4, 3909, 思维导图
1100470, 7.5, 3264, 现在，发现你的优势
20389192, 7.2, 5453, 30岁前的每一天
1058229, 8.7, 668, 智慧书
3642050, 8.3, 1015, 宽恕就是爱
11601993, 8.1, 1276, 安静
4892883, 8.5, 772, 爱是一切的答案
25917140, 7.2, 4787, 不要让未来的你，讨厌现在的自己
4898535, 8.4, 841, 来一点信仰
2054246, 8.0, 1313, 你的误区
6519759, 7.5, 2683, 记事本圆梦计划
4929897, 7.8, 1707, 情商：为什么情商比智商更重要
4934590, 8.5, 713, 活出最乐观的自己
1082601, 7.6, 2166, 羊皮卷
1101447, 7.7, 1845, 不要用爱控制我
21966353, 7.7, 1811, 贫穷的本质
2113347, 8.6, 594, 卡耐基经典全集
3006742, 8.5, 638, 改变
26789567, 7.7, 1664, 如何有效阅读一本书
3582354, 8.0, 1107, 找回你的生命礼物
4165838, 8.0, 1096, 接纳不完美的自己
1019917, 8.4, 681, 杰出青少年的七个习惯
4816212, 7.4, 2475, 真希望我20几岁就知道的事
2340059, 7.6, 1807, 心理控制术
4198078, 8.4, 652, The Pomodoro Technique
1764940, 8.3, 727, 爱是一种选择
2173025, 7.5, 2055, 放下。爱
1058869, 8.9, 383, 唐浩明评点曾国藩家书（上下）
7061613, 8.5, 554, Steal Like an Artist
24878420, 7.8, 1270, 明智行动的艺术
3654465, 7.7, 1451, 少有人走的路III
26807400, 8.9, 368, 成功心理学
4254672, 7.6, 1648, 不抱怨的世界2
20480681, 7.4, 2200, 你当温柔，却有力量
3300884, 8.1, 833, 投资大师罗杰斯给宝贝女儿的12封信
1979199, 8.5, 525, 批判性思维
10545691, 8.0, 923, 好好修养爱
5336008, 8.3, 646, 瞬变
3729173, 7.5, 1774, 时间投资法
4229525, 7.4, 2052, P女王的手せ钣眯g
1021977, 8.0, 883, 思考致富
6064502, 7.9, 994, 超级快速阅读
1423818, 7.9, 990, 如何在大学里脱颖而出
3226037, 7.8, 1127, 世说心语
1000972, 8.1, 772, 一生的忠告
1879497, 8.5, 486, 新家庭如何塑造人
3696966, 8.9, 330, 踏上心灵幽径
3744041, 7.1, 3167, 晨间日记的奇迹
6807767, 8.6, 436, 拥抱你的内在小孩
4903266, 8.4, 522, 超越感觉
20434430, 8.0, 819, 你要如何衡量你的人生
25948154, 7.7, 1187, 扛得住，世界就是你的
4249313, 7.7, 1165, 活在当下
1006005, 8.5, 453, 过犹不及
26337663, 8.2, 623, 无言的宇宙
10759777, 7.9, 889, 秘密副作用
4909716, 7.5, 1504, 谁说这辈子只能这样
4630664, 7.2, 2348, 你的知识需要管理
4258808, 8.3, 537, 还我本来面目
1491590, 8.0, 750, 人性的优点
24737118, 8.0, 746, 不要等到毕业以后
6061658, 8.7, 349, 幸福超越完美
4190173, 9.1, 243, 人应该如何生活
4275052, 8.1, 646, 九型人格
4894684, 8.7, 345, 创业之初你不可不知的融资知识
2970296, 8.1, 643, 情绪的解析
24745639, 7.8, 925, 麦肯锡教我的写作武器
5906066, 8.2, 568, 请理解我
4151190, 8.2, 567, 完美的爱，不完美的关系
4062809, 8.6, 370, 改善情绪的正念疗法
1019959, 7.8, 899, 精力管理
26605978, 8.4, 439, 超越智商
6957796, 8.4, 433, 爱得太多的女人
1050510, 7.3, 1694, 六顶思考帽
6515939, 6.8, 3962, 世界如此险恶，你要内心强大
4086725, 7.3, 1637, 不持有的生活
1283295, 8.2, 506, 平衡的智慧
26362975, 8.0, 632, 藏在这世间的美好
24530336, 8.0, 626, 至关重要的关系
1775895, 8.5, 366, 心的出路
2333711, 8.8, 275, Things I have learned in my life so far
7001106, 7.4, 1354, 时间管理
1028372, 7.9, 694, 要事第一
2984241, 8.6, 327, 思维改变生活
1128313, 8.6, 326, 个人的管理
24297906, 6.7, 4441, 不畏将来 不念过去
4159343, 7.7, 881, 潜意识的力量
20493042, 7.3, 1543, 这样读书就够了
26799348, 8.5, 352, 演讲的力量
11528220, 8.1, 534, 系统之美
25660015, 6.9, 2906, 以自己喜欢的方式过一生
25712697, 7.5, 1101, 一个自己的房间
4837333, 8.2, 464, 写给大家看的设计书
25985499, 7.6, 947, 这一生，静待时光检验
1836258, 7.8, 729, 成长比成功更重要
1964884, 7.4, 1224, 为什么幸运的人总幸运倒霉的人老倒霉
26663916, 8.2, 450, 沟通圣经
1053836, 6.8, 3261, 细节决定成败
4920383, 7.4, 1209, 这辈子，只能这样吗？
26295733, 7.2, 1592, 我知道你没那么坚强
1911166, 8.3, 392, 活出自己
21359609, 8.5, 320, 高效演讲
1004325, 6.6, 4609, 致加西亚的信
3822285, 8.7, 264, 自我导向行为
26798857, 7.9, 602, 让未来现在就来
26656779, 7.4, 1140, 当你的才华还撑不起你的梦想时
26260187, 7.7, 749, 零秒思考
26581845, 7.9, 581, 拼了命，尽了兴
1263921, 7.3, 1284, 你的形象价值百万
21364188, 7.2, 1495, 书都不会读，你还想成功
1799241, 7.8, 651, 全新思维
26275063, 8.6, 277, 活得明白
1037056, 8.3, 368, 唤起心中的巨人
5360180, 8.5, 302, 说话就是生产力
2678412, 8.0, 505, 怀斯曼生存手册2
6004438, 7.5, 939, 做你自己
4330526, 8.4, 323, 幻想即现实
3815992, 6.9, 2308, 白骨精学习法
2145946, 8.4, 315, 萨提亚家庭治疗模式
26771587, 8.4, 315, 坚持，一种可以养成的习惯
21329705, 8.5, 283, 灵性开悟不是你想的那样
22233895, 7.2, 1332, 用男人的思维跟男人谈恋爱
25901703, 8.1, 416, 只有时间不会撒谎
6507262, 7.5, 853, 如何让你爱的人爱上你
3772058, 7.5, 829, 吸引力法则
3613841, 8.1, 402, 自信的秘密
2252637, 8.0, 445, 诱惑的艺术
4087655, 7.9, 494, 注意力曲线
10796954, 7.7, 625, 商业模式新生代（个人篇）
24318966, 8.4, 290, 我在哈佛的最后一堂课
1101606, 8.3, 319, 聪明人的圣经
26779688, 8.4, 289, 做出好决定
26816874, 8.5, 261, 理解未来的7个原则
26672723, 7.5, 776, 女神日常修炼手册
1319820, 7.1, 1352, 大脑使用说明书
1442238, 8.1, 369, 学习改变命运
6510688, 8.0, 407, 看见成长的自己
3078794, 8.8, 189, 智慧书
26367995, 7.7, 559, 你心柔软，却有力量
10441244, 6.8, 2097, 整理的艺术
1839608, 9.2, 134, 我就是喜欢我
1076574, 8.4, 253, 激发无限的潜力
1417377, 8.4, 248, It&#39;s Not How Good You Are
26590889, 8.3, 272, 情绪急救:应对各种日常心理伤害的策略和方法
1132712, 7.6, 585, NLP简快心理疗法
26606002, 7.8, 456, 恰如其分的自尊
26312476, 7.5, 653, 你的身体，是一切美好的开始
1004506, 8.1, 326, 就业宝典
1800637, 8.0, 362, 我的人生感悟
3352914, 7.6, 563, 知性力
1485694, 7.7, 490, 雅致生活
4169488, 7.7, 490, 思维导图系列丛书（全五册）
4075837, 6.9, 1489, 20岁跟对人  30岁做对事
6971390, 7.5, 617, 小狗钱钱2
24713564, 7.6, 543, 不要和鲨鱼接吻
20472028, 7.9, 373, 我们为何如此不安
1481148, 8.4, 225, 第五项修练
5377234, 7.6, 522, 情商2
26315075, 7.3, 770, 岛屿来信
26782094, 7.9, 362, 解决冲突的关键技巧
3852697, 7.5, 578, 少的力量
1253894, 7.1, 1003, 习惯的力量
6009051, 8.2, 264, 爱上双人舞
5325861, 6.5, 2821, 气场
24872319, 8.1, 289, 理性的非理性
24746256, 8.0, 316, 和秋叶一起学PPT
4169495, 7.5, 561, 让天赋自由
4164215, 7.7, 439, 当一切改变时，改变一切
20386246, 7.8, 390, 人生那么长，停一下又何妨
26648290, 9.0, 129, 酸痛拉筋解剖书
6098128, 7.7, 433, 简单生活的艺术
10755668, 8.6, 175, 自我观察
3513006, 7.8, 373, 失落的致富经典
26673009, 8.2, 245, 为什么你总是害怕来不及
25855770, 8.1, 269, 就因椤]rg」，才什N都能k到
1220597, 7.7, 413, 高效能人士的第八个习惯
25838364, 7.6, 453, TED演讲的秘密
5350203, 8.6, 166, 只需倾听
3312040, 8.1, 262, 谁会认错
25805198, 8.3, 214, 初学者的冥想书
2344062, 8.3, 211, 美军生存手册
22492088, 7.8, 349, 自我营销七堂课
1063057, 9.1, 110, 跟随你的心
26262143, 7.6, 438, 女人明白要趁早之米字路口问答
1445816, 8.3, 209, 不必火星撞地球
25747577, 6.9, 1141, 7天治愈拖延症
5408256, 7.1, 829, 禁足
25782643, 7.3, 625, 你若不勇敢，谁替你坚强
2343561, 8.1, 246, 演讲的艺术
5291811, 7.6, 401, 认识自己，接纳自己
25938970, 7.5, 450, 现在的泪，都是当年脑子进的水
5388015, 8.0, 258, 亲爱的詹姆斯
25902999, 7.2, 661, 永远不要找别人要安全感
3039668, 8.2, 211, 真北
3265994, 7.8, 316, 富爸爸提高你的财商
3424068, 7.6, 395, 生命的心流
6990052, 7.6, 394, 哈佛幸福课
24868861, 7.6, 394, 倾听术
10788371, 6.9, 1009, 清单革命
26293220, 7.7, 347, 像TED一样演讲
20616993, 6.6, 1614, 洗脑术
26628237, 7.5, 427, 哪有没时间这回事
6852021, 7.6, 374, 与内心的小孩对话
25783890, 8.1, 215, 素黑：爱在136.1
5390793, 9.1, 95, 艾扬格瑜伽
25733593, 8.0, 236, 沃顿商学院最实用的谈判课（原书第2版）
26590171, 7.3, 523, 做事的常识
26791113, 7.6, 360, 男人相对论
26425651, 6.3, 2675, 你只是看起来很努力
3640005, 8.5, 148, 全然接受
26220133, 7.2, 589, 把时间浪费在美好的事物上
1050762, 8.0, 230, 10秒钟让自己不同凡响
4323622, 7.5, 393, 向宇宙下订单
26342494, 7.2, 574, 美女都是狠角色
5363843, 8.1, 205, 365种改变世界的方法
25823805, 9.3, 80, 缠解论语
2132673, 9.6, 66, 宗镜录略讲（全二裕
20507391, 7.7, 302, 明天醒来，还有青春
5372542, 8.1, 200, 情感勒索
3038761, 7.4, 420, 80/20法则
26612363, 8.1, 193, 每当我找到生命的意义，它就又变了
24700106, 7.8, 259, 硅谷最受欢迎的情商课
20470494, 8.1, 192, 职场成人礼
20492902, 8.2, 175, 走出荒野
21966358, 7.8, 253, 就在你所在的地方生根开花
3425162, 7.5, 352, 你的礼仪价值百万
24738573, 6.4, 1827, 论文艺女青年如何培养女王气场
26099295, 7.6, 311, 番茄工作法图解
26733302, 7.5, 347, 自控力：和压力做朋友
3371165, 7.1, 573, 吃掉那只青蛙
1824306, 7.2, 496, 学习的艺术
19987178, 7.9, 221, 人脉是设计出来的
10757905, 8.2, 166, 卡耐基沟通的艺术与处世智慧
24298931, 7.2, 491, 专注力
4879054, 8.7, 109, 回到你心中
7001105, 7.4, 377, 毅力
20380809, 7.4, 377, 世界如此险恶，你要内心强大 2
1040096, 7.5, 333, 天生情人16种
1963831, 7.6, 296, 像希拉里那样工作-像赖斯那样成功
26438798, 7.9, 207, 从此学会隐藏悲伤
26683323, 8.3, 143, 你只是还未全力以赴
26838695, 8.3, 142, 12个工作的基本
1944988, 8.7, 103, 杰出青少年的6个决定
24699306, 6.9, 678, 整理的艺术2：时间是整理出来的
5946563, 7.5, 308, 学习要像加勒比海盗
10770543, 8.2, 152, 职场竞争力
26853123, 7.7, 246, 深阅读
26740257, 8.0, 182, 内在革命：一本关于成长的书
1225971, 7.4, 338, 谁在操纵你？
5260073, 8.1, 163, 最简单的方式
10731681, 7.2, 432, 六度人脉
1823970, 7.7, 240, 思考的力量
3115238, 7.8, 216, 如何听如何说
6110455, 7.9, 195, 唤醒心中的巨人
5337240, 7.0, 557, 20岁定好位，30岁有地位
6072833, 7.9, 194, 一个人的环球航海
4737260, 8.2, 147, 卡耐基口才的艺术与人际关系
2981084, 7.5, 287, 吸引力法则
20501718, 8.4, 121, 一的力量
5395289, 7.2, 409, 找回迷失的自己
24738953, 7.1, 462, 疯狂的简洁
26591077, 8.1, 153, 销售就是要玩转情商：99%的人都不知道的销售软技巧
25750684, 7.9, 182, 坚强工作，温柔生活
3254065, 7.7, 219, 女人，学会舍得
4239413, 7.4, 304, 女人的成熟比成功更重要
26005654, 9.0, 74, 我在史铁生
7154681, 7.3, 336, 攻心话术
3175541, 7.7, 210, 信任的速度
1964207, 7.5, 260, 社交商
6011081, 6.9, 550, 冥想5分钟，等于熟睡一小时
3188381, 7.5, 257, 绅士的准则
1034872, 7.8, 187, 给你自己一分钟
26774616, 8.6, 94, 你就是答案（情怀版）
3115378, 7.6, 229, NLP自我重塑计划-21天塑造全新自我
4703163, 8.3, 118, 立足当下
4852100, 9.5, 52, 认识辩论
20452425, 7.3, 317, 自爱，无须等待
10546097, 8.4, 107, 陪伴生命
1002718, 8.0, 150, 做自己想做的人
24531573, 7.1, 395, 自制力
25830853, 7.3, 305, 如何把事情做到最好
3296364, 8.4, 104, Zen To Done
25795261, 8.8, 76, 泰戈尔经典诗选:生如夏花
26546692, 8.2, 118, 安然于行的幸福
6126966, 8.9, 70, 在世界的爱心之中
6019667, 7.5, 228, 选择的艺术
2348568, 7.6, 204, 二三毛――三毛传记
25727354, 8.8, 74, 语言的力量
6810303, 7.2, 320, 终结拖延症
1430503, 8.0, 138, 管理者情商
25941678, 6.8, 543, 他爱的是玫瑰，而你是蔷薇
26318926, 8.0, 137, 教养的关系花园
25857495, 7.6, 201, 未来不迎 过往不恋
26730678, 7.9, 149, 我不过无比正确的生活
25788663, 8.7, 78, 深圳自然笔记
2035616, 8.1, 124, 画出你心中的艺术家
1524751, 7.9, 147, 投资正途
25717086, 8.2, 113, 把最好的自己留在最好的是时光里
10740449, 8.2, 112, 关键冲突
20381326, 9.3, 52, 人生转轨处
3625117, 7.8, 159, 玫琳凯谈人的管理
1102490, 7.9, 143, 卡耐基成功之道全书
26657426, 8.5, 86, 高效能人士的7个习惯（人际关系篇）
1044846, 7.9, 140, 关键点
2021169, 7.7, 169, 公关礼仪-金正昆教你学礼仪
2159137, 6.9, 423, 我的哈佛日记
5259532, 7.4, 227, 把时间留给最重要的事
26828557, 8.0, 125, 从行动开始
26183300, 6.9, 410, 跟法国女人学雅致
1491592, 7.8, 146, 卡耐基演讲与口才
3733323, 8.3, 95, 重塑心灵
26423164, 7.0, 354, 如果没有你
2703290, 7.2, 275, 情绪管理
26359398, 7.1, 310, 你要好好爱自己
2216459, 8.3, 94, 冰鉴精解详注
1799920, 9.1, 54, 你值得成为最优秀的
26650151, 7.3, 239, 谁说咸鱼没有梦想
25985811, 7.9, 130, 非暴力沟通实践篇
25808939, 7.4, 212, 一个不会离开的男人
6966337, 7.8, 141, 卡耐基魅力口才与演讲的艺术
4254789, 7.5, 188, 计较，是贫穷的开始
26289139, 7.4, 208, 你远比想象中强大
25925226, 8.5, 77, 强势
1083989, 7.3, 228, 吃掉那只青蛙
24708172, 7.4, 204, 自控力2
1318190, 7.3, 227, 超常思维的力量
20172592, 8.2, 96, 40堂哲学公开课
1884743, 7.0, 324, 自控力
1462831, 7.1, 285, 你在为谁读书
2296845, 6.9, 363, 专注力
1176678, 8.4, 80, 你害怕什么？
20493285, 7.9, 119, 只想静下来
23155726, 7.3, 216, 淡定的女人最优雅
1160252, 8.4, 79, 玫琳凯自传
3450920, 8.1, 99, 愤怒，爱的另一面
25693207, 8.1, 99, 婚姻心理学:婚姻是最好的修行
24524405, 6.4, 724, Evernote超效率数字笔记术
4157182, 7.2, 236, 佐伯千津的美容课
26902288, 9.3, 43, 人生没有白走的路，每一步都算数
3167940, 8.5, 71, 意大利语语法精讲精练
26681616, 7.8, 124, 在人生拐角处
10539356, 8.1, 95, 我体验真理的故事
3623967, 8.3, 81, 麦肯锡管理必读
1025558, 8.4, 75, 卡耐基口才训练教程
26838147, 8.8, 57, 给创业小白的财报书
2124011, 8.1, 94, 化解内心的冲突
2147625, 6.4, 676, 硅谷禁书
25750787, 8.9, 53, 女人就是要有气质
26849603, 8.4, 74, 选择你所能承受的那条路
20445340, 6.6, 488, 16型人格的自我修炼
26616655, 8.0, 100, 跑步指南
10734347, 9.4, 39, 《子女心
26844372, 8.0, 99, 你充满电了吗？
26292727, 7.7, 129, 就当一次路过
26882462, 6.7, 410, 你从未真正拼过
25905338, 7.7, 128, 太极跑
11516429, 7.5, 155, 只要会呼吸.就能做冥想
10726537, 8.2, 83, 魏斯曼演讲圣经3
1169194, 8.1, 88, 成功法则全书
4987746, 8.6, 60, 达・芬奇的灵感
1009069, 8.3, 74, 成功没有逻辑
4894608, 8.0, 93, 阴影，属于你的生命礼物
26062132, 8.0, 93, 转机
26236894, 8.0, 93, 二十几岁决定你的人生主题
2246943, 8.9, 49, 世界伟人成功秘诀之分析
26272287, 8.0, 92, 龙永图 白岩松：中国，再启动
25712581, 7.0, 246, 整理的艺术3：创意是整理出来的
26827314, 7.7, 117, 逆向管理
5250535, 8.3, 71, 羊皮卷全集
3348174, 7.7, 116, 易经与人生
1080019, 8.1, 82, 生命中最重要的
1941246, 7.5, 139, 追求卓越
4901601, 6.8, 309, 人脉手环
1079915, 8.1, 81, 品格的力量
5405128, 7.6, 124, 生命的重建
4232132, 8.9, 46, 博恩・崔西销售圣经
1170013, 8.0, 86, 人际关系与沟通
10776289, 7.2, 178, 当世界无法改变时改变自己
26628012, 7.4, 144, 人生总会有办法
1032870, 8.4, 62, 集中精力做重要的事
2070125, 7.5, 129, 不露怯!举止的优雅
4081942, 7.4, 142, 最牛的时代 最牛的人
1849893, 7.5, 128, 我生命中的书
2256879, 8.1, 76, 
1156891, 7.7, 106, 改变千万人生的一堂课
3160775, 8.0, 82, 第六感决定你的一生
26588857, 8.3, 64, 活着・蜕变
25881693, 7.7, 103, 少有人走的路3
2252638, 7.9, 86, 道歉的五种语言
26699117, 8.5, 55, 自律力
5422877, 6.8, 268, 优雅是女人最美的外衣
4092572, 7.4, 134, 厚黑学大全集
1928294, 8.9, 42, 语文素养高级读本
26673118, 8.6, 50, 扶桑
26752847, 7.4, 130, 整理情绪的力量
10607680, 8.3, 61, 亲密关系的重建
3065523, 7.6, 107, 高考状元的屠龙宝刀
25870402, 7.0, 198, 整理的艺术4：升职从整理开始
2116909, 7.3, 142, 对答如流
5373553, 6.7, 286, 淡定的力量
1891590, 7.3, 141, 生活尉褪窍硎
10770914, 7.6, 105, 6个问题竟能说服各种人
2240394, 7.0, 194, 吸引力法则
26415836, 7.2, 152, 半年前的食物塑造了今天的你
10560041, 7.8, 86, 社会不教，精英不讲，坎儿还得自己过
3183403, 8.7, 45, Personal Development for Smart People
25769201, 6.6, 316, 你体内的囤积欲
10354579, 8.0, 72, 记忆魔法师
25857539, 7.7, 91, 向自己最想要的青春，一路狂奔
1014993, 8.4, 53, 像达?芬奇那样思考
10617559, 7.7, 90, 刘墉超强说话术
26416036, 7.4, 118, 你不必逞强，时间会为你疗伤
25923177, 7.0, 179, 你有权以自己的方式长大
1396395, 6.8, 225, 美化你的声音
25717087, 8.0, 69, 欲念:为什么我们管不住自己
5920824, 5.9, 943, 气场修习术
26612291, 8.9, 38, 看，我怀孕了！
1418379, 9.1, 34, 未知的相（斯）一、二卷
20434431, 7.0, 176, 斯坦福大学最受欢迎的创意课
2372127, 7.7, 86, 最权威商务礼仪课
3608370, 7.1, 153, 读人
1315560, 7.3, 124, 意志力训练手册
1393213, 7.4, 112, 终极突破
4169370, 8.5, 47, 般若禅
24834723, 7.9, 72, 做更自信的自己
24264880, 6.8, 215, 要么读书，要么旅行，身体和灵魂总有一个在路上
23752241, 8.3, 53, 自体的重建
1888049, 8.2, 56, 深度生存
10757907, 8.2, 56, 别说你懂心理学
26586159, 8.2, 56, 美丽是心底的明媚
1868555, 8.8, 38, 阻力最小之路
3841169, 7.2, 131, 优雅是一种选择
5291132, 6.8, 206, 生活简单就是享受
26260107, 7.7, 81, 梦想开花前 没有人知道它是什么
20394641, 6.7, 230, 做内心强大的女人
26637546, 7.2, 128, 晚安，我亲爱的孤独
25692392, 7.4, 105, 唯爱与梦想不可辜负
26880838, 8.6, 42, 钱包君，是时候该醒醒了啊！
4209407, 7.2, 127, 专注的惊人力量
6800010, 7.8, 73, 爱与被爱的艺术
26140526, 6.2, 466, 你值得拥有最好的一切
6875298, 7.6, 86, 把信送给加西亚全集
3740354, 8.0, 62, 积极人生的十种力量
4199327, 7.5, 92, 心灵的宁静
25693194, 6.7, 217, 你原本无须这么辛苦
2383735, 8.8, 36, How We Know What Isn&#39;t So
26132615, 8.3, 49, 寻找遗失的美好
2238712, 8.2, 52, 成功长青
5417346, 7.7, 76, 付出的力量
1312914, 8.0, 60, 目标
6386081, 7.3, 109, 呆伯特职场定律1
26803092, 8.1, 55, 我烦死跑步了，我爱死跑步了！
26866061, 8.7, 37, 让孩子不恐惧、不焦虑、不拖延
11633372, 7.2, 117, 给工薪族的第一本理财启蒙书
26601771, 8.9, 33, 亚马逊森林的故事
2054252, 7.9, 63, 灵感
10550568, 7.9, 63, 生命的重建
1033902, 7.8, 68, 学会站着睡觉 
26298236, 7.0, 141, 只有500强知道
25843915, 7.7, 72, 爱是勇者的游戏
26286458, 7.6, 78, “懒人”统治世界
4811880, 8.4, 43, 不再一样
6007305, 8.6, 38, 愤怒之舞
3186236, 8.1, 52, 快乐人生7步骤
25750788, 8.1, 52, 民国红颜
1963640, 7.4, 89, 不失礼！送礼的学问
25870811, 7.8, 63, 香奈儿
6123712, 7.6, 74, 垃圾车法则
3038674, 8.2, 47, 视觉艺术史
26080891, 8.0, 54, 生活即是行动
2688140, 8.0, 53, 我的第一本祈祷书
2228271, 7.9, 57, 职场小黑书
4736432, 7.4, 86, 羞涩与社交焦虑
26852890, 8.5, 38, 吸引力是这样炼成的
1073020, 8.2, 46, 让生命超越平凡
3265821, 8.3, 43, 演讲红宝书
4266017, 7.8, 61, 梦想的10道必考题
5276790, 8.4, 40, 成为你自己
24741417, 7.5, 77, 不要吵醒青春的悲伤
2099620, 8.0, 51, 如何成为尖子生
1292413, 8.2, 44, 自我评估:爱自己才能更好地与人相处
21346248, 7.2, 98, 遗失的智慧
25762853, 6.8, 150, 我情愿跳舞
3086444, 7.7, 63, 改变自己
26421344, 7.7, 63, 真爱并非运气，被爱是种实力
10764538, 6.4, 249, 趁着单身，去做那些事儿
10808911, 7.0, 118, 在北欧遇见理想的生活与设计
2153776, 6.5, 214, 海马记忆训练
1393651, 8.3, 40, 积极思考就是力量
24881104, 6.4, 240, 像间谍一样思考
26853577, 8.0, 48, 胡作非为：人性之本与金融暴行
3036145, 8.3, 39, 全力以赴－让进取战胜迷惘
26687654, 8.3, 39, 童话里的世界
4050713, 7.8, 55, 心学之思
26911425, 7.8, 55, 练习的心态
1879593, 7.4, 76, 美丽英文
6519700, 7.1, 100, 不减20斤就别说你瘦了
1454360, 7.5, 69, 全脑优势
6958231, 8.2, 41, 星云禅语
20282795, 6.6, 174, 史上最简单的问题解决手册
1277867, 7.2, 90, 把自己激励成超人(陈安之人才法则)
2977447, 6.9, 122, 24小时改变你的一生
26611854, 7.7, 58, 咸咸海的味
1949993, 6.5, 195, 有感觉，还是没感觉？
3425957, 8.7, 30, 奥黛丽赫本
6127102, 6.7, 151, 爱是一种修行
1031438, 8.1, 43, 理智胜过情感
1040484, 8.2, 40, 创建你的未来
5483229, 9.4, 21, The Big Book of Endurance Training and Racing
1019110, 8.4, 35, 力量原则
2182436, 7.2, 86, 感谢折磨你的人全集
3008476, 7.2, 86, 付出
2069284, 7.7, 56, 人生试金石-人生三书之二
26252909, 6.7, 146, 人生困境整理术
3165280, 7.9, 48, 泥板书
6827450, 7.9, 48, 追随内心
1102459, 8.2, 39, 寻找你的北极星
2310446, 6.7, 144, 现在，发现你的职业优势
25712472, 7.0, 103, 对自己狠一点，离成功近一点
6059337, 7.7, 55, 富爸爸财务自由心灵富足
10747363, 6.6, 161, 我最受用的理财书
4090735, 7.2, 84, 握紧双手，里面什么都没有
25795260, 7.3, 76, 聪明投资者的第一本金融学常识书
25887109, 7.2, 83, 活着你就得有种
7361316, 8.6, 30, 心力
26592112, 6.3, 230, 这世界，缺你不可
6886043, 8.5, 31, 生命的重建
6013416, 8.0, 42, 男人要W郏女人要超越
2022791, 8.6, 29, 怎样嫁个好老公
1174496, 6.6, 147, 时间管理
2005518, 7.0, 94, 压力管理
11511934, 7.5, 59, 逆D郏∪毡臼紫秃现J教你嬴回前男友！
20645166, 7.6, 54, 写给我的生活的信
10454211, 8.6, 28, 简快身心积极疗法（上）
26647330, 7.1, 82, 从三分钟热度到一万个小时
26357104, 8.4, 31, 挑战拖延症
26755862, 7.4, 62, 谁不曾浑身是伤，谁不曾彷徨迷惘
11607990, 8.1, 37, 潜意识与人格
4713517, 7.6, 52, 超越自己
4736984, 8.0, 39, 赶走你的抑郁
5419764, 7.0, 88, 信念力
25983893, 8.6, 27, 瑜伽?生活禅
25918528, 7.2, 72, 你该懂些世故再老呀
2322665, 8.1, 36, 心理月刊2007年8月
26873915, 8.1, 36, 这个世界很美好，值得我们去奋斗
3741895, 7.4, 60, 九型人格销售经
2678608, 6.9, 95, 秘密
26735206, 9.3, 19, 亲密伴侣
26640106, 7.7, 47, 生活要有暖和光
1169750, 8.0, 38, 你，有限公司
7163493, 7.0, 85, 执行力是训练出来的
1173461, 7.6, 50, 平行思维
1603283, 8.2, 33, 旅行，重新打造自己
1666757, 7.2, 69, 我一定要
6845717, 6.9, 92, 我是谁
3069998, 7.0, 82, 博恩・崔西完美飞行
24870212, 7.9, 38, 微游记
20389199, 7.1, 71, 每周健身4小时
1784677, 8.2, 31, 催眠天书(Ⅰ)(Ⅱ)
6116278, 7.8, 40, 锻炼“地头力”
26337890, 8.5, 26, 去，过你想要的人生
2116259, 8.3, 29, 自我管理与发展智能
4838259, 8.3, 29, 赢在辩论
2281123, 7.5, 49, 思路决定出路
1002011, 7.4, 53, 谁是最美的女人
3354023, 7.8, 39, 哲思录
3169656, 7.5, 48, 成功自我管理的29个工具
23134214, 7.5, 48, 别说你能讲好PPT
1042825, 7.9, 36, 怎样训练你自己
21668070, 7.9, 36, 停止忧虑，你的人生可以改变
26848174, 7.4, 51, 想开一个店：有胆有脑
4291226, 8.0, 33, 真爱无惧
3650753, 7.9, 35, MEN ARE FROM MARS WOMEN ARE FROM VENUS
2026193, 7.6, 43, 感受清华-一部写给中国青少年的励志经典
3900509, 8.8, 21, 百年人生（上.下）
3241610, 7.1, 64, 女人的魔法书
1740724, 7.5, 45, 知道更要做到
2046384, 7.5, 45, 不生病的活法
26426124, 6.6, 103, 像爱奢侈品一样爱自己
26742839, 7.8, 36, 每晚睡前原谅所有的人和事
24696936, 8.4, 25, 随处自在
25957032, 7.6, 41, The Organized Mind
3901810, 7.2, 56, 应该这样表达你自己
25762423, 7.1, 61, 会理财的女人最幸福
26913983, 8.6, 22, 舌功学
2674082, 7.0, 66, 阅读致富
2378424, 7.1, 59, 冥想1001
4898433, 8.0, 30, 幸福女神
4905883, 8.0, 30, 30q前一定要搞懂的自己
24758501, 6.9, 70, 世界上最伟大的女销售员
6523710, 7.5, 42, 恋爱蛀牙 必须自拔
25843205, 7.3, 49, 正能量:做个内心强大的女人
21751337, 6.3, 136, 优雅的力量
19986215, 7.6, 38, 成功自我管理的29个工具
1071941, 8.5, 22, 怎样适应生活
6810580, 7.4, 44, 卡耐基写给女人的一生幸福书
3229599, 8.0, 29, 生活的准则
6728909, 8.0, 29, 淡定的智慧
1901714, 7.7, 35, 生存游戏
2060496, 7.7, 35, 销售红宝书
3462745, 7.2, 51, 快乐从心出发
4251254, 7.1, 55, 说服心理学
6524356, 6.0, 189, 人脉
5379108, 8.0, 28, 不纠结的世界
5265271, 6.1, 159, 一本书读懂投资理财学
1085409, 5.6, 360, 上下班路上能做的95件事
1218864, 7.4, 41, EQ情商
20383695, 6.7, 76, 有“岩”在先
25808063, 7.5, 38, 在痛苦世界中寻找
3302940, 6.6, 84, 8小时+
1732741, 8.0, 27, 感悟人生全集
26579576, 8.2, 24, 哈佛双赢谈判课
26665637, 5.8, 241, 愿你成为最好的女子
2331251, 7.3, 43, 量子飞跃
4238179, 8.1, 25, 欢迎你的危机
6960540, 8.1, 25, 情商魔法训练营
1808517, 7.6, 34, 有效的时间管理
26381771, 6.9, 59, 和喜欢的一切在一起
1910697, 8.3, 22, 孙维刚谈立志成才
10607715, 7.5, 36, 一图胜千言
2004369, 6.4, 98, 跟法国女人学优雅
25817521, 7.6, 33, 品味入门
25811495, 7.0, 52, 为什么我们总缺钱
1765361, 7.5, 35, A Guide to Elegance
5908575, 5.7, 255, 气场的秘密
1281940, 7.6, 32, 时间舵手
26735516, 8.5, 19, 两个人的孤独：暖心经典手绘本
6123752, 7.8, 28, 幸福的秘密
4916239, 6.7, 67, 内向者de优势
6797583, 8.3, 21, 伯爵家书
10548076, 7.0, 50, 气场
25810727, 7.0, 50, 拉开差距，你只需要知道一件事
1443015, 8.1, 23, 成功原理
1083274, 6.9, 54, 情商与影响力
3177963, 6.7, 65, 硅谷禁书4
3553579, 6.5, 80, 九型人格
1895447, 7.1, 45, 如何提问
1289006, 7.7, 29, 中国人形象规律教程
10517040, 8.0, 24, 英雄之旅
5263019, 6.8, 58, 瞬间搞定对方的谈话术
5918587, 6.0, 144, 气场为王
4261888, 8.2, 21, 基本化妆术
3266068, 7.0, 45, 硅谷禁书5
6308646, 6.4, 80, 你好，优雅
25909438, 8.0, 22, 人文精神的哲学思考
6981460, 7.6, 28, 职场形象设计手册
1261575, 7.9, 23, 成熟法则
4247536, 6.5, 68, 李开复：其实没有什么天才
19967243, 5.9, 143, 我想我已活到了一个尴尬的年龄
10602172, 7.2, 36, 心智模式决定你的一生
25908124, 7.5, 29, 心理自愈术
1958547, 8.2, 19, How to get things done
26311968, 7.1, 38, 这些年，我吃的都是不懂拒绝的亏
3776783, 6.8, 48, 跟富爸爸说再见
2040936, 7.2, 34, 优势思考
26649854, 8.1, 19, 内在的重生
25858912, 7.0, 39, 逻辑思考的艺术
3374610, 7.9, 21, 每日皆奇迹
3744606, 7.2, 33, 自由的心：强迫症自助治疗（鹿鸣心理）（心理自助系列）
1255655, 6.3, 75, 超级记忆力训练
1060514, 7.8, 22, 欺骗心理术
1977644, 7.8, 22, The Seven Habits of Highly Effective People
2174051, 7.4, 28, 《太vs.上N鋈占星》
25965804, 7.4, 28, 有赓|
1087745, 7.3, 30, 决定一生的八种能力
4870061, 7.3, 30, 舍与得的人生经营课
25911995, 7.2, 32, 别让小情绪害了你
24695909, 6.6, 53, 内衣“外穿”主义
3874518, 6.2, 81, 早上10点之前完成工作
1809804, 6.9, 40, 熊法则
4200632, 7.1, 34, 人见人爱96计
6041420, 5.5, 222, FBI读心术
26567235, 8.0, 19, 退一步并不难
1045395, 7.4, 27, 是或不
4247589, 6.7, 46, 你在为谁读书2
26259596, 6.7, 46, 用互联网思维工作
1690723, 6.6, 50, 王永庆全传
25816398, 6.2, 75, 魔鬼逻辑学
2365120, 7.4, 26, 世界上最神奇的心理课
25955334, 7.4, 26, 倦怠心理学：摆脱充满无力感的生活
26677127, 6.2, 74, 怪诞行为学（3）
1416184, 8.0, 18, 世界上最伟大的励志书
3056117, 7.5, 24, 秘密II
3691384, 7.8, 20, 郁离子
7916377, 7.8, 20, 当企业家遇上禅
7564212, 6.6, 48, 我最想学的说话技巧
13220926, 6.0, 93, 哈佛气质课
2302607, 6.8, 40, If I&#39;m So Wonderful
5340551, 6.9, 36, 男人绅士 女子优雅
1040441, 6.1, 79, 世界上到处都是有才华的穷人
4274053, 6.1, 78, 30岁之后.用钱赚钱
26281156, 7.2, 28, 海豹突击队
1955272, 7.1, 30, 冲突管理-有效化解冲突的10大智慧
25921381, 7.8, 19, The Marshmallow Test
25779059, 7.7, 20, 别怕！在外企说英语其实很简单
26356465, 7.6, 21, 我不能让每个人都喜欢
3345198, 7.1, 29, 会说话的女人有人爱
26272157, 7.3, 25, 卡耐基说话技巧与人际交往
1488954, 6.3, 58, 一纸式人生规划
4187681, 6.6, 43, 轻熟女幸福一生的72条军规
2009458, 6.8, 36, 人品
25867782, 6.8, 36, 拒绝力:别让不好意思害了你
26021827, 6.4, 51, 让自己拥有别人拿不走的东西
1042026, 7.1, 28, 积极思考的力量
5985839, 7.8, 18, 幸福感
3115561, 7.0, 30, 绝对自信
6049919, 6.8, 35, 卡耐基写给女人一生幸福的忠告全集
25928908, 7.6, 20, 富人是如何思考的
24531572, 6.8, 34, 能量场
22852067, 7.0, 29, 卡耐基魅力口才与说话技巧
25862437, 7.0, 29, 淡定:成就内心强大的自己(增补修订升级版)
2080040, 8.4, 13, 心底的希望
3633390, 6.6, 40, 你不可不知的80个心理定律
26581724, 7.3, 23, 解决问题的简明经济学
6990212, 6.8, 33, 人生目标清单
1079081, 7.7, 18, 培养杰出青少年7个习惯的方法
26685599, 7.7, 18, 自由・修行・幸福
26423388, 5.8, 94, 世界癫狂，我心优雅
26005625, 7.5, 20, 上班路上的沟通进修课
6722065, 7.0, 27, 断食瑜伽
1490687, 6.9, 29, 重建自我
10426394, 6.9, 29, 女性的选择
19957769, 7.1, 25, 赞美的艺术
6862360, 6.6, 37, 自助成名
25762100, 5.9, 77, 哈佛凌晨两点半
10564464, 6.1, 60, 全方位了解别人到底怎么看你
26425763, 7.2, 23, 自然法则
26743973, 7.5, 19, Smarter Faster Better
24876761, 6.3, 48, 一生记不住一张脸
5417392, 7.8, 16, 你的借口
26661689, 7.4, 20, 创客时代
1879845, 6.8, 30, 从女孩到女人
25717092, 6.8, 30, 嫁对人的秘密：57只狐狸小姐的爱情箴言
11620528, 8.2, 13, 与指导灵沟通
10734902, 8.0, 14, 你爱自己吗
1002033, 6.8, 29, 成为你想成为的人
3923359, 5.8, 80, 20堂神奇的专注力训练课
26594437, 7.6, 17, 好人是怎样得到好报的
1267132, 7.4, 19, 成功的策略
1505785, 5.9, 68, 责任胜于能力
6023940, 6.6, 33, 心灵磁场的秘密
25908121, 6.9, 25, 哪里有报怨哪里就有机会
20501759, 7.4, 18, 美丽橙长
25428918, 7.6, 16, 31天知道这辈子怎么活
26577346, 7.3, 19, 小天堂
1359273, 8.0, 13, 亲密
3061663, 8.0, 13, 真正的成功
1988902, 6.5, 34, 黄金心态
10550580, 6.5, 34, 专注力训练术
3335657, 7.7, 15, 曾国藩家书精选
26323467, 7.7, 15, 我已经够好了
4810041, 7.2, 20, 成交高于一切
6520581, 7.1, 21, 每句话都有力量
6827449, 6.6, 30, 选择
1154985, 7.4, 17, 积极思考的力量
26595726, 7.5, 16, 嘿，小伙子，你要当爸爸了！
2206631, 7.9, 13, 人性与自我修养
1662940, 6.7, 27, 要你成功:世界华人成功学第一人陈安之(VCD)
1118925, 6.8, 24, 当众讲话的艺术
1264151, 6.5, 30, 一生只做一件事
1245610, 7.3, 17, 积极性格图解
26318322, 7.4, 16, 心静了世界就静了
1251905, 7.2, 18, 心智的力量
1895431, 6.1, 43, NLP入门
1132624, 7.5, 15, 商业计划书写作指南
1035366, 6.3, 35, 不再拖拉
3613989, 7.9, 12, 赢者的心态
25691550, 7.9, 12, 放手管理
7057416, 6.6, 26, 记忆王子教你轻松记
25985657, 6.6, 26, 别让成功卡在说话上
10537772, 7.7, 13, 摆脱桎梏
25811942, 7.7, 13, 别再为小事抓狂：青春篇
2972125, 7.3, 16, 玛莎原则
26579547, 6.3, 33, 姑娘，这才是真实的世界
25867786, 7.4, 15, 你当懂得
26309546, 6.2, 36, 美人的底气
3919663, 7.0, 19, 世界品牌故事
3822522, 7.5, 14, 好人，你可以不吃
24887194, 7.8, 12, 如何生存的非生存能力
5313555, 6.3, 31, 二十几岁，别把世界看错了
21966349, 7.2, 16, 你认识谁并不重要
25734596, 7.0, 18, 梦的心理学
1065599, 7.3, 15, 穷人与富人的距离0.05厘米
10344292, 7.3, 15, 像画家一样思考
26360738, 7.5, 13, Project 30
6068539, 7.2, 15, 别说你懂商业计划书
26772254, 7.2, 15, 帕慕克们怎样读书
2889172, 7.3, 14, How to Stop Worrying and Start Living
5250848, 7.3, 14, 高等写作思维训练教程
26318321, 6.8, 19, 优雅女人的气质修养与社交礼仪
26435057, 6.8, 19, 别让坏脾气毁了你
25777373, 4.6, 383, 哈佛凌晨四点半（升级版）
1311955, 7.7, 11, 乙肝日记
3124913, 7.7, 11, Make Every Man Want You
1291784, 7.5, 12, 终生的财富
6875324, 7.5, 12, 唤醒敬畏
26378000, 5.8, 43, 超级聊天学
1061139, 7.2, 14, 命好不如习惯好
4130197, 7.2, 14, 玫琳*凯 你能拥有一切
19976726, 7.3, 13, 成为百万美元演讲师
25929520, 7.3, 13, 优雅的女人最有气质
1925467, 7.6, 11, 卡耐基社交的艺术全集
10442794, 7.6, 11, 人际冲突
10738925, 6.4, 23, 乐嘉的处世之道
2281361, 6.7, 18, 高调做事低调做人方法全集
1128963, 7.2, 13, 谁偷了你的信任与自信
26701758, 5.9, 34, 鲨鱼经济学
25956698, 7.5, 11, 优势领导力
1805024, 7.1, 13, 发现并发挥你的优势
25762557, 7.1, 13, 点金时刻
5414646, 7.6, 10, 晋升力-职场提升的五项核心秘诀
25773159, 6.7, 16, 思维太极
1059965, 6.9, 14, 发挥你的潜能
26346433, 6.9, 14, 实用文案与活动策划撰写技巧及实例全书
6404003, 7.5, 10, 学问
25934325, 7.3, 11, 小艾上班记6
26435058, 6.6, 16, 提问的艺术
26606725, 6.6, 16, 在不安的世界里，给自己安全感
5398831, 6.5, 17, 二十几岁要懂得的社交礼仪
3507427, 6.7, 14, 像经营公司一样经营自己
26702852, 6.7, 14, 性格心理学
1280210, 7.3, 10, 犹太人经商羊皮卷
1505021, 7.3, 10, 这样学习最轻松
4192304, 7.3, 10, 哈佛校训的24个启示
6380163, 7.3, 10, 如何说别人才会听，怎么听别人才肯说
1733537, 7.1, 11, 最富是潮商
3115973, 6.8, 13, 如何高效率地工作和生活
10429643, 5.8, 28, 越爱越明白
10748934, 5.5, 38, 嫁人王道
26906726, 5.3, 49, 极简力
2041358, 6.7, 13, 羞怯的10种简明应对方式
3521585, 6.7, 13, 如何成为室内设计师
25772645, 7.1, 10, 因为爱情
6528758, 6.9, 11, 做人当有大格局
26590014, 6.9, 11, 让未来的你，喜欢现在拼命的自己
3924439, 6.8, 11, 穷人与富人的距离只有0.01mm
25850253, 5.8, 22, Thrive
10862082, 6.9, 10, 做天下最酷的生意
26728653, 5.8, 20, 恰到好处的孤独
5446393, 6.5, 11, 活在当下的力量
6938515, 6.1, 13, 临场发挥的技术
6389788, 0.0, 418, 职场救赎
