2017-01-23 16:17:59
Tag: 自我分析
The number of books: 46 

ID, rating, votes, title
1775691, 8.3, 51958, 少有人走的路
24380577, 9.2, 10034, 平凡的世界
2340100, 8.1, 52278, 遇见未知的自己
4011670, 8.3, 33469, 人间失格
1865089, 8.4, 19159, 瓦尔登湖
1322025, 8.8, 8110, 卓有成效的管理者
4180711, 8.2, 11388, 拖延心理学
1201821, 8.0, 10520, 梦的解析
1079252, 8.2, 6842, 爱情笔记
3002878, 8.7, 2328, 优势谈判
4741216, 7.3, 21635, 我的奋斗
24749465, 7.5, 12280, 断舍离
1859649, 8.1, 3980, 生命的不可思议
2376506, 8.8, 1487, 生命的轨迹
26761696, 7.8, 5352, 精进
1316093, 8.3, 1808, 超越自卑
1051097, 8.7, 1099, 我们时代的神经症人格
4934733, 8.3, 1326, 真实的幸福
1445558, 8.8, 550, 物种起源
2054246, 8.0, 1313, 你的误区
2340059, 7.6, 1807, 心理控制术
3016336, 8.5, 572, 我们为什么不说话
2893591, 8.5, 520, King
1292428, 8.6, 441, 神经症与人的成长
1257434, 7.9, 695, 马斯洛人本哲学
1315575, 8.3, 418, 找寻逝去的自我
1053711, 8.4, 302, 自我分析
1316723, 8.4, 296, 日常生活的精神病理学
3196067, 8.4, 292, 我本砻婺
2265354, 9.3, 118, 神经症与人的成长
1911655, 8.4, 175, 无辜的挣扎
1395497, 8.4, 140, Mind Hacks
2193673, 7.9, 195, 心理和脑
3683002, 8.4, 85, 生物心理学漫画笔记
4100363, 8.6, 67, 人类和动物的表情
2041429, 8.9, 54, 注意缺陷障碍
10537773, 7.7, 120, 良知泯灭
1228284, 7.7, 112, 别太苛求
3168668, 8.0, 86, 儒家修身九讲
6068004, 8.9, 33, 心理结构与心理动力学-荣格文集（第四卷）
11604607, 7.5, 69, 自我分析纲要
6101309, 7.8, 45, 马斯洛谈自我超越
1054775, 7.7, 44, 由此，踏上成功之路
6516326, 7.3, 34, 分心也有好婚姻
1140662, 7.2, 13, 找准自己的位置
1310069, 7.1, 12, 自我分析
