2017-01-23 16:17:59
Tag: 自然
The number of books: 874 

ID, rating, votes, title
4187411, 8.8, 14422, 万物有灵且美
4884218, 8.8, 11317, 我的阿勒泰
10522856, 9.0, 7156, 冬牧场
4714015, 9.0, 4136, 万物既伟大又渺小
1017563, 8.7, 5595, 我的野生动物朋友
10439064, 9.0, 3406, 发现之旅
4882023, 9.2, 2453, 万物既聪慧又奇妙
3765620, 8.7, 4235, 在漫长的旅途中
1000121, 8.5, 3902, 昆虫记
5410174, 9.1, 1528, 万物刹那又永恒
11602267, 8.9, 1771, 羊道・春牧场
6125543, 9.2, 1187, 北方的空地
1024846, 9.2, 1172, 所罗门王的指环
11602265, 9.1, 1236, 羊道?前山夏牧场
1018925, 9.2, 980, 玫瑰圣经
10519369, 9.4, 731, 万物生光辉
3131814, 8.7, 1525, 笔记大自然
10808988, 9.1, 890, 重返狼群
1032369, 9.1, 775, 花卉圣经
2350407, 8.2, 2135, 寂静的春天
10513941, 8.8, 952, 奥托手绘彩色植物图谱
25793667, 8.2, 1634, 植物知道生命的答案
5290498, 8.6, 957, 自然的建筑
6750347, 9.2, 482, 演化
1441487, 9.4, 374, 中国鸟类野外手册
6890672, 8.7, 693, 这一生，至少当一次傻瓜
1084020, 8.6, 720, 宝石
26341546, 8.9, 517, 大灭绝时代
25876750, 9.0, 464, 看不见的森林
26698223, 9.2, 385, 永恒的时光之旅
2382544, 8.7, 610, 园圃之乐
1205283, 9.4, 313, 汪曾祺全集(1)
1000284, 8.9, 485, 百合圣经
10808841, 9.4, 307, 夜观星空
26890235, 8.1, 1141, 白事会
3987165, 9.4, 273, 中国常见植物野外识别手册（山东册）
20394952, 8.1, 994, 九篇雪
3023897, 9.2, 293, 希腊三部曲Ⅰ 追逐阳光之岛
24696902, 8.2, 783, 和二木一起玩多肉
25961294, 8.2, 761, 虫子旁
1315187, 8.1, 854, 植物的欲望
1375619, 8.6, 491, The Call of the Wild
10569646, 8.8, 398, 猫的故事
1084014, 9.0, 325, 恒星与行星
1082305, 8.9, 353, 沙郡年记
1435793, 9.2, 269, 世界园林植物与花卉百科全书
26905274, 8.5, 509, 海错图笔记
1061979, 9.2, 265, 夜空
20480834, 9.0, 314, 雨林精灵
26431217, 8.6, 457, 在江湖
26337959, 8.3, 614, Lens・目客001:花朵与我
10795243, 7.9, 954, 舌尖上的中国
1084010, 8.7, 391, 岩石与矿物
1458838, 7.8, 1062, 东京昆虫物语
5388462, 9.8, 151, The Natural History Book
5413523, 8.2, 586, 植物学通信
25870967, 8.3, 519, 时蔬小话
1084009, 8.4, 464, 树
1400674, 8.6, 377, 常见野花
6456211, 8.4, 452, 塔莎的花园
1084011, 9.1, 232, 鲸与海豚
1444547, 8.8, 300, 设计结合自然
4761615, 8.5, 399, 与动物对话
25831306, 9.0, 249, 极致之美
1084021, 8.8, 285, 贝壳
10494251, 8.6, 339, 塔莎的世界
26801361, 9.2, 199, 鹿苑长春
1288895, 9.0, 233, 在乌苏里的莽林中
1146989, 9.0, 232, 与孩子的天性合作
3023898, 9.2, 197, 希腊三部曲Ⅱ 桃金娘森林宝藏
1489218, 8.8, 275, 旷野的声音
1483001, 9.0, 228, 大自然的日历
20500583, 9.7, 132, Genesis
1434335, 8.8, 260, 讨山记
5942644, 8.6, 311, 武藏野
3834446, 8.8, 257, 小狐狸海伦留下的……
3999563, 8.5, 338, 野果
20471312, 8.6, 299, 大自然的艺术
1964451, 7.9, 616, 全球最美的100个地方
1084008, 8.5, 322, 药用植物
2284549, 9.4, 151, 花镜
3921815, 8.5, 315, 玫瑰之吻
2368338, 8.6, 286, 遥远的房屋
2010558, 8.6, 285, 蓝色的海豚岛
26679862, 9.3, 158, 生命的跃升
26646456, 8.1, 465, 无尽绿
1760489, 9.0, 198, 杰克伦敦短篇小说选
2340079, 8.8, 230, 雪花人
3023900, 9.1, 177, 希腊三部曲Ⅲ 众神的花园
3117982, 7.8, 626, 植物的故事
1061058, 8.6, 264, 龙
26308505, 8.4, 318, 杂草的故事
26357269, 7.2, 1383, 京都山居生活
3265351, 8.4, 313, 第七条猎狗
25874670, 8.3, 341, 大地上的事情
26417693, 8.9, 196, 深海
6434426, 9.1, 167, 中国国家地理自然百科系列：海洋
1205302, 9.4, 133, 汪曾祺全集(4)
1253117, 8.5, 267, 梭罗日记
6313462, 8.6, 239, 礼拜五或太平洋上的灵薄狱
20283571, 9.1, 157, 灰雁的四季
26900703, 9.7, 103, 物种日历
1021809, 8.1, 386, 诗经植物图鉴
4905953, 8.2, 346, 种子的信仰
1084003, 8.8, 198, 鸟
3859882, 9.0, 168, 成为家中一员的麻雀小珠
19923440, 8.0, 402, 鸟与兽的通俗生活
10542818, 9.2, 137, 珞珈山植物原色图谱
25762288, 9.2, 137, 风景与记忆
3061503, 8.8, 187, 蘑菇
1084023, 8.8, 184, 蝴蝶与蛾
10429322, 8.9, 167, 燕园草木
10607551, 7.8, 483, 一个园丁的一年
1058414, 8.2, 312, 花朵的秘密生命
1084025, 8.5, 233, 名犬
25820165, 8.6, 213, 田园之秋
26673246, 9.6, 98, 重返狼群（第二部）
3156699, 8.8, 175, 社会生物学
1084012, 8.5, 226, 昆虫
3229838, 9.3, 118, 眷恋昆虫
3389943, 8.6, 204, 德富芦花散文
20431859, 8.4, 244, 我的山居动物同伴们
1079739, 8.7, 187, 夏日走过山间
1084024, 9.0, 141, 化石
4823309, 8.9, 152, 自然图鉴（全5册）
26681392, 8.1, 310, 去山里盖座小屋吧
4096847, 8.7, 177, 希望的收获
25921388, 8.3, 250, 大自然笔记
4002957, 9.0, 136, 常见野花-第二版
2184970, 7.4, 670, 植物记
1030864, 8.4, 221, 丛林故事
1006594, 8.2, 267, 鸟类圣经
1972794, 8.7, 170, 感觉的自然史
1980691, 8.0, 323, 四季随笔
1084264, 8.4, 218, 自达尔文以来
4247648, 9.2, 114, 最后的浪漫主义者
1597381, 8.8, 149, 自然与人生
1057523, 8.5, 191, 熊猫的拇指
5407368, 8.0, 307, 古典之殇
10945439, 7.5, 538, 老火车的时光慢游
21357312, 8.1, 269, 新笔记大自然
1103992, 8.6, 170, 荒漠天使
1433163, 8.9, 131, 星・雪・火
10750284, 9.6, 81, 哈尔罗杰历险记典藏全集
1005996, 8.6, 166, 野兽之美
1315265, 8.3, 216, 从混沌到有序
26801537, 8.7, 149, 山中最后一季
26345725, 9.3, 95, 自然之美
10583423, 8.3, 206, 普米森林
7916024, 7.4, 544, 雨中的3分58秒
3061002, 8.4, 186, 野花
24758435, 9.4, 87, 中国常见植物野外识别手册（古田山册）
26253714, 7.9, 300, 在西伯利亚森林中
5348905, 8.4, 185, 一粒种子的旅行
26654475, 9.1, 106, 节气手帖：蔓玫的花花朵朵
5924706, 9.6, 76, 地球之光
26421209, 8.5, 168, 地道风物001・广西
26004339, 9.2, 98, 伊西斯的面纱
1031553, 8.1, 241, 植物之美
1393383, 8.7, 139, 一根稻草的革命
26348734, 8.4, 178, 听客溪的朝圣
3661063, 8.2, 208, 乌鸦
1073544, 8.1, 228, 醒来的森林
26711222, 8.5, 155, 一九六：英伦乡野手记
1465067, 8.6, 141, A Walk in the Woods
1084013, 8.6, 140, 两栖与爬行动物
1060088, 8.6, 139, 蚂蚁的故事
3061421, 8.4, 164, 欧洲花卉
1060030, 8.5, 149, 草根绝唱
24698961, 7.4, 445, 植物名字的故事
26776895, 9.1, 92, 我的收藏
1395761, 9.0, 97, 德富芦花散文选
1315266, 8.4, 153, 协同学
10797735, 9.0, 96, 玫瑰之书
3060992, 8.5, 140, 恐龙与史前生命
1022866, 8.5, 139, 飞廉的村庄
3222755, 9.0, 95, 风把人刮歪
4737689, 9.7, 61, 世界动物故事100篇
4822227, 8.5, 137, 小种子
26685563, 9.4, 72, 演化
10593781, 8.2, 176, 如何做田野笔记
5457136, 9.3, 76, Botanical Portraits with Colored Pencils
2298455, 8.3, 160, 森林报-春
1067976, 8.0, 211, 楚辞植物图鉴
26707638, 9.6, 63, 大自然中的美食
4714008, 8.4, 145, 山中最后一季
1084026, 8.6, 123, 马
5408519, 9.5, 66, 14只老鼠（第2辑）
26261036, 9.6, 62, 生命之灵
1902741, 9.3, 74, 热带雨林
1103362, 8.7, 112, 塞耳彭自然史
4233382, 8.7, 112, 心灵的慰籍
2034987, 9.6, 61, 一岁的小鹿
1011170, 9.2, 77, 雁语者
10544783, 7.0, 635, 草木的理想国
1225684, 9.0, 87, 古老阳光的末日
7564181, 9.1, 81, 酷虫视界
21336523, 7.5, 328, 多肉萌物志
1315191, 8.1, 176, 生命的未来
26661075, 8.8, 99, 等鹿来
1275567, 9.2, 75, 林中水滴
26337651, 9.1, 80, 无尽深蓝
3238790, 7.7, 258, 植物记Ⅱ
2364666, 8.3, 144, 树之声
1318267, 8.8, 97, 熊猫虎子
25923223, 9.0, 84, 咪家庭tW大百科
19976723, 7.6, 281, 十五颗小行星
24861516, 9.3, 68, 鸟喙
10544770, 8.7, 102, 宇宙的答案云知道
26339917, 7.7, 247, 胡麻的天空
25907098, 8.0, 181, 采绿
1326917, 9.4, 63, 感受地球呼吸
1789968, 8.6, 108, 动物记1
5955216, 9.2, 71, 海洋
4847299, 8.7, 100, 林间最后的小孩
2089895, 9.5, 59, 野生的爱尔莎
1491723, 8.7, 99, 哺乳动物
4293302, 9.3, 66, 神的植物
25876133, 8.1, 161, 一平方英寸的寂静
24716081, 8.2, 147, 自然笔记
25837525, 8.9, 85, 蝴蝶・天堂・探险记
6068065, 7.8, 213, 危险花园
10762720, 7.5, 293, 种多肉、玩多肉一次搞定
26743027, 8.2, 145, 黑麋鹿如是说
1086879, 9.1, 73, 老海失踪
25728813, 8.8, 89, 美国国家地理125年伟大瞬间
25877184, 8.8, 89, 蚂蚁之美
5400561, 8.6, 102, 天涯芳草
1227942, 7.7, 227, 动物素描
10541076, 8.5, 110, 低吟的荒野
26919722, 9.5, 56, 仙路争锋1
6062359, 9.2, 67, 中国昆虫生态大图鉴
3178239, 8.6, 101, 华北野花
6540216, 9.0, 76, 山居鸟日记（全4册）
24906848, 8.3, 128, 故乡的微光
25903143, 7.4, 312, 逝者如渡渡
1029841, 9.1, 71, 与孩子共享自然
1796044, 8.7, 93, 地球守o者
3410835, 8.2, 138, 熊
1422222, 8.4, 116, 贝壳的自然史
2261205, 7.9, 180, 全球最美的100度假天堂
1148193, 8.7, 92, 生命的多样性
6963813, 8.8, 85, 灵境追踪师
4005573, 7.9, 178, 温文尔雅
1685120, 8.1, 147, 河上一周
1723410, 9.5, 54, 世界动物百科全书
6863572, 9.6, 51, 图解动物生活大百科
1276333, 9.2, 64, 太阳升起以后
4063493, 8.6, 96, 陌生人
5360086, 8.6, 96, 菜园里的学问
5948721, 8.8, 83, 向大自然WO
26327402, 8.7, 89, 猿猴家书
1489233, 8.9, 77, 大地的眼睛
1161662, 8.1, 143, 兔子坡
25956953, 8.4, 111, 迷蝶志
25905020, 7.6, 232, 花花果果枝枝蔓蔓
1918987, 9.1, 67, 百合之心
1919487, 9.1, 67, 植物古汉名图考
1455956, 8.1, 141, 吃太阳的家伙
6068063, 7.8, 186, 异域盛放
1074688, 8.5, 101, 自然与快乐
4191634, 8.7, 87, 海洋传
3993770, 8.8, 81, 国家公园
25969416, 8.8, 81, 南开花事
4845615, 9.4, 55, 小林系作品集 notebook
1084022, 8.4, 108, 观赏鱼
1854565, 9.0, 70, 草木精神
5406991, 8.8, 80, 草莓
26345261, 8.8, 80, 小森食光 1
1060634, 9.1, 65, 岩石与矿物
1424824, 8.9, 74, 来自热带丛林的女孩
25876757, 8.2, 125, 鲜花帝国
10594588, 8.6, 91, 城市农夫有块田
24529131, 8.4, 105, 自然野趣DIY
2138987, 6.7, 690, 美人如诗 草木如织
1964867, 9.0, 68, 昆虫的社会
2298458, 8.7, 83, 森林报-冬
1313464, 8.6, 89, 古多尔的精神之旅
4852614, 8.8, 76, 风中的树叶
3719417, 8.7, 81, 生命的系统
3903011, 8.2, 118, 原来吃素最健康
1425796, 8.3, 108, 我们周围的仙境
4726047, 8.8, 74, 论自然
25910223, 8.8, 74, 自然与人生
5260224, 7.9, 151, 100个即将消失的地方
3572310, 8.7, 79, 香草茶品鉴大全
2298456, 8.5, 91, 森林报-夏
25882860, 8.0, 137, 巫婆上菜
3903336, 8.7, 78, 全球最美的自然景观
25788663, 8.7, 78, 深圳自然笔记
3561746, 8.9, 68, 昆虫之美
2236230, 9.2, 56, 不可思议的大自然
1083323, 8.1, 123, 乘小猎犬号环球航行
2998626, 8.1, 123, 鸟儿为什么歌唱
1386407, 9.0, 63, 你今天心情不好
1951398, 9.1, 59, 黑猩猩在召唤
2298457, 8.5, 88, 森林报-秋
1902676, 9.2, 55, 自然沉思录
3004271, 9.0, 62, 西藏生灵
6963840, 9.0, 62, 草原狼导师
2070293, 7.3, 267, 看得见风的男孩
4238215, 8.6, 81, 隼
2270458, 9.3, 51, 海底世界
4850464, 9.3, 51, 非用野BDa
2145499, 9.0, 61, Art Forms in Nature
1072628, 8.9, 65, 天气
1283625, 7.5, 209, 植物猎人
1163446, 8.3, 100, 博物志
3220140, 8.6, 79, 典型的日子
11505557, 8.4, 91, 我们的国家公园
1028039, 8.7, 73, 老县城
4882098, 8.6, 78, 叶问
26281236, 7.7, 165, 催情植物传奇
25896928, 8.7, 72, 到坦桑
2075030, 9.0, 59, 星空
1122350, 8.4, 89, 北越雪谱
20279671, 9.1, 55, 狗的故事
25922449, 8.5, 82, 自然的历史
1015359, 8.0, 122, 消失的动物-古生物绝版图鉴
25987064, 8.6, 76, 云与大气现象
1184293, 9.0, 58, 实用自然图鉴
1466526, 7.5, 195, 红楼梦植物图鉴
1763394, 8.6, 75, 超越视觉美国《国家地理》百年图片精选
26806934, 9.4, 45, 自然怪咖生活周记
4853008, 8.6, 74, 亚洲
4771454, 8.2, 100, 植物的识别
25895511, 8.1, 108, 禅定荒野
2970498, 7.9, 128, 野生花卉
11597268, 7.6, 169, 天使与昆虫
1963011, 7.8, 138, 拈花惹草
1019758, 9.4, 43, 迁徙的鸟
25876107, 8.5, 75, 种子的故事
26695673, 9.2, 47, 失控
2151853, 8.4, 79, 常见树木1-北方
4715265, 8.3, 85, 康复大地
26644974, 8.3, 85, 地球与太空：美国宇航局珍贵摄影集
11587597, 7.4, 192, 植物记
3988306, 8.6, 68, 自然之门
5353277, 8.6, 68, 世界上最最温馨的家
10484579, 7.6, 153, 博物人生
26377441, 9.3, 43, 大灰狼才应该小心
26286707, 8.5, 71, 了不起的地下工作者
26661067, 8.3, 82, 万物皆奇迹
23494075, 9.1, 48, 沈从文的湘西世界
3060709, 7.7, 136, 野菜志
4233371, 8.0, 104, 动物老友记
1425248, 8.7, 61, 透过众神的眼睛
1283595, 7.4, 179, 改变世界的植物
4953482, 9.3, 42, O果教我的事
1769027, 8.8, 56, 艺术与自然中的抽象
3180844, 9.2, 44, 地质学原理
26577650, 9.2, 44, 林中漫步
21334468, 8.5, 68, 我……有梦
26667817, 8.9, 52, 早安，生活
1453890, 9.5, 37, 地球大百科
11519449, 9.1, 46, 大地的表情
26755786, 8.1, 91, 耕食生活
1871957, 9.7, 33, 我爱大自然小小百科全书
26801199, 9.0, 48, 水下三千米：我的潜水十年
26582858, 7.3, 189, 京都里山四季
2079916, 8.1, 88, 常见昆虫野外识别手册
1082347, 9.0, 47, 实用趣味实验图鉴
1070808, 8.4, 68, 不可思议的旅程
4137125, 8.8, 52, 火烈鸟的微笑
5356133, 9.0, 46, 南非野生生活
1055165, 7.5, 144, 唐诗植物图鉴
1940468, 9.6, 33, 目击者丛书 植物
1472793, 8.4, 67, 黑焰
3841181, 8.8, 51, 植物学
25862411, 8.8, 51, 乌鸦的教科书
1062741, 8.6, 58, 生机勃勃的尘埃
1789979, 8.5, 62, 动物记2
10569801, 8.0, 90, N香草、玩香草一次搞定
3100335, 8.1, 83, 自然地理学
21332148, 9.3, 38, 冰冻星球
26577652, 9.2, 40, 原野漫步
26689008, 9.1, 42, 雷杜德手绘花卉图谱
1489234, 8.5, 61, 鸟儿不惊的地方
19975227, 7.7, 114, 花的智慧
2316725, 8.2, 75, 自然之数
24722650, 8.6, 56, 我行
1332380, 9.2, 39, 植物的秘密生命
1136387, 8.8, 49, 动物生态学原理
11587598, 7.4, 148, 植物记
26630973, 7.9, 93, 嗑：做一只会吃的松鼠
3041111, 10.0, 26, 森林探秘
3670772, 8.5, 58, シ`ボルト 日本植物I
4845095, 8.5, 58, 我的栖身之所，我的人生目的
6265777, 7.8, 99, 鸟
3903015, 8.6, 54, 风光的内在
20432628, 8.1, 77, 幸福四季水彩花园
1217651, 8.0, 83, 多肉植物仙人掌种植活用百科
3410837, 7.9, 90, 虎
1051155, 8.7, 50, 自然不可改良
25884666, 7.6, 116, 怎样看到鹿
26589634, 9.2, 37, 大自然的灵魂
1136503, 9.3, 35, 中国・云南百花图
3268633, 8.5, 56, 普里什文散文
3709812, 9.6, 30, 最美的科普・四季时钟系列
6710698, 7.5, 124, 岭南本草新录
1128158, 8.4, 59, 一颗原子的时空之旅
26576620, 7.9, 86, 桃之夭夭
26354176, 7.3, 150, 草木缘情
3375919, 7.7, 102, 菜蔬小语
20271703, 8.5, 55, 自然，是最好的老师
4919880, 9.2, 36, 美丽生灵的最后乐章――濒临消失的野生动物
26774757, 7.4, 134, 谷物02
6113825, 9.0, 40, 梅里雪山自然观察手册
3816381, 7.8, 92, 那些花儿
6875596, 7.4, 133, 一个人的草木诗经
4177613, 8.5, 54, 中国兽类野外手册
26150311, 8.6, 50, 沙乡年鉴
3796849, 7.9, 83, 山中的一个钟头
1389885, 8.4, 57, 和黑猩猩在一起
19989142, 8.3, 61, 这些年，追过我的野生动物们
3180699, 7.1, 176, 水流花开
4934273, 8.4, 56, 野狗之丘
3401034, 8.3, 60, 宁静无价
25792729, 8.7, 46, 酷虫成长记
1000076, 8.0, 74, 植物化石
26561125, 9.1, 36, 小森食光 2
4826309, 8.3, 59, 大自然的日历
25923671, 8.6, 48, 发自荒野的情书
25763852, 7.7, 93, 闲花帖
1335586, 9.3, 32, 新世or耕
20513228, 9.3, 32, 中国国家地理自然百科系列：野生动物
2078334, 7.2, 150, 常见植物野外识别手册
1080268, 8.1, 67, 中国昆虫记
21336689, 8.2, 62, 色铅笔绘优雅四季花
25918656, 8.0, 72, 我的花园、我的城市和我
6520482, 8.5, 50, 欧洲
25752974, 8.5, 50, 从相残到相爱
4837161, 9.4, 30, 消逝中的荒野
2187503, 8.1, 66, 盖娅：地球生命的新视野
5414075, 8.7, 44, 飞鸟天堂
20255599, 9.2, 33, 水下天堂
26662356, 9.3, 31, 大自然
25720193, 8.5, 49, 清新彩铅微笔记. 花草集
26905289, 8.5, 49, 掌中花园
1115554, 9.0, 36, 盗猎揭秘
1414692, 9.0, 36, 倾听鲸语
26423783, 8.5, 48, 树的秘密生活
2969993, 7.5, 104, 自然史
5389490, 8.6, 45, 酷虫学校1
2013171, 8.1, 63, 常见树木-2南方
3988307, 8.4, 51, 优山美地
4843873, 7.5, 103, 大象詹妮与我
6821269, 8.3, 54, 缘缘堂
1420441, 8.9, 37, 在上帝的荒野中
2130276, 9.0, 35, 图解野外求生
25705641, 7.7, 85, 半农半X的生活
3903025, 7.9, 72, 风光的超越
1032726, 8.4, 50, 植物的象征
1036925, 9.1, 33, 公鸡背母鸡
1449237, 9.1, 33, 列那尔散文选
6393974, 8.2, 57, 阳台种菜
2037065, 8.7, 41, 面向秋野
26901529, 9.2, 31, 怎样观察一棵树
22741368, 7.7, 83, 探险途上的情书
25875911, 8.0, 65, 雪日
4194311, 7.3, 119, 花卉圣经
25900884, 8.3, 52, 檀岛花事
1287586, 8.8, 38, 巴乌斯托夫斯基散文新译
26044320, 7.6, 89, 世界最美森林之旅
10575134, 9.1, 32, 好鼠兔
23019288, 7.8, 74, 游牧时光
25880435, 8.3, 51, 植物的水彩极致表现
1227883, 7.6, 87, 野外生存完全手册
6023605, 6.6, 258, 被禁止的科学
1161974, 8.9, 35, 自然之书
25720194, 9.4, 27, 清新彩铅微笔记. 动物集
26341608, 8.3, 50, 植物大发现
1065580, 8.6, 41, 最后的潜水
3222671, 7.9, 66, 319种中国野菜图鉴
2147455, 8.0, 61, 全球灾变与世界末日
2382165, 8.8, 36, 自然与生态
10801893, 8.8, 36, 南极洲-中国国家地理
26357038, 8.3, 49, 动物生活史
26615892, 8.9, 34, 像猪一样自在
25912352, 9.2, 29, 大迁徙：地球上最伟大的生命旅程
3649698, 9.5, 25, 黄万里文集
26849394, 9.0, 32, 消失的脚印
25744229, 7.3, 109, 鼻屎为什么不能吃
1873330, 7.4, 99, 动物园的历史
1083568, 8.3, 48, 南方药用植物图鉴
1437193, 8.3, 48, Ishmael
3522259, 8.3, 48, 人类与自然世界
10570240, 9.1, 30, 种子，如此酣睡
6310330, 8.1, 55, 海
2378495, 8.0, 59, 情色昆虫记
4987103, 8.2, 51, 非洲
26299652, 8.9, 33, 灭绝动物调查报告
1005673, 7.9, 63, 马来群岛自然科学考察记
24851442, 8.1, 54, 自然观察达人养成术
20268882, 9.0, 31, 苏州水八仙
1495685, 7.7, 73, 杭州的山
1928869, 7.9, 62, 自然风景摄影指南
1489235, 8.5, 41, 人参
1146270, 9.1, 29, 西顿动物小说全集（全三册）
1638074, 9.1, 29, 多彩的昆虫世界：中国600种昆虫生态图鉴
25743166, 9.1, 29, 地球:行星的力量
3554019, 7.4, 93, 光明书架・生活馆・美食三书
1010255, 8.3, 46, 漫天星斗
4832497, 8.2, 49, 布克村信札
26602535, 8.0, 56, 野草离离
1025697, 8.5, 40, 水恐龙：两亿年前的海底世界
1398084, 8.3, 45, 生命的节奏
6001351, 8.4, 42, 家门外的自然课
21357444, 8.8, 33, 地球脉动
6822452, 8.6, 37, 超个体
26388373, 8.2, 47, 荒野之境
1145592, 8.1, 50, 植物的故事
6712925, 7.1, 117, 荒原上的芭蕾
10570239, 9.0, 29, 蝴蝶，如此耐心
10602325, 9.8, 20, 细胞生物学精要
1982788, 8.0, 53, 一地虫声
3622743, 9.2, 26, 古猿人北征
4747112, 8.5, 38, 鬼狗
10786475, 8.2, 46, 狮语者
24852221, 8.2, 46, 我的自然笔记
1394033, 8.9, 30, 普里什文随笔选
26785898, 8.9, 30, 强力与弱力
6397513, 9.1, 27, 彩绘法布尔昆虫记
3392841, 7.6, 71, 亲近野花野草
26728649, 7.9, 56, 农夫哲学
6398404, 8.6, 35, 与兽同在
2974153, 8.5, 37, 植物名实图考校释
10809308, 8.5, 37, 荒野孤舟
26866574, 8.8, 31, 岭南花木镜
26429367, 8.4, 39, 乡土再造之力
26297881, 8.0, 50, 少年绿皮书
26577407, 9.1, 26, 奇境自然
3923953, 8.5, 36, 罗杰、阿雅我的狗
25804161, 7.4, 80, 南极・北极
25845537, 8.1, 46, 神圣几何：人类与自然和谐共存的宇宙法则
6714832, 8.3, 40, 我是小花匠
6728838, 7.6, 66, 一只萤火虫的旅行
26617627, 9.3, 23, 萌果绘
1679315, 8.4, 37, 中国园林美学
5940797, 9.2, 24, 中国历朝气候变化
5293968, 8.7, 31, 全球急需保护的200个地方
1951506, 8.3, 39, 鸟与诗人
24866268, 7.5, 70, 小冰河时代
1001075, 9.0, 26, 与孩子共享自然.Ⅱ
1032585, 7.3, 82, 素食主义
26387120, 8.6, 32, 世界最美透明生物
5988443, 8.3, 38, 苦苓c瓦幸的魔法森林
1315274, 8.7, 30, 与大自然捉迷藏
1049746, 8.1, 43, 寻归荒野
1400161, 8.1, 43, 食物的背后
1551565, 9.3, 22, 《本草纲目》新校注本
26574897, 9.4, 21, 地上地下?自然，地上地下?城市
25743161, 8.8, 28, 生命:非常的世界
1692631, 7.7, 56, 巨兽时代
26304580, 7.7, 56, 伟大的博物学家
1397805, 8.1, 42, 哲学走向荒野
25962932, 8.1, 42, 《KINFOLK四季》2014年夏季刊
26636404, 9.0, 25, 我们去找小昆虫1：昆虫的工具
26831722, 9.6, 19, 自然
3059571, 8.7, 29, 看趣
1798149, 8.9, 26, Drawing Nature
3741374, 8.9, 26, 希腊三部曲（全三册）
3500521, 7.5, 64, 台湾草木记
5015599, 7.9, 47, 园林内外
2052478, 8.8, 27, 人类在自然界的位置
3428495, 8.8, 27, 自然科学史
3988305, 8.2, 38, 少雨的土地漫步
25763792, 9.2, 22, 美国自然文学三十讲
19934681, 9.3, 21, 原野上的原野
26387128, 9.4, 20, 世界最美飞鸟
2068954, 8.4, 33, 自然的故事
6839994, 7.8, 49, 秦岭无闲草
25798839, 8.3, 35, 与孩子共享自然
26343032, 9.5, 19, The Vital Question
5417228, 8.9, 25, 希望
1050808, 7.9, 45, 普通地质学
2079919, 7.9, 45, 常见鸟类野外识别手册
10345577, 7.9, 45, 自然纪事
6101446, 8.6, 29, 中国湿地植物图鉴
6008246, 8.8, 26, Pussy Portraits 2
25839405, 8.1, 39, 四分之三的香港
2258359, 7.6, 55, 看得见的风景-博物学生存
1489786, 7.9, 44, 阿拉斯加的冰川
24849783, 7.9, 44, 跟着动物去旅行
1090597, 8.7, 27, 人体
1956689, 8.7, 27, 春满北国 美国山川风物四记之一
26596019, 9.2, 21, The Invention of Nature
4881374, 7.5, 59, 有害植物
1314018, 7.6, 54, 蚂蚁与孔雀
26661086, 8.6, 28, 飞禽记
26751769, 8.0, 40, 过一日山间生活
4227276, 8.3, 33, 秋色
10549645, 8.8, 25, 力
26816548, 8.4, 31, 《岁月绽放的花・水彩绘》
25834114, 7.1, 81, 极端植物笔记
2310319, 8.5, 29, 花木丛中
4832694, 8.5, 29, 小花园种植
2972491, 7.8, 45, 插花植材
1483201, 8.6, 27, 生命故事
26390297, 8.6, 27, 大自然的日历
3220139, 8.3, 32, 无界之地
2970499, 8.2, 34, 芳香花卉
2267321, 9.0, 22, 植物名实图考长编
2412427, 9.0, 22, The Private World of Tasha Tudor
5247739, 7.8, 44, 影树流花
25986412, 7.3, 65, 一朵深渊色
25811773, 7.5, 55, 多肉肉多
3064916, 8.8, 24, 昆虫的国度
1118459, 8.7, 25, 本草纲目(全四册)
3903026, 7.5, 54, 风光的精要
1034881, 8.2, 33, 还自然之魅
6858506, 8.3, 31, 牡丹谱
1138545, 8.1, 35, 花境设计师
3136857, 8.6, 26, 北京森林植物图谱
3793286, 8.4, 29, 我的自然{色P
4841067, 8.4, 29, 常见蘑菇野外识别手册
3921652, 8.0, 37, 以敞开的感官享受世界
1334488, 9.0, 21, 林琪的z密花@
22529321, 9.0, 21, 自然物语
25788823, 9.0, 21, 科瓦奇讲植物、动物、天文与地理
26608198, 9.0, 21, 园丁鸟的秘密
2284570, 9.1, 20, 花经
3028943, 8.8, 23, 大自然的灵魂
26820624, 9.2, 19, 飞鸟记
10862827, 8.3, 30, 自然之友书系:教你认识北京的植物
3826904, 7.5, 51, 野外维生食物
1386051, 8.6, 25, 室戎参锿耆指南
3685412, 8.6, 25, 种子植物分类学
26607136, 8.6, 25, 你好！植物
26882298, 8.6, 25, 世界上最老最老的生命
1604592, 8.3, 29, 湖居岁月
5376365, 8.3, 29, 自然纪事・胡萝卜须
1740193, 8.8, 22, 信天翁的眼睛
26738636, 8.8, 22, 发现最美的鸟
26721531, 8.4, 27, 聆听
26628303, 8.1, 32, 天文之书
1982792, 8.0, 34, 追鸟逐兽
3903027, 8.0, 34, 风光的境界
25844086, 8.5, 25, 美丽的螺旋
2012208, 7.8, 38, 华兹华斯诗歌精选
1425799, 8.1, 31, 群峰与山涧
2113725, 8.4, 26, 女性主义与对自然的主宰
1193820, 7.9, 35, 中国观鸟指南
1974150, 7.4, 50, 观赏花卉
3763120, 8.7, 22, Botanical Illustration Course
7047000, 8.6, 23, 孩子，我们一起爱自然
26747666, 9.1, 18, 中国常见植物野外识别手册（苔藓册）
25772274, 7.5, 44, 狗为什么改不了吃屎
1083896, 7.7, 38, 鸟的魅力
25742203, 8.3, 26, 雨林野疯狂
1013892, 8.0, 31, 进化论
24843499, 7.9, 33, 四民月令校注
1335589, 8.7, 21, N子盆栽真危30N只要菜不用施肥的室戎参
26944471, 9.3, 16, 一个女孩的镜像世界
6772381, 8.9, 19, 常见蜘蛛野外识别手册
26706778, 8.9, 19, 布洛赫手绘鱼类图谱
2078052, 7.7, 37, 抗衰老计划
24325337, 7.7, 37, 控制自然
26666130, 7.5, 41, 下田
4122974, 7.6, 38, 药用植物生态图鉴
3771595, 8.8, 19, 飞羽瞬间
1227554, 8.4, 23, 最后的三峡
4227278, 8.3, 24, 鸟的故事
1489778, 7.3, 46, 清新的原野・冬日阳光
4118359, 7.7, 34, 芳香植物
20428336, 7.7, 34, 草言草语
3433534, 8.0, 28, 食在自然
6827735, 8.0, 28, 大眼看侏罗
1425821, 7.6, 36, 抗衰老饮食
25833008, 7.6, 36, 临湖
26924202, 8.6, 20, 怎样观察一朵花
1383819, 8.7, 19, P大自然
3135993, 7.4, 41, 野外观花手册
26050203, 7.2, 48, 世界最美花海之旅
7063101, 7.7, 32, 观花植物1000种经典图鉴
2019404, 7.9, 28, 地质旅行
3220134, 7.9, 28, 鸟与诗人
3816821, 7.9, 28, 食用蔬菜与野菜
25859534, 8.5, 20, 小小自然图书馆
26913980, 8.4, 21, 阿部智幸的水彩笔记
26755052, 8.6, 19, 我的动物，我的家人
3041216, 7.3, 42, 看草
1489232, 8.3, 22, 恶老头的锁链
6311579, 8.3, 22, 虫
10345576, 8.3, 22, 茜多和野孩子
10512604, 7.8, 29, 有生之年非看不可的1001处自然奇观
5414074, 7.6, 33, 走兽天下
25906987, 7.6, 33, 西藏
1157038, 7.1, 48, 大脑的性别
25755885, 6.9, 56, 奇趣多肉植物
1395800, 7.4, 37, 米什莱散文选
11533981, 7.7, 30, 汪曾祺写云南
1755657, 8.4, 20, 长江魂
22529305, 8.3, 21, 昆虫物语
3140385, 8.1, 23, 中国文人的自然观
26734783, 8.0, 24, 46亿年的地球物语
10472868, 8.4, 19, 色UP自然彩L花.草.淠 盛夏的果
25749754, 7.6, 30, 访草
26830114, 8.5, 18, 家门口的自然探索笔记
26304582, 7.5, 32, 伟大的探险家
10458025, 7.8, 26, 蜜蜂的生活
5261679, 7.6, 29, 房龙地理
5311825, 7.6, 29, 常见园林植物识别图鉴
6310329, 7.5, 31, 山
2327610, 6.8, 54, 香草文化史
1430219, 8.3, 19, 伟大的事业
1029801, 8.2, 20, 与生灵共舞
1204931, 8.4, 18, 中国蝴蝶原色图鉴
1956791, 8.4, 18, 秋野拾零 美国山川风物四记之一
5348088, 8.4, 18, 香港正菜
26812051, 8.4, 18, 假如海洋空荡荡
1892844, 8.0, 22, 中国野菜图谱
26820620, 7.9, 23, 手绘喜马拉雅植物
1578695, 6.8, 51, 身边的植物
3140852, 7.8, 24, w自己的房子
25972662, 7.8, 24, 珠峰史诗
26920207, 8.7, 15, 企鹅课
10863322, 8.3, 18, 自然的经济史
20480835, 8.3, 18, 野生鸟类摄影手册
26378180, 8.4, 17, 城市野趣
3828758, 7.2, 35, 生命的曲线
1142669, 8.1, 19, 神圣的平衡
25729103, 7.5, 27, 植物变形记
26789619, 7.5, 27, 托尼诺成长记
7059613, 8.0, 20, 脆弱的物种（汉英对照）
1650352, 8.3, 17, 高等植物及其多样性
11507803, 7.6, 25, 邪恶的虫子
10528376, 7.7, 23, 动物能改变你的气场
26673126, 8.2, 17, 燕园草木补 识花认草手册
26628235, 7.8, 21, 一草一木
26287657, 6.1, 88, 水色斑斓
26808908, 7.5, 25, 沙郡年记
26878982, 7.7, 22, 听说你也是博物学家
26354327, 8.1, 17, 野趣童年
1066685, 7.7, 21, 花语
1832533, 7.5, 23, 花朵的故事
1113393, 7.8, 19, 北京野鸟图鉴
4844515, 8.0, 17, 阿波罗之火
3816822, 7.7, 20, 食用花卉与瓜果
1885999, 7.6, 21, 中国历史时期植物与动物变迁研究
2378504, 7.8, 18, 生死昆虫记
26672856, 7.8, 18, 寻海记
1397806, 7.2, 26, 自然的终结
6731560, 7.0, 30, 天气物语
10768146, 7.9, 17, 庭院花木修剪
26628436, 7.9, 17, 托梅教授的植物图谱
10606550, 7.3, 24, 好看的是灵魂
6711288, 8.0, 16, DK自然发现大百科
21361913, 8.0, 16, 中国国家地理自然百科系列：探险
1059167, 8.1, 15, 图解植物学词典
1138621, 8.1, 15, 青藏高原上的生灵
26730007, 8.1, 15, 我们去找小昆虫3：昆虫的语言
25799883, 6.6, 40, 诗经里的植物
6807545, 7.7, 18, 格拉斯米尔日记
20474482, 7.8, 17, 叶结构手册
26889364, 7.8, 17, 英国皇家植物园植物画教程
26751784, 7.9, 16, 中国常见植物野外识别手册（衡山册）
24870819, 7.2, 24, 错解大自然
1434769, 8.0, 15, 大自然的权利
6754343, 7.6, 18, 理性时代
26425763, 7.2, 23, 自然法则
26628433, 7.7, 17, 园艺花卉图谱
1987536, 7.8, 16, 涞寞K能量
1103088, 7.4, 20, 喜爱新鲜空气的人
4863641, 7.4, 20, 野外观鸟手册
10808990, 7.4, 20, 蓝色蒙古的苍狼
26921233, 8.6, 11, 种子的胜利
1956821, 7.9, 15, 冬日漫游 美国山川风物四记之一
26246949, 7.3, 21, 闲花
26612261, 7.2, 22, 树荫的温柔
21458727, 8.0, 14, 穿越宇宙的秘密小径
25778094, 8.0, 14, 灭绝的哺乳动物图鉴
26589043, 8.0, 14, 昆虫Q&amp;A
6535837, 7.0, 25, 绿色和平
3709366, 8.3, 12, Collins Bird Guide
1056541, 8.1, 13, 中国高等植物图鉴 第一册 (1972)
11591425, 8.1, 13, 植物系统学
21362938, 8.1, 13, 中国螳螂
2657505, 7.8, 15, Nature Design
4926578, 7.8, 15, 炸鸡恐龙学
25728834, 7.8, 15, 中非湖区探险记
25919239, 7.9, 14, 动物记事
26628428, 7.5, 17, 通用博物学图典
1956748, 8.0, 13, 夏游记趣 美国山川风物四记之一
10430481, 8.0, 13, 我的课外观察日记：第一季（全三册）
26591530, 8.0, 13, 猛兽岛大逃亡
26706782, 8.0, 13, 休伊森手绘蝶类图谱
6560576, 7.7, 15, 365天种花宝典
24757517, 7.7, 15, 让城市返回大自然
25972640, 7.7, 15, 山旅书札
25972646, 7.2, 20, 墨西哥湾千里徒步行
2038912, 7.8, 14, 御定广群芳谱(全3册)
22646356, 7.8, 14, 最美的自然图鉴
26371110, 7.8, 14, 我在这里等你
4200483, 6.9, 24, 湿地植物
26306662, 8.1, 12, 向大自然学习智慧
6021299, 7.5, 16, 实用妙趣染色
10199245, 7.5, 16, 生命的季节
26421424, 7.2, 19, 小而美的多肉植物
25839336, 7.6, 15, 瓦尔登湖?论公民的不服从义务
25878770, 7.6, 15, 万兽之灵
23117072, 7.7, 14, 朴门设计手册
19941470, 8.2, 11, 中国石松类和蕨类植物
26825896, 8.0, 12, 自给自足生活简明指南
2022665, 7.8, 13, 救荒本草校释与研究
2185723, 7.8, 13, 蜜蜂传奇
3021896, 7.8, 13, 花前琐记
26591507, 7.8, 13, 虫虫打工记
26658929, 7.8, 13, 从前有座森林
25812944, 7.2, 18, 露台花园
2061565, 7.5, 15, 古兽真相
20368712, 7.5, 15, 来自大海的礼物
5413925, 7.6, 14, 神之水果
25727572, 7.6, 14, 森林与绿色的中国史
25911710, 7.6, 14, 大河
4816487, 7.9, 12, 永m栽培O
24751338, 6.9, 21, 云知道答案
4182929, 8.3, 10, 羊驼学
25916600, 7.7, 13, 岩羊在等狼回来
26589034, 7.7, 13, 爸妈必修的100堂自然课
5464908, 7.3, 16, Vibrant Matter
26832985, 7.4, 15, 花与树的人文之旅
1663361, 7.5, 14, 绿色生活手记
3875608, 7.5, 14, 常见蝴蝶野外识别手册（第2版）
7000978, 8.0, 11, 中国蕨类植物图谱
26303450, 8.0, 11, 池上池下
2302158, 7.8, 12, 我的幸福rf
3013072, 7.8, 12, [W自然
19967502, 7.8, 12, 蔬菜水果志
25952987, 7.6, 13, せ
2125290, 7.9, 11, 福摩沙植物
25914524, 7.9, 11, 燕园动物
11607610, 7.7, 12, 章鱼家族趣谈
19986606, 7.7, 12, 土地的变迁
25994267, 8.1, 10, 生命记忆
26277984, 6.7, 21, 魔法师学徒的魔法书
1964987, 7.8, 11, 李约瑟中国科学技术史
2220789, 7.8, 11, 诗草木今释
3820449, 7.6, 12, 愈少愈自由：}寮沸薅十年
25919247, 8.0, 10, 家在九芎林
25933432, 8.0, 10, 昆虫家谱
10746191, 7.4, 13, 灾异手记
25796725, 7.7, 11, 冷艳猎手・蛇
3194349, 7.9, 10, 我是谁:闻所未闻的生命故事
3679542, 7.9, 10, O地的呼
20432343, 7.9, 10, 大英儿童百科全书 1
26258174, 7.9, 10, 清宫兽谱
10776003, 7.5, 12, 4000种观赏植物原色图鉴
1559280, 7.6, 11, 中国植物志
24704694, 7.6, 11, 回归自然
1849218, 7.4, 12, 失落的蔬果
25788109, 7.4, 12, 字里行间，草木皆兵
10809879, 7.2, 13, 日本的餐桌
1950556, 7.5, 11, 山、湖、海
25880437, 7.5, 11, 海洋生物的水彩极致表现
25957136, 7.7, 10, 中山客・岭南草木知味录
26674278, 7.7, 10, 喜马拉雅山珍稀鸟类图鉴
6784977, 7.4, 11, 自然的概念
26263482, 7.4, 11, 秦岭自然观察手册
26736281, 7.6, 10, 我家门外的自然课
26607978, 7.2, 12, 光阴:中国人的节气
1451853, 6.8, 15, 中国鸟类图鉴
1543133, 7.0, 13, 远方与往昔
3561748, 7.5, 10, 引诱的自然史
3791153, 7.5, 10, 食物o罪：揭穿IBW神，找回吃的啡ぃ
6027686, 7.3, 11, 邪褐参锊┯[
1079775, 7.4, 10, 荒原的召唤
22032608, 7.4, 10, 《生物动力农场》
1050018, 7.2, 11, 求生科学：中国科学家野外生存手册
6523781, 7.2, 11, 我爱泥巴
5039187, 7.3, 10, 常见有毒和致敏植物
26325026, 7.3, 10, 气象观察图鉴：风雷云雨的真身与魅影
25934834, 7.1, 11, 博物学文化与编史
20506061, 5.5, 39, 像森女一样去生活
