2017-01-23 16:17:59
Tag: 西方哲学
The number of books: 936 

ID, rating, votes, title
3261600, 9.3, 5593, 人生的智慧
1004821, 8.7, 12821, 理想国
1008189, 8.9, 8656, 西方哲学史（上卷）
1012032, 8.6, 7385, 查拉图斯特拉如是说
1004699, 8.9, 4454, 作为意志和表象的世界
6425061, 8.6, 5864, 哲学家们都干了些什么？
1012307, 9.1, 3017, 规训与惩罚
1089398, 8.9, 3532, 西方哲学史（下卷）
1071227, 9.0, 2909, 大问题
1036541, 8.7, 4093, 疯癫与文明
1063852, 8.8, 3586, 悲剧的诞生
1216737, 8.9, 2786, 纯粹理性批判
1783111, 8.7, 3120, 存在与时间
1292412, 9.1, 1763, 叔本华思想随笔
1460340, 8.9, 2207, 人性的，太人性的
1079104, 8.6, 3156, 尼采：在世纪的转折点上
1005354, 9.1, 1495, 逻辑哲学论
1071023, 8.6, 2399, 谈谈方法
1027280, 9.2, 1123, 柏拉图的《会饮》
1051943, 9.1, 1236, 尼各马可伦理学
6073019, 9.1, 1187, 斐多
1060531, 8.5, 2398, 忏悔录
1070410, 8.9, 1307, 柏拉图对话集
1034259, 8.5, 2060, 小逻辑
3463292, 9.3, 831, 叔本华美学随笔
1315184, 9.0, 1109, 哲学研究
1053009, 9.2, 886, 游叙弗伦 苏格拉底的申辩 克力同
1116338, 9.0, 1063, 叔本华论说文集
1041452, 8.4, 1824, 存在与虚无
2170983, 9.0, 904, 苏格拉底的申辩
1137244, 9.1, 808, 判断力批判
1005692, 8.4, 1732, 西方哲学史
1076280, 8.7, 1154, 第一哲学沉思集
1254278, 8.7, 1133, 思想录
1027085, 8.3, 1838, 叔本华人生哲学
1251839, 8.6, 1248, 权力意志
1437687, 8.7, 1049, 性经验史
3389811, 8.7, 999, 西方哲学史（修订第8版）
1393233, 9.2, 584, 古典时代疯狂史
1787729, 8.4, 1380, 单向度的人
1083054, 9.0, 694, 现代性与大屠杀
25978763, 8.8, 851, 僧侣与哲学家
1021702, 8.6, 1054, 偶像的黄昏
1077428, 9.1, 620, 自然权利与历史
1030294, 8.8, 834, 林中路
1077833, 8.7, 869, 形而上学
1223897, 9.1, 564, 实践理性批判
3283762, 9.1, 554, 柏拉图文艺对话集
2111791, 8.7, 828, 哲学问题
1274953, 8.7, 825, 伦理学
1077568, 9.0, 589, 自由论
2213965, 8.2, 1404, 他人就是地狱
1178535, 8.6, 869, 人性论（上下）
1075249, 8.9, 626, 西方哲学原著选读(上卷)
1398463, 9.1, 493, 萨特文集（全八卷）
1095849, 8.8, 658, 词与物
14439405, 8.9, 593, 哲学的故事
1073063, 8.6, 780, 人论
1227966, 7.8, 2130, 你的第一本哲学书
1444025, 8.2, 1177, 存在主义是一种人道主义
1316536, 8.6, 730, 萨特读本
2004426, 8.8, 581, 叔本华文集：悲观论集卷
1048672, 8.0, 1426, 尼采生存哲学
1074030, 8.3, 973, 西方哲学十五讲
1949782, 8.7, 614, 快乐的科学
1245533, 8.6, 681, 论优美感和崇高感
1651032, 8.5, 741, 西方哲学史
1012380, 8.8, 517, 精神现象学（上卷）
1455362, 9.3, 324, 历史理性批判文集
1315172, 9.1, 385, 道德形而上学原理
1228193, 8.4, 776, 回忆苏格拉底
1894184, 8.9, 448, 罗素自选文集
1315167, 9.0, 407, 历史的用途与滥用
1110656, 8.8, 489, 语言哲学
2278535, 8.5, 656, 哲学的邀请
1392562, 8.5, 650, 康德哲学讲演录
1810944, 8.7, 526, 启蒙辩证法
3803268, 8.5, 648, 历史决定论的贫困
3550249, 8.9, 432, 科学哲学
6784964, 8.5, 643, 观点
1437686, 8.8, 462, 自由及其背叛
1288870, 8.4, 689, 看哪这人
1652617, 9.3, 286, 任何一种能够作为科学出现的未来形而上学导论
1069576, 8.5, 604, 西方哲学史
1731081, 9.1, 337, 叔本华论道德与自由
1074329, 8.9, 403, 尼采（上下）
2222359, 8.9, 398, 非理性的人
1958791, 9.1, 327, 朝霞
1784921, 8.9, 390, 论道德的谱系
1253835, 9.2, 298, 哲学史教程（上卷）
1022187, 8.3, 719, 知识考古学
1227223, 8.6, 506, 哲学导论
1271862, 9.2, 279, 偶然、反讽与团结
1074364, 8.9, 362, 哲学史讲演录(第一卷)
1500045, 8.7, 433, 猜想与反驳
1039771, 8.9, 358, 法哲学原理
5396636, 9.2, 270, 资本主义与精神分裂 （卷二）
4246032, 9.4, 226, 西方哲学史讲演录
1439792, 8.5, 509, 形而上学导论
2143763, 8.4, 564, 疯狂的意义
1071514, 8.8, 372, 西方哲学原著选读(下卷)
17153313, 9.0, 306, 哲学导论
1392568, 8.8, 361, 哲学之树
1444141, 9.1, 276, 演讲与论文集
1035562, 8.6, 429, 在通向语言的途中
1002562, 8.7, 388, 论道德的谱系 善恶之彼岸
4903266, 8.4, 522, 超越感觉
1052276, 8.9, 319, 路标
1251842, 9.3, 227, 巴曼尼得斯篇
1255584, 8.4, 513, 时间与自由意志
1811507, 8.6, 416, 历史哲学
1050527, 8.8, 334, 逻辑学（上卷）
5377278, 8.2, 612, 西方哲学简史
1949061, 8.6, 401, 不合时宜的沉思
1228316, 8.7, 357, 荷尔德林诗的阐释
3035631, 8.5, 425, 康德传
6719660, 8.7, 349, 苏格拉底之死
1065051, 7.6, 1214, 西方哲学简史
1024677, 8.2, 571, 上帝死了
1288402, 9.3, 201, 马克思恩格斯选集（第一卷）
1915608, 8.7, 328, 人类理解研究
2287348, 8.5, 397, 论科学与艺术
3874395, 8.9, 273, 思想的力量
1005360, 8.7, 319, 面向思的事情
1048712, 8.4, 409, 柏拉图全集（第一卷）
1008757, 9.0, 234, 致死的疾病
1095500, 8.8, 277, 意识形态的崇高客体
1426973, 8.5, 364, 诗人哲学家
1275842, 9.0, 231, 充足理由律的四重根
2987179, 8.7, 293, 科学究竟是什么
1010615, 8.6, 309, 自由之路
1315775, 8.4, 373, 知性改进论
1066008, 8.7, 280, 非此即彼
3865451, 8.9, 234, 现象学导论
1827054, 9.1, 197, 诺斯替宗教
1462846, 8.8, 249, 克尔凯戈尔日记选
1032062, 8.3, 399, 路德维希・费尔巴哈和德国古典哲学的终结
10449401, 9.3, 164, 现代性的神学起源
1023775, 8.6, 293, 不正常的人
2283665, 9.2, 173, 来自德国的大师
1034534, 8.0, 520, 人，诗意地安居
2296820, 8.8, 235, 现象学的观念
1022369, 9.1, 181, 美学(第二卷)
2019392, 9.0, 194, 罗素论自由
1020182, 8.5, 300, 尼采与柏拉图主义
4712697, 9.0, 193, 康德《纯粹理性批判》句读
2370421, 9.1, 177, 回忆维特根斯坦
1031720, 7.8, 626, 现代西方哲学十五讲
2256360, 8.8, 224, 胡塞尔现象学
10485841, 8.8, 224, 作为教育家的叔本华
2302817, 8.8, 223, 批判哲学的批判
3069267, 9.1, 174, 陀思妥耶夫斯基的世界观
11597305, 8.7, 239, 《敌基督者》讲稿
1031345, 9.2, 157, 哲学史讲演录（第二卷）
1085518, 8.4, 309, 临床医学的诞生
1030254, 8.0, 466, 误入世界
1054092, 8.1, 415, 罗素自传（第一卷）
3165369, 8.4, 304, 叔本华散文
5336230, 8.3, 331, 论诱惑
4197707, 9.4, 131, 康德三大批判合集（上下）
2209114, 8.9, 189, 什么是哲学
2338733, 8.4, 293, 西方的智慧
2008074, 8.6, 243, 希腊悲剧时代的哲学
1107649, 8.6, 241, 柏拉图全集（第二卷）
4841504, 8.7, 220, 与孤独为伍
3422678, 7.8, 545, 生存空虚说
2278697, 8.6, 237, 赫拉克利特著作残篇
1067969, 9.3, 134, 哲学史教程（下卷）
1027384, 9.2, 141, 海德格尔选集（上下）
1002135, 8.6, 229, 历史与阶级意识
4753726, 8.9, 176, 宗教与科学
1059444, 8.2, 329, 二十世纪的教训
1512490, 8.3, 295, 实用主义
1888070, 8.3, 293, 尼采诗集
1008013, 8.1, 352, 苏格拉底的审判
1116325, 8.6, 217, 人类理解论（上下）
2997197, 8.6, 217, 权利与意志
1001283, 8.3, 285, 悲喜人生
1420502, 8.1, 348, 爱欲与文明
1799735, 8.2, 311, 邓晓芒讲黑格尔
1068301, 8.4, 256, 意识形态与乌托邦
3117984, 9.1, 140, 康德《判断力批判》释义
1315211, 8.9, 163, 论三位一体
1119473, 9.2, 129, 纪伯伦全集
1506334, 9.2, 129, 论反讽概念
1393386, 8.7, 190, 主体解释学
10355298, 9.2, 128, 论柏拉图的《会饮》
1023293, 8.4, 246, 权力的眼睛
1245505, 8.5, 220, 自然宗教对话录
1042292, 9.1, 134, 哲学史讲演录(第四卷)
1228654, 8.6, 200, 物性论
1232728, 8.7, 183, 康德《纯粹理性批判》指要
1044502, 8.3, 262, 颤栗与不安
1444022, 9.1, 133, 欧洲科学危机和超验现象学
11626392, 7.8, 436, 这不是一只烟斗
6710686, 9.0, 141, 生命政治的诞生
1047120, 8.3, 253, 神学政治论
1075174, 8.9, 150, 逻辑学（下卷）
1270267, 8.8, 161, 通过知识获得解放
1768046, 8.5, 205, 从黑格尔到尼采
1026171, 8.7, 172, 尼采与哲学
1315215, 8.4, 223, 蒂迈欧篇
1256169, 8.7, 170, 真理与方法（上卷）
1087833, 7.6, 511, 现代西方哲学新编
1086511, 8.5, 199, 人类的知识
2184710, 8.3, 238, 生命的悲剧意识
1245516, 8.8, 152, 纯粹现象学通论
5373892, 8.2, 257, 宗教的本质
1703433, 8.8, 149, 探求真理的指导原则
1013410, 8.6, 175, 论确实性
1490540, 8.4, 208, 赵敦华讲波普尔
2122180, 8.4, 206, 古希腊罗马哲学讲演录
24699866, 7.5, 531, 反对完美
1812420, 8.7, 155, 保卫马克思
1450985, 8.5, 181, 黑格尔辩证法讲演录
1536540, 8.1, 262, 论宗教宽容
1116342, 9.0, 121, 斯宾诺莎书信集
1010750, 8.7, 152, 伦理学的两个基本问题
7056695, 9.1, 112, 论我们教育机构的未来
26264205, 9.5, 85, 道德的谱系
1436758, 7.9, 317, 结构主义
25723773, 9.1, 111, 柏拉图对话录
25928726, 8.7, 148, 导读拉康
2969222, 9.0, 117, 现象学之基本问题
1443350, 9.1, 108, 康德著作全集.第４卷
1057558, 8.8, 134, 美学（第三卷・上）
1065053, 8.8, 134, 在事实与规范之间
1135056, 8.4, 186, 道德原则研究
1077506, 8.5, 170, 书写与差异（上下）
3226085, 9.0, 114, 论真理的本质
1138451, 8.5, 169, 最后的沉思
1073230, 8.8, 132, 哲学史讲演录(第三卷)
1443526, 8.2, 220, 新工具
25752408, 9.2, 98, 黑格尔导论
3413840, 8.7, 141, 思辨的张力
3075468, 8.9, 120, 哲学史方法论十四讲
20284227, 8.4, 178, 欢迎来到实在界这个大荒漠
5290299, 8.9, 118, 安全、领土与人口
4716717, 8.4, 176, 论世间苦难
2677507, 8.9, 117, 善与恶的彼岸
1907506, 8.3, 191, 哲学要义
3806060, 9.3, 88, 爱比克泰德论说集
2981380, 7.9, 277, 维特根斯坦与哲学
2110689, 8.1, 225, 尼采读本
1723738, 8.5, 156, 雅典政制
1310157, 8.5, 155, 古希腊哲学史纲
1907590, 8.7, 131, 从存在到存在者
6129143, 8.4, 167, 现象学导论七讲
1053933, 8.6, 141, 现实感
2281398, 8.6, 140, 海德格尔思想与中国天道
1512482, 8.5, 152, 自由之路
2051548, 9.1, 96, 人的奴役与自由
3022640, 8.0, 239, 逻辑学十五讲
1079698, 8.5, 151, 哥德尔
4231733, 8.5, 151, 论自由意志
1136453, 8.6, 139, 论学者的使命 人的使命
1080369, 8.4, 164, 康德传
1248122, 8.5, 149, 数理哲学导论
1809123, 8.8, 115, 逻辑研究（第一卷）
1773020, 8.1, 207, 不可能的存在之真
25670715, 8.8, 114, 《纯粹理性批判》讲演录
1289025, 8.6, 132, 大哲学家
1085314, 7.8, 275, 爱这个世界
1082468, 8.8, 112, 维特根斯坦全集（全12卷）
1059717, 9.1, 90, 论德国宗教和哲学的历史
1420509, 8.5, 141, 现象学的方法
1783734, 8.0, 221, 现代性与后现代性十五讲
1283281, 8.1, 200, 战时笔记
1463876, 8.4, 152, 存在主义
1252117, 8.4, 151, 范畴篇 解释篇
6716364, 9.0, 95, 美学
26581735, 8.9, 102, 黑格尔
1157313, 8.4, 150, 物理学
4223297, 9.1, 88, 西方哲学导论
1060196, 8.9, 101, 思想家
1228145, 9.4, 72, 马克思恩格斯选集（第三卷）
10748231, 9.3, 76, 哲学论稿
3349509, 8.4, 147, 科学发现的逻辑
1116326, 7.3, 461, 人是机器
1933952, 8.3, 160, 废弃的生命
1685331, 8.5, 135, 海德格尔哲学概论
2213558, 7.8, 258, 瓦格纳事件/尼采反瓦格纳
1254363, 8.7, 114, 斯宾诺莎的实践哲学
3552733, 9.6, 62, 神W大全
2051819, 8.6, 120, 神义论
1775813, 8.4, 141, 存在的勇气
1071177, 9.1, 83, 古希腊哲学
1073103, 8.5, 129, 笛卡尔哲学原理
2116814, 8.6, 119, 在上帝与牛顿之间
1809127, 9.2, 77, 逻辑研究（第二卷 第一部分）
4882100, 8.6, 118, 人类知识原理
1074986, 8.1, 180, 我的哲学的发展
1079774, 8.2, 164, 无尽的探索
1464377, 8.3, 150, 色诺芬的《会饮》
1059384, 8.7, 108, 康德三大批判精粹
1011158, 8.7, 107, 小乘佛学
2035177, 8.7, 107, 尼采文集
4165362, 7.4, 366, 尼采的锤子
1072932, 8.3, 146, 哲学辞典
1085534, 8.4, 134, 黑格尔
1322161, 8.4, 132, 理性的声音
2248141, 8.7, 104, 胡塞尔现象学概念通释
4189212, 8.5, 119, 人之镜
1012469, 7.8, 223, “蝙蝠”文库系列丛书（4种）
1018634, 8.4, 128, 卢梭・康德・歌德
1813839, 8.5, 117, 世界历史与救赎历史
1276339, 9.0, 81, 海德格尔选集（上下）
4814377, 9.0, 81, 同一与差异
25928725, 8.6, 107, 导读齐泽克
4109573, 9.1, 73, 内时间意识现象学
1819578, 9.3, 64, 逻辑研究（第二卷 第二部分）
2125921, 8.1, 156, 西方哲学与人生(第一卷)
24732489, 8.8, 89, 生命安宁
1393220, 9.0, 77, 启蒙运动与现代性
4230644, 8.7, 94, 分道而行
1016764, 8.8, 87, 希腊哲学史 第一卷
3561136, 8.8, 87, 逻辑之旅
1040115, 8.2, 139, 苏格拉底
1223943, 7.8, 201, 拉康选集
25732544, 8.7, 93, 福柯 / 布朗肖
25906248, 8.4, 117, 导读德勒兹
1185730, 8.3, 127, 海德格尔存在哲学
1060125, 8.6, 100, 诗・语言・思
1184873, 8.1, 150, 阿德勒人格哲学
25798589, 9.1, 70, 潜能
1467300, 8.2, 135, 黑格尔导读
4908875, 9.3, 61, 康德与形而上学疑难
4262651, 9.1, 69, 物的追问
1257998, 7.7, 212, 叔本华的智慧
1020145, 8.6, 95, 活的隐喻
1776823, 8.3, 120, 勾引家日记
24697397, 9.1, 67, 畏惧与颤栗 恐惧的概念 致死的疾病
1074688, 8.5, 101, 自然与快乐
1068227, 8.1, 140, 人的问题
21233495, 9.6, 49, 洛克与自由社会
20276111, 8.9, 75, 智者
1420758, 8.5, 100, 浪漫之魂
2116813, 9.0, 70, 在天国与尘世之间
3638014, 8.2, 127, 罪与欠
1010234, 8.8, 79, 西方哲学史（第一卷）
1256171, 8.8, 79, 哲学解释学
1773002, 8.3, 115, 语言、真理与逻辑
3721840, 8.6, 91, 读柏拉图
4236619, 8.4, 105, 福柯读本
4035614, 8.5, 97, 分析哲学导论
1292301, 9.0, 68, 生活世界现象学
1226351, 7.7, 195, 西方哲学笔记
1019043, 8.3, 113, 哲学寓言集
1068872, 8.3, 113, 结构主义以来：从列维-斯特劳斯到德里达
1811506, 9.4, 53, 精神哲学
1292314, 8.4, 103, 理性、真理与历史
1526790, 8.8, 76, 德国古典哲学逻辑进程
1074789, 8.7, 81, 先验唯心论体系
1368069, 7.6, 207, 西方哲学史
1476953, 7.9, 153, 生存空虚说
1214830, 8.0, 139, 柏拉图全集（第三卷）
1853165, 9.1, 61, 弗雷格哲学论著选辑
1061195, 8.8, 74, 启蒙哲学
2259925, 9.2, 57, 《逻辑哲学论》研究
6062279, 9.2, 57, 现象学运动
1267621, 8.5, 91, 感觉的分析
1287105, 8.1, 125, 西方哲学精神
25906249, 8.7, 78, 导读尼采
1916705, 7.7, 180, 牛津西方哲学史
4117984, 9.1, 59, 维特根斯坦《哲学研究》解读
1878203, 8.3, 103, 康德哲学诸问题
2267363, 8.4, 95, 逻辑与罪
3147099, 8.5, 88, 论精神
26774090, 8.5, 87, 内在体验
3012985, 8.4, 93, 心灵导论
25813166, 9.4, 48, 无限与视角
1956567, 9.1, 57, 斯宾诺莎读本
1223382, 7.8, 153, 笛卡尔思辨哲学
3063152, 8.6, 79, 笛卡尔沉思与巴黎讲演
3336968, 8.8, 68, 时间现象学的基本概念
1066774, 8.2, 106, 创造进化论
1248417, 8.2, 106, 宗教的自然史
1959938, 9.1, 56, 哲学的贫困
1248546, 8.5, 83, 哲学作为严格的科学
3277725, 8.5, 83, 中世纪哲学精神
1003931, 8.8, 67, 单纯理性限度内的宗教
2301861, 8.8, 67, 黑格尔法哲学批判
26159020, 8.8, 67, 视差之见
3313440, 7.5, 199, 海德格尔
2244333, 7.9, 134, 遏止野火
1281748, 8.2, 103, 西方公民不服从的传统
2064918, 8.2, 103, 西蒙娜・薇依早期作品选
1065576, 8.4, 87, 萨特文学论文集
1219658, 7.8, 144, 百合・飞鸟・女演员
1830683, 8.1, 109, 实用主义
1025244, 7.5, 190, 新编现代西方哲学
1048835, 8.3, 92, 哲学和自然之镜
1000144, 8.2, 99, 交往行为理论
1721810, 8.5, 78, 逻辑与知识
6397525, 8.5, 78, 巴门尼德著作残篇
2059987, 8.6, 72, 自我、他人与道德
1458716, 7.7, 150, 知觉现象学
4872491, 8.0, 114, 叔本华
20172592, 8.2, 96, 40堂哲学公开课
1311819, 8.5, 76, 形式显示的现象学
1848182, 8.3, 88, 论怀疑者
1426732, 8.5, 75, 尼采反卢梭
1288861, 7.6, 160, 莱茵哲影
4162700, 8.7, 65, 什么是快乐的人生
1019737, 8.5, 74, 自识与反思
1214270, 7.5, 175, 维特根斯坦的拨火棍
3004812, 7.5, 174, 古典哲学的趣味
3587689, 8.8, 60, 时间概念史导论
4062211, 9.4, 42, 还原与给予
24699319, 9.4, 42, 哲学史讲演录（新校重排本）
4733858, 8.7, 64, 宗教能否解除我们的困惑
1010039, 8.2, 92, 诗与哲学
1228140, 8.6, 68, 希腊哲学史（第二卷）
1221553, 7.6, 155, 当代西方哲学笔记
1061063, 8.2, 91, 现象学及其效应
3072550, 7.9, 116, 伊翁
3251671, 8.6, 67, 二十世纪法国哲学
1226635, 8.3, 83, 思维方式
25873059, 9.4, 41, 康德的先验观念论
3012817, 7.9, 115, 福柯的界线
1085565, 8.6, 66, 伏尔泰中短篇小说集
21337750, 8.6, 66, 海德格尔导论
1259305, 8.9, 54, 当代哲学主流（上卷）
2250171, 7.4, 183, 游戏规则
1270576, 8.2, 88, 西方哲学智慧
3810082, 8.3, 81, 你不可不读的西方哲学故事
3040511, 8.9, 53, 主体性和自身性
1512250, 8.5, 69, 灵魂论及其他
3008767, 7.8, 120, 性爱二十讲
1851383, 9.2, 44, 哲学与真理
2327496, 8.3, 79, 马克思主义的起源
1076404, 7.9, 108, 德国哲学十论
3212463, 9.5, 37, 真理与自由
1420947, 9.1, 46, 逻辑与语言
6000089, 7.3, 190, 尼采
25900379, 8.7, 58, 导读利奥塔
3069644, 9.0, 48, 康德的道德哲学
3810075, 8.3, 76, 宽容
1420304, 8.0, 96, 灵知主义与现代性
1085953, 7.8, 114, 福柯思想肖像
11542251, 8.6, 61, 《存在与时间》释义
1510740, 8.1, 88, 全部知识学的基础
5500884, 8.4, 70, 哲学百科
1107650, 7.8, 113, 柏拉图全集（第四卷）
4922508, 8.2, 81, 简论上帝、人及其心灵健康
1077043, 8.1, 87, 基督教哲学1500年
1500044, 8.1, 87, 客观知识
1075771, 8.2, 80, 科学与近代世界
1443381, 7.9, 102, 当代法国思想五十年（上下册）
3238061, 8.7, 56, 康德的《纯粹理性批判》
2165276, 7.9, 101, 西方哲学经典讲演录
2567256, 8.9, 49, 当代分析哲学
3006172, 9.0, 46, 一个自由人的崇拜
2256290, 8.3, 73, 笛卡尔与《第一哲学的沉思》
2216279, 8.2, 78, 形而上学
1930217, 7.2, 197, 西方死亡哲学
1767801, 9.1, 43, 牛津格言集
1084227, 7.9, 99, 上帝・死亡和时间
1448901, 8.4, 67, 二十世纪英美哲学
1233922, 8.8, 51, 希腊哲学史（第三卷）
1315193, 7.8, 107, 哲学通信
1135048, 8.5, 62, 人类理智新论
1420501, 8.5, 62, 分析哲学的起源
1717743, 8.2, 77, 美学理论
1193655, 8.0, 90, 写给大众的西方哲学
1444023, 8.3, 71, 命名与必然性
1040965, 8.2, 76, 后形而上学思想
3204031, 7.5, 138, 笛卡儿的秘密手记
25810167, 7.7, 112, 哲学百科
1038376, 8.9, 46, 斯宾诺莎哲学研究
4220051, 8.9, 46, 20世纪亚里士多德研究文选
1228137, 8.7, 52, 前苏格拉底哲学研究
1016271, 8.3, 68, 生与死的对抗
2047562, 7.8, 100, 维特根斯坦与《哲学研究》
1228655, 8.1, 78, 狄德罗哲学选集
25827510, 8.5, 58, 最后的事情
1937150, 8.9, 45, 论希腊哲学
3595851, 8.9, 45, 砍去自然神论头颅的大刀
4218726, 8.4, 62, 心的分析
1740511, 8.0, 83, 我们关于外间世界的知识
3014027, 9.0, 42, 古希腊罗马哲学
6067751, 8.8, 47, 柏拉图对话六种
2041722, 8.4, 61, 从逻辑的观点看
3802470, 8.4, 61, 技术哲学讲演录
3832004, 8.5, 56, 德国古典哲学
26354332, 9.4, 33, 泰阿泰德
1880079, 8.9, 43, 弗洛伊德
1266588, 7.5, 123, 加缪
3507033, 8.4, 59, 系于孤独之途
4289275, 8.4, 59, 维特根斯坦的《逻辑哲学论》
1312056, 8.3, 63, 陀思妥耶夫斯基哲学
3078099, 8.1, 73, 西方哲学与人生（第二卷）
1444144, 8.0, 77, 苏格拉底之道
1021017, 8.2, 66, 德里达中国讲演录
1684010, 7.6, 108, 心、脑与科学
3391912, 8.6, 50, 实用主义哲学
3870854, 8.6, 50, 古代哲学史
1234299, 9.1, 37, 舍勒选集
25873525, 9.1, 37, 哲学的邀请：问题与选择
1228585, 8.5, 53, 论原因、本原与太一
1287627, 9.0, 39, 哲学经典选读
26791792, 9.5, 30, 敌基督者-对基督教的诅咒
1396728, 8.2, 65, 基督教与西方思想（卷一）
1740512, 8.2, 65, 康德书信百封
1005873, 7.4, 128, 哲学修养十五讲
2036485, 8.9, 41, 康德著作全集（第6卷）
1007915, 8.3, 60, 18世纪哲学家的天城
24701792, 8.7, 46, 在康德与黑格尔之间
1265478, 8.5, 52, 启蒙时代哲学家的天城
1035937, 8.3, 59, 新哲学讲演录
4941684, 9.3, 32, 古兰经注
1256394, 8.6, 47, 真理与方法（下卷）
3136345, 8.6, 47, 对人类自由的本质及其相关对象的哲学研究
2054372, 8.5, 50, 辩证唯物主义历史唯物主义
2335881, 9.4, 30, 西方学者论《一八四四年经济学-哲学手稿》
1248547, 8.7, 44, 康德学述
2253580, 8.3, 57, 西方文化的衰落
1275397, 8.9, 39, 胡塞尔选集（上下）
1259309, 9.2, 33, 当代哲学主流（下卷）
1027500, 8.4, 53, 价值的颠覆
4140491, 8.4, 53, 自我的超越性
1074781, 7.8, 83, 西方哲学初步
1206945, 8.8, 41, 康德黑格尔哲学研究
3234407, 7.9, 76, 西方马克思主义概论
26770827, 8.6, 46, 不可言明的共通体
4023787, 8.3, 56, 苏格拉底前后
1536660, 7.7, 89, 康德
1191781, 8.7, 43, 道德情感论
5361435, 8.7, 43, 感觉与可感物
1536537, 7.9, 75, 黑格尔传
26711191, 8.4, 52, 简单的哲学
1070841, 7.4, 116, 哲学的改造
1444112, 7.8, 81, 后现代论
5068098, 8.9, 38, 本然的观点
4218913, 7.5, 105, 亚里士多德的世界
1400289, 8.0, 68, 结构主义
22273147, 9.3, 30, 道德形而上学
1015145, 8.0, 67, 十八训导书
1022794, 8.0, 67, 哲学家的动物园
1290256, 8.1, 62, 多元的宇宙
21932723, 8.9, 37, 尼采的教诲
1080503, 9.0, 35, 美学(第三卷下)
4179680, 8.5, 47, 热爱生命
26334505, 8.4, 50, 海德格尔与哲学的开端
1655575, 7.7, 84, 心的概念
3837878, 7.5, 99, 叔本华与尼采
1021198, 8.5, 46, 欧洲哲学史上的经验主义和理性主义
3090933, 8.5, 46, 宗教与哲学的相遇
1429828, 7.2, 132, 莫伟民讲福柯
2335441, 8.2, 56, 西方哲学基础文献选读
1054606, 8.6, 43, 钥匙的统治
2993412, 9.0, 34, 解释的冲突
1063272, 8.3, 52, 人文科学的逻辑
2219881, 8.8, 38, 论人的使命 神与人的生存辩证法
6124203, 8.8, 38, 胡塞尔思想概论
1315195, 8.0, 64, 恶的象征
4162701, 8.0, 64, 超越生命的选择
1495244, 8.7, 40, 犹太教神秘主义主流
4882021, 7.7, 81, 牛津西方哲学史（全四卷）
1843272, 8.5, 45, 第一哲学（上、下卷）
1795466, 7.6, 88, 尼采新论
1316284, 8.1, 59, 休谟经典文存
2265560, 8.1, 59, 意向性
3042610, 8.1, 59, 人是谁
1418499, 8.3, 51, 语词和对象
1216206, 8.4, 47, 工具论(上下)
1465434, 8.4, 47, 博士论文
3344643, 8.4, 47, 尼采的使命
1736177, 8.7, 39, 回到马克思
2149444, 7.9, 67, 哲学
1443374, 8.5, 44, 思想与论证
1018390, 8.3, 50, 苏格拉底及其哲学思想
5951355, 7.2, 124, 黑塞之中国
1253291, 8.4, 46, 现代性与矛盾性
1319688, 8.3, 49, 批评的西方哲学史
26279443, 8.9, 34, 圣保罗
2326811, 9.4, 26, Philosophical Analysis In The Twentieth Century
4154970, 8.4, 45, 哲学的客体
1252641, 8.3, 48, 人性的得失与智慧
1423551, 8.3, 48, 告别洪荒
3300152, 8.3, 48, 当代形而上学导论
2229010, 8.1, 55, 反对方法
1034032, 8.5, 42, 认识与兴趣
1426478, 8.5, 42, 西方哲学史（第五卷）
1026639, 7.0, 144, 西方哲学史(上)
1444027, 8.6, 39, 确定性的寻求
2080776, 8.1, 54, 海德格尔的根
1157323, 8.0, 58, 政治论
1085537, 8.3, 47, 阶级斗争
1037836, 8.4, 44, 克尔凯戈尔入门
1947565, 7.8, 67, 苏格拉底的困惑
1418452, 8.1, 53, 解释学 美学 实践哲学 伽达默尔与杜特对谈录
1660743, 8.8, 34, 康德《纯粹理性批判》解义
2568214, 7.4, 93, 尼采与身体
1051277, 8.2, 49, 材料与记忆
3618179, 8.9, 32, 海德格尔与其思想的开端
26337354, 8.0, 56, 像哲学家一样思考
1001355, 7.8, 65, 论有学识的无知
1536639, 7.4, 91, 萨特
4909158, 7.4, 91, 笛卡尔
2029360, 7.6, 76, 精神生活・意志
2117201, 7.6, 76, 萨特引论
20387664, 9.2, 27, 康德《道德形而上学奠基》句读
1057417, 8.3, 45, 新系统及其说明
1196473, 8.3, 45, 哲学谈话录
1018188, 7.8, 64, 作为“意识形态”的技术与科学
1941408, 7.8, 64, 列维纳斯
1945509, 8.8, 33, 哲学的主要问题
21254192, 8.1, 51, 写给年轻人的哲学史
1482446, 7.5, 81, 生存哲学
3206314, 8.3, 44, 理解自由意志
1077302, 8.2, 47, 后哲学文化
2083742, 8.4, 41, 胡塞尔与《笛卡尔式的沉思》
10540007, 8.7, 34, 哲学之诗
2143008, 7.9, 57, 个体在艺术中的诞生
1872166, 8.5, 38, The Foucault Reader
2219824, 8.3, 43, 文化的哲学
6139561, 8.1, 49, 亚里士多德伦理学
1721830, 8.4, 40, 本体论研究
1820249, 8.4, 40, 黑格尔的观念论
1003959, 7.9, 56, 一种疯狂守护着思想
1443472, 8.5, 37, 普通认识论
3069659, 8.5, 37, 康德判断力之批判
3996286, 8.5, 37, 西方二元灵知论
6719963, 9.0, 28, 存在与实体
3719497, 8.4, 39, 分析美学史
26280127, 9.3, 24, 哲学与宗教的永恒同盟
2978197, 7.6, 68, 经过省察的人生
4121039, 8.5, 36, 九章集（上下）
4208019, 8.1, 46, 激进哲学
1252032, 8.2, 43, 从开端到柏拉图
1043838, 7.8, 57, 自然哲学
26545446, 8.8, 30, 导读萨特
3040509, 7.4, 79, 想象
25839995, 7.7, 61, 柏拉图的本原学说
2101399, 7.2, 94, 袖珍神学
1001424, 7.9, 52, 欧洲自由主义史
1441504, 7.8, 56, 回答――马丁・海德格尔说话了
2305073, 8.2, 42, 西洋哲学史
4705677, 8.4, 37, 当代西方哲学两大思潮（上下）
1492876, 8.7, 31, 西方哲学史-德国古典哲学（第六卷）
10736771, 7.4, 77, 尼采随笔
24531125, 7.9, 51, 推开哲学的门
1049390, 8.8, 29, 审美经验现象学（上、下）
1163637, 7.8, 54, 哈贝马斯精粹
4044505, 7.7, 58, 现代西方哲学的精神
1624104, 8.3, 38, 马克思主义哲学经典文本导读（上）
1265866, 8.9, 27, 面对实事本身
1094879, 8.7, 30, 牛津哲学词典
1216332, 8.0, 46, 天才的激情与感悟
1078603, 8.2, 40, 尼采
1228346, 8.2, 40, 后现代性的哲学话语
4093028, 8.2, 40, 思考与超越――哲学对话录
1121047, 7.7, 57, 开放的宇宙
1919655, 7.5, 67, 现象学
1292307, 7.2, 86, 生活的意义与价值
1013635, 9.0, 25, 自然的体系（上下）
4817214, 9.0, 25, 康德著作全集（第8卷）
25788706, 8.2, 39, 沉默的世界
5356203, 7.6, 60, 一本书读懂西方哲学史
3093623, 8.9, 26, 意向
4849775, 8.0, 44, 德国古典哲学讲演录
1068287, 7.9, 47, 柏拉图
3389553, 8.3, 36, 泰阿泰德 智术之师
1000083, 7.5, 63, 尼采、海德格尔与德里达
10568280, 9.1, 23, 悲剧的诞生
1116321, 7.9, 46, 文化科学和自然科学
25744949, 9.4, 20, 《范畴篇》笺释
26663535, 9.4, 20, 善恶的彼岸
2017562, 8.7, 28, 思辨之神
3896248, 8.1, 40, 哲学原理
3692420, 8.4, 33, 古代哲学
6017115, 8.4, 33, 当代语言哲学导论
1039270, 7.6, 57, 休谟
26644773, 9.5, 19, 尼采著作全集（第6卷）
25845606, 8.5, 31, 何为道德
5321217, 8.9, 25, 政治经济学批判
1268037, 8.2, 37, 古希腊哲学探本
1311820, 8.2, 37, 论康德与黑格尔
1269651, 8.6, 29, 西方哲学英汉对照辞典
3669281, 8.8, 26, 黑格尔辩证-思辨的真无限概念
4898564, 9.6, 18, 希腊哲学史（第四卷 全二册）
1041872, 7.0, 95, “诺斯”与拯救
1063396, 7.1, 86, 维特根斯坦
3773128, 8.4, 32, 存在论
2219656, 8.7, 27, 十力语要初续
6424852, 8.5, 30, 海德格尔与存在之谜
1273792, 7.5, 59, 自我实现的历程
2190998, 8.6, 28, 海德格尔
1002246, 7.9, 43, 伦理学导论
1311865, 7.8, 46, 海德格尔与黑格尔时间思想比较研究
3617076, 8.8, 25, 作为生活结构的世界
1071019, 8.2, 35, 西方哲学问题研究
10575149, 8.4, 31, 存在主义
1313239, 7.3, 68, 黑格尔：之前和之后
1217075, 8.1, 37, 必要的张力
1257772, 8.1, 37, 休谟哲学研究
3209060, 7.5, 57, 现象学十四讲
2377239, 8.5, 29, 常识中的理性
19907595, 8.7, 26, 维特根斯坦
24385452, 8.7, 26, 中世纪哲学（上下）
1175632, 7.9, 42, 人文困惑与反思
1042981, 7.4, 61, 哲学笔记
1063369, 8.6, 27, 胡塞尔思想的发展
1961843, 8.6, 27, 黑格尔哲学
3207922, 8.3, 32, 技术哲学经典读本
4158164, 8.2, 34, 后哲学的哲学问题
2267404, 9.1, 21, 人与人
1558249, 9.2, 20, 康德美学文集
3244513, 8.9, 23, Think
5437044, 8.9, 23, 语法哲学
1562088, 8.4, 30, 从现象学到孔夫子
1424705, 7.8, 44, 个人主义
26276891, 7.9, 41, 维特根斯坦的反哲学
24699232, 8.2, 33, 论存在者与本质
1032400, 7.9, 40, 隐蔽的上帝
2182550, 8.3, 31, 形而上学论
5988623, 8.1, 35, 康德与观念论
1162692, 8.4, 29, 理性与启蒙
3842939, 8.4, 29, 近代唯心论简释
3733080, 7.6, 49, 现代西方哲学
1375654, 7.8, 42, 包容他者
3284569, 8.9, 22, 狄德罗美学论文选
1444024, 7.3, 61, 二十世纪哲学
3662427, 8.3, 30, 哲学的场景
4213241, 7.7, 44, 走进分析哲学
1054859, 8.6, 25, 对莱布尼茨哲学的叙述、分析和批判
1945515, 8.2, 31, 历史哲学问题――认识论随笔
1390240, 7.9, 37, 论“神圣”
1257212, 8.9, 21, 现在的哲学
1427722, 8.9, 21, 哲学逻辑引论
1253892, 8.8, 22, 黑格尔早期著作集(上) (平装)
1358475, 8.4, 27, 叔本A文集
3006664, 9.1, 19, 伽达默尔论柏拉图
26657199, 9.1, 19, 中世纪哲学
3073451, 7.8, 39, 马克思与浪漫派的反讽
1728077, 8.1, 32, 逻辑学导论
1814920, 8.0, 34, 西方哲学史(第7卷现代欧洲大陆哲学上下学术版)(精)
1441501, 7.5, 48, 海德格尔的弟子
1055877, 8.5, 25, 哲学科学全书纲要
4204034, 6.6, 111, 人活着究竟为什么
25851115, 8.4, 26, 前苏格拉底哲学家：原文精选的批评史
1064885, 7.7, 40, 比较诗学
10575146, 8.7, 22, 马克思主义与历史学
3094801, 7.3, 54, 从胡塞尔到德里达
2223330, 7.5, 46, 意识的向度
3282360, 7.5, 46, 永恒与时间
25866227, 8.5, 24, 时间与存在
1029003, 8.0, 32, 从西方哲学到禅佛教
1023159, 8.1, 30, 谢林论人类自由的本质
1116682, 7.9, 34, 唯一者及其所有物
1429829, 7.9, 34, 逻辑哲学
1833685, 7.3, 52, 今天是什么
1273952, 8.3, 26, 内在时间意识现象学
1041136, 8.0, 31, 死・永生・上帝
26371104, 7.2, 55, 哲学的快乐
1924309, 7.3, 50, 自由、平等、必死性
1142397, 7.7, 37, 德里达
2161591, 7.4, 46, 德国哲学通史（全三卷）
3040051, 7.9, 32, 人性的高贵与卑劣
4882017, 8.0, 30, 牛津西方哲学史（第一卷）
6976966, 9.1, 17, 柏拉图及其思想
5286660, 7.8, 34, 形而上学的历史演变
1286680, 7.6, 39, 巴塔耶
1047820, 8.1, 28, 经验与判断DD逻辑谱系学研究
1444021, 8.1, 28, 自由社会中的科学
6861497, 8.6, 21, 论原罪与恩典
25869109, 8.6, 21, 黑格尔《精神现象学》句读（第一卷）
1228322, 7.5, 41, 无之无化
1839914, 8.8, 19, Totality and Infinity
1065521, 8.5, 22, 艺术的意味
1375655, 8.0, 29, 后民族结构
6014495, 8.4, 23, 普遍性种种
2315922, 8.3, 24, 辩证理性批判（上下）
2230657, 7.8, 32, 海德格尔早期思想研究
1911454, 7.9, 30, 舍勒的心灵
1512769, 7.7, 34, 什么是所有权
1245804, 7.5, 39, 斯宾诺莎
1560019, 7.2, 49, 古希腊罗马犬儒现象研究
10757668, 7.6, 36, 方法论・情志论
26308285, 8.5, 21, 论柏拉图的《政治家篇》
1837681, 8.1, 26, 亚里士多德
1264973, 7.8, 31, 唯物主义和经验批判主义
1396732, 7.8, 31, 自由主义、社会契约与政治辩护
1265294, 7.5, 38, 主体的退隐
6969145, 7.9, 29, 斯宾诺莎传
1292426, 7.7, 33, 哲学的改造
1368068, 7.7, 33, 存在和自由的重负
1002387, 8.1, 25, 知识之树
1770851, 8.1, 25, 情感的本质与意义
3586331, 8.1, 25, 古代与现代的争执
1216266, 8.3, 22, 康德著作全集（第1卷）
1814919, 7.8, 29, 西方哲学史（第三卷）
1444014, 7.9, 27, 行为的结构
1132934, 8.0, 25, 是与真
1072124, 7.7, 30, 多义的记忆
1800111, 8.5, 19, Doing Philosophy
11533686, 8.5, 19, 另类胡塞尔
1253523, 8.3, 21, 现代文明与人的困境DD马尔库塞文集
5037316, 8.2, 22, 尼各马可伦理学义疏
26369277, 8.2, 22, 可见者的交错
2061503, 8.1, 23, 德意志社会主义
2117000, 8.0, 24, 思想的起兴
1311861, 7.4, 35, 当代法国哲学导论（全二卷）
1692678, 7.4, 35, 时间性：自身与他者
1056752, 7.9, 25, 开放的思想和社会
6440182, 7.9, 25, 不满的苏格拉底
3605626, 8.3, 20, 从绝对自我到绝对他者
26421237, 8.3, 20, 心灵与自我的希腊模式
24841729, 8.4, 19, 柏拉图《理想国》剑桥指南
6013775, 8.2, 21, 理解梅洛-庞蒂
24784720, 8.2, 21, 西方哲学与人生-第一卷
1007898, 7.6, 30, 从亚里士多德到奥古斯丁
4836948, 8.6, 17, 基督宗教伦理学（上下卷）
6974000, 7.8, 26, 对亚里士多德的现象学解释
1451222, 7.2, 39, 实在论的多副面孔
1075084, 7.3, 36, 语言与哲学--当代英美与德法哲学传统比较研究
1010563, 7.6, 29, 杜威
4741642, 7.9, 24, 幽暗的诱惑
1120531, 8.2, 20, 马克思、尼采、弗洛伊德、胡塞尔
3031531, 8.2, 20, 教育哲学
5981848, 7.8, 25, 黑格尔哲学讲演集
5300084, 8.0, 22, 《实践理性批判》通释
25925753, 7.6, 28, 导读列维纳斯
5411387, 7.2, 37, 在康德的唤醒下
1197271, 7.6, 27, 十九世纪德国非主流哲学
24697289, 7.6, 27, 哲学对话 : 柏拉图、休谟和维特根斯坦
4840104, 7.3, 33, 汤因比历史哲学
1046862, 8.0, 21, 希腊思想和科学精神的起源
2125922, 8.0, 21, 张东荪讲西洋哲学
1079936, 7.7, 25, 存在主义哲学资料选辑（上卷）
1267602, 7.7, 25, 后现代主义哲学讲演录
3025003, 7.7, 24, 犹太哲学史（上、下卷）
3747071, 8.1, 19, 形而上学与社会希望
1843273, 8.2, 18, 过程与实在
1262266, 7.9, 21, 道家与海德格尔相互诠释
6901618, 7.9, 21, 现代性与后现代性
6829320, 7.6, 25, 托马斯・阿奎那读本
4248142, 7.8, 22, 现象学的始基
2052637, 7.7, 23, 20世纪的哲学与哲学家
1359465, 7.5, 26, 自然科学的形而上学基础
2995092, 7.6, 24, 现代性的困境
3336788, 8.0, 19, 黑格《小》[注
3274691, 8.1, 18, 柏克莱哲学对话三篇
25850409, 8.1, 18, 自然与团契
5384062, 7.3, 29, 哲学是什么
3107490, 7.8, 21, 让事物说话-后现象学与技术科学
21337601, 7.8, 21, 哲学思维学堂
1064028, 7.7, 22, 西利斯
2567391, 7.6, 23, 海德格尔式的现代神学
25898787, 8.0, 18, 最伟大的思想家
1255063, 7.5, 24, 哲学主要趋向
25848674, 7.5, 24, 居伊・德波
10517022, 7.8, 20, 让快乐排好队
6128973, 8.1, 17, 积极自由的悖论
25831957, 7.7, 21, 自由与文化
25916078, 7.7, 21, 当代哲学问题九讲
1201138, 8.2, 16, 论自然、凝思和太一
26148728, 6.7, 42, 海德格尔自述
25793590, 7.5, 23, 柏拉图的蒂迈欧
4141813, 7.8, 19, 自由精神哲学
1006434, 7.4, 24, 悬搁判断与心灵宁静
1751060, 7.4, 24, 莱布尼茨读本
1762647, 8.1, 16, 海德格尔诗学文集
1227518, 7.2, 26, 莱布尼茨
3006269, 7.7, 19, 马基雅维里思想研究
1822254, 7.9, 17, 尼采
3719295, 7.9, 17, 胡塞尔哲学中的发生问题
25928733, 7.6, 20, 导读波伏瓦
10764710, 8.0, 16, 第一哲学沉思录・伦理学
26694273, 8.0, 16, 近代哲学史
4115722, 7.5, 21, 海德格尔的政治存在论
1252635, 7.6, 19, 真理与进步
1890557, 8.1, 14, The Cambridge Companion to Kant
26425763, 7.2, 23, 自然法则
4248143, 7.7, 17, 论黑格尔的逻辑学
3086672, 7.5, 19, 20世纪法国文学回顾
3034695, 7.8, 16, “哥白尼式”的革命
6511728, 7.9, 15, 剑桥哲学史（1870～1945）（全二册）
20036240, 8.2, 13, 哲学经典（上下册）
3732174, 8.0, 14, 文章与讲演（第七卷）
3753860, 7.7, 16, 意义与真理的探究
6388402, 7.7, 16, 论柏拉图对话
25750863, 7.8, 15, 现象学的构成研究
26686212, 6.8, 28, 海德格尔：纳粹主义、女人和哲学
1310764, 7.2, 21, 维特根斯坦与维也纳学派
21365819, 8.2, 12, 形上之路
26905218, 8.2, 12, 人类纪里的艺术：斯蒂格勒中国美院讲座
3396543, 7.4, 18, 中世纪哲学
26868404, 8.4, 11, 灾异的书写
25848949, 7.6, 16, 作为一个他者的自身
2002892, 8.0, 13, Philosophy as a Way of Life
26327969, 8.0, 13, 根据亚里士多德论“是者”的多重含义
1830690, 7.7, 15, 早期希腊哲学
3602949, 7.8, 14, 西方哲学原著选读(1983)
20497366, 8.1, 12, 耶拿体系1804-1805
3227944, 7.5, 16, 雅斯贝尔斯
24754292, 7.5, 16, 表达与存在
26261099, 7.9, 13, 哲学如何成为苏格拉底式的
26850053, 7.7, 14, 文德尔班哲学导论
26304318, 7.8, 13, 从莱布尼茨出发的逻辑学的形而上学始基
10827626, 7.5, 15, 思想的界碑
25812903, 7.6, 14, 现代哲学简史
1275432, 7.9, 12, 论义务
25831732, 7.7, 13, 灵长目与哲学家
1442125, 7.5, 14, 人在宇宙中的地位
1844196, 7.5, 14, 克尔凯郭尔
3782183, 7.5, 14, 批判的形而上学
6976967, 8.0, 11, 亚里士多德及其思想
1011619, 7.8, 12, 诠释学・宗教・希望
1260929, 7.8, 12, 马克思的哲学革命及其当代意义
1836531, 7.3, 15, 走向进化的知识论
10749348, 7.7, 12, 现代西方哲学讲演集
25880490, 8.1, 10, 哲学人类学
2160665, 7.2, 15, 结构主义时代
5356227, 7.2, 15, 心的秩序
1313330, 7.8, 11, 观念史论文集
2043104, 7.7, 11, 梅罗-庞蒂历史现象学研究
3618647, 7.9, 10, 费希特与谢林哲学体系的差别
2285869, 7.5, 12, 现代西方哲学论著选辑
26639105, 7.2, 14, 伦理学是什么
25876755, 7.3, 13, 古希腊的民主和科学精神
2229359, 7.6, 11, 叙述与认识
2141880, 7.8, 10, 理解的命运
2224668, 7.8, 10, 康德：生平、著作与影响
25764623, 7.8, 10, 瞩望新轴心时代
6802034, 7.2, 13, 历史中的意义
26264196, 7.2, 13, “我”之观念：笛卡尔哲学研究
10482559, 7.7, 10, 法国哲学精神与欧洲当代社会
1080965, 7.3, 12, 敲开智者的脑袋
1626765, 7.3, 12, 意识形态与文化身份
10759536, 7.3, 12, 苏联的马克思主义
3003634, 7.4, 11, 迈向女性主义的国家理论
25869830, 7.4, 10, 老问题：西方哲学的经典议题
24879112, 7.1, 10, 尼采全集（第一卷）
11520288, 6.8, 11, 邪恶
