2017-01-23 16:17:59
Tag: 西方哲学史
The number of books: 167 

ID, rating, votes, title
1085860, 8.9, 48473, 基督山伯爵
1012611, 8.3, 29683, 乌合之众
3261600, 9.3, 5593, 人生的智慧
1004821, 8.7, 12821, 理想国
1008189, 8.9, 8656, 西方哲学史（上卷）
1077528, 8.9, 8072, 通往奴役之路
1291204, 9.4, 3887, 哥德尔、艾舍尔、巴赫
2359052, 8.9, 4456, 查拉图斯特拉如是说
1004699, 8.9, 4454, 作为意志和表象的世界
6425061, 8.6, 5864, 哲学家们都干了些什么？
1089398, 8.9, 3532, 西方哲学史（下卷）
1036541, 8.7, 4093, 疯癫与文明
1038292, 8.6, 4417, 精神分析引论
1783111, 8.7, 3120, 存在与时间
1292412, 9.1, 1763, 叔本华思想随笔
3003032, 9.2, 1282, 浪漫主义的根源
1071023, 8.6, 2399, 谈谈方法
1008093, 8.5, 2648, 苏菲的世界
1315184, 9.0, 1109, 哲学研究
1016930, 9.0, 1040, 论法的精神（上）
1005692, 8.4, 1732, 西方哲学史
1437687, 8.7, 1049, 性经验史
3389811, 8.7, 999, 西方哲学史（修订第8版）
1077428, 9.1, 620, 自然权利与历史
1075249, 8.9, 626, 西方哲学原著选读(上卷)
1079962, 9.0, 510, 论法的精神（下）
1074030, 8.3, 973, 西方哲学十五讲
1651032, 8.5, 741, 西方哲学史
1392562, 8.5, 650, 康德哲学讲演录
1259315, 8.7, 522, 哲学问题
1652617, 9.3, 286, 任何一种能够作为科学出现的未来形而上学导论
1069576, 8.5, 604, 西方哲学史
1253835, 9.2, 298, 哲学史教程（上卷）
1025502, 8.8, 405, 哲学的故事（上下）
4246032, 9.4, 226, 西方哲学史讲演录
1071514, 8.8, 372, 西方哲学原著选读(下卷)
1292428, 8.6, 441, 神经症与人的成长
5377278, 8.2, 612, 西方哲学简史
3035631, 8.5, 425, 康德传
1065051, 7.6, 1214, 西方哲学简史
1959124, 9.0, 259, 生活之路
3283550, 9.1, 234, 西方政治思想史
3874395, 8.9, 273, 思想的力量
3074881, 8.8, 268, 苏菲的杰作
1031720, 7.8, 626, 现代西方哲学十五讲
1031345, 9.2, 157, 哲学史讲演录（第二卷）
2338733, 8.4, 293, 西方的智慧
3422678, 7.8, 545, 生存空虚说
1370297, 9.4, 125, The Story of Philosophy
1067969, 9.3, 134, 哲学史教程（下卷）
1979209, 8.6, 217, 上帝之城（上下）
1042292, 9.1, 134, 哲学史讲演录(第四卷)
1419049, 8.7, 178, 西方哲学的故事
1768046, 8.5, 205, 从黑格尔到尼采
1087833, 7.6, 511, 现代西方哲学新编
2122180, 8.4, 206, 古希腊罗马哲学讲演录
2342316, 9.1, 116, 通向奴役的道路
1365666, 9.1, 110, History of Western Philosophy
1420745, 8.9, 123, 西方宗教文化
1073230, 8.8, 132, 哲学史讲演录(第三卷)
1310157, 8.5, 155, 古希腊哲学史纲
6129143, 8.4, 167, 现象学导论七讲
1438310, 8.4, 161, 牌的秘密
1289025, 8.6, 132, 大哲学家
1252117, 8.4, 151, 范畴篇 解释篇
3104204, 8.9, 94, Oink
1393220, 9.0, 77, 启蒙运动与现代性
1034222, 8.3, 128, 历史哲学
1016764, 8.8, 87, 希腊哲学史 第一卷
1427769, 8.3, 127, 启蒙的时代
1010234, 8.8, 79, 西方哲学史（第一卷）
1226351, 7.7, 195, 西方哲学笔记
1254950, 8.3, 111, 哲学概论
1368069, 7.6, 207, 西方哲学史
1287105, 8.1, 125, 西方哲学精神
1916705, 7.7, 180, 牛津西方哲学史
2267363, 8.4, 95, 逻辑与罪
1068725, 8.5, 88, 西方的智慧
1266727, 7.5, 210, 新编中国哲学史（上册）
1020983, 8.9, 63, 哲学史教程（上卷）
1025244, 7.5, 190, 新编现代西方哲学
24699319, 9.4, 42, 哲学史讲演录（新校重排本）
1228140, 8.6, 68, 希腊哲学史（第二卷）
1221553, 7.6, 155, 当代西方哲学笔记
1226635, 8.3, 83, 思维方式
2250171, 7.4, 183, 游戏规则
1270576, 8.2, 88, 西方哲学智慧
3810082, 8.3, 81, 你不可不读的西方哲学故事
3062835, 8.0, 96, 快乐学哲学
1077043, 8.1, 87, 基督教哲学1500年
2216279, 8.2, 78, 形而上学
1448901, 8.4, 67, 二十世纪英美哲学
1233922, 8.8, 51, 希腊哲学史（第三卷）
1937150, 8.9, 45, 论希腊哲学
3014027, 9.0, 42, 古希腊罗马哲学
4817827, 8.8, 47, 偶在论谱系
2237387, 8.7, 49, 基督教思想史
3870854, 8.6, 50, 古代哲学史
1396728, 8.2, 65, 基督教与西方思想（卷一）
2110798, 7.7, 94, 柏拉图读本
4023787, 8.3, 56, 苏格拉底前后
1021198, 8.5, 46, 欧洲哲学史上的经验主义和理性主义
4882021, 7.7, 81, 牛津西方哲学史（全四卷）
3196874, 7.7, 80, 伊拉斯谟传
1283546, 8.4, 47, 美国思想史
1018390, 8.3, 50, 苏格拉底及其哲学思想
1319688, 8.3, 49, 批评的西方哲学史
1038306, 8.6, 40, 思・史・诗
1426478, 8.5, 42, 西方哲学史（第五卷）
1026639, 7.0, 144, 西方哲学史(上)
1041473, 7.7, 70, 存在与在
1057417, 8.3, 45, 新系统及其说明
21254192, 8.1, 51, 写给年轻人的哲学史
4257475, 7.8, 60, 世界哲学简史
2305073, 8.2, 42, 西洋哲学史
1492876, 8.7, 31, 西方哲学史-德国古典哲学（第六卷）
2152117, 8.3, 39, 现代西方哲学辞典
1013969, 7.1, 97, 西方哲学史 下册
1959917, 7.1, 88, 荷马史诗导读
4898564, 9.6, 18, 希腊哲学史（第四卷 全二册）
1071019, 8.2, 35, 西方哲学问题研究
1757687, 8.1, 37, The Devil&#39;s Dictionary
3733080, 7.6, 49, 现代西方哲学
1396725, 8.1, 34, 基督教与西方思想（卷二）
1818984, 8.1, 33, 西方哲学史-古代希腊与罗马哲学（第二卷）
1444130, 8.4, 27, 十七世纪形而上学
1391501, 7.8, 39, 理性与宗教信念
1814920, 8.0, 34, 西方哲学史(第7卷现代欧洲大陆哲学上下学术版)(精)
1035081, 7.1, 65, 西方哲学史新编
1596162, 8.3, 27, 存在巨链
3218865, 8.1, 29, 人类与自然世界
2161591, 7.4, 46, 德国哲学通史（全三卷）
1057044, 7.5, 41, 现代西方哲学（修订本 ）（上下册）
1265723, 8.1, 26, 西方哲学史（第四卷）
1488606, 8.3, 22, 西方哲学史（第八卷上下）
1814919, 7.8, 29, 西方哲学史（第三卷）
2975941, 6.3, 105, 论真实
16405969, 8.5, 17, 道成肉身
5411387, 7.2, 37, 在康德的唤醒下
1976073, 7.8, 24, 上帝国的信息
1079936, 7.7, 25, 存在主义哲学资料选辑（上卷）
1259119, 8.1, 19, 西方哲学通史第一卷.古代中世纪部分
1547287, 7.5, 27, 诠释学
2381080, 8.0, 18, 柏拉图的神学
4712540, 6.7, 43, 古希腊语简明教程
1420749, 7.5, 22, 黑格尔的宗教哲学
20268037, 7.5, 22, 哲学入门
1924743, 6.8, 36, 西方哲学概论
1443342, 7.6, 18, 理性与信仰
1255369, 7.7, 15, 哲学史讲演录（第一卷）
1287675, 7.7, 15, 智慧的探险
1830691, 7.8, 13, 希腊罗马哲学
1274586, 6.7, 25, 英国哲学史
4086069, 7.6, 14, 西方哲学智慧
3518115, 6.6, 26, 西方哲学史
10764171, 7.3, 16, 西方哲学史
3196073, 7.6, 13, 欧洲哲学史稿
2560196, 7.9, 11, Ancient Philosophy
1535561, 7.8, 11, 希腊哲学史3
2285869, 7.5, 12, 现代西方哲学论著选辑
1233450, 7.2, 14, 十九世纪的思想运动
2357004, 7.2, 14, 欧美哲学通史（近代哲学卷）
2153418, 6.1, 25, 希腊哲学简史
2342848, 6.9, 13, 《西方哲学史》学习辅导与习题集
25869830, 7.4, 10, 老问题：西方哲学的经典议题
1084477, 7.2, 11, 西方哲学经典名著选读
1142094, 6.9, 12, 亚里士多德.理性.自由
