2017-01-23 16:17:59
Tag: 言情
The number of books: 984 

ID, rating, votes, title
5916880, 8.6, 36711, 华胥引（全二册）
1461903, 8.0, 114253, 何以笙箫默
3426869, 8.3, 54877, 三生三世 十里桃花
3879301, 8.1, 73972, 微微一笑很倾城
2209098, 7.9, 78857, 致我们终将逝去的青春
2022979, 8.1, 41254, 喜宝
1812439, 8.1, 33578, 步步惊心
1962929, 8.0, 35203, 佳期如梦
2283084, 8.2, 17494, 云中歌1
3065343, 8.4, 12114, 云中歌3
1886385, 8.1, 17497, 来不及说我爱你
2048364, 8.1, 17488, 独步天下（上下卷）
2331434, 7.7, 36562, 原来你还在这里
2004407, 8.1, 16981, 后宫・甄执Ⅰ
3016221, 8.3, 11640, 云中歌2
1261471, 8.7, 5914, 香初上舞
1925232, 7.9, 20555, 大漠谣
3561591, 8.0, 16067, 凤囚凰（上中）
2376306, 7.8, 20237, 第三种爱情
2078219, 8.0, 14025, 且试天下1
6120039, 8.4, 7287, 曾许诺・殇
10740021, 8.0, 13252, 三生三世 枕上书
3123939, 8.0, 13144, 不负如来不负卿1
1959892, 8.2, 9214, 大漠谣・终结篇
3506871, 7.6, 26523, 曾有一个人，爱我如生命
3293231, 7.8, 17916, 许我向你看
1045247, 7.7, 21453, 面包树上的女人
5980360, 8.1, 10406, 曾许诺
2080619, 8.2, 8820, 且试天下2
1489555, 7.8, 17109, 寂寞空庭春欲晚
2062202, 7.9, 14136, 绾青丝Ⅲ
4241870, 7.7, 19747, 我在回忆里等你
6773643, 8.2, 8077, 橘生淮南・暗恋
2009825, 7.6, 22202, 绾青丝Ⅰ
2115040, 8.0, 10340, 玫瑰的故事
1470158, 8.0, 10227, 圆舞
2129362, 8.0, 10030, 帝王业（上下）
6732193, 7.9, 11534, 十年一品温如言
3218402, 8.2, 7032, 不负如来不负卿Ⅱ・大结局
2028070, 7.8, 13344, 绾青丝Ⅱ
3730731, 8.0, 9424, 许我向你看（终结篇）
1748232, 8.0, 9225, 忽而今夏
21242062, 8.2, 6390, 长相思
4115227, 7.5, 21242, 岁月是朵两生花
3061282, 7.6, 17392, 山月不知心底事
1468493, 7.6, 16494, 梦回大清
3674353, 7.7, 12924, 沥川往事
2382094, 7.8, 10285, 绾青丝Ⅳ（上）
2382087, 7.8, 10170, 绾青丝Ⅳ（下）
10807374, 8.7, 2657, 浮生若梦1
1420368, 7.6, 14199, 裂锦
1925218, 7.4, 20953, 翻译官
26886310, 9.1, 1596, 有匪1
3183785, 7.7, 11503, 爱你，是我做过最好的事
2300626, 7.5, 16634, 蔓蔓青萝（全2册）
2699701, 7.6, 13698, 歌尽桃花
4871447, 7.5, 15284, 东宫
2281912, 7.7, 10481, 醉玲珑（上卷）
3903387, 7.7, 10296, 香蜜沉沉烬如霜
10343062, 8.3, 3921, 暗恋
6139592, 8.1, 5218, 11处特工皇妃
2271177, 7.7, 10034, 青春酷语（第四辑）
3584141, 8.1, 5174, 流水迢迢（全两册）
4906195, 8.3, 3834, 人间烟火
2340167, 7.9, 7050, 醉玲珑（下卷）
1596305, 7.0, 40913, 泡沫之夏
1028780, 7.6, 11050, 三个A Cup的女人
5291181, 8.3, 3574, Blood X Blood：血族传说
1083257, 7.4, 16053, 烈火如歌
4098989, 8.2, 4122, 我的青春从爱你开始
26680113, 8.6, 2386, 那个不为人知的故事
3284067, 7.6, 10626, 佳期如梦之海上繁花
2220812, 7.6, 10575, 木槿花西月锦绣1
2340168, 7.9, 6284, 醉玲珑（中卷）
26331014, 8.3, 3351, 怨庾测1・食骨
23795254, 8.0, 5204, 骄阳似我
4135947, 7.9, 6020, 天子谋
1030153, 7.5, 11970, 她比烟花寂寞
2354969, 8.2, 3731, 衣香鬓影
4766047, 8.0, 5000, 祸国
3727329, 7.3, 17220, 千山暮雪
3293232, 7.7, 8045, 过客，匆匆
1855343, 7.2, 20730, 泡沫之夏Ⅱ
2062430, 7.2, 20185, 泡沫之夏Ⅲ
24714201, 8.2, 3496, 长相思2
4224758, 7.3, 16010, 花千骨（上下）
2023843, 8.1, 4009, f公子
3606570, 8.3, 2996, 鹤唳华亭
19936010, 7.9, 5408, 三生三世十里桃花
1958655, 7.6, 8929, 寻找前世之旅（上下册）
4175252, 7.9, 5379, 初恋爱
1190868, 7.5, 10457, 烈火如歌
2284090, 7.5, 10437, 开到荼蘼
10468852, 8.6, 1941, 海棠依f: 知否? 知否? 是G肥t瘦 卷一
26284304, 8.1, 3799, 簪中录
2078225, 7.9, 5144, 孤芳不自赏
3909876, 7.9, 5123, 琉璃美人煞（上中下）
2359687, 8.0, 4310, 堕落天使
2004509, 7.6, 8037, 梦回大清
5414084, 8.0, 4173, 智斗
1291760, 6.8, 41974, 会有天使替我爱你
3290028, 8.5, 2045, 孤城闭
3336465, 7.3, 13726, 被时光掩埋的秘密
25704797, 8.0, 4038, 思念成城
3697979, 8.3, 2614, 衣香鬓影2・千秋素光同
25735699, 7.9, 4678, 三生三世 枕上书・终篇
3339861, 8.2, 2994, 就是皇后
2221121, 7.8, 5225, 木槿花西月锦绣2
5921737, 8.7, 1494, 三生三世十里桃花2・之卷
4124855, 7.4, 10346, 人生若只初相见
6969185, 8.3, 2405, 沉香如屑《中》
3816834, 7.8, 4971, 兰因・璧月（上、下）
3924481, 7.9, 4127, 夜行歌（上下）
26662515, 8.0, 3531, 他知道风从哪个方向来
26578003, 8.2, 2638, 无心法师 第一卷
24877203, 8.0, 3499, 长相思3
4842735, 8.4, 2004, 海妖
1886402, 7.4, 9436, 如果这一秒，我没遇见你
3028009, 7.2, 13773, 温暖的弦
26668816, 8.6, 1525, 奈何（2015年新版）
3177843, 7.7, 5332, 木槿花西月锦绣3
2703292, 7.5, 7442, 兰陵缭乱
3829004, 8.3, 2163, 明月照人来
4037337, 7.9, 3794, 一个人的欢喜与忧伤
1958872, 7.6, 6103, 凉生，我们可不可以不忧伤
26352002, 8.4, 1837, 怨庾测4・黑蝶
3335951, 7.6, 5783, 我的波塞冬
21321839, 8.2, 2314, 十年一品温如言
2139108, 7.4, 8164, 潇然梦（上）
25848410, 8.6, 1354, 夏梦狂诗曲（全二册新版）
4135618, 7.6, 5437, 丹尼海格
3170442, 7.7, 4601, 午门迨垄
26320556, 8.3, 1887, 簪中录2
3392301, 7.8, 3826, 月上重火
26331660, 8.3, 1857, 怨庾测2・根P
2023846, 8.3, 1848, 春香说
3070952, 7.3, 8724, 佳期如梦之今生今世
26351997, 8.3, 1824, 怨庾测3・w天
2176855, 7.5, 5932, 潇然梦（下）
3205245, 7.4, 7066, 落落清欢
6802392, 8.6, 1229, 七夜雪
5988597, 7.8, 3572, 独家记忆
5366006, 8.4, 1554, Blood X Blood：血族传说大结局
3891452, 7.7, 4164, 纸婚
20501270, 8.6, 1203, 大唐明月1・风起长安
6531676, 8.4, 1516, 阿麦从军
26334227, 8.3, 1712, 昭奚旧草
2138527, 7.5, 5626, 法老的宠妃
2005545, 7.4, 6630, 红颜乱
1443082, 8.0, 2531, 姑洗徵舞
4313949, 8.0, 2504, 奥汀的祝福
3250733, 7.8, 3360, 午门迨垄
1485480, 8.0, 2495, 太和舞
5264447, 7.5, 5401, 三千鸦杀
3069728, 7.1, 11261, 良辰讵可待
3898994, 7.3, 7522, KAO，被潜了！
6712214, 7.9, 2781, 是我W生又怎
6087472, 7.2, 8814, 浮世浮城
25912734, 7.2, 8814, 他来了，请闭眼
1465135, 8.2, 1777, 情锁
25851002, 8.1, 1996, 世界微尘里
10451832, 8.1, 1985, 凰权（上下）
26365847, 7.6, 4080, 美人为馅
4230591, 7.3, 6776, 我终究是爱你的
3074810, 7.3, 6753, 穿越与反穿越
26393180, 8.3, 1471, 怨庾测5・同路
1464824, 7.8, 2906, 交错时光的爱恋
1777173, 8.0, 2170, 最寒冷的冬天是旧金山的夏季
6437035, 7.8, 2891, 扶摇皇后（上下）
10809121, 8.2, 1644, 沉香如屑《上》
3696953, 7.9, 2457, 绿红妆之军营穿越
3621144, 7.3, 6508, 良言写意
4218539, 7.3, 6472, 落花时节又逢君
3389971, 7.7, 3253, 永夜（上下）
3872378, 8.0, 2083, 青城
4166020, 7.6, 3766, 殇璃
3671352, 7.4, 5249, 嗨，我的男人
10809124, 8.4, 1225, 沉香如屑《下》
11584484, 8.0, 2049, 将嫁
4090777, 7.9, 2347, 他，来自火星
4040223, 7.9, 2341, 坏事多磨
1440611, 7.9, 2316, 迷侠记
4057010, 8.0, 2009, 月上重火之水落石出
1381193, 8.3, 1354, 是非分不清
5363651, 7.8, 2660, 浮生物语
1464085, 7.8, 2647, 柔福帝姬
5275312, 7.5, 4193, 暴君，我来自军情9处
3333758, 7.3, 5771, 大爱晚成
6534919, 7.5, 4032, 然后、爱情随遇而安
10451835, 8.5, 970, 凰权（终结篇）
25803547, 7.8, 2339, 一生一世，美人骨
2375894, 7.9, 2019, 秀丽江山・白虎卷
24882309, 7.7, 2695, 与我十年长跑的女友明天要嫁人了
5261719, 7.7, 2660, 只为爱
5245615, 7.6, 3094, 江山为聘
6730936, 8.2, 1324, 扶摇皇后・终结篇（上下）
2698538, 7.9, 1970, 夜上海
6792678, 6.9, 10903, 杉杉来吃
10566532, 8.6, 809, 海棠依f：知否？知否？是G肥t瘦 卷二
26745286, 8.5, 903, 七根凶 套b
2341489, 7.1, 7112, 香寒
3151078, 7.2, 5875, 大约是爱（全二册）
10775030, 8.5, 896, 海棠依f：知否？知否？是G肥t瘦 卷四
2980870, 8.2, 1279, 断指娘子
2257608, 7.9, 1865, 秀丽江山・青龙卷
4833241, 7.4, 4014, 犹记惊鸿照影
4866984, 8.1, 1419, 奥汀的祝福.大结局
3274141, 7.9, 1832, 秀丽江山・朱雀卷
24339872, 7.8, 2107, 至此终年
2048588, 7.6, 2843, 第一皇妃（Ⅰ、Ⅱ）
2139618, 7.5, 3327, 寻找前世之旅续集
26255776, 8.0, 1581, 一厘米的阳光
6390810, 8.1, 1378, 记我们单纯的小美好
26325635, 7.7, 2402, 月都花落，沧海花开
3056241, 8.5, 849, 烈火青春Part1
3289609, 7.1, 6595, 这么远，那么近
26857095, 8.7, 668, 只因暮色难寻
3065698, 7.3, 4430, 白昼的星光
20501271, 8.6, 739, 大唐明月2・谋断恩仇
4162625, 7.4, 3680, 衾何以堪
11443061, 8.0, 1502, 别拿爱情说事儿
2975947, 7.5, 3118, 笑倾三国（Ⅰ、Ⅱ）
2980283, 8.2, 1160, 到处是秘密
5936030, 8.1, 1304, ab日记
4224227, 7.5, 3050, 怪你过分美丽
4174098, 8.2, 1120, 那一场呼啸而过的青春
6040895, 7.9, 1638, 憾生
2973657, 7.5, 2947, 微雨红尘（上下）
3168454, 8.0, 1419, 夜上海
21336788, 8.7, 619, 大唐明月3・西域烽烟
2138767, 8.0, 1394, 清风入梦・怡殇Ⅰ
26347981, 7.9, 1594, 簪中录3
4130055, 7.2, 4767, 跨过千年来爱你
3027642, 7.5, 2820, 青春酷语 第七辑
10749611, 7.7, 2066, 上古
6823882, 8.5, 741, 亦筝笙
3128636, 7.2, 4582, 末路相逢
3420384, 7.2, 4524, 告诉大雄我爱她
2241269, 8.2, 1023, 清风入梦・怡殇Ⅱ
5376367, 8.2, 1008, 相思长梦河
26347982, 7.8, 1695, 簪中录4
10490350, 7.2, 4379, 后宫・如懿传
1263410, 7.8, 1683, 抢来的新娘
25767862, 7.1, 5125, 如果蜗牛有爱情
19281910, 8.5, 694, 海棠依f：知否？知否？是G肥t瘦 卷五
3931437, 7.3, 3539, 销魂殿
5397152, 8.4, 766, 边缘少年
23720194, 8.6, 611, 海棠依f：知否？知否？是G肥t瘦 卷七 那人s道，海棠依f 完
5905877, 7.3, 3468, 重紫（全两册）
21346268, 8.7, 546, 大唐明月4・碧血黄沙
4175344, 7.6, 2121, 一辈子暖暖的好（全二册）
4837447, 7.3, 3403, 两只前夫一台戏
5269361, 7.9, 1369, I情
4224119, 7.4, 2837, 斩春
2117535, 8.5, 660, 如果可以这样爱・续
1443458, 7.9, 1354, 迷行记
6805154, 7.6, 2061, 再生缘（上中下）
26590271, 8.5, 653, 我的鸵鸟先生
7015296, 7.5, 2383, 最美遇见你
3179389, 7.5, 2375, 未央・沉浮（全两册）
4729680, 7.8, 1505, 路鸟
2327556, 7.6, 1991, 不辞冰雪为卿热（全2册）
3055252, 7.7, 1711, 梧桐那么伤
4919608, 7.6, 1973, 改尽江山旧
3069478, 7.5, 2242, 凤血
4887524, 7.0, 5279, 夏有乔木雅望天堂
3360791, 7.2, 3664, 桃花依旧笑春风
3135064, 6.9, 6410, 薄荷荼靡梨花白
3056907, 7.3, 3083, 宸宫（上下）
3721760, 8.1, 968, 琉璃美人煞・卷一・人如青葱
3550601, 7.5, 2201, 双阙
4136640, 7.1, 4289, 盛开
2381034, 7.1, 4286, 当时明月在
4175253, 7.8, 1413, 心之萌
4809782, 7.1, 4258, 路从今夜白
6534922, 7.5, 2172, 听说姻缘命中注定
26599743, 8.1, 953, 有生之年
1928490, 7.9, 1227, 如果可以这样爱
5921735, 8.7, 489, 三生三世十里桃花1・劫之卷
4249302, 7.3, 2974, 我的名字，你的姓氏
2973646, 7.4, 2501, 少年丞相世外客
3121618, 8.5, 595, 妖神m青(全集)
3895158, 7.5, 2129, 哪瓣洋葱不流泪
4217086, 7.5, 2114, 晨曦之雾
3097587, 7.6, 1818, 微光
1112781, 7.7, 1549, 罂粟的情人
6313955, 7.3, 2852, 迷雾围城（全两册）
3239048, 7.2, 3378, 相亲以后
6528739, 7.4, 2418, 谁的等待，恰逢花开
26289739, 8.0, 1024, 误入浮华
10468727, 9.1, 321, 梵歌引.世间月
1883268, 8.1, 898, 出嫁不从夫
4849493, 7.6, 1739, 在寂与寞的川流上
26043287, 8.0, 1001, 我的拖延症女友
1104760, 7.6, 1720, 锦绣缘
3061895, 7.0, 4639, 心素如简
25789570, 7.4, 2316, 满满都是我对你的爱
3266335, 7.7, 1478, 爱与乐的彼岸
3015786, 8.0, 984, 有一种爱情叫兄弟Ⅰ
4277650, 7.8, 1263, 结爱・异客逢欢
1883343, 8.3, 682, 出嫁誓从夫
10876729, 8.1, 860, 何欢
3001013, 7.9, 1098, 奶牛座的魔履情缘
4191470, 7.5, 1919, 苍耳
26853361, 8.7, 442, 夜旅人
4158875, 7.5, 1889, 爱如指间沙
4709375, 7.4, 2203, 我只是难过不能陪你一起老
3153363, 7.1, 3593, 三救姻缘
5501668, 8.2, 739, 赠尔余生
3021414, 7.2, 2959, 除了我你还能爱谁
3680215, 7.4, 2129, 皇后策
2343018, 7.4, 2122, 寻找前世之流年转
26872990, 7.8, 1177, 余生，请多指教
3409619, 7.3, 2445, 耳洞
3071317, 7.2, 2886, 此心无垠（全2册）
1883273, 8.4, 569, 出嫁该从夫
2277517, 6.8, 6007, 冷月如霜
6560283, 8.5, 506, 这世上我最爱你
1964473, 7.7, 1280, 流光夜雪
1883301, 8.3, 607, 出嫁难从夫
3733114, 7.3, 2292, 被遗忘的时光
7440370, 7.8, 1102, 非我倾城（全三册）
4162727, 8.2, 670, 步天歌
4012250, 7.9, 957, 色已成空
26715899, 9.2, 252, 一念心安
4856537, 7.6, 1428, 你是我的独家记忆
3137080, 7.3, 2216, 那一杯咖啡的爱情
1082821, 6.7, 6518, 水晶般透明
20444964, 7.7, 1202, 突然想要地老天荒
2993425, 7.5, 1594, 神仙也有江湖（上）
4833933, 7.4, 1852, 小女花不弃
3894603, 7.6, 1363, 穿越之天雷一部（全二册）
2300051, 7.7, 1180, 勿忘
1112779, 7.3, 2093, 上错花轿嫁对郎
3803838, 7.2, 2426, 作茧自缚
3006825, 7.6, 1308, 是以见放
3087896, 7.0, 3401, 旋风少女
4280221, 7.8, 996, 宫（全二册）
5413931, 7.5, 1500, 月亮说它忘记了
4703557, 7.3, 2027, 君生我已老
25791940, 8.5, 440, 战起1938
3160035, 7.7, 1122, 流木
3227955, 8.3, 538, 大兴皇朝
24696808, 8.3, 535, 江山美人谋
1082820, 6.7, 5851, 无往而不胜的童话
6510393, 8.2, 596, 江南外传
4088400, 8.0, 745, 城外的月光（套装上下册）
6861939, 7.7, 1082, 帝凰（上中下）
26712106, 8.5, 425, 开封志怪
26775813, 8.0, 730, 十年一品温如言（修订珍藏版）
5376551, 7.5, 1409, 江山如画（全二册）
5261747, 7.3, 1902, 薄暮晨光
3884307, 7.3, 1895, 梦落芳华
20394637, 6.9, 3724, 蚀心者
11613971, 7.9, 808, 江湖不挨刀
3520727, 7.9, 807, 贵族
4224756, 7.7, 1038, 危险关系
7162172, 7.4, 1576, 媚公卿（上下）
3259415, 7.6, 1174, 彼爱无岸
24844263, 7.8, 897, 一念执着，一念相思
25929667, 7.6, 1171, 你是我学生又怎样
1038639, 6.7, 5307, 冬日最灿烂的阳光
3593982, 7.3, 1777, 跑跑江湖打打酱油（全二册）
5068504, 7.4, 1520, 十五年等待候鸟
7658805, 7.8, 874, 士为知己（全二册）
11524816, 7.8, 871, 你迟到了许多年
5379541, 7.1, 2417, 执子之手，将子拖走
4118264, 7.4, 1500, 五蠹
6981431, 8.0, 674, 废物们
4895821, 7.6, 1116, 旋风百草・虹之绽
3664816, 7.0, 2843, 尽在不言中
1127426, 7.2, 1992, 窗外
3241883, 7.6, 1092, 眼泪的上游
4859438, 7.5, 1254, 没有烟总有花
24877322, 8.3, 451, 江山不夜
2262884, 7.7, 899, 九重凤阙・上
20389197, 8.1, 551, 一念，半生
25880334, 8.7, 299, 大唐明月6・谁家天下（完）
3024962, 7.2, 1831, 满身风雨你从海上来
25900190, 6.9, 3021, 应许之日
26743436, 7.7, 877, 忍冬
5414115, 7.4, 1322, 错嫁良缘之一代军师（上下）
5325550, 7.4, 1318, 若爱只是擦肩而过
4167370, 7.2, 1782, 寂静流年遍开花
3065701, 7.1, 2092, 哪一年让一生改变
25839869, 8.7, 285, 大唐明月5・云诡波谲
4932088, 7.4, 1259, 灯火阑珊处
26671435, 7.2, 1690, 我们
2998731, 8.3, 407, 到开封府混个差事
6727858, 7.8, 704, 鬼差
6920058, 7.8, 704, 凤影空来（上下）
3389953, 7.7, 794, 天长地久
3718158, 7.7, 789, 江湖遍地卖装备
1424858, 7.4, 1168, 风烟引
2297710, 7.3, 1353, 一年天下
10535987, 7.3, 1344, 轻易放火
2283574, 8.2, 430, 金陵女子1
1843254, 9.0, 203, 于晴新作展
19977093, 7.8, 671, 天定风流1・千寻记（上下）
26825085, 8.1, 469, 阿南
2050713, 7.8, 662, 夏天夏星星辰
26686951, 7.9, 586, 半城风月
10742647, 8.1, 464, 那村那人那傻瓜 上
6059063, 7.5, 966, 时光若有张不老的脸
5391689, 7.3, 1258, 花间提壶方大厨
6710276, 9.3, 154, 如果爱情可以转弯
3015008, 6.8, 2859, 何须浅碧轻红色
5376455, 7.1, 1701, 花颜
4766662, 7.4, 1075, 爱情来了你就上
19958299, 7.6, 816, 大唐女法医・江南卷（上下）
10484442, 6.6, 4126, 爱你是最好的时光
26436743, 7.5, 921, 曾少年
4113797, 7.3, 1201, 女人现实男人疯狂
3584719, 6.4, 6133, 景年知几时
4887684, 7.7, 693, 情迷北宋之北落师门
3709462, 6.8, 2717, 放弃你，下辈子吧
4853249, 7.5, 896, 春莺啭
24524404, 8.3, 350, 归离・华丽终结（套装上下册）
6868964, 7.2, 1372, 佳偶天成
26383805, 7.3, 1178, 很想很想你
26148475, 7.0, 1849, 你和我的倾城时光
10559304, 6.8, 2613, 太子妃升职记
26868615, 8.1, 420, 不懂浪漫的男朋友
4085277, 7.3, 1139, 下一次爱情来的时候
20432513, 7.6, 752, 坑你三生三世
4867235, 7.3, 1134, 原来我只是忘记和你说再见
25732720, 7.8, 584, 无方少年游（全两册）
24849600, 7.6, 749, 第三种爱情
26926186, 9.6, 116, 光芒纪・颖耀
3993819, 7.4, 978, 喜欢
4135941, 7.4, 977, 欢天喜帝
6390829, 7.4, 953, 第一夜的蔷薇
6004232, 7.7, 637, 浮世爱
4012252, 7.1, 1477, 一路繁花相送
4925049, 7.9, 496, 长生
5297359, 7.3, 1070, 错嫁良缘之洗冤录
4585039, 7.4, 928, 请继续，爱我到时光尽头
10794265, 7.1, 1449, 黑白
4168070, 7.5, 804, 欢天喜帝
1256131, 7.7, 616, 这一世木已成舟
3561758, 7.5, 792, 南加州从来不下雨
21331202, 8.2, 347, 天定风流2・金瓯缺（上下）
4120698, 7.9, 479, 下一站，幸福
26688708, 8.8, 198, 大英雄时代
4175347, 7.2, 1194, 流年明媚・相思谋
6012075, 6.6, 3318, 星光璀璨
10758278, 7.7, 591, 归离（上下）
20444642, 7.1, 1352, 慈悲城
4874141, 7.5, 751, 网游之公子连城
10537125, 7.2, 1137, 寡人有疾
2305270, 7.1, 1322, 凤求凰
5243507, 7.3, 975, 许你再见钟情
2216419, 7.5, 729, 冷宫
26256209, 8.4, 266, 蔷薇之名
26403896, 7.9, 446, 永安调
3863695, 7.8, 500, 一路疼，一路爱
5905885, 7.2, 1103, 绝色倾城
11507163, 7.0, 1503, 心肝
6393886, 7.2, 1098, 夏有乔木 雅望天堂2
10599676, 7.5, 714, 公主F性（上）
6877628, 7.8, 492, 不存在未出版的错误条目
1925201, 7.8, 489, 如梦令・三窃
4149332, 7.0, 1464, 芊泽花开（全二册）
25785758, 8.0, 389, 风雨浓，胭脂乱
11622713, 7.3, 927, 将军在上（上下）
2995606, 6.9, 1725, 宅女在古代后宫的幸福生活（全2册）
3675782, 7.6, 613, 一片冰心在玉壶（上下）
3238253, 7.1, 1222, 放弃你，是我做过最勇敢的事
3271259, 7.4, 788, 花间（上下）
20283081, 7.5, 678, 庶女攻略1
3987275, 7.6, 592, 你在我的左手边
26417674, 7.9, 414, 当我足够爱，才敢失去你
3858167, 7.2, 1007, 要有多勇敢，才能念念不忘
26666471, 7.6, 585, 夜空最亮的星
3499283, 6.9, 1602, 夜凝夕
6425455, 7.3, 855, 有座香粉宅
4895097, 7.2, 983, 身将腐朽，其爱不渝
25927528, 7.9, 402, 善男信女
26365848, 7.6, 572, 美人为馅2・大结局
3561771, 8.1, 323, 那些过去的和将要到来的
6902585, 7.5, 639, 你是我左上角的心跳
1879024, 7.2, 959, 湄澜池
20507294, 7.6, 545, 大唐女法医・帝京卷（上下）
4916719, 9.6, 92, 辛夷坞暖伤青春合集-贺岁典藏版
5414077, 7.0, 1248, 一霎风雨我爱过你
2998717, 6.3, 4616, 午后薰衣茶
26252198, 7.5, 608, H鄣陌⒒米德（上）
1842950, 7.7, 469, 大雪满刀弓
4159031, 7.4, 668, 错过你为遇见谁
10589434, 7.3, 763, 七夜谈
3712318, 7.3, 762, 天下倾歌
10786466, 7.3, 757, 不负如来不负卿・蓝莲花
3653506, 7.8, 405, 出嫁从夫
5976260, 7.3, 752, 我要逆风去
2363678, 6.7, 1919, 和亲公主
25908098, 8.0, 319, 千香引・雏凤星现
3232134, 6.6, 2279, 倾世皇妃
10742649, 7.6, 500, 呸，下流胚
2368191, 8.4, 215, 金陵女子2
10594424, 7.2, 843, 月沉吟（上下）
24714640, 7.0, 1130, 我站在桥上看风景
5399422, 6.9, 1305, 江南恨
6440622, 7.4, 625, 亿万老婆买一送一
24524403, 6.5, 2632, 晨昏
26770866, 7.2, 803, 四幕戏・起
26731255, 7.6, 473, 浪花一朵朵
4175356, 7.0, 1064, 网游之没事找找虐
25735703, 8.0, 299, 芥子
2304613, 6.7, 1742, 绝色赌妃Ⅰ
3863871, 7.4, 597, 沉醉
3670175, 8.1, 268, 超完美飓风男友
5956228, 9.0, 123, 拍翻御史大夫 六 紫玉卷
3931408, 7.5, 520, 询君意（上下）
25954519, 8.0, 294, 致遥远的你
6557103, 7.4, 585, 彩虹的重力
26596521, 7.1, 877, 无心法师 第二卷
10566260, 7.6, 451, 若你爱我如初
4041979, 7.8, 356, 春天的故事
4104723, 7.2, 752, 和你一起住下去
4245704, 7.3, 654, 我相信，幸福是会重生的
24719916, 7.7, 394, 殊途同爱
3894619, 7.4, 566, 爱你
26255773, 6.7, 1622, 何所冬暖，何所夏凉
24232307, 7.5, 497, 最后一束米迦勒雏菊
19906939, 7.9, 313, 巽离络
24877306, 6.7, 1597, 被偷走的那五年
25855719, 7.3, 633, 与凤行
10788510, 7.2, 725, 若不是因为爱着你
2981704, 6.8, 1334, 绝色赌妃Ⅱ
1024131, 6.4, 2790, 雨夜里的星星沙
5355823, 6.7, 1563, 无爱承欢
1515701, 6.2, 4172, 天使街23号 Ⅰ
10786462, 7.4, 541, 你的诺言，我的沧海
6523935, 7.4, 540, 最好的年华，遇见最好的你
25913805, 6.8, 1296, 对的时间对的人
3884303, 7.4, 536, 绯雨倾城
4737154, 7.3, 607, 妃子血（全两册）
10442344, 7.7, 364, 九歌.绿衣
26393284, 7.0, 910, 花千骨
6938341, 7.0, 909, 卿本佳人
5366004, 7.3, 593, 惜年
25985525, 7.6, 407, 在世界尽头遇见你
25697705, 6.8, 1244, 我也会爱上别人的
26819925, 8.5, 165, 君の名は。
3306251, 7.5, 455, 离魂
4205297, 7.5, 454, 听说爱会来
5376461, 6.9, 1041, 明媚
5376876, 8.6, 150, 半粒糖，甜到伤
26896979, 8.7, 138, 嫡谋
25903898, 6.9, 1020, 后宫・如懿传5
26353351, 7.5, 435, 倾世风华
4849081, 7.1, 737, 有多少爱可以重来
24714636, 6.5, 1977, 锦绣未央（1、2、3）
26849325, 8.3, 187, 全世界只有我可以欺负你
10536046, 6.4, 2385, 爱你是最好的时光Ⅱ
4583098, 7.2, 633, 瑾年绝恋.醉流苏
11538355, 6.9, 975, 我曾爱过你，想起就心酸
6873409, 7.4, 483, 远古伊甸
4874149, 7.4, 481, 十年懵懂百年心（全二册）
6121356, 7.2, 624, 琥珀森林
5247942, 7.2, 623, 人生若只如初贱
1002895, 7.5, 419, 亦舒作品集(共60册)
26522435, 8.0, 242, 凝爱成珠.1 归来
26352032, 7.6, 371, H鄣姆鹇逡恋拢ㄉ希
20413739, 7.9, 267, 我只是忘了忘记你
25862104, 7.3, 536, 白首不相离
1799371, 6.5, 1872, 天使街23号Ⅲ
10741738, 7.3, 532, 凉生，我们可不可以不忧伤2
1771915, 6.4, 2178, 天使街23号II
3998093, 7.5, 400, 千山万水人海中
2595345, 8.1, 208, 飞花青离传之刺客传奇（上）
26388928, 7.4, 444, 浮图塔
3772795, 8.0, 227, D级危楼
6737930, 7.6, 344, 寒鸦劫
4874143, 6.8, 1018, 藏地情书
4820582, 7.5, 385, 晨光搁浅
6970366, 7.6, 342, 不小心，祸大了！
26436202, 8.2, 185, 清川日常
2253362, 7.8, 272, 清宫・红尘尽处（上下）
23018957, 7.8, 272, 帝皇书（全二册）
25982156, 7.1, 629, 轻易靠近
1320222, 6.4, 1985, 恶魔之吻1
4213513, 8.0, 217, 爱我，你敢不敢
24325605, 7.6, 330, 向的她
1486116, 6.2, 2950, 麻雀要革命Ⅰ
2002866, 6.4, 1957, 天使街23号. V5
25923242, 7.9, 238, 如何不相离
5291112, 8.1, 194, 樱空之雪-1
26420667, 7.7, 290, 原来你还在这里・插图纪念版
1959795, 6.4, 1886, 天使街23号Ⅳ
5325045, 7.9, 232, 暮雪上的晨星
24869705, 7.7, 285, 谁在时间的彼岸
3669733, 7.1, 594, 全世界都知道我爱你
21615534, 7.0, 684, 情与谁共
1417143, 6.5, 1534, 恶魔之吻2
4864366, 6.5, 1527, 最初的爱，最后的爱
20492474, 7.1, 584, 乖宠
3726769, 7.2, 509, 眸倾天下（上下）
10343028, 7.3, 445, 殿上欢（上下）
26352031, 7.7, 278, H鄣陌⒒米德（下）
25973609, 8.1, 185, 时间海
25973718, 7.5, 343, 祥云朵朵当空飘
2203368, 7.1, 564, 蔷薇的第七夜
26611946, 8.7, 109, 凝爱成珠.2，蜕变
4890638, 7.2, 486, 结缘
1785086, 6.5, 1430, 龙日一你死定了3
25801876, 7.2, 481, m略
19974505, 7.5, 332, 不配
25700787, 7.8, 237, 掌事(卷一)
2181435, 7.5, 329, 101号宠物恋人
4175419, 7.0, 626, 缠绵
25744235, 7.4, 368, 侯门新妇-τ锸槟
1792307, 6.3, 2013, 麻雀要革命Ⅱ
4255001, 7.1, 532, 再不相爱就老了
26612679, 7.6, 287, 南方有乔木
24527013, 8.0, 189, 明宫秋词
26067840, 8.0, 189, 爱情无非就长这个样子
1414742, 6.2, 2349, 龙日一，你死定了
20258928, 7.3, 394, 摘星
10558083, 7.5, 308, 特工皇妃（全三册）
1957692, 6.4, 1549, 麻雀要革命Ⅲ
1031860, 8.7, 101, 不死鸟
3669747, 8.0, 180, 满堂娇
10805367, 8.2, 148, 梵事进化札记（上下册）
26569724, 7.6, 265, 苍兰诀
7051099, 7.8, 213, 和首席社长谈谈情
25835989, 6.9, 636, 独家占有Ⅰ
2043346, 6.4, 1439, 麻雀要革命Ⅳ
20276283, 7.3, 367, 此致
10509455, 7.4, 325, 对你是离别 对我是等待
25905855, 7.0, 540, 青梅竹马，去哪儿啊
26346686, 7.9, 189, 最初的相遇，最后的别离
11625788, 7.6, 257, 资本剑客
3081725, 7.1, 464, 金樽幽月
25789595, 6.4, 1392, 寻找爱情的邹小姐
26752892, 8.2, 140, 在骤雨停歇之前
1256988, 7.6, 250, 唯心而已
4100950, 7.3, 350, 为何偏偏喜欢你
6854620, 7.3, 350, 你曾住在我心上（全2册）
20393131, 7.4, 306, 春风十里.不如你
5355706, 7.1, 437, 鸢鸢相报
11506049, 7.8, 195, 你是我最美的相遇
26255852, 8.1, 147, 天定风华7・凤归来（上下）
20393132, 7.9, 176, 闭起双眼你会挂念谁
26603444, 8.8, 84, 时间海 2
4151174, 7.2, 378, 微光迷失的尘夏
26596340, 7.5, 261, 只想和你好好的
25838009, 7.6, 234, 女心理师之江湖断案
20441778, 6.2, 1799, 爱情的开关
4301949, 7.1, 415, 如果下辈子我还记得你
25744234, 7.0, 474, 御繁华
26858577, 7.8, 187, 少年的你，如此美丽
10479639, 6.8, 631, 你的天堂，我的地狱
3786933, 7.3, 322, 骑士幻想夜Ⅱ
6126128, 7.5, 254, 青瞳
1434245, 6.3, 1449, 龙日一，你死定了2
21335241, 7.3, 316, 再见小时候
6887522, 8.2, 127, 花弦月・神魔归位（全二册）
24863533, 6.9, 530, 纨绔世子妃（上下）
20425869, 7.4, 279, 妖孽也成双
26636314, 7.3, 312, 别那么骄傲
26308574, 7.5, 246, 锦衣之下（全二册）
5263723, 9.5, 51, 你是暹罗我是鱼
25729773, 7.6, 219, 愿相随（上下）
26689237, 8.1, 135, 洁身自爱
26517499, 7.7, 196, 三生三世十里桃花
26738061, 7.9, 160, 玉昭词
11587934, 7.4, 266, 美人凶猛（上、下册）
6440761, 7.5, 233, 浮夸
5354125, 7.9, 154, 闲花弄影(上下)
26587753, 7.3, 287, 司命
10554487, 7.9, 152, 致长久爱你的时光
3290902, 7.5, 224, 格瑞特妖怪学院・血月银魂之卷
1317919, 7.3, 280, 玻璃鞋（上下）
26278610, 7.3, 280, 红尘四合（上下）
1874070, 6.4, 1005, 214度恶龙王子
25977854, 7.5, 218, 百界歌
26253012, 7.2, 306, 我们住在一起
26609967, 6.9, 452, 他与月光为邻
26800331, 7.8, 160, 护心
26802130, 8.0, 133, 南烟斋笔录・如梦令
26798682, 7.1, 345, 莫负寒夏（上下）
25807533, 7.4, 238, 情人泪：岁月尽头
25908409, 7.3, 266, 九重紫（1、2、3）
25920516, 7.1, 333, 倾其所有去爱你
2189508, 8.1, 118, 我的霸道王子
20503653, 6.9, 433, 三嫁惹君心（上下）
11614388, 7.2, 293, 军火皇后（上下）
10573197, 7.0, 377, 洞房花烛，隔壁
26369876, 7.1, 320, 纵然缘浅 奈何情深
25912583, 7.5, 200, 回到爱最开始的地方
11613787, 8.1, 113, 米露露求爱记（上下册）
26718236, 8.0, 123, 木兰无长兄1
26844866, 7.8, 147, 一寸相思
26695255, 6.8, 466, 蜜汁炖鱿鱼
10831608, 7.5, 197, 乱世倾君心（全二册）
26260911, 7.5, 196, 致命邂逅
2037461, 6.6, 623, 穿越时空之生死恋
26686956, 7.9, 131, 半城风月：终章
25892689, 7.5, 193, 良言写意
25789593, 7.8, 143, 不如我们重新来过
21795763, 7.5, 191, 世婚之深闺怨女（上下）
10562812, 7.2, 267, 全世界只想你来爱我
10557322, 7.0, 339, 重生之影后（上下）
20385070, 7.2, 264, 只怕不再遇上
26438770, 6.3, 949, 如懿传大结局
26758067, 7.8, 134, 君子一诺
1914095, 8.0, 112, 眼儿媚
10786464, 7.0, 319, 迷神引
21361151, 7.5, 179, 顾十八娘（全三册）
26901053, 8.4, 80, 三千鸦杀・典藏版
26319249, 8.1, 101, 怪客书店①
26580256, 8.6, 69, 春雨落长河・浮生
25720876, 8.7, 64, 十二因缘
5326844, 7.9, 117, 缠绵至死
26599284, 7.3, 212, 临渊（上下）
6509447, 7.4, 190, 芙蓉锦
20504673, 7.0, 302, 老公，天然呆
26386047, 7.4, 189, 浅爱，深喜欢
26369208, 6.0, 1524, 那片星空，那片海
26915101, 8.6, 67, 桃花尽处起长歌
26827190, 8.4, 76, 总有一天你会喜欢我
7640498, 6.7, 431, 凤隐天下（上下）
6403850, 6.5, 583, 如果巴黎不快乐
26883469, 7.9, 110, 系我一生心
25872596, 8.1, 92, 明宫秋词(2)：莫相负
24089343, 7.6, 143, 世婚之再嫁公子（上下）
26743403, 7.1, 243, 一生一世，黑白影画
25959092, 7.3, 191, 为爱入局
10757268, 7.0, 270, 最美不过初相见
26416371, 7.4, 169, 盛世华族梦
26360337, 8.1, 89, 美人轲W（下）
25978012, 8.2, 80, 若离于爱
10829876, 7.6, 132, 红了樱桃，绿了芭蕉
25734788, 7.9, 100, 九国夜雪・寻梦人
25811427, 7.9, 100, 与君初相识 犹如故人归
6772689, 6.3, 694, 步步错
25968319, 7.0, 250, 白芍
3671316, 7.0, 248, 只写给你一个人看的爱情小说
10555972, 6.6, 417, 浮生梦・三生约
25831244, 6.9, 272, 星星上的花
2098344, 6.8, 308, 她和他和他和他(1)
26413201, 8.2, 75, 春雨落长河・惊梦
10828202, 8.3, 69, 问情卷-民国有佳人
25985785, 5.7, 2133, 半暖时光
26361681, 7.5, 135, 女官
4941436, 6.6, 394, 胭脂醉
26411461, 7.0, 230, 禁庭（上下）
26328820, 7.6, 121, 名捕夫人
10732225, 6.9, 257, 我在时光深处等你
26688714, 8.0, 84, 记忆里，微笑的你
26339855, 7.3, 157, 有种后宫叫德妃
26417443, 7.7, 106, 丞相不敢当
20425868, 7.0, 217, 你是我最好的遇见
2044743, 6.3, 581, 穿越时空之错爱唐朝
25788896, 7.3, 154, 烽火佳人
26323705, 7.8, 95, 碧台空歌
26713080, 6.9, 239, 亲爱的阿基米德
5313005, 6.7, 303, 不存在未出版的错误条目
2365599, 7.3, 148, 钻石王老五的艰难爱情
25770951, 6.2, 652, 锦绣未央(4、5、6)
6139578, 8.1, 72, 再`梅
26832651, 7.2, 161, 亲爱的弗洛伊德
10451755, 7.5, 117, 绝色倾城Ⅱ非我情迷
25773396, 7.3, 142, 沧海有时尽
26831767, 7.0, 197, 我的曼达林
6435156, 6.8, 244, 28岁未成年
6722929, 6.8, 243, 老师，太给力
26817985, 8.2, 62, 为你打开时间的门
26688094, 7.3, 130, 我在等，等风等你来
24502132, 7.8, 82, 只愿金屋不藏娇
26850555, 8.2, 60, 凝爱成珠・终结篇
26851806, 7.7, 87, 招摇
26769899, 7.5, 101, 君子有九思
26629234, 7.0, 167, 我的奇妙男友
26829698, 8.7, 41, 千屿千寻
26343556, 7.2, 134, 你在遥远星空中（上下）
25934782, 6.8, 210, 盛世良缘
26114897, 7.0, 165, 你若懂我，该有多好
26590244, 7.5, 99, 凰图
25843532, 7.1, 147, 塔尖恋人
26435735, 7.1, 147, 玉阶辞
25881528, 7.6, 90, 只有海豚知道
26847843, 8.0, 64, 等待提拉米苏
10739314, 7.2, 128, 全服第二
26587749, 6.9, 178, 良辰多喜欢2
26633470, 7.1, 139, 隔壁那个饭桶
26360683, 6.5, 291, 良辰多喜欢
26844861, 7.2, 125, 好想和你在一起
26343553, 7.4, 102, 纨绔世子妃7・大结局（上下）
26614962, 8.1, 57, 一见阳光就灿烂
26610473, 7.5, 92, 鲜花盛开的春天
20389196, 6.9, 170, 不负如来不负卿・蓝莲花（大结局）
25798920, 6.9, 167, 我的私人劳家卓
26700387, 7.2, 118, 最动听的事
25920518, 7.0, 143, 难得一人心
26528526, 7.3, 104, 落花时节又逢君
25953989, 6.5, 258, 应惜艳阳年
10828196, 8.4, 43, 天命卷-民国有佳人
25765016, 7.2, 111, 三生三世彼岸花（上下）
25793801, 7.1, 121, 三生三世莲理枝（全三册）
24858341, 6.4, 286, 我曾纯粹爱过你
26602955, 7.1, 118, 竹马钢琴师III
3115382, 8.0, 53, 恋爱啪啪啪
25714264, 7.4, 86, 如果牛有矍椋ㄏ拢
7154793, 6.9, 141, 你是温暖，逆光而来
4727326, 6.4, 262, 荆棘花园
26280184, 7.0, 124, 别让我一人孤独离场
25841363, 7.2, 100, 纸玫瑰 Ⅱ
4837860, 7.9, 55, 绯色暮恋曲
25790192, 6.8, 152, 完美替身恋人
26386712, 7.7, 63, 画堂深处
26834137, 7.6, 68, 时光里的不为人知
26688712, 7.3, 88, 他站在夏花绚烂里
25982108, 7.2, 96, 缚石
25729887, 7.1, 106, 宦妃・完美终结
25744975, 6.4, 238, 江山不悔（上下）
25875240, 6.7, 158, 美人温雅（上下册）
25866775, 7.6, 64, 犹是深闺梦里人
26732443, 7.2, 91, 我和你差之微毫的世界
25698499, 6.5, 200, 半欢半爱
26321043, 7.4, 75, 错嫁良缘4・海盗千金
26816986, 7.6, 63, 有间书坊
26696762, 6.6, 173, 寂寞空庭春欲晚
26410922, 7.9, 50, 怪客书店②
26307963, 7.3, 81, 不悟
22051559, 7.0, 106, 彼岸花开为君颜（上中下）
25973692, 6.9, 117, 我若不曾爱过你
25765018, 8.0, 45, 三生三世彼岸花・完美终结（上下）
26700354, 7.1, 94, 危宫惊梦
25761385, 6.2, 283, 凉生，我们可不可以不忧伤4
6403860, 7.3, 76, 用一生换你一次初相遇
25934784, 7.0, 100, 一生一世笑繁华（上下）
25908426, 7.2, 82, 玉台碧
26769896, 7.2, 82, 刚刚好的你
25855722, 7.1, 89, 喜盈门（上下）
3111628, 8.4, 33, 霸道总裁别惹我
26612658, 7.5, 61, 假如爱情听不见
26756791, 8.0, 41, 木兰无长兄2
26781143, 7.8, 47, 全世界只有一个你
26638471, 6.5, 164, 尽余生
25931505, 7.0, 92, 昨夜星辰昨夜风
25984987, 7.3, 68, 最美年华邂逅你
26590269, 6.8, 111, 乌夜啼
26374743, 7.1, 81, 春风不若你微笑
26296030, 7.2, 71, 且把年华赠天下
25902007, 6.4, 169, 南风知我意
21458699, 6.2, 220, 我还爱着你，像过去一样
26698059, 6.9, 90, 暮春之令
26417480, 7.2, 67, 配婚令
26743413, 7.0, 80, 恋爱这件小事
26427285, 8.0, 36, 情似故人来上册
6905092, 7.2, 65, 王的时尚女友
26598936, 7.7, 43, 意中人
26418396, 7.8, 40, 在爱中，我们已然相遇
26296033, 7.1, 64, 一念情起
22224900, 6.3, 151, 东岑西舅
26706915, 7.6, 42, 你有多美好，只有我知道
11443060, 8.2, 28, 有爱无爱，都刻骨铭心
26866433, 7.4, 48, 不期而遇的温暖
4205797, 7.3, 52, 断袖问情 最言情小说书库
6397040, 7.0, 67, 我用苍老疼爱你
26343554, 7.5, 44, 未生（上下）
26763514, 7.3, 51, 余生有你才安好
25934776, 7.1, 60, 余爱未了
26756797, 7.8, 34, 时间暂停等到你
3198370, 6.4, 119, 穿越时空爱上你
26685770, 6.6, 93, 最初的你是我最后的爱
26321012, 6.9, 67, 沉香雪
25883394, 7.5, 40, 三生三世莲上舞（上下）
25829048, 6.7, 80, 幸好我们曾遇见
23165816, 7.1, 54, 女相倾国・朝堂篇（全二册）
26042101, 6.8, 71, 世界不及你好
26702158, 7.5, 39, 单恋，是在机场等一艘船
21757982, 7.0, 58, 微微一吻到天荒
25985738, 7.3, 45, 何必珍珠慰寂寥Ⅱ
26677549, 6.9, 63, 声声慢
24758567, 5.9, 213, 初晨
25744238, 7.3, 44, 亿万大人物
26317486, 6.1, 154, 后来我们都哭了II・废墟
26891560, 7.0, 55, 时间都知道
25789596, 6.5, 89, 凉风有信
25744970, 7.1, 49, 宁负流年不负君
26420907, 7.0, 53, 归姝
26781270, 7.4, 38, 忘川茶舍
26308576, 6.7, 66, 月明见君来（全二册）
2595030, 5.8, 187, 华丽诱惑・穿越到后宫做妃子
25929620, 6.5, 74, 君心似我心
20282798, 5.6, 256, 季凉川，爱了你这么多年Ⅱ
20492216, 7.5, 30, 冷皇戏凤（全二册）
26915410, 5.6, 240, 锦绣未央（套装共6册）
26835924, 7.4, 32, 九阙凤华1
26688788, 7.2, 37, 军装下的绕指柔
26879977, 7.9, 23, 送你一座不孤城
25934733, 5.8, 168, 遇见，终不能幸免
26745289, 7.1, 39, 月光航线
26878836, 8.3, 18, 我亲爱的唐先生
20281421, 6.5, 66, 婚不由己2
26705811, 7.7, 25, 就是要你说爱我
26284301, 7.1, 38, 不遇倾城不遇你
25873615, 6.3, 81, 养个闺女当媳妇儿
20434831, 7.3, 32, 网游之回眸一笑狠温柔
26627716, 7.3, 32, 君心不负相思意
26864798, 7.1, 37, 经年留影
5285646, 7.7, 24, 你是我的，唯一
26389910, 6.7, 51, 朔月
26647728, 6.1, 98, 怦然心动
24701912, 7.0, 39, 从来未热恋.原来已深情（全两册）
10539244, 5.6, 196, 季凉川
5976352, 8.4, 16, 次柳氏
11542735, 6.0, 107, 塔尖的恋人啊
25931864, 6.9, 41, 我们说好的一辈子
26779262, 7.7, 23, 隔墙有爱
26366821, 6.3, 73, 最初的爱，最后的爱
10553822, 4.7, 1647, Fifty Shades of Grey
11606548, 6.9, 40, 我希望没那么爱你
26760162, 7.2, 31, 许念，这一次我绝不放手
25925741, 6.6, 51, 先婚厚爱
26434245, 7.0, 35, 若你不弃，执手相依
26878079, 7.6, 23, 蔷薇航班
26671820, 6.9, 37, 直男宜家
26256870, 7.2, 29, 绝对不说我爱你
26905753, 8.2, 16, 平步青云
10781329, 7.1, 31, 网游之命犯桃花笑春风
26631100, 6.9, 35, 不许青梅见白头
26114620, 6.8, 38, 当冬夜渐暖
25736444, 6.2, 68, 何必珍珠慰寂寥
26914106, 7.8, 19, 醉流年
25955143, 6.7, 41, 心意萌龙
26926153, 7.4, 24, 春花厌
26304535, 5.4, 210, 好久不见，秦先生
1165837, 7.2, 27, 情人十三
26807254, 7.1, 29, 朝暮不相迟
26608059, 7.0, 31, 千万人中，遇见你
26222164, 6.9, 33, 一生一世笑繁华终结篇（全三册）
10771984, 5.8, 103, 婚不由己
26668691, 7.6, 20, 原来可以等到你
25955119, 6.7, 37, 一世倾城3
26766829, 6.2, 60, 浮生寄流年
26296035, 7.2, 25, 你是我最美丽的秘密
26648158, 7.2, 25, 严师出萌徒
20411511, 6.1, 66, 星动烟火
19979113, 7.3, 23, 秘密男友召唤术
25922384, 7.0, 28, 你若安好，那还得了
10416228, 6.1, 64, 心碎是爱情最美的样子
25912137, 6.7, 34, 思念太长，我们不等
25934771, 7.4, 20, 兄长
26683307, 7.1, 24, 八点半的星光 典藏版
26369879, 6.9, 27, 萌主有命
26576431, 6.8, 29, 我在怀念，你不再怀念的
26677104, 6.7, 30, 陈，你心可有我姓名
26718234, 6.9, 25, 最爱你的那座城，春暖花开
25883393, 7.0, 23, 倾城绝恋3一念倾情
26818120, 6.3, 40, 时光深处
26853589, 7.0, 22, 我曾这样深切爱过你
26816482, 7.3, 18, 君生我已老
25762233, 6.8, 25, 厉嘉禾，只要你说爱我
20497223, 5.9, 57, 嫡妻二嫁
26701878, 7.4, 16, 浅浅心事
26935670, 7.5, 15, 通往你的路
25742357, 6.6, 27, 再嫁侯门・完结篇（上下）
26267063, 6.8, 23, 学渣扶上墙
26680115, 7.1, 18, 半生荒唐，余生有你
3111618, 6.6, 25, 千万买主
26846845, 7.6, 13, 藏住星光的森林
26685734, 7.3, 15, 住在他心里
25747627, 5.6, 65, 一日为叔，终身不负
26599706, 6.7, 21, 诺言已老，遇见恰好
26281206, 6.4, 26, 拥抱我吧，叶思远2
26270280, 7.0, 16, 御龙之龙女吉祥上
26640360, 6.8, 18, 一念情起终结篇
7060403, 6.4, 24, 用我三生烟火，换你一世迷离
26873651, 6.4, 24, 时光隔山海
26848154, 7.1, 14, 何时雾散尽
5936483, 7.2, 13, 童话转个弯
26414617, 7.2, 13, 我愿倾我所有去爱你
25809693, 6.6, 18, 错位爱情
26343552, 5.9, 30, 奈何卿太萌（上中下）
26296039, 6.6, 16, 假凤惊鸾
26688096, 5.7, 34, 《微风轻轻起，我好喜欢你》
26270281, 7.2, 11, 御龙之龙女吉祥 下
26807954, 5.8, 30, 浣熊帮帮忙
6938051, 6.8, 11, 时光晴远
25981237, 4.3, 46, 系统出错空页面
