2017-01-23 16:17:59
Tag: 认识自己
The number of books: 415 

ID, rating, votes, title
3066477, 9.2, 74762, 三体Ⅱ
2567698, 8.8, 125639, 三体
4238362, 8.6, 82858, 送你一颗子弹
4123116, 9.2, 20102, 月亮和六便士
1767945, 8.8, 24813, 一只特立独行的猪
1064275, 8.3, 50359, 老人与海
3014576, 8.4, 40667, 陪安东尼度过漫长岁月
1059419, 8.1, 58711, 海边的卡夫卡
1786387, 8.6, 22144, 影响力
2340100, 8.1, 52278, 遇见未知的自己
3369600, 8.1, 42024, 当我谈跑步时我谈些什么
1476651, 9.0, 9402, 社会心理学
1963912, 8.8, 12264, 正见
1963310, 8.2, 29822, 大地之灯
3344676, 8.1, 34155, 常识
1859140, 8.8, 9764, 上学记
1030052, 7.9, 44453, 清醒纪
10763902, 7.9, 36928, 偷影子的人
2250587, 7.6, 67402, 一个人的好天气
3803820, 8.4, 14389, 人生
3465080, 9.0, 5936, 好妈妈胜过好老师
3079029, 8.8, 7680, 大秦帝国
1878708, 8.3, 16478, LA流浪记
26276775, 8.9, 6158, 异乡人
1056461, 8.3, 14850, 旅行的艺术
4953695, 8.0, 24725, 拆掉思维里的墙
2339950, 7.8, 32387, 被窝是青春的坟墓
1758767, 8.2, 14666, 人气绘本天后高木直子作品典藏（全6册）
2328458, 9.1, 3948, 社会性动物
2359003, 8.2, 14051, 沉思录
1212080, 8.4, 10065, 奇鸟行状录
1030200, 8.9, 4759, 失落的一角遇见大圆满
1433377, 8.6, 7126, 生命中不能承受之轻
1136881, 9.3, 2846, 悲惨世界
3394338, 7.5, 49249, 他的国
4929844, 8.3, 10484, 怪诞行为学
4180711, 8.2, 11389, 拖延心理学
6152040, 9.1, 3119, 维特根斯坦传
3034480, 9.4, 2192, 圣经
3194071, 8.6, 5666, 少年巴比伦
1045716, 8.7, 4879, 人生中不可不想的事
2348372, 8.3, 8495, 野蛮生长
1485495, 8.1, 10983, 楼下的房客
3765620, 8.7, 4235, 在漫长的旅途中
1027247, 7.9, 14127, 丑陋的中国人
7059662, 8.1, 9966, 考拉小巫的英语学习日记
1005193, 8.6, 4672, 重新认识你自己
4241870, 7.7, 19747, 我在回忆里等你
3274182, 8.4, 5969, 莲花
2216583, 8.8, 3399, 沉重的肉身
1262986, 8.1, 9318, 我不是教你诈
1504957, 8.6, 4390, 学会提问
3765331, 8.6, 4381, 恋人絮语
1105146, 8.9, 2903, 局外人
3413836, 8.4, 5693, 当下的力量
1201821, 8.0, 10520, 梦的解析
20425053, 7.7, 16912, 我所理解的生活
3533221, 8.5, 4430, 非暴力沟通
3711733, 8.6, 3785, 那个姐姐教我们的事
1269900, 8.2, 6692, 活法
2034893, 7.6, 18722, 那些男孩教我的事
3834938, 8.3, 5647, 与神对话（第一卷）
1270508, 8.7, 3193, 失焦
1017180, 8.3, 5396, 定位
2302217, 8.8, 2537, 阿特拉斯耸耸肩（上下）
1460340, 8.9, 2207, 人性的，太人性的
1451270, 9.2, 1526, 纪伯伦诗集
1829799, 8.7, 2740, 爱的觉醒
1721111, 8.6, 3092, 周国平人生哲思录
5940553, 8.8, 2384, 当尼采哭泣
3740431, 8.4, 3967, 灵魂只能独行
1948922, 8.3, 4517, 面纱
26376603, 8.1, 5861, 秘密花园
3087020, 8.1, 5797, 清醒纪
3132477, 9.0, 1687, 城南旧事
3831788, 8.0, 6370, 逃离
1437973, 8.7, 2343, 亲密关系
1491153, 8.7, 2206, 曾国藩家书
3759806, 8.4, 3192, 西藏一年
1874488, 8.1, 4804, 别做正常的傻瓜
3800022, 8.2, 4106, 活出全新的自己
1223845, 7.6, 10905, 男人来自火星 女人来自金星
24749465, 7.5, 12280, 断舍离
1193621, 8.5, 2382, 决策与判断
3123393, 7.6, 9172, 遇见心想事成的自己
1077129, 8.5, 2313, 一生的学习
1859649, 8.1, 3980, 生命的不可思议
11614293, 7.5, 10090, 人生需要揭穿
2376506, 8.8, 1487, 生命的轨迹
3095037, 9.0, 1167, 听音乐（插图第6版）
6829323, 7.9, 4885, 我，睡了，81个人的沙发
20507212, 8.0, 4025, 习惯的力量
1837006, 8.1, 3309, 人性的弱点
3669408, 8.3, 2483, 身份的焦虑
3025921, 7.7, 5929, 黑天鹅
2372450, 8.6, 1635, 改变，从心开始
1258513, 8.5, 1843, 爱与寂寞
1731825, 7.5, 7927, 读大学，究竟读什么
1105890, 8.2, 2557, 生命的重建
1456524, 7.9, 3828, 这个世界会好吗
3671442, 8.5, 1644, 修炼当下的力量
25870384, 8.4, 1859, 你的生命有什么可能
2250289, 7.9, 3674, 一个人不要怕
1162784, 8.1, 2699, 超越自己・创造自己・肯定自己
2307720, 8.2, 2345, 幸福的方法
6121542, 8.0, 2894, 当你途经我的盛放
4260576, 7.4, 7545, 有些事现在不做，一辈子都不会做了
3035606, 8.5, 1378, 七个心理寓言
1788302, 8.5, 1361, 重塑心灵
1183730, 8.4, 1513, 谈话的力量
2980795, 7.7, 4051, 内向者优势
3224456, 7.7, 3981, 少有人走的路Ⅱ
2282946, 7.8, 3392, 直面内心的恐惧
1436707, 7.6, 4639, 如何掌控自己的时间和生活
1499783, 8.3, 1669, 将心注入
3137185, 8.8, 924, 阿米I-星星的孩子
3389811, 8.7, 999, 西方哲学史（修订第8版）
3327830, 7.7, 3542, 前世今生：16堂生死启蒙课
3218534, 8.1, 1919, Eat
1132110, 8.4, 1306, 谁在我家
2049781, 8.5, 1136, 世界在你心中
6966843, 7.8, 2652, 重遇未知的自己
4934733, 8.3, 1326, 真实的幸福
1256282, 8.5, 1022, 心灵自由之路
3874168, 8.1, 1652, 零极限
1309228, 9.2, 485, The Fountainhead
1931318, 7.0, 9735, 于丹《论语》心得
2125593, 8.6, 873, 克里希那穆提传
4252006, 7.6, 3271, 祖国的陌生人
1058097, 7.8, 2410, 岁月与性情
6718250, 8.5, 960, 生命的不可思议
1256284, 8.4, 1064, 谋生之道
3875610, 8.9, 584, 内观
3005066, 8.1, 1447, 在爱中修行
3712855, 8.3, 1088, 为何越爱越孤独
1768100, 8.1, 1389, 江湖外史
2382899, 8.4, 955, 通向财务自由之路
1100470, 7.5, 3264, 现在，发现你的优势
20389192, 7.2, 5453, 30岁前的每一天
1951372, 9.0, 503, 创新与企业家精神
2328178, 9.0, 490, 态度改变与社会影响
10437353, 8.1, 1252, 我想遇见你的人生
3759803, 7.8, 1845, 波多贝罗的女巫
4053315, 8.3, 960, 一念之转
2980831, 8.4, 850, 孤六v (附DVD)
4243135, 7.4, 3174, 别告诉我你懂PPT
4929897, 7.8, 1707, 情商：为什么情商比智商更重要
1882426, 8.6, 634, 人与永恒
2003451, 7.2, 4265, 于丹《庄子》心得
1908463, 7.8, 1641, 与未来同行
26416401, 7.4, 2965, 我敢在你怀里孤独
1101447, 7.7, 1845, 不要用爱控制我
4006425, 7.7, 1815, 我是一只IT小小鸟
1065931, 7.8, 1571, 图穷对话录
3131803, 8.6, 594, 致青年朋友
2278535, 8.5, 656, 哲学的邀请
1722020, 8.7, 528, 最初和最终的自由
1051931, 8.9, 423, 西藏度亡经
4165838, 8.0, 1096, 接纳不完美的自己
1790456, 7.5, 2187, 专业主义
3265827, 8.9, 405, 人的自我寻求
2002938, 8.3, 745, 费曼的彩虹
4816212, 7.4, 2475, 真希望我20几岁就知道的事
1764940, 8.3, 727, 爱是一种选择
1148437, 9.1, 325, 传习录
4237182, 8.2, 788, 世界因你不同
6125682, 7.5, 1927, 力量
3268050, 8.2, 756, P於跑步，我f的其是……
26178426, 7.6, 1599, 稀缺
3554751, 9.2, 273, 漩u（全3裕
1958394, 7.8, 1195, 工作DNA
1754852, 9.5, 211, JR神
3228781, 9.1, 289, 阿米Ⅱ-宇宙之心
1450606, 8.3, 630, 爱的序位
1829139, 7.2, 2828, “色”眼识人
1214804, 8.6, 450, 未发现的自我
2972658, 8.0, 855, 包容的智慧
1879497, 8.5, 486, 新家庭如何塑造人
1449307, 7.9, 952, 我把爱情煲成汤
6985557, 7.6, 1368, 有些事现在不做，一辈子都不会做了.4，要工作，也要生活
6890201, 7.1, 2929, 我知道你不知道的自己在想什么
1193622, 8.2, 627, 自我
4199612, 7.9, 860, 本杰明的奇幻旅程
4258808, 8.3, 537, 还我本来面目
25885179, 9.3, 213, 我为青春狂
10747362, 7.9, 845, 活出全新的自己
6858459, 8.2, 587, 当下的力量Ⅱ
4805128, 7.5, 1397, 你好，陌生人
6427971, 7.7, 1046, 学会爱，超越爱
1057852, 8.4, 437, 疯狂的意义
1264489, 8.9, 268, 罗素论幸福
1474527, 8.5, 383, 漫漫自由路
2979316, 8.1, 577, 人类学的邀请
4241022, 8.4, 416, 生活的艺术
3014318, 7.9, 722, 林依晨的~s果日
24714245, 7.8, 809, 看得开
3795779, 7.8, 803, 宽心
1775895, 8.5, 366, 心的出路
3842681, 8.7, 299, 面对危机中的世界
3724665, 7.7, 892, 男人来自火星，女人来自金星（白金升级版)
24297906, 6.7, 4441, 不畏将来 不念过去
2986872, 7.3, 1541, 简单的逻辑学
25660015, 6.9, 2906, 以自己喜欢的方式过一生
26264210, 7.8, 749, 几乎没有记忆
1482317, 8.4, 380, 自卑与超越
26761859, 7.9, 636, 精要主义
1964884, 7.4, 1224, 为什么幸运的人总幸运倒霉的人老倒霉
5910460, 7.5, 1029, 看不见的大猩猩
2115948, 8.1, 482, 解读“疯狂”――热点话题人物的心理分析
5028585, 8.5, 319, 关系之镜：两性的真爱
1221710, 7.6, 863, 塞莱斯廷预言
2303128, 8.5, 312, 简析荣格
25753360, 7.2, 1525, 本色
26260187, 7.7, 749, 零秒思考
1799241, 7.8, 651, 全新思维
3815992, 6.9, 2308, 白骨精学习法
2363654, 9.0, 188, 与爱同在
3446163, 7.7, 682, 大学不知道
1799224, 7.3, 1148, 仙人指路
3017135, 7.6, 743, 于丹《论语》感悟
2296402, 7.7, 645, 一网情深
1253117, 8.5, 267, 梭罗日记
3196067, 8.4, 292, 我本砻婺
2365621, 8.6, 225, 心的对话
3163506, 7.8, 501, 答案在你心中
2239428, 7.5, 722, 职场和恋爱中的九型人格
26416276, 7.9, 434, 愿生命从容
26422275, 7.3, 918, 向死而生
26434719, 6.8, 1992, 你一年的8760小时
1132712, 7.6, 585, NLP简快心理疗法
4262950, 8.4, 243, 关系的真谛
1836957, 8.4, 238, 痊愈的本能
1027461, 7.7, 484, 下一站，成功
1003972, 8.5, 212, 般若之旅
1556409, 8.4, 232, 信任论
26694904, 7.6, 503, 世界很大
4169495, 7.5, 561, 让天赋自由
3215710, 7.9, 343, 伦理学的邀请
10755668, 8.6, 175, 自我观察
6758610, 6.8, 1507, 人脉是设计出来的
3145111, 8.8, 146, 一新世界
10799765, 7.6, 469, 盖洛普优势识别器2.0
1220597, 7.7, 413, 高效能人士的第八个习惯
24859467, 8.7, 155, 谁说了算？
26262143, 7.6, 438, 女人明白要趁早之米字路口问答
20366457, 6.0, 6835, 香蕉哲学
3758662, 7.7, 381, 放任心中的一百次流浪
1055881, 7.4, 546, 你的降落伞是什么颜色？
1066281, 8.2, 223, 魔鬼与普里姆小姐
6800946, 7.1, 791, 做自己的先知
3189696, 7.2, 681, 两个人的孤独
3289453, 8.7, 140, 歌德谈话录
3208050, 7.6, 402, 知道做到
5291811, 7.6, 401, 认识自己，接纳自己
2368198, 8.5, 161, 一生必读的关于信仰与人生的30部经典
4015086, 8.2, 206, “现在全明白了！”－你我他的自我认识之路
25752076, 7.9, 274, 贪婪的大脑
20480678, 7.0, 815, 逆转
26220133, 7.2, 589, 把时间浪费在美好的事物上
1925936, 9.0, 99, 默克家庭诊疗手册
1581309, 8.3, 172, 神经衰弱和强迫观念的根治法
1056742, 7.5, 388, 我是韩国人
1981207, 7.7, 305, 一个禅者眼中的男女
2033945, 7.3, 483, 定见
4324905, 7.8, 259, 发掘你的竞争力
2567481, 8.6, 124, 看人
26915104, 9.0, 87, 你凭什么做好互联网
26379069, 7.2, 474, 麦肯锡入职培训第一课
2016451, 8.1, 173, 万能钥匙
3325260, 7.7, 256, 谁杀了我的牛？
1034572, 7.5, 308, 一分钟的你自己
4245065, 7.5, 292, 女雕刻家
2981084, 7.5, 287, 吸引力法则
5395289, 7.2, 409, 找回迷失的自己
1068898, 7.0, 511, 孙悟空是个好员工
4879642, 8.9, 79, 大师读心经
2364146, 7.6, 236, 海星模式
26270425, 7.3, 326, 万物皆有欢喜处
2382099, 8.3, 119, 自由是什么
1310154, 8.4, 109, 论对话
25839525, 7.3, 308, 鲤・宿命
1213200, 7.7, 198, 人性的优点全集
26371645, 8.2, 124, 女神经过
25769406, 7.6, 210, 一个人不要怕：完美升级版
5935767, 8.3, 110, 皮格马利翁效应
4175480, 6.4, 1074, 男人都是智障
1261320, 7.7, 184, 微精神分析学
2380804, 8.0, 133, 恐惧的由来
4262949, 8.7, 76, 从破碎到完整
24733738, 7.5, 203, 理科生的人生设计指南
1488175, 8.1, 114, 画坛点将录
4236607, 7.3, 238, 情绪的惊人力量
2022501, 8.6, 74, 单身爱之语
6101304, 8.6, 73, 罗素谈人的理性
3776326, 7.5, 186, X一代
25977760, 7.0, 331, 我们都是突然长大的
3450920, 8.1, 99, 愤怒，爱的另一面
4934349, 7.4, 184, 不负我心
20445340, 6.6, 488, 16型人格的自我修炼
1848718, 7.5, 157, 自控g
1035052, 8.5, 67, 积极心态的力量
26838015, 8.4, 69, 对于自己，你还是个陌生人
1693672, 7.9, 102, The McKinsey Mind
26236894, 8.0, 93, 二十几岁决定你的人生主题
2245997, 8.2, 78, 把好\吸^
3351944, 7.5, 141, 心在飞
2033477, 7.6, 126, 拜！不要每人都一
2368788, 7.9, 96, 学而时习之
2778171, 8.4, 65, Critical Thinking
1172679, 9.2, 39, 莎拉：“所罗门”指导她飞翔
3111137, 7.2, 180, 我是左撇子
2000099, 8.6, 53, 生命底秩
24529136, 6.8, 274, 适合比成功更重要
2980462, 8.6, 52, 一味 One Taste
26319791, 8.7, 48, 自我（第2版）
1742828, 7.6, 110, 塔木德
4914780, 8.3, 61, 谋生之道
3137057, 6.7, 289, 九型人格
25870402, 7.0, 198, 整理的艺术4：升职从整理开始
6511179, 7.9, 82, 对我影响最大的几本书
3066802, 7.8, 88, 情w的@人力量
21330043, 7.8, 88, 改变
4317969, 8.2, 64, 克里希那穆提精选集
23217344, 7.3, 136, 睡在悬崖上的人
1458977, 7.2, 141, 跑步
4309469, 9.4, 28, FYI For Your Improvement
2383735, 8.8, 36, How We Know What Isn&#39;t So
1183161, 7.1, 133, 内向所以成功
6724488, 8.1, 55, 朝圣的心路
6773038, 8.9, 32, 生命的完整
2345245, 9.2, 27, Synaptic Self
4244650, 6.9, 139, 没有你的故事，你是谁？
4744067, 7.7, 65, 如何掌控自己的人生
26743743, 8.3, 42, 穿越孤独
2145914, 8.0, 51, 答案.在你心中-这辈子该思考的问题
3464555, 7.4, 82, 吸引力法则使用手册
1292413, 8.2, 44, 自我评估:爱自己才能更好地与人相处
3126372, 7.6, 68, 心想事成的秘密
26107066, 6.6, 190, 孤独是你的必修课
2357319, 8.4, 37, 崆槿松的冰淇淋哲W
26184209, 7.1, 101, 暖男
6969158, 9.0, 26, 针孔摄影
1454360, 7.5, 69, 全脑优势
1255628, 7.3, 81, 帕累托80/20效率法则
6976142, 8.3, 37, 雪佛告诉你，加薪20%的秘密
26241378, 7.2, 82, 波多贝罗女巫
3465505, 8.0, 43, 态度决定一切
3107063, 7.4, 68, 失落的致富经典
26278757, 6.9, 102, 上脑与下脑：找到你的认知模式
4737484, 8.0, 40, 受伤的人
26261585, 5.7, 545, 反洗脑
1070963, 7.0, 85, 杰出的头脑
26287483, 7.1, 75, 迷失的时候，选择更艰辛的那条路
3702316, 8.0, 37, 性格解析
5373522, 8.0, 37, 心灵的成长比成功更重要
2342515, 8.3, 30, 思维的革命
25774236, 7.9, 38, 谢谢你，肿瘤君
3714986, 7.0, 76, 解密中国人的九种体质
5503167, 8.1, 32, 成为你自己
4191579, 8.6, 24, 恋爱中识别和摆脱Loser
4850003, 7.5, 47, 20几岁要懂点经济学大全集
26362196, 6.0, 243, 聪明人是如何思考的
1172812, 9.0, 19, 莎拉和塞斯奇遇记
1003739, 7.2, 58, 心理医生
1332106, 8.5, 24, 恕十二招：せ卣鄣拿卦E
24714658, 7.2, 57, 改变人生的15分钟超级整理术
10804360, 7.6, 40, 女人要做一棵开花的树
24863300, 8.3, 25, 你可以通灵
1427829, 9.2, 16, “冰山”理论：对话与潜对话
2077638, 8.1, 27, 这才是你的世界
25981063, 6.8, 65, 两个人很美好，一个人也自在
10464532, 7.4, 37, 来自宇宙的新小孩
3234087, 5.9, 177, 20-30岁你拿这十年做什么
10791787, 6.7, 65, 乐嘉色眼识人（套装全4册）
26662573, 7.5, 33, 麦肯锡用人标准
4254702, 8.0, 24, 高效学习
26606713, 7.8, 27, “芬”解上班族――全相职场素养课
10560355, 6.2, 100, 水知道答案
3347577, 7.0, 44, 一个女人的成熟
25908124, 7.5, 29, 心理自愈术
4139677, 6.7, 55, 内向者无敌
10581996, 8.3, 18, 心想事成的艺术
10593937, 6.9, 45, 内向者的能量
1184815, 7.5, 26, 小故事大道理
26169505, 7.5, 26, 我得过最重的病，是想你
26382489, 7.9, 20, 阴谋论和其他危险的想法
5440623, 6.7, 47, 弗洛伊德谈自我意识
24744176, 7.3, 28, 自信力
1853162, 7.8, 18, 成为有影响力的治疗师
10555455, 7.5, 20, 生命的旅行
1431774, 8.5, 12, Spiritual Growth
3225655, 7.0, 27, 女人可以赚更多
26615768, 7.1, 24, 时间会给你答案
4256691, 7.2, 21, 做你想做的人
5395711, 7.5, 16, 女人养生养脾胃
5387349, 7.7, 14, 快速分析
3434072, 7.5, 15, 碜杂钪娴男滦『
1725331, 6.8, 23, 洞悉性格的深邃内涵
1951239, 7.7, 13, 最初与最后的自由
2844414, 7.9, 11, Strangers to Ourselves
4266048, 7.7, 12, 每天读点好英文（机遇卷）
1072197, 7.3, 13, 与你在巅峰相会
1127656, 6.2, 27, 牛仔裤
1408347, 6.6, 19, 人为什么会说别人坏话
2007418, 7.2, 13, 解读彼得原理
2059145, 5.9, 32, CEO的抉择
3278730, 7.4, 11, 秘密]f完的事
3351672, 7.4, 11, 奇迹
3578364, 7.4, 11, 少女自卫手册
5906906, 6.2, 22, 80后的迷思与出路
1737503, 7.4, 10, 防止青少年自我伤害
25798726, 7.4, 10, 生命是一场孤独的旅行
6075057, 7.0, 12, 性格与爱情
1233213, 6.8, 11, 打破妥协
1252546, 6.1, 15, 钱是想出来的
