2017-01-23 16:17:59
Tag: 诗词
The number of books: 953 

ID, rating, votes, title
1007305, 9.5, 112864, 红楼梦
1019568, 9.2, 52643, 三国演义（全二册）
1883245, 9.4, 10247, 诗经
1059258, 9.4, 9751, 道德经
1203426, 9.0, 14293, 人间词话
1013267, 9.3, 8690, 唐诗三百首
1029553, 8.7, 20406, 西游记（全二册）
1088581, 8.9, 13442, 浮生六记
1008357, 8.5, 21641, 水浒传（全二册）
1014561, 9.0, 9770, 古文观止
2046236, 9.3, 4713, 庄子
1949420, 9.3, 4711, 孙子兵法
1964774, 9.0, 6922, 论语
1073708, 9.0, 5613, 牡丹亭
1021990, 9.2, 3458, 唐诗鉴赏辞典
1040382, 8.9, 4948, 人间词话手稿本全编
1014763, 9.2, 3339, 三国志（全五册）
1098643, 8.7, 5491, 聊斋志异
1108762, 9.3, 2279, 诗经
1774227, 9.6, 1621, 脂砚斋重评石头记庚辰校本
1006967, 9.3, 2244, 宋词三百首
1287865, 9.4, 1921, 老子
1053088, 9.2, 2264, 陶庵梦忆 西湖梦寻
1286547, 8.6, 4663, 菜根谭
1016631, 8.5, 5042, 西厢记
1147193, 9.0, 2596, 世说新语
1856285, 7.3, 41305, 人生若只如初见
1420734, 9.2, 1930, 水~{校
1132550, 9.4, 1533, 宋词鉴赏辞典
1393724, 9.0, 2347, 楚辞
1021709, 8.6, 3318, 桃花扇
1081144, 9.3, 1436, 古源
1185908, 8.5, 3755, 东周列国志（上下）
1456692, 8.5, 3573, 金瓶梅
1003079, 9.5, 1084, 红楼梦
2005705, 9.1, 1649, 唐宋词十七讲
1015104, 9.3, 1162, 陶渊明集
1076598, 8.7, 2105, 宋诗选注
1146536, 9.5, 842, 唐诗三百首
1203523, 9.4, 914, 唐宋词鉴赏辞典(唐五代北宋)
1007196, 8.5, 2525, 闲情偶寄
1823533, 8.7, 1879, 山海经
1002513, 9.2, 1039, 注析（全二裕
1107841, 9.0, 1257, 战国策
1181370, 9.3, 878, 文心雕龙注(上下)
1204398, 8.8, 1461, 幽梦影
1921597, 8.9, 1288, 大学・中庸
2377241, 9.6, 628, 世f新Z{疏（全三裕
1921441, 8.9, 1264, 诗经
1008094, 9.3, 829, 春秋左髯（全四裕
3994721, 8.0, 3974, 纳兰容若词传
1119590, 8.0, 3905, 老残游记
1009938, 7.8, 5226, 封神演义
3843961, 9.4, 698, 唐诗三百首
1910477, 8.8, 1296, 千秋一寸心
1042053, 8.1, 3125, 儒林外史
1770652, 9.2, 806, 顾随诗词讲记
1854151, 9.2, 782, 金圣叹批评本水浒传
1961670, 9.2, 773, 叶嘉莹说汉魏六朝诗
1033327, 9.4, 632, 唐宋词鉴赏辞典
1524605, 9.4, 630, 宋~三百首（全二册）
1062971, 8.9, 1038, 纳兰性德词选
1862115, 7.2, 12547, 当时只道是寻常
1877096, 8.1, 2670, 花间十六声
1038492, 8.7, 1242, 追忆
2139684, 9.2, 726, 南唐二主~校
25744944, 8.5, 1520, 既见君子
1022951, 8.4, 1706, 长生殿
1491630, 8.7, 1179, 小窗幽记
3993396, 8.8, 1053, 纳兰词集
6121542, 8.0, 2894, 当你途经我的盛放
1543917, 9.0, 823, {m~{注
10354427, 8.2, 2034, 蒋勋说唐诗
1144385, 7.8, 3612, 镜花缘
1644403, 8.1, 2311, 警世通言
1004376, 9.2, 632, 世f新Z校{（全二裕
1119476, 8.0, 2533, 醒世恒言（上下）
4903692, 9.0, 750, 东京梦华录
10482102, 8.1, 2146, 蒋勋说宋词
10796035, 9.2, 606, 中国古典诗词感发
2034127, 7.3, 7330, 陌上花开缓缓归
1137748, 8.7, 963, 元曲三百首
1958863, 8.5, 1198, 搜神
1626883, 8.1, 1936, 阅微草堂笔记
1257360, 8.8, 806, 孟子
2775787, 9.1, 592, 叶嘉莹说杜甫诗
1469028, 9.4, 442, 文x（全六裕
1009290, 8.7, 877, 秋水堂论金瓶梅
2196957, 9.2, 521, 孙子兵法
1470622, 8.2, 1559, 二十年目睹之怪现状
1081778, 9.5, 396, 李太白全集（全三册）
1908517, 7.1, 8899, 思无邪
1012560, 9.3, 469, 犯集（全四裕
1045314, 8.7, 850, 诗词格律
1466836, 8.0, 1989, 喻世明言
1876129, 9.2, 497, 饮水词
1214303, 8.8, 735, 韩非子
2349498, 9.4, 410, 古诗十九首集释
2775720, 9.0, 562, 叶嘉莹说初盛唐诗
25934176, 8.4, 1051, 雪隐鹭鸶
1014173, 8.4, 1028, 红楼梦诗词曲赋鉴赏
1050658, 9.3, 406, 宋诗鉴赏辞典
1137681, 8.8, 650, |坡志林
2025893, 8.9, 587, 人间词・人间词话
3993392, 9.3, 403, 苏轼词集
25881958, 9.0, 529, 人间词话七讲
1039315, 9.2, 433, 楚oa注
1264104, 8.6, 786, 夜航船
25802944, 8.2, 1249, 大唐李白・少年游
2052471, 8.7, 690, 诗经别裁
2005704, 9.0, 509, 北宋名家词选讲
3810699, 9.2, 421, 水浒传
1836272, 8.7, 678, 山海经
4917220, 9.3, 379, 楚辞
1142794, 9.0, 477, 太平广记（全十册）
1807798, 9.0, 475, 洛阳伽蓝记校笺
1207847, 8.5, 793, 增广贤文
2226332, 9.4, 331, 稼轩词编年笺注(增订本)
1881837, 8.1, 1263, 三言二拍
3073062, 7.6, 2506, 纳兰词典评
25779213, 8.5, 744, 蒋勋说文学
2159115, 9.1, 407, 世说新语精读
1007577, 9.0, 443, 唐诗杂论
1958312, 7.5, 2727, 关于方文山的素颜韵脚诗
3409620, 9.1, 398, 东周列国志
1545936, 9.4, 306, 唐宋名家词选
1070272, 8.4, 801, 子不语
1056079, 7.9, 1482, 中国文学史(第一卷)
1002262, 9.1, 387, 宋元戏曲史
1507657, 9.2, 352, 小山词
1008023, 9.3, 322, 杜注（全五裕
24704604, 8.5, 694, 诗里特别有禅
1774062, 9.0, 415, 宋词选
3993390, 9.1, 368, 李煜词集
1394420, 9.3, 309, 古诗文名物新证（全二册）
1078146, 7.8, 1562, 二刻拍案惊奇(上下)
1322081, 8.8, 482, 诗论
1017340, 9.6, 240, KY文集（全六裕
1634709, 8.9, 437, 菜根谭（全四册）
2027949, 8.8, 467, 漱玉词・断肠词
1849632, 9.2, 319, 世说新语校笺
1005619, 9.5, 249, 王维集校注（全四册）
1030529, 9.1, 347, 李商隐诗选
3218229, 7.2, 3538, 陌上花开
5323924, 9.1, 334, 人间词话
1065258, 9.2, 303, 唐宋词选释
3009778, 8.5, 586, 纳兰词
1223813, 9.0, 358, 李清照诗词选
3223717, 8.8, 431, 陶庵梦忆
1012171, 9.4, 253, 李商[歌集解（全五裕
26889848, 9.1, 324, 山海经全译
3183666, 8.8, 411, 风景旧曾谙
1279925, 9.1, 312, 李清照词
1949466, 9.5, 224, 聊S志校注u本（全四裕
2039292, 8.8, 404, 迦陵说词讲稿
2030606, 8.7, 440, 叶嘉莹说陶渊明饮酒及拟古诗
2049360, 8.8, 394, 南宋名家词选讲
1627340, 8.5, 527, 中国历代文学作品选.上编.第1册
3843962, 9.2, 273, 宋词三百首
4892923, 9.1, 297, 古典学术讲要
2995251, 8.6, 472, 叶嘉莹说中晚唐诗
1214300, 9.1, 291, 周易
1393733, 9.2, 264, 李煜集
2282706, 8.9, 342, 智囊全集
1030882, 9.2, 263, 汉魏六朝诗鉴赏辞典
1045566, 8.4, 557, 随园诗话（上，下）
1025808, 8.5, 498, 梦溪笔谈
1223808, 9.2, 258, 李白诗选
1773575, 8.3, 602, 花间集
2028082, 8.9, 330, 唐五代名家词选讲
1547110, 8.8, 361, 沧浪诗话校释
1077702, 8.7, 394, 毛泽东诗词选
1010286, 8.5, 478, 盛唐诗
1895965, 8.6, 431, 鬼谷子
26791617, 8.0, 835, 大好河山可骑驴
1009706, 9.1, 270, 中国文学欣赏举隅
1227961, 9.2, 248, 东京梦华录注
3223719, 8.2, 652, 围炉夜话
7001042, 8.5, 471, 无计花间住
1435197, 9.2, 247, 李商隐诗选
1817491, 8.8, 350, 幼学琼林
1041585, 8.5, 469, 板桥杂记
1525645, 8.8, 349, 纳兰词
1436648, 8.7, 379, 他山的石头记
3826303, 9.2, 239, 姜白石词笺注
2382393, 8.9, 306, 叶嘉莹说诗讲稿
3097837, 8.1, 693, 汪国真经典诗文
2027666, 9.1, 256, 杜甫诗歌讲演录
1122957, 9.3, 217, 纳兰词:线装巾箱本(共2册)--书韵楼丛刊
1161592, 9.3, 216, 全唐诗（全二十五册）
1802061, 8.8, 324, 诗经原始(上下)
1076343, 9.1, 249, 世说新语译注
1003584, 9.1, 248, 汉魏六朝诗讲录
1844792, 9.2, 228, 毛宗岗批评本三国演义（上下）
5320661, 8.6, 388, 茶经
3567384, 8.9, 293, 聊斋志异
1042039, 7.6, 1234, 隋唐演义（上下）
1027880, 9.3, 207, 全宋词（共5册）
4258636, 8.7, 344, 烽火与流星
1109137, 7.7, 1056, 初刻拍案惊奇
1603309, 7.7, 1055, 笑林广记
3423150, 9.1, 240, 二晏词笺注
4841292, 7.3, 1870, 十方一念
1762644, 8.9, 282, 诗经选
1292310, 7.5, 1363, 说岳全传
1110159, 9.2, 218, 诗品集解・续诗品注
1223811, 9.0, 257, 苏轼诗词选
3519722, 9.1, 236, 四书五经
1170187, 9.1, 235, 史记
1186176, 8.3, 498, 海上花列传
1023735, 8.8, 303, 诗境浅说
1543906, 8.7, 328, 古诗十九首与乐府诗选评
3333020, 9.3, 196, 通志堂集（附纳兰容若手简）
22264311, 8.3, 486, 无声无光集
1659346, 9.0, 248, 千字文
1014359, 9.2, 210, 李白诗选
1015541, 8.6, 353, 诗经译注
1185910, 8.9, 267, 埃涅阿斯纪
1028577, 9.0, 244, 蕙L~ 人g~
1067669, 8.3, 471, 初唐诗
2080782, 9.1, 220, 世说新语译注（全二册）
1029440, 9.1, 219, 苏轼诗选
1065772, 9.2, 202, 古文鉴赏辞典（上）
2053608, 8.6, 339, 吕氏春秋
1062363, 9.1, 218, 元曲鉴赏辞典
1040681, 9.3, 186, 先秦h魏x南北朝（全三裕
3045403, 9.0, 235, 东周列国志
1518339, 9.2, 199, 李清照集笺注
3992177, 9.5, 157, |坡犯{
1046813, 9.1, 208, 先秦诗鉴赏辞典
1678478, 9.0, 223, 纳兰词
1988066, 8.7, 288, 词之美感特质的形成与演进
2341188, 8.9, 241, 唐诗选注
1133565, 8.8, 260, 再生缘
1679149, 9.5, 149, 王S《人g~》《人g~》手稿
2310478, 9.4, 160, 玉溪生诗集笺注
1807997, 9.3, 171, 陶庵梦忆
1857104, 9.2, 184, 唐诗三百首全解
1065974, 9.3, 170, 唐宋词格律
2984029, 9.3, 169, 王右丞集{注
2266558, 8.5, 334, 西游补
1368387, 9.4, 156, 古十九首
2052228, 9.2, 179, 李R歌集注
1067119, 8.6, 298, 纳兰词笺注
1961668, 8.4, 358, 好诗共欣赏
1002025, 9.3, 164, KY~年校注（全三裕
1049464, 9.3, 164, 唐诗百话
1961661, 8.3, 393, 叶嘉莹说阮籍咏怀诗
3191334, 9.0, 205, 宋词赏析
1025238, 9.4, 150, 苏轼诗词文选评
7057187, 9.4, 150, 陶庵梦忆
3066095, 8.7, 264, 汉字的魔方
3810697, 9.3, 161, 红楼梦
1536629, 9.2, 173, 陶Y明集{注
2041978, 8.6, 286, 本草纲目
1082760, 8.7, 260, 品注
2052475, 8.5, 311, 左传
1954594, 8.2, 420, 十二楼
5914507, 8.5, 303, 晚唐
1125096, 9.2, 166, 漱玉词
1024698, 8.2, 404, 论语通译
3201442, 9.2, 164, 唐人七绝诗浅释
1162576, 8.9, 204, 玉_新{注（全二裕
1095648, 8.3, 349, 白香词谱
3993399, 8.8, 219, 李清照词集
1066974, 8.3, 348, 茶经
1393214, 8.9, 201, 鬼谷子详解
2103067, 9.4, 136, 苏轼集
4735768, 9.4, 134, 蔡志忠经典漫画
1084403, 9.2, 155, 读词偶得・清真词释
1491624, 9.1, 167, 陶庵梦忆
1891934, 9.1, 165, 唐诗选（上下）
1957709, 8.8, 210, 唐宋传奇集
1626882, 9.2, 152, 杜R
1255985, 8.9, 192, 颜氏家训集解
1223810, 9.1, 162, 杜甫诗选
1055254, 9.1, 161, 辛弃疾词选
1976204, 8.9, 188, 诗词格律概要 诗词格律十讲
2031262, 9.3, 137, 宋词三百首全解
1223812, 8.9, 186, 柳永词选
1423499, 9.2, 147, 声律启蒙笠翁对韵
1023595, 8.0, 436, 窦娥冤
3056096, 9.2, 146, 诗词散论
1021809, 8.1, 386, 诗经植物图鉴
1055460, 8.3, 313, 诗词格律概要
1410360, 8.8, 197, 词学十讲
2023087, 9.1, 154, 四书五经
6116769, 9.6, 108, 红楼梦脂汇本
1536620, 8.9, 180, 寒山诗注
1279926, 9.3, 132, 苏轼词
6528558, 8.8, 192, 纳兰词全编笺注
2149452, 9.0, 161, 唐诗三百首新注
1547521, 8.7, 204, 西湖梦寻
3004348, 9.3, 127, 姜白石~年{校
3899534, 7.8, 493, 一生最爱纳兰词
6105391, 8.7, 200, 金瓶梅
1064205, 9.1, 145, 李清照集校注
1949905, 9.1, 145, 陈寅恪晚年诗文释证
1559380, 8.8, 183, 徐霞客游记
2257283, 9.1, 144, 唐人小说
1070193, 9.1, 143, 氛录校注
3278377, 9.1, 143, 淮海居士长短句笺注
1084399, 8.6, 214, 白雨斋词话
1608312, 8.5, 234, 呻吟语
1547465, 9.3, 123, 李Z李煜词
10604785, 8.9, 165, p照窃~藁
25800339, 7.6, 602, 唐诗风物志
1290294, 8.8, 176, 阮籍集校注
2235829, 8.9, 161, 驼庵诗话
1076946, 8.4, 247, 唐宋词欣赏
19981641, 9.3, 118, 吴小如讲杜诗
6534693, 9.0, 147, 世说新语（上下）
3993393, 9.0, 146, 柳永词集
1027525, 9.3, 117, 曹植集校注
5058551, 9.1, 135, 晏殊词集・晏几道词集
3177125, 9.0, 144, 金圣叹评点西厢记
1490826, 8.7, 183, 宋词三百首
2054031, 9.2, 123, 唐宋词简释
2116258, 8.7, 181, 中国文学简史
1427910, 9.1, 132, 两当轩集
1147196, 9.3, 114, 柳永集
1149597, 8.8, 166, 闲书四种
1020398, 8.2, 283, 唐诗地图
1186363, 8.2, 283, 无声戏
1891562, 9.2, 121, 唐诗三百首详析
1912531, 8.3, 252, 玄怪 m玄怪
2381658, 8.2, 277, 颜氏家训
1228065, 8.5, 209, 万川之月
2377233, 9.2, 118, 曹子建诗注・阮步兵咏怀诗注
2364686, 8.6, 188, 唐宋传奇选
2155417, 8.8, 159, 诗经名物新证
1203464, 9.2, 117, 唐宋词一百首
1066492, 8.1, 292, 槐聚诗存
1012890, 8.0, 319, 文言津逮
1116207, 9.4, 99, 庾子山集注（全三裕
6313273, 7.6, 498, 窥破金瓶
3673301, 8.5, 196, 三字经 百家姓 千字文 弟子规
4150303, 8.2, 258, 唐诗的唯美主义
1426172, 9.3, 105, 宋词三百首笺注
1593006, 9.4, 98, 汉魏六朝笔记小说大观
1049911, 8.5, 194, 老学庵笔记
1952696, 9.0, 129, 楚辞译注
1013496, 8.7, 163, 迦陵论诗丛稿
1393564, 8.5, 192, 中国古典小说史论
4909052, 6.7, 1808, 世有桃花
10752087, 7.2, 798, 于丹：重温最美古诗词
2052469, 8.9, 135, 新搜神 新搜神後
26341367, 8.1, 269, 小词大雅
1059332, 8.8, 144, 王国维及其文学批评
1277757, 9.2, 107, 史记选
1011010, 8.8, 142, 鹤林玉露
1036823, 9.2, 105, 汉语诗律学
1329967, 8.5, 180, 苏轼传
1397799, 8.6, 165, 建安七子集
1547524, 9.1, 112, 陶庵梦忆
1015063, 8.4, 196, 迦陵论词丛稿
1053846, 9.4, 91, KY集（全八裕
3810700, 9.2, 104, 西游记
5366448, 9.2, 104, 辛弃疾词集
1181277, 9.6, 80, 四大名著（全四册）
1959911, 8.4, 194, 金圣叹评点才子古文
1036179, 8.7, 150, 乐府诗选
1686414, 8.9, 128, 王维孟浩然诗选
1203399, 9.4, 90, 红楼梦（三家评本）（全二册）
26183860, 8.6, 162, 学诗浅说
1137747, 8.4, 191, 千家诗
3391909, 9.4, 89, 困学纪闻（全校本）（全三册）
1545959, 9.3, 95, 三家u注李L吉歌
2138984, 6.9, 1114, 不如不遇倾城色
1838327, 9.0, 115, 白话诗品 二十四诗品
2125034, 9.1, 107, 古诗十九首初探
2977050, 8.7, 144, 诗品
1069678, 8.6, 156, 杜甫秋兴八首集说
4265996, 7.6, 418, 诗经往事
2349189, 8.8, 131, 近三百年名家词选
1007059, 8.0, 265, 历代笔记概述
2308036, 8.8, 128, 玉台新咏
1892000, 8.8, 127, 杜甫诗选注
1760849, 9.2, 95, 陶Y明集校{
2070378, 8.3, 191, 清代名家词选讲
1208069, 9.1, 101, 归有光文选
1203446, 8.6, 147, 文心雕龙札记
4842455, 8.4, 173, 古典诗的现代性
1891556, 9.2, 93, 唐诗别裁集（全二册）
1036597, 9.3, 87, 中国古代文学批评方法研究
1763194, 8.7, 134, 诗词例话
1831007, 8.2, 204, 三言-喻世明言、警世通言、醒世恒言
1699782, 9.0, 106, 庄子精读
26872968, 9.0, 106, 宋词背后的秘密
1289199, 8.7, 132, 左传译文
2285534, 8.9, 113, 震川先生集（上下）
3101061, 8.9, 113, 宋词纪事
1194027, 8.7, 130, 历代诗话 （全二册）
3803387, 9.2, 90, 钱注杜诗（全二册）
3177126, 8.7, 129, 吴吴山三妇合评牡丹亭
5388848, 7.9, 263, 簪花的少年郎
2040775, 8.4, 162, 辛弃疾传 辛稼轩年谱
3182750, 8.6, 137, 陈寅恪诗笺释（上下）
3134558, 9.2, 88, 清嘉 桐蛞需
1761082, 9.1, 94, 金圣叹批本西厢记
1291303, 8.4, 161, 中国诗史
3337526, 9.3, 82, 中国文学批评史
6429292, 8.9, 108, 杜甫
4133113, 8.7, 125, 楚辞
4821760, 8.9, 107, Y捷~校注
1921294, 8.7, 124, 夷灾荆ㄈ四裕
4724676, 8.0, 226, 转角遇见李清照
1891789, 8.4, 156, 明代小说四大奇书
3319478, 8.1, 204, 中国古代文学中的同性恋书写研究
1194024, 7.4, 436, 品花宝鉴
25819935, 8.5, 143, 中国古典文心
4238147, 9.1, 91, 文言读本
4256704, 9.1, 91, 中国文学史
1097266, 9.2, 85, 诗词曲语辞汇释 (上下)
3361101, 9.2, 84, 清真集{注（全二裕
25735281, 8.8, 111, 人间词话汇编汇校汇评(增订本)
1703241, 8.9, 103, 唐五代笔记小说大观(上.下)
1748216, 8.3, 165, 西京杂记
2337142, 9.2, 83, 嵇康集校注
4932901, 8.3, 164, 王国维点评红楼梦
1017170, 8.8, 109, 唐才子传
1576587, 8.8, 109, 文x集
1045806, 9.0, 94, 屈原集校注（全二裕
1066225, 8.5, 137, 词曲概论
1545948, 9.4, 72, 李白集校注(全二册)
2364687, 8.2, 176, 今古奇观
1027917, 9.2, 81, 王维诗选
1067976, 8.0, 211, 楚辞植物图鉴
3122425, 9.4, 71, 唐人绝句精华
3507167, 9.0, 92, 西厢记
3292158, 9.5, 66, 效坤诗钞
1227866, 9.1, 85, 瓜饭楼重校评批《红楼梦》
5258703, 9.0, 91, 秦观词集
4736008, 9.2, 79, 古诗今选
3052828, 7.4, 391, 孽海花
26606420, 8.2, 169, 给孩子的古诗词
1292431, 8.4, 142, 诗词读写丛话
1678126, 8.4, 142, 莫砺锋诗话
25798762, 8.5, 130, 老残游记
1277728, 9.3, 73, 唐宋诗举要(上下)
3752402, 8.6, 119, 先秦诗文史
1018106, 8.2, 166, 人间词话：汇编、汇评、汇校本
3521094, 9.3, 72, 魏文帝集全译
25703280, 8.5, 126, 游金梦
6534688, 9.2, 76, 古文观止（套装上下册）
3198489, 8.8, 100, 格言联璧
1261296, 7.4, 372, 三侠五义
2003097, 9.3, 71, 艺概
3113454, 8.5, 124, 三言两拍
2336299, 9.1, 80, 樊川文集
4896169, 9.4, 66, 中华传统蒙学精华注音全本・声律启蒙・笠翁对韵
19976186, 9.0, 85, 礼与十八世纪的文化转折
1200560, 8.7, 105, 苏轼评传
2377227, 8.7, 105, 汉魏乐府风笺
1066538, 7.8, 231, 万叶集
5997517, 9.6, 58, 唐宋词鉴赏辞典
1074088, 8.8, 97, 诗文声律论稿
1331524, 8.7, 104, 唐诗宋词鉴赏辞典
6745128, 8.6, 112, 白香词谱
1311575, 8.5, 121, 笑林广记
3154400, 7.9, 205, 影梅庵忆语
1007590, 8.0, 186, 唐诗宋词十五讲
2303242, 8.0, 185, 博物志
2231789, 9.3, 68, 琅治募
24298645, 9.4, 63, 唐宋“古文运动”与士大夫文学
2264927, 8.4, 127, 大学诗词写作教程
1749074, 9.0, 81, 诗韵合璧
1481747, 9.2, 71, U④集注
25907863, 9.2, 71, 中国文学的抒情传统
1326760, 8.7, 100, 闻一多诗经讲义
1064536, 8.3, 137, 读词常识
1449466, 9.1, 75, 国语
1448404, 8.3, 136, 史记精读
24882339, 8.1, 162, 多情却被无情恼
1084347, 8.7, 99, 四溟 KS
1974780, 8.8, 92, 诗集传
1035258, 9.0, 80, 唐诗杂论 诗与批评
1875179, 8.8, 91, 韦庄集笺注
3549894, 9.0, 79, 鹅妈妈童谣
2282707, 8.7, 97, 古今谭概
1742044, 9.0, 78, 孟浩然诗集笺注
6516502, 9.1, 73, 古文观止译注
2334568, 8.8, 89, 四猿
26799357, 8.6, 103, 情关西游
1055466, 9.2, 68, 汉魏六朝乐府文学史
1033026, 9.4, 60, 辛弃疾集
3165653, 9.0, 77, 朱自清《古诗十九首释》手稿(国家图书馆古籍馆特藏名家手稿)
6857554, 8.6, 102, 园冶
1039878, 9.2, 67, 顾随全集
1248549, 9.7, 50, 古谣谚
3830487, 8.6, 101, 曹操集
2031571, 8.8, 87, 唐诗小札
1036762, 8.6, 100, 宋诗选注
2377231, 9.2, 66, 谢康乐诗注鲍参军诗注
10488629, 8.4, 116, 中国早期古典诗歌的生成
1891083, 9.2, 65, 唐代进士行卷与文学
1440625, 9.1, 69, 散原精舍文集（全二裕
1844795, 8.7, 90, 李卓吾批评本西游记（上下）
2077204, 7.9, 175, 舌华录
1043312, 9.2, 64, 魏晋文学史
3286232, 7.5, 261, 弁而O
25783206, 7.4, 292, 一日看尽长安花
1050467, 8.9, 77, 呻吟语・菜根谈
1054581, 8.9, 77, 宋诗选
1435190, 8.8, 82, 古诗文要籍叙录
2978913, 9.2, 63, 孟子
1038661, 9.0, 71, 幽梦影DD林语堂中英对照丛书
1556074, 9.5, 51, 李太白集  杜工部集
2138987, 6.7, 690, 美人如诗 草木如织
1203452, 7.6, 217, 七侠五义
2374497, 8.5, 96, 唐传奇鉴赏集
2348411, 8.9, 72, 诗人玉屑（全两册）
1099558, 9.6, 47, 读杜心解（上下）
1050571, 9.0, 67, 杜甫蛭六绝句集解・元好问诗三十首小{
1059696, 9.0, 67, 陈寅恪诗集附唐J诗存
2310248, 9.0, 67, 梦窗词汇校笺释集评
3993382, 8.5, 95, 白雨斋词话
1880451, 8.4, 102, 唐诗综论
6751176, 10.0, 38, 戚蓼生序本石头记
1024423, 8.3, 110, 高阳说诗
1013646, 9.3, 55, 徐渭集（全四裕
1145397, 8.7, 81, 日本古典文学赏析
1488552, 8.7, 81, 近代散文抄
1931580, 8.6, 87, 竹林七贤诗文全集译注
6975590, 9.1, 62, 唐宋传奇
1424338, 7.5, 231, 像唐诗一样生活
1129601, 9.2, 58, 海藏楼诗集
1105448, 8.8, 75, 醉古堂剑扫――古人云丛书
1202681, 8.7, 80, 唐宋词通论
1040472, 9.0, 65, 朱自清马茂元说古诗十九首
1548254, 9.1, 61, 清词史
1038759, 9.8, 41, 词话丛编(全五册)
1394394, 8.6, 85, 念楼学短
2123591, 8.6, 85, 汉魏六朝百三家集题辞注
10555394, 9.5, 48, 李长吉歌诗编年笺注
1068141, 8.7, 79, 中古文学史论
1135066, 9.2, 57, S庭栽集注（全五裕
2184562, 9.2, 57, 王维集
2255860, 7.5, 223, 痴婆子传
1223818, 8.6, 84, 谢灵运鲍照诗选
3819957, 9.6, 45, 老子衍 庄子通 庄子解
1802044, 8.9, 68, 中国文学精神
1818022, 8.5, 90, 词学通论
1511900, 9.4, 50, 李渔全集
6105383, 8.3, 104, 水浒传：怎样的强盗书
1837817, 7.5, 218, 绿野仙踪
1326986, 9.4, 49, 李白诗
5026799, 9.4, 49, 汤显祖戏曲集
2154586, 9.2, 55, 陶渊明诗笺证稿
1053580, 9.0, 62, 李商隐诗选
1137650, 9.0, 62, 柳宗元集（全四裕
1035616, 8.3, 102, 瓯北诗话
25797851, 8.4, 93, 山家清供
25809959, 9.7, 41, 杜甫全集校注
3054332, 9.2, 54, S注h魏六朝六N
1530269, 9.0, 61, 山谷诗集注（上下）
1245707, 8.6, 79, 说苑校证
3622462, 9.5, 45, 经史百家杂钞（上下）
1940922, 8.0, 127, 醒世姻缘传
25816076, 8.0, 127, 和泉式部日记
10796002, 9.7, 40, 红楼梦
3338413, 8.0, 125, 明清笑话集
2382861, 9.6, 42, 宋代诗学通论
1061746, 8.5, 83, 原诗 一瓢诗话 说诗语
2115616, 8.8, 67, 唐宋诗歌论集
26949784, 10.0, 34, 起舞弄清影
6313466, 9.4, 46, 纳兰词
1070190, 8.5, 81, 古典文学三百题
1141524, 9.6, 41, 稼轩长短句
1837227, 9.3, 48, 中国古代文学研究导引
4227234, 8.9, 61, 诗品笺注
10565750, 8.6, 74, 新纂香谱
2294393, 9.1, 53, 十四朝文学要略
1875721, 8.9, 60, 灵G词说
4742500, 9.3, 47, 犯集（全四裕
1065343, 8.6, 73, 楚辞集注
10480120, 8.7, 68, 宋元明诗概说
1937478, 8.0, 115, 姑妄言
1489420, 8.5, 77, 醒世姻缘传（全三册）
5363547, 7.2, 253, 烟月不知人事改
2348264, 8.4, 82, 郁离子
10558519, 8.7, 66, 茶谱・煮泉小品
20273216, 8.2, 95, 怎样赏诗
1043012, 9.0, 54, 唐诗选（上下）
3888470, 8.1, 102, 诗经今注
3452400, 8.9, 57, 幼学琼林
3993378, 8.5, 74, 蕙风词话
6758294, 9.2, 47, 古诗评选
4248335, 9.3, 44, 曹丕集校注
1065486, 8.8, 59, 唐诗宋词三百首
25750202, 8.8, 59, 唐诗三论
5918043, 9.1, 49, 古代小品文鉴赏辞典
1122721, 8.5, 72, 古典诗学的现代诠释
6394566, 8.5, 72, 黄仲则诗选
3341128, 8.2, 90, 八仙得道传
4289903, 8.2, 90, 悦心集
2155274, 8.6, 67, 赝ン奕集校注（全三裕
1093301, 8.9, 55, 历代诗话续编（上中下）
1891191, 7.7, 138, 后西游记
2270293, 8.7, 62, 拾遗记
1197542, 8.8, 58, 漫说水浒
5287386, 9.3, 43, 近思录
2052461, 8.3, 82, 八代诗史
3258983, 9.1, 48, 杜牧集系年校注
6849306, 9.1, 48, 唐前志怪小说辑释
26632952, 9.2, 45, 苏辛词说
4030662, 8.2, 87, 千家诗
1547641, 7.6, 146, 诗品译注
1035389, 9.1, 47, KY集合注（全六裕
1062734, 9.7, 34, 袁中郎随笔
3040272, 7.9, 110, 幽明录
1251783, 9.2, 44, 沈曾植集校注（全二裕
1530287, 9.2, 44, 唐才子餍９{（第一裕
25831879, 7.6, 144, 帝国的流亡
3686529, 8.5, 68, 虬髯客传（唐代传奇卷）
3134199, 9.0, 49, 汉唐文学与文献论考
26366654, 8.0, 99, 在唐诗里孤独漫步
26426343, 8.8, 55, 明隆庆六年初刻版《传习录》
3053177, 9.2, 43, 日本足利学校藏宋刊明州本六臣注文选
5365218, 8.3, 77, 赵氏孤儿
2361802, 9.0, 48, 樊川诗集注
1274800, 9.4, 38, 缪钺说词
4822596, 8.6, 61, 唐诗风貌
1130448, 9.0, 47, 杜甫评传（全三册）
19964713, 9.0, 47, 含英咀华
21692899, 8.8, 53, 南唐二主词笺注
2365379, 8.1, 87, 唐诗小史
3222416, 8.6, 60, 光宣诗坛点将录笺证（上下）
2294396, 9.3, 39, 唐五代两宋词简析 微睇室说词
1870816, 8.9, 49, 白居易诗集校注（全六册）
2237373, 9.5, 35, 分春馆词话
1089082, 9.0, 46, 诗国高潮与盛唐文化
1227886, 8.7, 55, 东坡词注
1341735, 9.1, 43, 毛正x（三卷本）
1923498, 9.1, 43, 叶嘉莹说词
3411545, 8.5, 62, 玉簪记
1071435, 8.2, 77, 诗经讲义稿
1838882, 9.1, 42, 距离与想象
25742447, 8.3, 70, 在最美的时光遇见你
1117201, 8.4, 65, 中国韵文史
1078795, 8.2, 75, 诗话总龟（上、下册）
1663107, 9.0, 44, 瀛奎律髓≡u（全三裕
1018658, 7.9, 95, 唐诗四季 唐诗概论
24747945, 8.5, 60, 古文观止演义
6401121, 9.3, 37, 宋词研究
1068518, 7.6, 123, 情史
26774578, 8.4, 64, 长相思
3029699, 9.4, 35, 清代笔记小说大观(全六册)
2342187, 8.8, 49, 苕溪渔隐丛话
1393189, 8.9, 46, 养小录
3084215, 8.9, 46, 袁宏道集{校（全三裕
1050466, 8.0, 85, 雪涛小说（外四种）
4149215, 8.0, 85, 忆云词
3093433, 8.8, 48, 柳河|集（全二裕
1910469, 8.9, 45, 楹联丛话
19996003, 8.9, 45, 诗词写作常识
6313869, 9.1, 40, 人间词话疏证
2195216, 9.4, 34, 陈尚君自选集
2310123, 8.9, 44, 录鬼簿(外四种)
3741357, 8.9, 44, 金圣叹全集（全六册)
25716112, 7.5, 126, 时光印痕：唐诗宋词中的节气之美
1073752, 9.1, 39, 昭明文选（全五册）
3082259, 9.1, 39, 唐代笔记小说叙录
6007927, 9.1, 39, 顾随讲词曲
1559492, 9.3, 35, 宋代文学通论
11601095, 8.4, 60, 无灯无月两心知
25749221, 7.0, 214, 陈迹・清欢
1546232, 9.0, 41, 徐霞客游记校注（上、下）
1597320, 8.7, 49, 沈祖比集（全四卷）
6435101, 7.0, 211, 仓央嘉措诗传全集
1543857, 8.9, 43, 艺文类聚(附索引)
4220395, 8.9, 43, 中国近世戏曲史
2270249, 8.4, 59, 燕丹子 西京杂记
3427199, 8.4, 59, 宋诗精华录
26354176, 7.3, 150, 草木缘情
3368860, 8.0, 79, 朱淑真集注
2270259, 8.3, 63, 博物志校证
3585114, 7.2, 165, 宜春香|
3922292, 9.3, 34, 古典文学论丛
3312060, 7.5, 120, 剪灯新话
1439255, 8.5, 54, 中国小说源流论
2252955, 8.5, 54, 穆天子传.神异经.十洲记.博物志
1078783, 9.4, 32, 唐诗选
5914503, 8.7, 47, 浦安迪自选集
6874289, 8.4, 57, 水云楼诗词笺注
1122765, 8.8, 44, 唐代诗人丛考
1460446, 9.2, 35, 重校《八家评批红楼梦》
2310495, 9.0, 39, 唐宋八大家文钞
2154583, 8.0, 75, 列仙传校笺
1186395, 7.9, 81, 萤窗异草
3175470, 7.9, 81, 私人领域的变形
1038887, 8.8, 43, 南北朝文学史
25875151, 8.8, 43, 风诗的情韵
1661627, 9.0, 38, 闽都别记(上中下)
2272683, 9.0, 38, 裴o髌
3749763, 8.6, 48, 五杂组
5979761, 8.6, 48, 王国维诗词笺注
3161250, 9.3, 32, 全本金瓶梅词话
1705137, 8.2, 62, 明清文学史讲演录
10048649, 8.2, 62, 武林旧事
1816172, 9.8, 25, 敦煌变文选注（全二册）
2137739, 9.4, 30, 天风阁学词日记
1558946, 9.1, 35, 晚明小品研究
6116260, 8.7, 44, 抒情传统与政治现实
10416489, 9.2, 33, 苏轼诗词文选评
1274626, 9.6, 27, 苏轼年谱(上中下)
1592984, 8.8, 41, 龚自珍全集
26309078, 8.8, 41, 人间词话精读
11520862, 8.7, 43, 拾遗记
3402750, 8.4, 52, 杜诗杂说全编
1023883, 9.0, 36, 午梦堂集(上下)
6105381, 9.0, 36, 唐五代两宋词选释（全二册）
20501740, 8.1, 64, 看山阁闲笔
3752567, 8.9, 38, 词学概论
11520891, 8.9, 38, 宣室志・裴传奇
1893433, 9.1, 34, 乐府诗述论
3073490, 9.1, 34, 汉魏六朝赋选
10737455, 8.6, 45, 锦书云中来
3772011, 8.1, 62, 魏晋南北朝文学史研究入门
1597407, 8.9, 37, 缪钺全集
1910763, 8.9, 37, 异域之眼
1275059, 9.1, 33, 唐才子传校笺
2229236, 9.1, 33, 六朝文e笺注
3539936, 9.1, 33, 诗薮
26602896, 9.5, 27, 炉端谐律
1460648, 8.5, 46, 古文辞类纂
10558620, 8.5, 46, 格古要论
3376816, 8.4, 49, 傅斯年诗经讲义稿笺注
1137247, 8.9, 36, 欧阳修全集（全6册）
3034155, 8.9, 36, 郁达夫诗词抄
1268342, 9.0, 34, 唐宋文举要（全三册）
20390850, 9.3, 29, 左传（全三册）
3427089, 9.1, 32, 宋代科举与文学
10428583, 9.2, 30, 世说新语校释（上中下）
4888637, 8.9, 35, 王梵志校注（全二裕
3676570, 9.4, 27, 朱自清古典文学论文集（全二册）
1016973, 9.0, 33, 迦陵文集（1-10卷）
3063645, 7.9, 67, 美典
10779305, 7.8, 72, 《红楼梦》评论
2115922, 9.1, 31, 宋元笔记小说大观（全六册）
6539589, 9.1, 31, 敬畏传统
4882350, 8.2, 53, [仙窟校注
1802094, 8.4, 46, 明文选
1669525, 8.9, 34, 明代笔记小说大观
1676626, 9.2, 29, 给孩子的古诗词・讲诵版
1956966, 7.9, 65, 谐铎
5398203, 9.1, 30, 樵歌校注
3156449, 9.3, 27, 花外集
1742049, 8.8, 35, 剑南诗稿校注（全八册）
3403041, 8.8, 35, 内藤湖南汉诗文集
1048526, 7.2, 117, 三遂平妖传
3565265, 8.6, 39, 天下才子必读书
1110162, 8.4, 44, 中国狐文化
2227282, 9.1, 29, 古典文学鉴赏论
1979373, 8.8, 34, 沧趣楼诗文集
1162745, 9.4, 25, 古代小说鉴赏辞典（上册）
3096218, 9.0, 30, 列朝诗集小传（全二册）
1972117, 8.0, 55, 明心宝鉴
1047416, 8.1, 51, 弹指词笺注
3220099, 8.9, 31, 古诗文词义训释十四讲
3044836, 9.3, 25, 文论十笺
1137651, 9.0, 29, 船山草（全二册）
3181476, 9.0, 29, 闻一多论唐诗
3859941, 9.8, 20, 采菽堂古诗选（全二册）
2129348, 8.8, 32, 唐女诗人集三种
1981337, 9.2, 26, 中国文学批评 中国散文概论
2152945, 8.9, 30, 天下才子必读书
1895643, 8.4, 40, 香艳丛书
3584770, 9.1, 27, 十八家诗钞（上下）
20273218, 8.6, 35, 怎样用韵
2006253, 8.5, 37, 小}山房文集（全四裕
26293795, 9.0, 28, 唐诗近体源流
26866574, 8.8, 31, 岭南花木镜
26184599, 7.1, 110, 神女
20378923, 8.2, 44, 刘心武评点金瓶梅
4215665, 9.2, 25, 悦心集
2300990, 8.9, 29, 中国文学史
1068350, 9.1, 26, 唐代文学丛考
3792495, 9.1, 26, 诗广传
10577244, 9.1, 26, 群书治要译注
10480118, 8.5, 36, 中国文学史
4838620, 8.7, 32, 六研SP 紫桃sY
25752562, 7.6, 67, 山水与古典
1850181, 9.0, 27, 文x平c(重本)
25763639, 9.0, 27, 周策纵作品集3：《红楼梦》大观
6857556, 8.6, 33, 文房四谱
1546453, 9.2, 24, 诗经新注
20376400, 9.2, 24, 张说――初唐渐盛文学转型关键人物论
6004629, 8.0, 48, 汉魏六朝诗论丛
1076942, 9.6, 20, 泽螺居诗经新证 泽螺居楚辞新证
6745117, 9.6, 20, 佩文诗韵・词林正韵・中原音韵
1659532, 9.1, 25, 李卓吾评本:水浒传(上下)
26270255, 9.1, 25, 张岱诗文集（增订本）
5383587, 8.8, 29, 金圣叹批唐才子诗?杜诗解
1023407, 8.9, 27, 中古文学系年
1038336, 8.9, 27, 汤显祖全集（全三册）
26292871, 8.1, 43, 古诗十九首释
26607221, 7.9, 49, 诗圣杜甫
3604516, 9.2, 23, 苍虬阁诗集
5288492, 8.8, 28, 汪精l~之中的「精l情Y」
1170255, 9.1, 24, 唐诗选注
2127914, 9.9, 17, 文选李注义疏（全四册）
3371127, 8.4, 34, 闻一多诗经讲义稿笺注
4023808, 8.1, 41, 论中国诗
3715374, 8.5, 32, 赋学讲演录
26576787, 7.2, 82, 源氏风物集
4262788, 9.2, 22, 清代诗文集汇编
3430086, 9.3, 21, 唐人选唐诗十种
3368811, 9.1, 23, 震川先生集（全二裕
26716410, 8.9, 25, 琅治募
4239048, 8.8, 26, 佛教与中国文学论稿
5979764, 8.0, 41, 山谷词校注
3368870, 9.2, 21, 沧州集
10545870, 6.9, 102, 一轮圆月耀天心
24757024, 8.9, 24, 顾随讲《诗经》
20416319, 9.5, 18, 抒情传统与维新时代
24883361, 9.5, 18, 郁达夫诗词笺注
26275163, 9.5, 18, 唐人选唐诗新编（增订本）
25740454, 8.1, 37, 苏曼殊诗集
25964662, 8.5, 29, 怎样学习古文
2263305, 7.7, 48, 冥报记 广异记
2342229, 8.6, 27, 唐诗纪事校笺（全八册）
3987327, 8.6, 27, 汉魏六朝诗一百首
1543854, 9.1, 21, 淮海集{注（全三裕
3286218, 6.9, 96, 逸史
4834959, 8.9, 23, 古诗考索
5375943, 8.4, 30, 怎样学古文二十五讲
1196287, 8.7, 25, 全hx
1274888, 8.7, 25, 味水日
2207863, 8.6, 26, t羧宋锪Ⅲw
24743676, 8.6, 26, 张伯驹集
26900138, 9.0, 21, 万万没想到
6857549, 8.2, 32, 酒经
1071041, 8.7, 24, 晓传书斋集
19967952, 8.4, 28, 中国诗学
3032922, 8.6, 25, 唐诗语汇意象论
6439359, 8.6, 25, 中国古代文体学研究
1433244, 9.4, 17, 中国古代文体形态研究
24551716, 8.5, 26, 当代学术研究思辨
6857548, 8.3, 29, 宅经
1279128, 8.8, 22, 中国诗学之精神
4821758, 8.8, 22, n愈文集⌒９{注（全七裕
3918853, 8.4, 27, W修文集校{（全三裕
2379380, 9.1, 19, 历代文话（全十册）
1814797, 9.5, 16, 王摩诘文集（共2册）
3754041, 8.0, 34, 艺概注稿（上下册）
1834279, 8.2, 30, 传媒与真相
25981419, 8.5, 25, 冰茧庵论学书札（上）
1024599, 8.0, 33, 中国的自传文学
1423163, 7.9, 35, 李白评传
25926317, 8.8, 21, 《声律启蒙》与《笠翁对韵》探源精解
2294401, 9.0, 19, 宋词声律探源大纲 词论
4214607, 9.1, 18, 中抒情鹘y的再lF（上、下裕
25984146, 8.5, 24, 杜甫意D册
4527908, 7.7, 39, 唐传奇
3413628, 7.2, 57, 太平广记
1802093, 8.2, 28, 清文选
1742043, 8.4, 25, 刘禹锡集笺证（上中下）
25957261, 8.0, 31, 启颜录笺注
26647787, 8.8, 20, 清词选讲
3713245, 8.6, 22, 词林正韵
1019359, 7.5, 43, 神仙传
7059696, 8.4, 24, 先秦汉魏六朝诗歌体式研究
1039292, 8.6, 21, 文章辨体序说 文体明辨序说
26202681, 8.8, 19, 《陶庵梦忆》注评
3070597, 7.9, 31, 萤窗异草
20434498, 8.0, 29, 清异录 江淮异人录
18606714, 8.9, 18, 诗经通解
1445770, 8.2, 25, 古典诗学的文化观照
5214465, 7.7, 34, 中华帝国晚期的欲望与小说叙述
1607759, 7.1, 53, 列女传
10354149, 8.7, 19, 清词史
1065269, 8.4, 22, 唐女郎鱼玄机诗集
26935198, 8.8, 18, 诗经绘
10737460, 7.9, 29, 浮生半日闲
26691119, 7.7, 33, 最美唐诗
6013061, 8.9, 17, 唐代变文
26246660, 7.8, 30, 唐宋词举要
3559927, 8.5, 20, 《笠翁对韵》精解
1030345, 8.4, 21, 宋元小说家话本集  上下
3425559, 8.3, 22, 越缦堂诗文集（全三册）
4882428, 8.3, 22, 清代闺秀诗话丛刊
3206692, 8.7, 18, 读词偶得
20473437, 8.8, 17, 明代文学思想史（全2册）
1058878, 8.1, 24, 兰陵萧氏与南朝文学
5392112, 8.3, 21, 忧与游
26403761, 6.5, 82, 安得盛世真风流
2295539, 8.2, 22, 钟与鼓
26176480, 7.1, 44, 中古文学的地理意象
6024645, 8.3, 20, 苏轼全集校注
1393250, 7.6, 30, 义山杂纂
26647783, 8.5, 18, 好诗共欣赏
1036555, 8.1, 22, 北美中国古典文学研究名家十年文选
4904583, 8.7, 16, 顾随致周汝昌书
1923574, 8.4, 18, 小仓山房尺牍
25778148, 8.4, 18, 唐诗选注评鉴(上下)
1974813, 8.0, 22, 明代复古派唐诗论研究
1095014, 8.5, 17, 洪亮吉集（全五裕
1280675, 8.1, 20, 吕碧城词笺注
3068644, 8.1, 20, 文选学
10594216, 8.3, 18, 鲍照集校注（全二册）
25846528, 8.3, 18, 张晖晚清民国词学研究
19938177, 8.0, 20, 清代世家与文学传承
20491946, 8.0, 20, 沧浪诗话校笺（全二册）
10568642, 8.1, 18, 朱彝尊词集
5979663, 7.5, 25, 读杜札记
26022058, 8.3, 16, 楚辞校释
26765530, 7.9, 19, 张充和诗文集
2063996, 8.0, 18, 李长之文集（共10卷）
1891251, 8.0, 17, 详注聊斋志异图咏（全三册）
25773555, 7.4, 24, 中国传统诗歌与诗学
3998811, 8.1, 16, 水浒全传校注（全十册）
5393693, 8.1, 16, 白居易文集校注（全四裕
10796991, 8.2, 15, 清诗纪事初编
1826124, 7.9, 16, 杜工部集
1702791, 8.0, 15, 夏承焘集(1-8)
4822597, 8.0, 15, 唐代文学与文献论集
7067225, 8.1, 14, 楚辞解故
26680682, 8.1, 14, 箧中词
26427472, 7.7, 17, 清词丽句细评量
1955528, 6.5, 38, 国色天香・赵飞燕外传
26713925, 8.0, 14, 舒芜说诗
25884423, 8.4, 11, 郑文焯批校汲古阁初刻梦窗词
26586797, 7.6, 16, 唐五代传奇集
26411001, 7.9, 13, 晚明小品选注
25787927, 7.6, 15, “六大名著”导读（三联讲坛）
4129997, 7.7, 14, t粜Ｗ（彩本）
26753258, 7.8, 13, 君生我未生
26021751, 7.4, 16, 人物、角色与心灵
25791198, 7.5, 15, 莲与荷的文化史
18168872, 8.1, 11, 引譬B
26431211, 8.1, 11, 知识与抒情
1546930, 7.2, 17, 汉乐府研究
2351586, 7.2, 17, 中国文学中所表现的自然与自然观
26800741, 7.4, 15, 古诗文初阶
2294171, 7.8, 12, 程氏家塾读书分年日程
26171398, 7.8, 12, 花间集校注
26195186, 7.8, 12, 全唐五代小说（全八册）
26528773, 7.8, 12, 汉魏晋五言诗的演变
4776431, 8.2, 10, 敦煌小说合集
26854518, 7.7, 12, 词学胜境
26869054, 7.7, 12, 美了千年，却被淡忘
1719259, 8.1, 10, 唐钞文选集注汇存
6440458, 8.1, 10, 读诗三札记
26580803, 7.8, 11, 苏轼研究
1204115, 8.0, 10, 佩文韵府(1-4)
1557007, 8.0, 10, 清初诗文与士人交游考
10809729, 8.0, 10, 林和靖集
26262783, 7.9, 10, 金楼子疏证校注
3397735, 7.8, 10, 秋风和萧萧叶的歌
20271619, 7.8, 10, 中国古代民间故事长编
26649648, 7.4, 12, 金瓶梅白话全本
3672712, 7.3, 12, 活地狱
