2017-01-23 16:17:59
Tag: 话剧
The number of books: 162 

ID, rating, votes, title
1085799, 8.6, 35315, 白鹿原
2256039, 7.8, 88470, 杜拉拉升职记
1013416, 8.5, 20868, 雷雨
3151596, 9.2, 6151, 活着
1043815, 8.2, 28051, 骆驼祥子
3010133, 8.4, 12577, 琥珀・恋爱的犀牛
3183775, 9.2, 3770, 四世同堂
1036613, 8.9, 5071, 茶馆
1073744, 9.0, 3979, 四世同堂（上下）
1083003, 8.7, 5060, 尘埃落定
1049957, 8.6, 4239, 浮士德
3674353, 7.7, 12924, 沥川往事
2042629, 8.7, 2688, 九三年
1089049, 9.3, 1337, 莎士比亚全集（全8册）
1006073, 7.6, 13039, 七月与安生
11501640, 8.4, 3590, 柔软
2193876, 8.8, 2041, 浮士德
1082369, 8.4, 3289, 滚滚红尘
1009043, 8.4, 3106, 日出
3239913, 8.0, 4037, 推拿
1040131, 8.6, 1778, 茶馆 龙须沟
1047325, 9.2, 585, 老妇还乡
1006991, 8.6, 1057, 一个无政府主义者的意外死亡
1011977, 8.2, 1701, 先锋戏剧档案
1941696, 8.7, 923, 萨拉・凯恩戏剧集
2209903, 8.4, 1305, 暗恋桃花源 红色的天空
2127498, 9.5, 402, 罗念生全集：第二卷：埃斯库罗斯悲剧三种、索福克勒斯悲剧四种
3100584, 8.6, 904, 麦克白
3098671, 9.2, 468, 士兵突击完全版
1889450, 7.8, 2349, 赖声川的创意学
1318125, 9.0, 558, 茶馆
5260192, 8.4, 1043, 无人生还
1316651, 8.3, 1169, 北京人
2042631, 7.9, 1899, 弗兰肯斯坦
1016193, 7.8, 1832, 悲观主义的花朵
1077898, 8.1, 1119, 原野
1145593, 9.1, 350, 哥本哈根
2043873, 9.1, 349, 天边外
26745030, 8.8, 438, 陌生女人的来信
1105348, 8.7, 481, 青春禁忌游戏
25713688, 8.3, 686, 蒋公的面子
3025256, 8.8, 400, 哈姆雷特
3753869, 8.1, 699, 孟京辉先锋戏剧档案
24838958, 8.7, 344, 我们的小镇
1372679, 9.1, 226, 如糁
2159470, 6.8, 3668, 垮掉的一代
2148180, 8.1, 535, 最后14堂星期二的课
1767763, 8.9, 224, 收信快乐
1214202, 8.9, 171, 雷雨?日出?原野(上下)
2251415, 9.0, 134, 谁家老婆上错床
1436076, 8.5, 191, 凯恩舰哗变
1082190, 9.0, 127, 曹禺经典作品选
1837178, 8.8, 146, 曹禺精选集
3100590, 8.4, 198, 罗密欧与朱丽叶
1005788, 9.0, 110, 哗变
1832035, 8.7, 135, 雷雨
2032529, 8.7, 132, 拉辛戏剧选
1779818, 8.6, 143, 现代戏剧理论
4247196, 8.9, 112, 原野・北京人
4304738, 8.7, 130, 万尼亚舅舅
1069857, 8.6, 132, 天下第一楼
1014434, 8.5, 135, 汉堡剧评
3852906, 9.1, 86, 舞台管理
1105975, 8.8, 105, 茶馆
2567390, 7.8, 250, 赖声川剧场（第二辑）
1546194, 8.3, 146, 丁西林代表作：一只马蜂
4730597, 8.2, 158, 田沁鑫的戏剧本
1185623, 8.4, 131, 坏话一条街
3276910, 7.7, 241, 我知道光在哪里
3086713, 6.7, 847, 十一字⑷
1080893, 8.4, 121, 第十二夜-中英文对照全译本
3266074, 8.8, 89, 天边外
5298516, 7.6, 248, 看戏节目单
5271419, 8.7, 80, 一个无政府主义者的意外死亡-孟京辉(DVD)
1655606, 8.3, 107, 话剧・立秋
25843072, 7.9, 136, 导演小人书
1547902, 9.2, 52, 西方演剧史论稿(上下) (平装)
1075959, 7.4, 203, 驯悍记
1456399, 8.5, 76, Julius Caesar
1070556, 7.8, 132, 我暗恋的桃花源
1096911, 9.2, 47, 曹禺（日出、雷雨）
1084274, 7.9, 118, 风雪夜归人 闯江湖
3748437, 8.7, 63, 家
1785543, 7.3, 203, 哈姆雷特谋杀案
1480896, 7.6, 137, 人类的当务之急
21667906, 8.6, 61, 老舍五则
1099330, 8.4, 70, 坎特维尔的幽灵
26584860, 7.8, 113, 大先生
21427038, 8.2, 76, 青春戏剧档案
1138469, 7.7, 115, 夜宴 我爱桃花
3203552, 9.1, 42, 老舍剧作选
3272976, 8.0, 88, 戏剧的味/道
20497039, 8.0, 88, 戏剧的故事
6857210, 7.3, 159, 新锐戏剧档案
2158924, 8.4, 59, 上海屋檐下(夏衍代表作)/中国现代文学百家
4272660, 8.4, 57, 《窝头会馆》的舞台艺术
1507521, 8.5, 53, 我做戏，因为我悲伤
1961956, 9.8, 23, 《茶馆》的舞台艺术
2988906, 7.5, 94, 想吃麻花现给你拧
10793754, 7.2, 124, 李立群的人生风景
24861020, 8.4, 45, 要么庸俗 要么孤独
1009255, 7.5, 87, 田汉代表作：名优之死
1665296, 8.5, 40, 戏剧导演
5918070, 8.5, 38, 独幕剧名著选读
2343652, 9.0, 28, 果戈理选集（第二卷）
1560952, 8.0, 51, 中国话剧大系1998年演出版思凡(VCD)
1071173, 6.7, 171, 屈原 蔡文姬
5243767, 7.9, 54, 上海屋檐下
3116002, 8.5, 35, 上海屋檐下 法西斯细菌
3900558, 7.3, 85, 龙须沟
2062727, 8.4, 36, 中国话剧百年剧作选（20卷）
2195831, 9.3, 22, 《雷雨》的舞台艺术
2146198, 9.0, 24, En attendant Godot
3048245, 8.9, 25, 中央戏剧学院教学参考书（20世纪中国话剧精品赏析，等，共六册）
5245538, 8.6, 29, 雷雨
1054786, 7.8, 45, 中国现代戏剧史稿
3099809, 7.2, 70, 天堂隔壁是疯人院
1210924, 8.2, 32, 圣人孔子(离经叛道就是背叛自己)
1718066, 8.3, 30, 李健吾代表作：这不过是春天
3198650, 8.8, 20, 驯悍记
2027850, 7.4, 47, 西望长安
2039917, 8.6, 22, &#39;night
1665317, 7.4, 46, 喜剧
1703156, 7.7, 36, 楼梯的故事
1138352, 7.4, 42, 等到天黑
1158098, 7.2, 49, 插图中国话剧史
1078540, 6.9, 61, 蜕变
1065761, 7.5, 37, 天下第一楼
5349029, 7.3, 41, 史家胡同56号
3190499, 6.8, 63, 王昭君
1484453, 7.6, 28, 二十世纪西方戏剧指南
1852539, 7.5, 29, 校园戏剧
3862629, 8.1, 20, 油漆未干
1255549, 7.5, 27, 李龙云剧作选:荒原与人
2258984, 8.3, 16, 外国剧作选1
6803021, 7.8, 20, 田沁鑫的排练场之四世同堂
4186712, 7.3, 27, 小井胡同―李龙云剧作选
4215067, 7.8, 19, 家
1460659, 7.7, 20, 虎符
2038372, 7.9, 17, 我和春天有s (”)
4246726, 6.3, 54, 屈原 蔡文姬
1636269, 7.2, 23, 中国现代话剧教程
2322252, 7.8, 16, 话剧 我在天堂等你 单碟装(DVD)
1899607, 7.9, 14, 曹禺代表作
25750941, 5.6, 91, 明星教给我的那些事
26832086, 8.0, 12, 樱桃园
1152878, 7.4, 16, 表演技巧
1894153, 7.4, 16, 郭沫若剧作
1729291, 8.1, 11, 茶馆
3003255, 7.7, 13, 雅典民主的谐剧
3405518, 7.6, 13, 《骆驼祥子》的舞台艺术
1165071, 7.3, 15, 20世纪外国戏剧经典
3244764, 7.9, 11, 《天下第一楼》的舞台艺术
2196319, 7.7, 12, 《茶馆》的舞台艺术
2195867, 7.5, 13, 《蔡文姬》的舞台艺术
3237917, 7.5, 13, Phedre
1070771, 7.8, 10, 徐晓钟导演艺术研究
1077537, 7.2, 12, 东西方戏剧进程
3195300, 7.2, 12, 莫里哀戏剧故事集
1075072, 7.1, 11, 中国话剧通史
3900405, 7.2, 10, 法西斯细菌
3107780, 7.1, 10, 中国话剧艺术舞台演出史纲
