2017-01-23 16:17:59
Tag: 诸子百家
The number of books: 237 

ID, rating, votes, title
1077847, 9.5, 12180, 史记（全十册）
1059258, 9.4, 9751, 道德经
1203426, 9.0, 14293, 人间词话
1803022, 9.0, 12740, 圣经
1021273, 8.8, 9729, 中国哲学简史
2046236, 9.3, 4713, 庄子
1949420, 9.3, 4711, 孙子兵法
1964774, 9.0, 6923, 论语
1108762, 9.3, 2279, 诗经
1433477, 9.4, 1981, 史记
1287865, 9.4, 1921, 老子
1147193, 9.0, 2596, 世说新语
1139980, 9.3, 1798, 四章句集注
2381748, 9.1, 2162, 金刚经 心经 坛经
1393724, 9.0, 2347, 楚辞
1000888, 9.0, 2217, Zg]
2083981, 8.7, 3157, 了凡四训
1867642, 7.7, 13050, 世界是平的
1033163, 9.2, 1541, 老子注译及评介
1051919, 9.3, 1329, 庄子今注今译（全三册）
3007268, 9.3, 1182, 传习录
1491153, 8.7, 2206, 曾国藩家书
1020407, 8.8, 1821, 庄子说
1254942, 9.2, 1070, 黄帝内经
1107841, 9.0, 1257, 战国策
3368865, 9.3, 766, 老子道德经注校释
1042053, 8.1, 3125, 儒林外史
3522118, 9.5, 584, 资治通鉴（全四册）
1471580, 8.8, 1147, 老子说
1253292, 9.1, 798, 老子今注今译
4146127, 9.6, 489, 春秋左传注（全四册）
2029640, 8.4, 1444, 南怀瑾讲演录
2002025, 8.8, 879, 东周列国志
2971663, 9.4, 462, 庄子
1042070, 8.5, 1155, 历史的经验
1248105, 8.9, 743, 原本大学微言
1203421, 9.3, 499, 王阳明全集（全二册）
1257360, 8.8, 806, 孟子
1928500, 8.7, 833, 三十六计
1132606, 9.2, 502, 南怀瑾选集.第十卷
1748903, 8.9, 668, 禅说
1214303, 8.8, 735, 韩非子
1006624, 8.4, 1119, 孟子g注
3007708, 9.2, 454, 六祖坛经
3373947, 8.2, 1312, 先秦诸子百家争鸣
2271222, 9.1, 458, 鬼谷子（第二版）
2115906, 9.1, 450, 周易译注（全二册）
3465962, 8.9, 418, 素书
1043522, 8.5, 568, 孔子说
2184056, 9.1, 312, 庄子今注今译
1214305, 8.9, 368, 墨子
1886374, 9.0, 334, 老子・庄子
25778846, 8.1, 848, 易中天中华史：百家争鸣
1792133, 8.4, 600, 孟子他说1
1034396, 9.1, 296, 荀子集解
1214300, 9.1, 291, 周易
1254354, 9.3, 239, 庄子集解・庄子集解内篇补正
1051387, 8.5, 483, 论语
1895965, 8.6, 431, 鬼谷子
1214302, 8.8, 353, 荀子
3027232, 8.2, 620, 人往低处走
1874796, 8.9, 300, 诗经译注（上下）
1924902, 8.7, 360, 孟子
1075533, 8.5, 425, 老子他说
3893324, 8.2, 557, 我山之石
2374504, 8.9, 275, 论语
1057645, 8.5, 390, 大学
1014072, 8.4, 431, 孟子说
1000570, 9.2, 208, 论语集释(全四册)
1032341, 9.2, 204, 帛书老子校注
2053608, 8.6, 339, 吕氏春秋
1766308, 9.1, 215, 明夷待访录
10488580, 9.0, 231, 鬼谷子
1069590, 9.0, 230, 韩非子集解
1046813, 9.1, 208, 先秦诗鉴赏辞典
4917249, 9.2, 191, 韩非子
2116409, 8.7, 284, 六韬・鬼谷子
1038125, 9.4, 154, 十一家注孙子校理
1944495, 8.0, 481, 老子的智慧
1393214, 8.9, 201, 鬼谷子详解
1127183, 8.5, 268, 东西文化及其哲学
2023087, 9.1, 154, 四书五经
2073947, 9.1, 154, 韩非子译注
1665921, 9.0, 165, 列子集释
2037610, 9.3, 129, 大学
2052477, 8.6, 217, 韩非子
1177309, 8.4, 260, 经校释
4090803, 8.5, 235, 商君书
1891413, 8.8, 181, 朱子家训
1169157, 9.0, 151, 大乘起信论校释
1216821, 8.2, 292, 庄子哲学
2122295, 8.9, 151, 人物志
2381658, 8.2, 277, 颜氏家训
1024231, 8.9, 143, 孟子正义(全二册)
2076962, 9.0, 132, 长短经（上下）
1955377, 9.4, 96, 老子德道经
1443519, 8.5, 179, 周易全解
1482661, 9.2, 104, 王弼集校释（上下）
1045552, 8.3, 212, 菜根谭
3651353, 8.4, 188, 淮南子
1063704, 9.0, 115, 墨子fb(上下)
1214301, 8.9, 118, 论语・大学・中庸
4289511, 9.1, 102, 鬼谷子集校集注
2154581, 9.1, 101, 庄子校诠（全二册）
1019638, 9.0, 107, 白虎通疏证（全二册）
1840205, 9.1, 96, 老子臆解
1066155, 8.9, 110, 盐铁论校注
1040704, 8.7, 128, 列子说
1078457, 8.6, 137, 老子校释
1818083, 8.6, 137, 经典常谈
1214304, 9.1, 92, 孙子兵法・尉缭子・鬼谷子
1142429, 8.6, 132, 经学通论
1020740, 9.2, 84, 周易集解纂疏
1536623, 8.4, 153, 庄子浅注
3007220, 9.0, 95, 近思录
4917252, 8.7, 118, 孟子
1495281, 8.7, 105, 大学中庸-国文珍品文库
1878881, 8.6, 110, 天纵圣贤
1714930, 9.2, 72, 孙子兵法连环画丛书（1-6册）
1762128, 9.0, 82, 庄子发微
1045662, 8.7, 101, 商君书锥指
1063824, 9.0, 81, 先秦政治思想史
2569920, 8.4, 122, 吕氏春秋
1169109, 8.5, 111, 春秋繁露义证
1069378, 8.5, 109, 抱朴子内篇校释
3714701, 8.8, 85, 黄帝阴符经・黄石公素书释义
1393287, 8.6, 98, 道德经讲解
4030658, 8.7, 91, 问洗呵锛（全二裕
2376102, 8.4, 114, 列子
2978913, 9.2, 63, 孟子
1924980, 8.5, 102, 六韬三略译注
1429927, 8.3, 116, 寓言的密码
2373414, 8.4, 103, 庄子奥义
3926283, 8.6, 86, 孙子译注
3009965, 8.6, 84, 大学中庸
1245707, 8.6, 79, 说苑校证
1255800, 8.6, 76, 管子校注
1198370, 8.9, 62, 庄子补正
3245025, 8.8, 63, 龙文鞭影
1004543, 9.2, 48, 诸子集成（全八册）
1066491, 8.6, 69, 孙子说
2128075, 8.5, 74, 忍经.劝忍百箴
2277311, 8.4, 78, 论语讲义
1449290, 8.9, 55, 先秦诸子系年
1045564, 8.7, 62, 淮南子集释
1116213, 8.8, 55, 新书校注
3756718, 7.7, 122, 孟子的智慧
1084312, 8.5, 64, 庄子选译
1791840, 8.4, 68, 墨子校注(全2册)
1878880, 8.3, 73, 彀中英雄
6879362, 8.3, 71, 商君书
6116541, 8.5, 61, 荀子
1871357, 8.2, 75, 绝地生灵
2372237, 9.0, 44, 论语
1054462, 8.6, 56, 新语校注
1614861, 8.5, 58, 论衡校释
3727422, 8.1, 77, 鲍鹏山新读诸子百家
1931557, 8.6, 52, 老子译注
2247257, 8.2, 68, 先秦诸子十二讲
1063207, 8.8, 45, 老子・庄子
2998012, 9.3, 34, 孙子兵法三十六计
1737557, 8.6, 50, 先秦学术概论
2022544, 8.3, 61, 六韬三略-中华国粹经典文库
1920063, 8.5, 52, 经传诸子语选
1731459, 9.2, 34, 周易折中
3794320, 8.5, 51, 荀子简释
1204678, 8.6, 47, 金刚经
3670721, 8.9, 39, 读国学用国学
25762386, 8.0, 69, 战国五大公知
1876041, 7.5, 104, 傅佩荣解读易经
1232673, 8.6, 45, 文子疏义
1852294, 8.8, 39, 韩非子校注
6018048, 8.9, 36, 黄帝阴符经集注
1443960, 8.6, 42, 后生小子
1556486, 8.8, 36, 吕氏春秋新校释(上下)
2116990, 8.3, 49, 庄子新释
20516244, 8.9, 34, 庄子传
2346525, 8.9, 33, 二十二子
1002349, 8.4, 43, 墨子-中国古典名著译注丛书
2701614, 8.0, 56, 晏子春秋
1536613, 8.4, 42, 孙膑兵法校理
1031473, 8.8, 32, 韩非子
4274973, 8.0, 52, 鬼谷子
1925910, 8.5, 37, 商君书.韩非子
1041078, 8.0, 51, 公孙龙子形名发微
2076713, 8.9, 29, 周易
1409653, 8.3, 41, 胡适之说儒
1425780, 8.4, 38, 通过孔子而思
1046423, 8.1, 46, 太玄集注
1060239, 8.5, 35, 法言x疏（全二裕
1044988, 8.2, 41, 潜夫论笺校正
4007777, 7.9, 49, 新辑本桓谭新论
1253663, 7.7, 56, 公O子医
1053263, 8.5, 32, 战国策(全二册)
1891428, 7.9, 45, 孙膑兵法
2222888, 7.0, 93, 思想门：先秦诸子解读
1084313, 8.4, 31, 孟子选注
2318047, 8.5, 28, 四书五经
1794592, 7.9, 38, 荀子校注
1013573, 8.3, 29, 淮南子全译(上.下)
1852295, 8.3, 29, 商君书校注
2307113, 8.7, 21, 道德经新译新评
1136018, 8.6, 21, 诸子百家名篇鉴赏辞典
4779441, 8.4, 22, 慎子
2382751, 7.9, 29, 老子博客
1487466, 8.2, 24, 孙子兵法详解
1071685, 7.7, 31, 四书校注
1020440, 8.0, 25, 管子
4178291, 8.2, 22, 尸子
1979358, 7.9, 26, 尸子译注
20389305, 7.8, 23, 公孙龙子
3283383, 7.5, 26, 阴阳家语录
1997980, 8.0, 19, 捉用神
3049580, 7.9, 19, 儒家二十讲
2332194, 7.6, 21, 诸子百家名句赏析
1477933, 8.1, 16, 围炉夜话
1024779, 7.2, 27, 墨子与墨家
3192638, 7.8, 17, 韩非子正宗
3289359, 7.9, 16, 绘画本诸子百家/诸子百家
1950942, 7.8, 16, 韩非子选
1444544, 7.9, 15, 老子  究竟说什么
2049871, 7.3, 19, 公孙龙子译注
1060368, 7.6, 15, 刘子校释
5276625, 7.6, 15, 我为什么这么恶
1129543, 7.8, 13, 白话庄子
4202401, 7.7, 12, 先秦诸子精神
1021260, 7.0, 17, 中国古代思想学说史
4879017, 7.8, 11, 论语今读
1198363, 7.6, 12, 淮南烈集解
10605357, 7.6, 12, 墨子与墨家
3198839, 7.1, 15, 诸子百家名句赏析
1923478, 7.5, 12, 中华传世名著精华丛书
1457192, 7.8, 10, 诸子百家 现代版
3930935, 7.2, 13, 韩非子・帝王的法术
4071552, 7.3, 10, 墨子
1815862, 7.2, 10, 白话鬼谷子.黄石公三略
6065719, 6.7, 11, 三世书
