2017-01-23 16:17:59
Tag: 诺贝尔
The number of books: 238 

ID, rating, votes, title
6082808, 9.2, 94518, 百年孤独
4908885, 9.0, 20164, 局外人
1064275, 8.3, 50359, 老人与海
3406401, 9.0, 11016, 悉达多
3578470, 9.0, 5796, 德米安
1037602, 8.9, 5836, 别闹了，费曼先生
20392523, 8.5, 10391, 没有人给他写信的上校
24382569, 8.6, 8884, 一桩事先张扬的凶杀案
11584574, 8.5, 9848, 万物静默如谜
1053759, 8.3, 12202, 雪国 古都
2042063, 8.4, 7962, 伊斯坦布尔
1851385, 7.8, 21353, 我的名字叫红
25884880, 8.9, 3741, 我不知道该说什么，关于死亡还是爱情
1043485, 8.1, 11306, 檀香刑
3131626, 8.9, 3430, 荒原狼
1069059, 8.1, 10636, 雪国
20428302, 9.1, 2582, 失明症漫记
2996596, 8.4, 5796, 特别的猫
1465007, 8.2, 7462, 生死疲劳
1003387, 8.5, 4594, 雪国 古都 千只鹤
4169424, 7.9, 11692, 蛙
5406559, 8.7, 3373, 鼠疫
1872158, 8.2, 5577, 蝇王
26704403, 9.0, 1907, 二手时间
1052074, 8.7, 2738, 喧哗与骚动
10785583, 8.2, 5387, 思考，快与慢
1849791, 8.5, 3397, 铁皮鼓
3831788, 8.0, 6370, 逃离
24736899, 8.0, 6211, 雪国
1009094, 8.6, 2609, 古都
1315844, 9.2, 1278, 古拉格群岛（上中下）
1010349, 8.0, 5872, 丰乳肥臀
1469878, 8.6, 2446, 日瓦戈医生
4154988, 8.0, 5676, 纯真博物馆
20392525, 7.9, 5873, 枯枝败叶
4246979, 8.1, 4209, 窄门
3578471, 8.8, 1632, 盖特露德
2228707, 8.9, 1343, 癌症楼
3114410, 9.0, 1189, 世界名著百部
2062599, 8.4, 2433, 雪
1067293, 8.5, 2093, 青春
21346008, 8.5, 2081, 米格尔街
3733083, 8.8, 1286, 你往何处去
1021209, 8.4, 2058, 尼尔斯骑鹅历险记
4621099, 8.3, 2173, 死于威尼斯
25985126, 8.6, 1425, 迷宫中的将军
1944205, 8.9, 971, 追寻记忆的痕迹
26053771, 8.6, 1331, 小于一
26598807, 9.0, 801, 人鼠之间
1056979, 8.2, 2032, 千只鹤
26701959, 8.6, 1233, 我脑袋里的怪东西
26276279, 7.8, 3585, 苦妓回忆录
1058360, 8.2, 1962, 红高粱家族
2050779, 8.3, 1649, 魔山
2073481, 8.6, 1136, 城市与狗
1082946, 8.8, 891, 我弥留之际
4714018, 7.5, 5178, 青春咖啡馆
1006991, 8.6, 1057, 一个无政府主义者的意外死亡
1949121, 7.7, 3460, 白色城堡
1441980, 9.0, 678, 特朗斯特罗姆诗全集
1885070, 8.2, 1627, 雪国
1077638, 8.0, 2085, 耻
1084434, 9.0, 614, 以自由看待发展
2124556, 8.2, 1510, 黑书
7916069, 8.8, 744, 被禁锢的头脑
10749924, 8.2, 1485, 天真的和感伤的小说家
3135743, 8.7, 765, 川端康成精品集
1174722, 7.9, 1959, 太阳照常升起
26110579, 7.6, 2862, 暗店街
1103080, 7.9, 1833, 金色笔记
3931849, 7.6, 2819, 天黑前的夏天
5299919, 8.6, 763, 国王鞠躬，国王杀人
25870629, 7.7, 2297, 亲爱的生活
5366444, 8.7, 634, 六个寻找剧作家的角色
3662751, 8.7, 577, 公羊的节日
25919825, 8.4, 796, 大河湾
5383804, 9.0, 426, 酒吧长谈
6428818, 8.4, 788, 田园交响曲
1042586, 8.4, 756, 个人的体验
3431637, 8.5, 659, 野棕榈
1860568, 7.9, 1234, 宠儿
1036947, 8.4, 652, 给青年小说家的信
1469414, 8.7, 474, 世界美如斯
3275066, 8.2, 774, 十字军骑士
1069168, 7.4, 2206, 钢琴教师
1485131, 8.2, 730, 另外那个女人
6793951, 7.7, 1288, 地平线
3242664, 7.6, 1425, 诉讼笔录
1042723, 8.9, 320, 希尼诗文集
1475439, 8.9, 318, 荒诞派戏剧集
1438394, 8.4, 384, 更多的人死于心碎
5264480, 8.2, 466, 呼吸秋千
1062476, 8.3, 408, 万延元年的足球队
3236336, 9.0, 213, 四个四重奏
4742942, 8.4, 359, 归于尘土
3077729, 7.8, 675, 寂静的房子
3124867, 8.5, 313, 大江健三郎精品集
3583331, 8.6, 283, 布登勃洛克一家
1088714, 8.5, 308, 修道院纪事
1951441, 8.4, 319, 赫索格
1104708, 8.4, 315, 特兰斯特罗默诗选
2115287, 8.3, 326, 黑塞诗选
19965968, 8.0, 437, 巨大的谜语・记忆看见我
1441803, 8.2, 348, 爱尔兰日记
1479703, 9.2, 144, 赫尔曼・黑塞小说散文选
5264477, 8.0, 398, 心兽
24257271, 8.9, 165, 正义者
7065568, 8.1, 333, 卢布林的魔术师
2057351, 8.6, 205, 老人与海
3219365, 7.5, 625, 美国怎么了？
25887956, 7.3, 814, 缓刑
1937192, 7.8, 431, 爵士乐
2382549, 7.5, 586, 乌拉尼亚
1022973, 8.6, 177, 卢布林的魔术师 冤家，一个爱情故事
1067570, 7.2, 827, 夜半撞车
2057362, 8.6, 174, 孤独与沉思
1375398, 8.5, 183, 毕司沃斯先生的房子
3264213, 8.1, 261, 弗兰德公路
2074265, 9.2, 104, 诺贝尔文学奖金获奖作家作品选
1821567, 7.7, 390, 慢人
3478768, 9.2, 100, A BEAUTIFUL MIND美丽心灵
5063254, 8.9, 124, 雪国
1067016, 8.3, 204, 命运无常
5269129, 8.5, 169, 镜中恶魔
1394013, 8.8, 125, 灯塔看守人
2222358, 8.2, 202, 内陆深处
1326837, 8.1, 219, 逐爱的女人
10491248, 8.5, 152, 祖母
1037104, 7.7, 318, 诺贝尔的囚徒
1106986, 8.4, 155, 比目鱼
20414863, 8.6, 130, 荒原狼
5264483, 7.8, 264, 狐狸那时已是猎人
3266564, 8.3, 163, 灵山
1021528, 8.0, 207, 伊丽莎白・科斯特洛：八堂课
1023494, 7.8, 235, 罗马史（第一卷）
2243555, 6.9, 705, 两百年的孩子
2037303, 8.8, 96, 摆脱孤独
1013167, 8.2, 153, 英国旗
2039629, 8.6, 108, 爱的荒漠
3719221, 7.8, 210, 我们街区的孩子们
1899815, 8.8, 88, 心灵裸舞
1795634, 8.5, 103, 老人与海
25709706, 8.0, 156, 生与死的故事
19967333, 8.6, 93, 美丽的青春
19967338, 8.0, 147, 孤独者之歌
25765043, 8.3, 111, 柏油娃娃
1480720, 8.1, 118, 冲突的战略
1060432, 8.1, 115, 吉卜林短篇小说选
19967341, 7.8, 150, 东方之旅
2002962, 8.4, 88, 生活之恶
26365959, 8.2, 97, 模仿者
20278403, 8.4, 81, 圣女贞德
1941874, 8.3, 78, 诺贝尔文学奖文集
25793980, 7.2, 196, 守夜人记事簿
1228693, 8.3, 72, 人树
22745953, 9.5, 34, 辛波斯卡
19975227, 7.7, 114, 花的智慧
1024942, 8.2, 73, 呼唤雪人
3142155, 7.2, 178, 邪恶之路
1486846, 8.1, 77, 斯坦贝克携犬横越美国
1970216, 8.8, 47, 孤独的科学之路
1546277, 8.4, 57, 爱的沙漠 火河
1168541, 7.5, 118, 死亡与国王的侍从
20267983, 8.0, 76, 夏夜里的人们
1916663, 8.5, 46, 福尔赛世家（第一部）
1102837, 8.5, 43, 金字塔
1355161, 7.3, 110, 湖
4920043, 7.8, 70, 来不及告诉女儿的事
1011775, 8.9, 32, 最后一次幽会
3870945, 7.8, 65, 风暴眼
1645293, 9.0, 30, 吉卜林 动物小说
1327509, 9.2, 27, 钟的秘密心脏
1942525, 8.4, 42, 普吕姆诗选
1953719, 8.7, 35, 英国旗
1737639, 8.6, 37, 诺贝尔文学奖全集
2045942, 8.6, 35, 大盗巴拉巴
20395998, 7.6, 63, 米嘉之恋
6775838, 7.9, 46, 福地
2057363, 8.2, 37, 悲哀的咏叹调
19975221, 7.7, 52, 明娜
1011049, 7.9, 41, 烟雨故园路
2040763, 8.4, 29, 诺贝尔文学奖获奖作家短篇小说精品
1141916, 8.2, 29, 诺贝尔文学奖名著快读
3090846, 7.7, 40, 我儿子的故事
1430077, 7.0, 70, 我们是诱鸟，宝贝
19975224, 7.9, 34, 老人与海
1025013, 6.8, 83, 品味经典
1950761, 7.8, 36, 品彻・马丁
20375532, 8.2, 27, 母亲
21340707, 7.7, 36, 水死
1879887, 7.5, 41, 诺贝尔奖得主的大学时代
20278399, 7.4, 44, 喜剧演员
2043853, 7.9, 29, 寻找自我
2010596, 7.3, 43, 精神生活的孤独图景
20278397, 7.7, 31, 哈尼娅
20375536, 7.6, 33, 花环
1949854, 7.8, 28, 风中芦苇
2046028, 8.3, 21, 蝇王・金字塔
1963692, 7.9, 26, 七月的人民
1291752, 8.1, 23, 诺贝尔文学奖获奖作家访谈录
1926324, 7.1, 44, 罗马史-诺贝尔文学奖文集
1047786, 7.5, 32, 纽约时报50位科学家
2339866, 7.6, 29, 我的经济人生之路
2046001, 7.9, 24, 狮子和宝石
4843638, 8.5, 17, 我们经历了世界与一切
26707222, 7.6, 26, 南方的转折
1692389, 7.1, 37, 无人伴随我
19975222, 6.9, 42, 阿恩
1066909, 7.6, 25, 伟大的牵线人
1451489, 8.4, 16, 诺贝尔之路
1964432, 8.1, 17, 疾病或被改变中的生命史
1545996, 7.0, 32, 挑战的手套
1051369, 7.3, 25, 诺贝尔传
2045931, 7.6, 19, 柔情
20414862, 7.8, 17, 翅膀的痕迹
1952023, 7.4, 20, 归纳与推动
2996184, 7.4, 20, 在阿凯的童年时光
1291812, 7.6, 17, 诺贝尔文学奖获奖作家诗歌选
1457677, 7.7, 15, 魔术师・原野王
3300808, 7.7, 14, 看不见的手
1492138, 6.9, 22, 给诺贝尔一个理由
1886934, 7.5, 15, A Personal Matter
1943954, 7.5, 15, 倔犟的姑娘 葡萄园看守 耶恩森短篇小说集-诺贝尔文学奖文集
3183329, 7.5, 14, 诺贝尔文学奖作家微型小说精品
1938666, 7.3, 15, 少女西丽亚
1009658, 7.9, 11, 历届诺贝尔文学奖获得者散文金库
2277410, 7.4, 14, The Cleft
1437968, 7.5, 13, 孤独的慰藉
1596642, 7.3, 14, 萨尔卡・瓦尔卡
7053842, 6.7, 20, 非常言
1955504, 7.7, 11, 在炼金术之后
1949933, 7.5, 12, 磨坊血案
1094019, 7.1, 14, 与诺贝尔大师面对面
1902002, 7.5, 11, 大地硕果・畜牧神
3737160, 7.3, 11, 诺贝尔文学奖名著速读
1312644, 7.3, 10, 诺贝尔文学奖获奖作家小说选(上)
1061401, 7.2, 10, 米斯特拉尔散文选
6878498, 5.3, 20, 神奇的一氧化氮
