2017-01-23 16:17:59
Tag: 超长篇
The number of books: 112 

ID, rating, votes, title
3079029, 8.8, 7680, 大秦帝国
1316622, 8.4, 12265, 诛仙1
3162513, 8.5, 9945, 魍魉之匣（上）
4038672, 8.9, 4582, 络新妇之理（上）
4038673, 9.0, 3993, 络新妇之理（下）
4009552, 7.6, 35165, 幻夜
3155622, 8.3, 8936, 庆余年・壹
1316623, 8.4, 7629, 诛仙2
3928882, 8.7, 4672, 奇鸟行状录
1083433, 9.2, 2247, 悲惨世界（全三册）
1410145, 8.3, 6600, 诛仙3
1851058, 9.1, 2239, 约翰・克利斯朵夫（共四册）
1420794, 8.2, 6987, 诛仙4
5367304, 8.3, 5520, 城邦暴力团（上）
1433726, 8.1, 5977, 诛仙5
1770668, 8.0, 5684, 诛仙6
1595893, 9.3, 1029, 超长篇机器猫哆啦A梦5
1204878, 9.1, 1210, 超长篇机器猫哆啦A梦1
10594781, 8.6, 1916, 模仿犯BOOK3
1921362, 7.8, 5725, 诛仙7
3286829, 8.0, 4139, 脑髓地狱
1753922, 9.2, 923, 超长篇机器猫哆啦A梦14
1088632, 8.9, 1264, 超长篇机器猫哆啦A梦15
1595897, 9.2, 900, 超长篇机器猫哆啦A梦12
1156994, 8.7, 1556, 永远是孩子
1753923, 9.2, 883, 超长篇机器猫哆啦A梦11
1277319, 9.1, 974, 超长篇机器猫哆啦A梦3
1595892, 9.2, 849, 超长篇机器猫哆啦A梦4
1204884, 9.1, 933, 超长篇机器猫哆啦A梦9
1831065, 9.2, 830, 超长篇机器猫哆啦A梦7
1595899, 9.2, 806, 超长篇机器猫哆啦A梦16
1204881, 9.1, 873, 超长篇机器猫哆啦A梦2
1595898, 9.1, 826, 超长篇机器猫哆啦A梦13
6782521, 7.7, 4995, 凤囚凰
1595896, 9.1, 774, 超长篇机器猫哆啦A梦10
1595895, 9.0, 854, 超长篇机器猫哆啦A梦8
1654074, 9.7, 410, 超长篇机器猫套装珍藏版
1595894, 9.1, 655, 超长篇机器猫哆啦A梦6
3347929, 8.8, 829, 《德川家康》
1437683, 8.0, 1998, 黑暗馆不死传说
10494248, 8.3, 1242, 阴摩罗鬼之瑕（下）
4830263, 9.1, 504, 追忆似水年华（第一卷）
3787195, 7.6, 3072, 黑暗坡食人树
1595903, 8.9, 580, 超长篇机器猫哆啦A梦17
10485010, 8.1, 1339, 阴摩罗鬼之瑕（上）
1831071, 8.9, 539, 超长篇机器猫哆啦A梦20
10539804, 8.6, 664, 彩画集
1753921, 8.8, 528, 超长篇机器猫哆啦A梦19
1035334, 8.8, 527, 超长篇机器猫哆啦A梦18
2045940, 8.8, 513, 超长篇机器猫哆啦A梦22
2136038, 7.0, 5930, 诛仙8（大结局）
2156810, 8.8, 395, 魍u之匣（下）
1716853, 8.7, 434, 超长篇机器猫哆啦A梦21
1527401, 9.4, 203, 超长篇机器猫哆啦A梦
6793874, 8.3, 542, 武道狂之诗（卷一 之 风从虎?云从龙）
2156807, 8.8, 325, 魍u之匣（上）
3150367, 8.7, 303, 超长篇机器猫哆啦A梦23
3150334, 8.7, 300, 超长篇机器猫哆啦A梦24
6793881, 8.4, 385, 武道狂之诗（卷二 之 蜀都战歌）
10618121, 8.1, 498, 扮鬼脸
5380419, 7.4, 995, 匣中失乐
7916085, 7.7, 651, 泪流不止（上、下）
2356223, 7.8, 554, f
10515231, 7.4, 927, 献给虚无的供物
1340870, 8.6, 241, llB年代
4820863, 9.7, 98, 超长篇：哆啦A梦（珍藏版1-24卷）
6904923, 8.2, 326, 武道狂之诗（卷三 之 震关中）
5326847, 7.3, 887, 龙卧亭杀人事件（上）
5326848, 7.3, 840, 龙卧亭杀人事件（下）
10773193, 8.2, 286, 武道狂之诗（卷四 之 英雄街道）
11533368, 8.2, 259, 武道狂之诗（卷五 之 高手盟约）
1370137, 8.2, 232, X髓地z
10763925, 7.9, 277, 恐怖的人狼城・第四部：完结篇
1963184, 8.1, 188, 恐怖的人狼城・第四部：完Y篇
1364396, 7.7, 254, 黑暗坡的食人 
20388026, 7.9, 194, 武道狂之诗（卷六 之 任侠天下）
22606954, 8.0, 170, 武道狂之诗（卷七 之 夜战庐陵）
10491582, 7.3, 347, 恐怖的人狼城 第一部・德国篇
1958549, 7.8, 195, 恐怖的人狼城・第一部：德篇
6435773, 6.8, 653, 异位
1939258, 8.0, 141, ⑷税岛陴^ (上)
10527656, 7.3, 285, 恐怖的人狼城 第二部・法国篇
1939260, 8.1, 120, ⑷税岛陴^ (下)
25245712, 7.3, 251, 黑暗塔1：枪侠
1434340, 7.7, 143, ⑷酥T
10618085, 7.5, 161, 尸鬼1
10618090, 8.2, 75, 尸鬼5
10758700, 8.2, 64, 平家物语1（宫尾本）
10618086, 7.8, 86, 尸鬼2
10618088, 7.9, 77, 尸鬼4
10618087, 7.7, 83, 尸鬼3
2067547, 7.0, 161, 黑死^⑷耸录
1958553, 6.9, 178, 恐怖的人狼城・第三部：商狡
10763927, 6.6, 254, 恐怖的人狼城・第三部：侦探篇
6084773, 8.1, 57, 红轮（第二卷 全三册）
24538713, 6.6, 197, 女王国之城
5989870, 6.4, 256, 魔术王事件（第二部）
6799301, 7.8, 48, I流不止
5989869, 6.1, 266, 魔术王事件（第一部）
3147105, 7.0, 84, 魔g王事件
1865876, 8.5, 27, 宛如飞翔（二）
3782749, 8.1, 30, 我们共同的朋友
10758701, 7.9, 33, 平家物语2（宫尾本）
10758702, 8.0, 22, 平家物语3（宫尾本）
2361191, 7.2, 37, 眼之壁
10758703, 8.0, 21, 平家物语4（宫尾本）
5415148, 5.4, 246, 双面兽事件（第一部）
5447438, 5.3, 223, 双面兽事件（第二部）
4222586, 7.0, 27, 大雄与绿巨人传-电影版哆啦A梦
3518778, 7.6, 12, 天国演义（上下）
11514027, 6.5, 19, 影改漫版哆啦A
10343026, 7.6, 10, 祖 中
