2017-01-23 16:17:59
Tag: 身体
The number of books: 164 

ID, rating, votes, title
20431965, 8.5, 8406, 只有医生知道!
1440885, 8.0, 5026, 人体使用手册
1064734, 8.4, 1788, 疾病的隐喻
1862145, 8.0, 1187, YOU：身体使用手册
4006535, 8.7, 263, 神的杰作
1463570, 8.6, 257, 你的身体是个仙境
1870639, 8.4, 277, 肉体与石头
1772103, 8.2, 328, 再造“病人”
3268426, 8.3, 291, 洁净与危险
26312476, 7.5, 653, 你的身体，是一切美好的开始
4246991, 8.5, 211, 疾痛的故事
1972794, 8.7, 170, 感觉的自然史
2277034, 8.6, 165, 发须爪
2052636, 7.9, 316, YOU身体使用手册2-腰部管理
1950984, 7.7, 380, 裸女
3023839, 8.1, 244, 苦痛和疾病的社会根源
3042606, 7.3, 607, 温度决定生老病死
3924465, 8.0, 262, 手到病自除
3816860, 8.3, 193, 村庄审判史中的道德与政治
24379795, 8.4, 174, 回归身体
6124799, 8.2, 196, 死亡与右手
2141589, 8.7, 128, 眼与心
2971250, 7.8, 281, YOU：身体锻炼手册
1151136, 8.5, 140, 神圣的欢爱
1024049, 8.4, 151, 身体的故事
3661780, 8.1, 186, 缠足
1449367, 8.0, 202, 社会如何记忆
3758306, 8.2, 166, 女人的身体 女人的智慧
4917068, 8.9, 94, 芳疗百科
1472837, 7.8, 215, 身体、空间与后现代性
1146062, 8.2, 137, 色情、耗费与普遍经济
2083711, 8.0, 156, 本质或裸体
3617055, 8.4, 107, 身体的语言
1146495, 8.7, 81, 身体使用手册
1029837, 7.7, 162, 1963年的格林尼治村
1871294, 7.6, 172, 历史、身体、国家
1458716, 7.7, 150, 知觉现象学
4910688, 8.1, 99, 超级名模教你show出明星腿
3083569, 7.5, 149, YOU：身体使用手册3
5976617, 7.1, 203, 裸男
3278866, 7.2, 175, 身体
2305774, 8.2, 70, 语言・身体・他者
3089171, 8.0, 80, 身w美W: 你的身心永h娜葑缘
5325594, 8.3, 62, 身体与社会理论（第二版）
1146064, 8.0, 72, 后身体
4932573, 8.1, 66, 身心合一
21327827, 8.3, 57, 身体的历史（卷一）
3434107, 7.4, 112, YOU：原来可以这样美！――身体内外兼修手册
6794036, 6.7, 238, 害羞的屁股
1322151, 7.7, 83, 身体活：现代叙述中的欲望对象
7000246, 7.5, 97, 柔软的身心
26804793, 7.9, 69, 她身之欲
2334600, 8.2, 54, 德勒兹身体美学研究
3542920, 7.6, 86, 身体，记忆与建筑
1311655, 7.3, 112, 时髦的身体
1982144, 8.1, 56, 不轨之举
2075096, 9.1, 29, 无痛一身轻
2568214, 7.4, 93, 尼采与身体
3648581, 6.7, 193, 饕餮之欲
6873104, 7.8, 64, 身体之重
1419043, 7.6, 75, 身体笔记
1964772, 7.7, 68, 我们住在皮肤里
3109981, 9.2, 25, 体适能基础理论
2122177, 8.1, 47, 隐喻的身体
1448877, 7.1, 107, 人类学的四个讲座
1319818, 6.4, 221, 激发身体潜能的10种方法
4172085, 8.2, 39, 不能承受之重
3878392, 8.8, 27, 台成眢w：王墨林u集 1979-2009（第一卷）
3172140, 8.7, 28, 画手百图 (1979)
1083499, 7.7, 52, 新饮食习惯
1398039, 8.2, 36, 生命与医疗
2381084, 7.1, 84, 中国的女性与性相
2266453, 9.0, 22, 像女孩那G球
4924885, 7.6, 50, 人类身体史和现代性
1112402, 8.2, 33, 关注你的身体（男性卷）
4199935, 7.5, 53, 身体五态
21327828, 8.5, 27, 身体的历史（卷二）
25918071, 7.3, 61, 女人体虚先变丑
26838508, 7.7, 44, 具身认知：身体如何影响思维和行为
3729119, 6.7, 106, 我要一双明星腿
3364370, 7.4, 53, 身体的秘境
1759427, 8.1, 32, 身体与社会
1975969, 7.9, 36, 发现古脉
3069521, 7.9, 36, 可见的与不可见的
2086022, 7.2, 57, 身体的媚术
7162208, 8.0, 30, 超越性别身体
3784590, 7.0, 62, 血液清洁书
21327830, 8.5, 22, 身体的历史（卷三）
2182969, 8.0, 29, 揭开老化之谜
1489033, 7.1, 56, 身体政治
5921589, 8.3, 24, 文化、技术与社会中的身体
1472847, 8.0, 28, 身体 心性 权力
1801731, 7.5, 39, 身体
1433465, 7.2, 49, 身体的文化政治学
3108000, 7.8, 31, 超新陈代谢轻松自动减肥法
3033314, 7.1, 52, 身体・性・性感
3206273, 8.0, 27, 近代中医的身体观与思想转型
1949366, 6.8, 67, 身体的沦陷
1399265, 7.0, 55, 权力，身体与自我
1000488, 6.8, 65, 女人的身体 男人的目光
1797405, 8.7, 18, This Sex Which Is Not One
1060724, 7.6, 33, 男人女人身体观察
2189524, 6.5, 84, 30种大脑训练方法
1426471, 7.1, 46, 通过身体思考
3788644, 8.0, 24, w物入微
10796116, 8.0, 24, 女性形体与健美训练图解
3526284, 7.4, 35, 身体意识形态
26110803, 7.1, 42, 身体与笔
2975352, 7.5, 31, 中国妇女服饰与身体革命(1911-1935)
1015243, 7.7, 27, 身体形态
4262677, 7.2, 38, 身体艺术手册
16405969, 8.5, 17, 道成肉身
6749585, 7.3, 33, 身体意识与身体美学
3003400, 7.4, 30, 女人所生
3164786, 7.0, 39, 电影城市
6729588, 7.7, 23, 女性身体使用手册
1339146, 8.3, 16, 科技渴望性e
3443034, 6.7, 44, 错位
1051875, 7.3, 26, 自我催眠术--消除心理疾病的自我疗法
6759830, 8.1, 16, 埃利亚斯与现代社会理论
4273953, 7.4, 22, 邓肯谈艺录
1485750, 7.6, 19, 轻松瑜伽
1092234, 8.3, 13, 女人问题
1074254, 6.8, 31, 人体的100个故事
1614374, 7.7, 16, 运动生理学
1140898, 6.9, 26, 用身体思想
1119924, 7.2, 21, 身体修辞
25760392, 6.7, 30, 身体的媚术
2986260, 6.1, 52, 身体的迷雾
1032099, 7.0, 23, 男性的身体
11593108, 7.7, 15, 身体与情感
24794017, 6.9, 24, 身体
2345223, 7.9, 13, Body and Face in Chinese Visual Culture
1082939, 7.1, 20, 我了解女人
3883391, 7.1, 20, 中国人的身体与疾病
1400166, 7.3, 17, 瘟疫的文化史
1087870, 7.8, 13, 米哈伊尔・巴赫金
26304320, 7.8, 13, 正常与病态
2378484, 7.4, 16, 政wc身w：KS埃的革命c身w 1928-1937
1089737, 7.2, 18, 舞蹈创编法
26384986, 7.6, 14, 产事
1799882, 5.9, 52, 阴性之痛
3477341, 7.9, 12, 儒家身体观
25741584, 7.2, 17, 时尚与政治
6423877, 7.4, 15, 痛风看这本就够了/图解健康系列
11540031, 7.4, 15, 性别、身体与医疗
26669641, 8.0, 11, 身体、空间与后现代性
1187771, 7.6, 13, 亚历山大健身技巧
1388550, 7.5, 13, 解剖刀下的风景:人体探索的背景文化
1039008, 7.3, 14, 被阉割的文明--中国太监文化论
2916518, 7.4, 13, Training the Body for China
2043104, 7.7, 11, 梅罗-庞蒂历史现象学研究
26785203, 7.3, 13, 臭皮囊
1800528, 7.6, 11, The Body in Pain
4263120, 7.6, 11, 女性的身体
1033617, 7.1, 14, 身体意象
1260479, 7.5, 11, 身体：思想与修行
3174563, 7.3, 11, 生命与言辞
1000981, 7.2, 11, 文化研究(第3辑)
1262258, 7.2, 11, 女人身体使用手册
25741236, 7.0, 11, 女人身体使用手册
3117313, 7.1, 10, 中国人的身体观念
1083876, 7.0, 10, 动感
1001827, 6.6, 12, 身体传奇
