2017-01-23 16:17:59
Tag: 辞典
The number of books: 240 

ID, rating, votes, title
1028409, 9.4, 9013, 中国少年儿童百科全书（全四册）
1021990, 9.2, 3458, 唐诗鉴赏辞典
1047751, 9.3, 1975, 牛津高阶英汉双解词典(第四版)
1132550, 9.4, 1533, 宋词鉴赏辞典
1032967, 9.1, 1368, 说文解字
1203523, 9.4, 914, 唐宋词鉴赏辞典(唐五代北宋)
1033327, 9.4, 632, 唐宋词鉴赏辞典
1234683, 9.6, 348, 日本语句型辞典
1050658, 9.3, 406, 宋诗鉴赏辞典
1090900, 9.3, 358, 拉鲁斯法汉双解词典
1515757, 8.0, 1382, 建筑语汇
1783098, 8.7, 535, 玫瑰之名
1034375, 9.1, 291, 牛津初阶英汉双解词典
1030882, 9.2, 263, 汉魏六朝诗鉴赏辞典
1060470, 9.4, 213, 牛津高阶英汉双解词典
1048943, 9.2, 238, 古代汉语词典
1735255, 8.9, 281, 西方文论关键词
1723055, 8.6, 364, 电影艺术词典
1065772, 9.2, 202, 古文鉴赏辞典（上）
1062363, 9.1, 218, 元曲鉴赏辞典
1046813, 9.1, 208, 先秦诗鉴赏辞典
1546037, 9.3, 157, 唐宋词鉴赏辞典
1027276, 9.3, 145, 朗文当代高级英语辞典
1291310, 9.9, 92, 元照英美法词典
26900703, 9.7, 103, 物种日历
2034051, 9.4, 123, 唐诗鉴赏词典
1120991, 9.5, 113, 布莱克维尔政治学百科全书
1054967, 8.6, 219, 剑桥艺术史(一)
1229301, 9.3, 116, 外研社日汉双解学习词典
1028864, 9.0, 144, 古文鉴赏辞典（下）
1011858, 8.9, 144, 企鹅激光唱片指南
1490545, 9.3, 91, 最新通俗美语词典
2208867, 9.3, 88, 辞海 1979年版缩印本
1199896, 9.6, 67, 朗文当代英语辞典
1665110, 9.5, 71, 广辞苑
1148974, 8.1, 191, 关键概念
1087635, 9.3, 71, 新德汉词典
1331524, 8.7, 104, 唐诗宋词鉴赏辞典
1130234, 9.2, 73, 牛津简明音乐词典
1123947, 9.0, 83, 辞海
1116375, 9.3, 63, 现代语言学词典
4220023, 9.6, 52, 汉英大词典
1081919, 8.7, 87, 元明清诗鉴赏辞典
1098225, 9.1, 65, 葡汉词典
1197923, 9.1, 61, 古希腊语汉语词典
1263305, 8.3, 106, 彩色袖珍动漫百科
1702515, 9.3, 53, 牛津英语习语词典
26835895, 8.7, 77, 猫的私人词典
3563617, 9.5, 46, 阿拉伯语汉语词典
2188276, 9.4, 48, Longman Dictionary of Contemporary English
2988630, 8.9, 62, 古希腊罗马及教父时期名著名言辞典
1874069, 7.9, 132, 关键词200
3826348, 7.9, 130, OED的故事
1337401, 9.2, 48, 辞海(1989年缩印本)
2182153, 9.2, 47, 古代汉语词典
5918043, 9.1, 49, 古代小品文鉴赏辞典
1017066, 9.5, 39, 绘画儿童动物辞典
1060302, 8.1, 97, 精选日汉汉日词典
1228696, 9.0, 50, 牛津英语同义词词典
1502117, 9.2, 44, 日语接续词副词辞典
1511615, 9.2, 44, 元明清词鉴赏辞典
1088742, 9.2, 42, 新明解国语辞典
1444806, 9.6, 34, 英语常见问题解答大词典(增订版第四版)
1767801, 9.1, 43, 牛津格言集
1015950, 9.0, 45, 世界美术名作鉴赏辞典（精装彩图本）
1035401, 9.2, 38, 牛津中阶英汉双解词典
4940926, 9.1, 40, 中国昆曲衣箱
2227774, 9.2, 37, 神话辞典
1078986, 8.5, 53, 外国音乐辞典
4199603, 9.2, 35, 红楼梦大辞典
1037852, 9.3, 33, 英汉多功能词典
2216661, 9.3, 33, 诗经三百篇鉴赏辞典
1057578, 8.8, 43, 中国文化知识精华
1755602, 8.6, 47, 现代主义代表作100种提要 现代小说佳作99种提要
1011145, 9.7, 26, 朗文当代高级英语辞典
1759370, 9.7, 26, The New Grove Dictionary of Music and Musicians
1229642, 9.3, 31, 麦克米伦高阶美语词典
1964199, 9.0, 36, 古文观止鉴赏辞典
1128788, 9.1, 34, 实用古汉语知识宝典
1964422, 9.1, 34, 英语搭配大辞典
1393379, 9.2, 32, 红楼梦鉴赏辞典
2262999, 8.7, 42, 牛津英美文化词典
1638272, 9.3, 30, 日本古典文学大辞典
1039929, 9.0, 35, 新帕尔格雷夫经济学大辞典(1-4卷)
1109886, 9.1, 33, 袖珍唐宋词鉴赏辞典
26655770, 7.8, 77, 各种“主义”
1022689, 9.2, 31, 朗文当代英语辞典
1913281, 8.8, 38, 拉丁成语辞典
1076190, 8.2, 55, 世界文化象征辞典
1072902, 8.4, 48, 英语脏词禁忌语词典
1029429, 7.8, 68, 新诗鉴赏辞典
1119105, 9.2, 28, 日语汉字读音速查词典
1162745, 9.4, 25, 古代小说鉴赏辞典（上册）
1027863, 9.2, 27, 敦煌学大辞典
1489714, 8.8, 33, 古希腊罗马神话鉴赏辞典
1516836, 9.1, 28, 日汉大辞典
1040485, 9.0, 29, 北京土语辞典
1052718, 9.0, 29, 中国成语大辞典
1768751, 7.1, 116, 中国爱情潜规则
1126271, 7.7, 67, 世界电影鉴赏辞典
1327013, 9.1, 27, 牛津文学术语词典
1792472, 7.4, 84, 魔鬼辞典
1322791, 9.5, 22, 牛津英国文学词典
2149292, 9.4, 23, 世界人名翻译大辞典（上下）
1945847, 9.1, 26, 文艺鉴赏大成
4582328, 7.9, 53, 艺术与艺术家词典
2152117, 8.3, 39, 现代西方哲学辞典
6001968, 8.3, 39, 叙述学词典
1026527, 9.1, 25, 东西方图形艺术象征词典
1866134, 8.9, 27, 中国黑色幽默小说大观
1056851, 7.9, 48, 基督教神圣谱
3074265, 9.7, 18, 拉丁汉文辞典
1080854, 8.8, 27, 元明清诗鉴赏辞典(清近代)
1494915, 9.3, 21, 唐宋词鉴赏词典
1109884, 8.0, 42, 现代散文鉴赏辞典
1135950, 8.6, 29, 迷你日语惯用句词典
1269651, 8.6, 29, 西方哲学英汉对照辞典
1937555, 8.4, 32, 拉丁语汉语词典
1808624, 7.1, 85, 西洋神名事典
1143580, 8.2, 36, 闾巷话蔬食
10521374, 8.2, 36, 历史科学基本概念辞典
1757687, 8.1, 37, The Devil&#39;s Dictionary
3223684, 7.9, 42, 文学描写辞典 小说部分 上
1148401, 8.6, 27, 后现代主义辞典
1658961, 9.1, 21, 三礼辞典
1157391, 8.5, 28, 西方引语宝典
1189106, 8.5, 26, 突厥语大辞典
3213848, 9.2, 18, 古文鉴赏大辞典
1801799, 8.4, 26, 微型小说鉴赏辞典
2060754, 8.8, 21, Webster&#39;s New World Essential Vocabulary
1323345, 8.1, 30, 世界电影鉴赏辞典
3223685, 8.1, 30, 文学描写辞典 小说部分 下
1700174, 8.6, 22, 汉英文物考古词汇
1136018, 8.6, 21, 诸子百家名篇鉴赏辞典
1291496, 8.5, 22, 音乐圣经.CD辞典
5440595, 8.7, 19, 中国古建筑名词图解辞典
1072766, 8.0, 27, 新日汉辞典
3192748, 8.7, 18, 外国哲学大辞典
2998915, 8.8, 17, 古诗三百首鉴赏辞典
1006768, 8.9, 16, 写作借鉴辞典
1802143, 8.2, 22, 当代艺术家辞典
1921390, 8.2, 22, 甲骨文小字典
26413748, 7.5, 33, 福柯思想辞典
3213838, 8.3, 20, 中国戏曲曲艺词典
1548180, 8.5, 18, 佛教大辞典
1228874, 8.6, 17, 外国地名译名手册
1110751, 8.7, 16, 印地语汉语大词典
2216589, 7.9, 23, 后现代主义百科全书
1578695, 6.8, 51, 身边的植物
25809412, 8.2, 19, 中国佛教文化简明辞典
1597196, 8.3, 18, 汉语大词典
1034341, 8.4, 17, 牛津简明英语词典
1086873, 8.4, 17, 牛津戏剧词典
1495864, 8.1, 19, 中国民间诸神（上下）
1052160, 8.0, 19, 世界电影全纪录（彩印典藏版）
1278557, 8.1, 18, 中国哲学大辞典
3076548, 8.4, 15, 中国古代官名辞典
10441976, 7.9, 19, 新闻传播学辞典
1144502, 6.9, 37, 她世界-西方女性文学百部名著赏析
1461332, 8.4, 14, Black&#39;s Law Dictionary
2048979, 8.4, 14, 外国通俗名曲欣赏词典
1331557, 8.1, 16, 唐诗宋词鉴赏辞典
26286399, 8.2, 15, 古代志怪小说鉴赏辞典
1031898, 7.7, 19, 精选德汉汉德词典
3121935, 8.3, 14, 夏h字典
1177039, 8.1, 15, 朗文当代高级英语辞典
2020230, 8.1, 15, 古典神话人物词典（中文注释本）
1597247, 7.7, 18, 中国秘密语大辞典
1495869, 7.8, 17, 古汉语常用字字典
1538945, 7.5, 20, 金庸武侠小说鉴赏宝典
3213847, 8.5, 12, 古文鉴赏辞典
4605590, 8.0, 15, 新西汉词典
3158367, 8.1, 14, 世界短篇小说名著鉴赏辞典
1540666, 7.7, 17, 中国茶叶大辞典
3476122, 7.5, 19, 新格罗夫爵士乐词典
1016736, 7.9, 15, 中国成语大辞典(缩印本)
2348294, 7.9, 15, 诗经楚辞鉴赏辞典
1116319, 7.7, 16, 泰汉词典
1805207, 6.3, 44, 小资辞典
1048886, 7.3, 20, 新牛津魔鬼辞典
1135840, 8.1, 13, 新阿拉伯语汉语大词典
2024658, 8.1, 13, 中药大辞典（全2册）
26303036, 8.1, 13, 普什图语汉语词典
2260304, 7.8, 15, 中国古建筑术语辞典
10877820, 7.9, 14, 罗贝尔法语大词典
5411312, 7.5, 17, 摄影视觉词典
10825368, 8.2, 12, 新格罗夫音乐与音乐家辞典（第2版）
1171160, 8.4, 11, 牛津英语小词典
2302191, 8.0, 13, 新满汉大词典
1024486, 7.7, 15, 美国口语词典
1666421, 7.8, 14, 法汉大词典（上下）
4250985, 8.1, 12, 商务日语例解词典
4835636, 8.1, 12, 外国神话史诗民间故事鉴赏辞典
1530527, 8.3, 11, MIT认知科学百科全书
1071554, 7.3, 18, 中国江湖隐语辞典
1139396, 7.9, 13, 史努比英汉辞典
1252762, 7.9, 13, 人类思想的主要观点（上中下）
3023653, 7.9, 13, 中外文学名著描写辞典
1416363, 7.0, 21, 耗事典《Dictionary of Demons and Devils》
1986015, 8.2, 11, Webster&#39;s Third New International Dictionary
1269793, 8.0, 12, 宁波方言词典
1234509, 7.8, 13, COBUILD英汉双解词典
3629644, 8.4, 10, 金融与投资辞典
4305760, 7.1, 19, “文革”时期怪事怪语
3084241, 7.5, 15, 殷墟甲骨文实用字典
25915724, 7.6, 14, 中国考古学大辞典
1702919, 8.3, 10, 汉字古今音表
1508175, 7.3, 16, 身边的昆虫
2268091, 7.3, 16, 中国方术大辞典
1084944, 7.8, 12, 法汉-汉法袖珍词典
3638487, 8.1, 10, 科林斯经济学辞典
1203397, 6.8, 20, 象征学全书
1068029, 7.5, 13, 20世纪思想家辞典
1012097, 7.8, 11, 佛教大辞典
2243572, 7.8, 11, 三国演义大辞典
2245936, 7.3, 14, 简明心理学辞典
1161453, 8.0, 10, 德语常用词汇精解
1234510, 8.0, 10, 波斯语汉语词典
1855382, 7.7, 11, FYI
5379033, 7.7, 11, 古人混号辞典
1680334, 7.1, 15, 五百种明清小说博览（上下）
1060158, 7.9, 10, 三国志辞典
1161410, 7.9, 10, 心理学大辞典（上下）
2138489, 7.5, 12, 世界文化象征辞典
3344126, 7.6, 11, 辞源
3759780, 7.6, 11, 韩国语实用语法词典
1003758, 7.8, 10, 新西汉词典
1532598, 7.4, 12, 宗教学小辞典
1086343, 7.5, 11, 佛学大辞典
1064382, 7.6, 10, 中华道教大辞典
1660544, 7.2, 12, 中国读书大辞典
3797360, 7.5, 10, 新世纪日汉双解大辞典
1119327, 7.3, 11, 实用日汉词典
1229023, 7.3, 11, 英语姓名词典
6000754, 7.3, 11, 当代马克思辞典
1012801, 6.8, 14, 时髦辞典
1144127, 7.4, 10, 牛津当代百科大辞典
1802137, 7.4, 10, 西洋美术巨匠辞典
1442351, 7.0, 12, 简明心理学辞典
2329645, 6.5, 14, 简明希伯来语汉语汉语希伯来语词典
