2017-01-23 16:17:59
Tag: 通俗
The number of books: 501 

ID, rating, votes, title
1068920, 9.3, 73349, 飘（上下）
1061118, 9.1, 73779, 活着
1040211, 9.2, 46917, 福尔摩斯探案全集（上中下）
1255625, 9.1, 53461, 天龙八部
1071241, 8.9, 70200, 哈利・波特与阿兹卡班的囚徒
1221515, 9.5, 26483, 灌篮高手31
1873231, 8.8, 77651, 明朝那些事儿（壹）
1085860, 8.9, 48473, 基督山伯爵
1002299, 8.9, 47844, 笑傲江湖（全四册）
3674537, 9.1, 30914, 明朝那些事儿（1-9）
1336330, 9.3, 21616, 冰与火之歌（卷一）
1949338, 8.9, 39249, 明朝那些事儿（贰）
1255624, 8.8, 43498, 神雕侠侣
5414391, 9.0, 28891, 寻路中国
2052448, 8.9, 32681, 明朝那些事儿（叁）
1044547, 8.9, 31247, 射雕英雄传（全四册）
1045818, 8.5, 59223, 苏菲的世界
1066462, 8.4, 69225, 向左走・向右走
3626924, 9.0, 22772, 明朝那些事儿（柒）：大结局
2253642, 8.8, 30183, 明朝那些事儿（肆）
1948901, 8.4, 57645, 盗墓笔记
3009821, 8.8, 27476, 明朝那些事儿（伍）
1003000, 8.4, 54134, 悟空传
3274113, 8.9, 22742, 明朝那些事儿（陆）
1212893, 8.8, 26612, 鹿鼎记（全五册）
1059258, 9.4, 9751, 道德经
1467022, 9.2, 12488, 上帝掷骰子吗
1400705, 8.1, 79130, 情人
1064275, 8.3, 50360, 老人与海
1034282, 8.8, 19418, 时间简史
1092335, 8.9, 16054, 教父
1321017, 8.8, 18652, 九州・缥缈录
1258490, 9.2, 10262, 基地
3239549, 9.1, 11412, 夹边沟记事
1020459, 8.4, 34393, 此间的少年
1029553, 8.7, 20406, 西游记（全二册）
1346815, 8.4, 33796, 一人住第5年
1056733, 8.3, 38739, 地下铁
1292416, 8.5, 26422, 香水
1858410, 9.0, 11965, 万历十五年
1018577, 8.9, 13769, 霸王别姬 青蛇
26698660, 9.0, 11436, 巨人的陨落
1070851, 8.5, 23579, 倚天屠龙记(共四册)
1056315, 8.8, 14165, 总统是靠不住的
1394364, 8.8, 13719, 银河系漫游指南
1008357, 8.5, 21641, 水浒传（全二册）
1391191, 8.5, 21468, 京华烟云
1225977, 8.9, 11216, 全球通史（第7版 上册）
2567919, 8.3, 26262, 匆匆那年（上下）
2218216, 9.5, 4440, 金庸作品集
1882933, 8.1, 36150, 鬼吹灯之精绝古城
1061977, 8.7, 11662, 血色浪漫
1316648, 8.3, 21749, 查令十字街84号
5366248, 8.3, 21669, 你一定爱读的极简欧洲史
1789841, 8.7, 11355, 倚天屠龙记
1032501, 8.7, 11285, 心理学与生活
1958227, 8.2, 25342, 那些年，我们一起追的女孩
1030052, 7.9, 44453, 清醒纪
1228110, 8.2, 24813, 天使与魔鬼
1077528, 8.9, 8072, 通往奴役之路
1422833, 8.7, 10692, 多情剑客无情剑(上、中、下)
1213546, 8.3, 20093, 变形记
1559310, 9.0, 6815, 鹿鼎记
1089512, 8.6, 11815, 陆小凤传奇
1102715, 9.1, 5775, 从一到无穷大
1065970, 7.8, 47966, 彼岸花
1033778, 8.2, 21431, 富爸爸，穷爸爸
10763902, 7.9, 36930, 偷影子的人
1015699, 8.3, 17370, 中国大历史
1418999, 9.2, 4609, 银河英雄传说
3268399, 8.5, 12079, 上海堡垒
1089521, 8.5, 10833, 楚留香传奇
1316622, 8.4, 12265, 诛仙1
1917078, 8.6, 8835, 风之影
1187842, 9.0, 4981, 你一生的故事
10750155, 8.7, 7442, 数学之美
3323633, 8.6, 8587, 写给大家看的设计书（第3版）
1051797, 8.4, 11556, 喜宝
1089517, 8.4, 11513, 绝代双骄（全三册）
1225983, 8.8, 6160, 万物简史
1261153, 8.4, 10778, 青蛇
1061367, 8.4, 10763, 幸运儿
1018153, 7.8, 30427, 水仙已乘鲤鱼去
1058234, 7.7, 35287, 二三事
1220219, 8.6, 7478, 阴阳师
1214416, 9.3, 2933, 福尔摩斯探案全集
1312997, 9.0, 4092, 香初上舞・终上
1926700, 7.7, 32212, 关于莉莉周的一切
1261471, 8.7, 5914, 香初上舞
1029159, 7.5, 47380, 八月未央
1276930, 9.0, 3756, 香初上舞・再上
1065239, 8.5, 7304, 我的宝贝
1220853, 8.3, 9912, 伟大的博弈
1234963, 9.1, 3198, 傲慢与偏见（英文本）
1024217, 7.4, 51660, 第一次的亲密接触
1034279, 8.6, 5967, 果壳中的宇宙
6425061, 8.6, 5865, 哲学家们都干了些什么？
1075538, 8.2, 10731, 普罗旺斯的一年
1337303, 8.9, 3859, 笑傲江湖
1316623, 8.4, 7629, 诛仙2
3673651, 7.7, 23650, 岛
1049070, 8.4, 7059, 等一个人咖啡
11528339, 8.2, 9474, 藏海花
1271212, 8.8, 3937, 死者代言人
1427825, 8.5, 5948, 中国人史纲（上中下）
1485495, 8.1, 10983, 楼下的房客
3124525, 7.7, 22422, 暮色
6892579, 8.4, 6737, 美国种族简史
1057444, 8.5, 5761, 大唐双龙传
3112726, 8.5, 5760, 希腊棺材之谜
1060025, 8.8, 3756, 中国近代史
1071227, 9.0, 2909, 大问题
1006560, 8.2, 8873, 血酬定律
1063624, 8.8, 3715, 鹿鼎记（全五册）
4152754, 7.7, 20743, 时生
1067907, 8.1, 10142, 长恨歌
1203244, 8.2, 8578, 三个火枪手
1146267, 8.8, 3608, 深渊上的火
1089523, 8.3, 7007, 七种武器（全三册）
1262986, 8.1, 9318, 我不是教你诈
1394433, 8.4, 5802, {宇
1856285, 7.3, 41305, 人生若只如初见
6952036, 9.2, 2016, 对伪心理学说不
1012203, 7.6, 21610, w寄生
1063245, 7.6, 20614, 通稿2003
2567590, 8.9, 2704, ⑹.流xぐ兜幕
1420794, 8.2, 6987, 诛仙4
1049477, 8.0, 9448, 一半是海水一半是火焰
3013903, 8.1, 7865, 漫长的告别
1269900, 8.2, 6693, 活法
1829836, 7.8, 12984, 品三国（上）
4116629, 8.9, 2544, 希区柯克悬念故事集
1232186, 8.9, 2532, 黑暗精灵三部曲
3018339, 7.7, 15343, 万物生长
1008074, 7.5, 22101, 失乐园
1089518, 7.9, 9549, 萧十一郎
1867642, 7.7, 13050, 世界是平的
1034108, 7.2, 35151, 零下一度
1399992, 8.9, 2177, 天渊
1361258, 8.3, 4697, A舞
1076045, 7.6, 14968, 连城诀
1068308, 7.6, 14882, 雪山飞狐
10785583, 8.2, 5387, 思考，快与慢
3323987, 7.3, 26936, 杜拉拉2华年似水
4822685, 9.2, 1491, 编码
1393884, 9.5, 1067, Sherlock Holmes
2173262, 8.3, 4499, 假如明天来临
1016595, 8.3, 4495, 雍正皇帝（全三册）
3000997, 7.6, 13756, 牛奶可乐经济学
3777123, 7.8, 9453, 告别天堂
10472702, 8.1, 5648, 重说中国近代史
3901238, 7.6, 13128, 历史是个什么玩意儿1
1006073, 7.6, 13039, 七月与安生
1643566, 9.2, 1296, 基督山伯爵
1065799, 8.5, 2979, 男生贾里全传
2042907, 7.8, 8447, 品三国（下）
11612936, 7.6, 11926, 古董局中局
1793132, 7.5, 14244, 白马啸西风
1071023, 8.6, 2399, 谈谈方法
1089510, 7.8, 7680, 流星・蝴蝶・剑
1057206, 7.3, 19111, 数字城堡
2345727, 7.5, 12825, 蜗居
1052380, 7.6, 10590, 飞狐外传(上下)
1059330, 8.3, 3395, 午夜凶铃
1315199, 9.1, 1267, 历史研究
3891900, 7.7, 8439, 金融的逻辑
1030153, 7.5, 11970, 她比烟花寂寞
1440885, 8.0, 5026, 人体使用手册
1062134, 8.1, 4297, 狼图腾（简装本）
1054899, 8.3, 3181, 女生贾梅全传
1052824, 8.3, 3124, 圆舞
1391510, 9.2, 1049, 机器人短篇全集（上下）
3908032, 7.3, 16142, 怪诞心理学
6025373, 8.2, 3435, 风起陇西
10733032, 8.3, 2980, 王二的经济学故事
20389202, 7.9, 5070, 唐朝穿越指南
1319345, 7.6, 8303, 18岁给我一个姑娘
1473250, 7.6, 8266, 魔鬼经济学
1334569, 8.8, 1456, ⑹郑登峰造O的。
1291760, 6.8, 41974, 会有天使替我爱你
1072774, 8.8, 1413, 水浒传
6743298, 8.9, 1256, 经济为什么会崩溃
1035517, 7.6, 7699, 男人这东西
1281653, 7.8, 5358, 秦腔
1370144, 8.6, 1718, m春日的nd
1867064, 7.7, 6193, 八百万种死法
1433700, 7.4, 9657, 孔雀森林
1827578, 7.6, 6635, 输赢
1291355, 7.9, 4045, 非常道
24882288, 7.5, 7362, 古董局中局 2
1063401, 8.4, 1889, 精灵宝钻
1221273, 9.4, 612, 三国演义
3783409, 8.7, 1243, 圣殿春秋（上）
1789842, 7.4, 8160, 侠客行
1438147, 9.0, 872, 让数字说话
1270509, 8.9, 961, 中国史学名著
1393374, 8.6, 1231, 第二十二条军规
1009931, 7.7, 4185, 潘金莲之前世今生 诱僧
1281275, 7.7, 4004, 流波上的舞
1055976, 7.2, 9559, 碧血剑（上下）
1014533, 7.2, 9481, 书剑恩仇录(上下)
1062326, 6.9, 17475, 爱尔兰咖啡
1225978, 9.1, 670, 全球通史（第7版 下册）
24324704, 8.0, 2424, 剑桥简明金庸武侠史
1062235, 7.5, 5082, 卖海豚的女孩
1058956, 7.4, 6019, 碧血剑
1077497, 7.3, 7087, 水煮三国
3787085, 8.5, 1202, 三国史话
1223778, 7.9, 2636, 万物生长
25928708, 8.6, 1021, 佛祖都说了些什么?
1028916, 6.9, 14327, 雨衣
1062514, 7.8, 2814, 白发魔女传
25858916, 8.3, 1413, 感谢自己的不完美
11636077, 8.3, 1370, 饥饿的盛世
1471809, 7.7, 3064, 饺子
1272840, 8.3, 1305, 上海往事
1055486, 7.4, 4738, 魔法蛋糕店
1081604, 7.8, 2497, 秦俑 满洲国妖艳――川岛芳子
2119843, 6.9, 11337, 钝感力
1025533, 7.7, 2694, 玉观音
1031634, 8.1, 1497, 富爸爸投资指南
2976542, 8.9, 597, 圣斗士星矢 1
1461898, 8.5, 883, 蜀山剑侠传
3253983, 8.2, 1257, 原来这才是春秋 第一部:《称霸》
1227966, 7.8, 2130, 你的第一本哲学书
1322336, 8.9, 567, 控制论与科学方法论
6398075, 8.0, 1587, 一转念
3017205, 7.8, 2077, 长眠不醒
4216944, 8.8, 595, 卖轮子
6791427, 7.8, 1974, 帝国最后的荣耀
1043814, 7.8, 1956, 午夜凶铃2：复活之路
1074030, 8.3, 973, 西方哲学十五讲
1058245, 7.8, 1820, 帝国政界往事
3845101, 7.9, 1563, 24堂财富课
1069451, 8.3, 901, 康熙大帝(1)-夺宫
1343950, 8.4, 801, The Da Vinci Code
1052477, 7.6, 2251, 中国式离婚
1255321, 8.1, 1097, 漫长的婚约
1023478, 7.9, 1396, 怀念声名狼藉的日子
1055184, 7.4, 2910, 迷迭香
6826594, 8.2, 941, 故事照亮未来
11625032, 7.4, 2680, 欢乐颂  第一季
1273895, 8.9, 420, 似水柔情
1512937, 7.7, 1606, 四大名捕会京师(上下)
1027725, 8.2, 834, 战天京
6533206, 7.5, 2066, 卑鄙的圣人：曹操
3184668, 8.0, 1030, 人人都爱经济学
1056574, 8.4, 628, 破门而入：美学的问题与历史
2044757, 7.9, 1132, 黄金探案系列 约瑟芬・铁伊推理全集
1281708, 7.3, 2688, 天若有情
26333850, 7.5, 1955, 罗辑思维：成大事者不纠结
1073869, 8.7, 447, 大宅门（上下）
2356871, 7.2, 3095, 欢喜
1072248, 7.9, 1064, 永不瞑目
10736800, 6.7, 7794, 重口味心理学
1218276, 7.9, 1034, 伸缩自如的爱
1062530, 7.6, 1466, 平淡生活
1313582, 8.5, 476, 千亿个太阳
4903266, 8.4, 524, 超越感觉
2975939, 7.4, 1833, 论扯淡
1075230, 8.7, 374, 关于电视
2380097, 8.4, 490, 花
1037891, 7.5, 1463, 拿什么拯救你我的爱人
1026165, 7.4, 1693, 午夜凶铃3：永生不死
6802423, 7.7, 1093, 哦！爸爸们
2973558, 7.7, 1017, 丰臣秀吉（上下册）
6515939, 6.8, 3962, 世界如此险恶，你要内心强大
11632329, 8.7, 311, 经济学讲义（上）
1771840, 7.5, 1173, 枪侠
3211103, 7.2, 1808, 越女剑
2970300, 7.9, 671, 计算机网络
1248320, 8.1, 530, 博来・法拉先生
4210756, 7.8, 747, 写给中国人的经济学
1292346, 8.3, 415, 蝴蝶梦
2985723, 8.5, 331, 经济思想史
1053836, 6.8, 3261, 细节决定成败
1051010, 7.2, 1557, 斑马森林
26910673, 7.1, 1794, 巨婴国
3164293, 8.8, 230, 七天读懂宏观经济
10791843, 7.7, 688, 这个历史挺靠谱3
2970998, 6.9, 2228, 青囊尸衣
3265345, 8.7, 237, 再被狐狸骗一次
4199502, 8.3, 329, 大话无线通信
1968264, 7.4, 939, 卖竹竿的小贩为什么不会倒？
3128115, 6.4, 5347, 鸳鸯刀
1219557, 9.0, 172, 创世纪的第八天
4882095, 7.1, 1426, 史上最强日本史
6856772, 9.3, 133, 哈利・波特精装全集（套装全7册）
4137490, 7.5, 746, 牛角包一样的会计
1053965, 7.7, 576, 博弈游戏
1264931, 7.0, 1531, 大地飞鹰
3276833, 7.4, 836, 如果这是宋史2・太宗、真宗卷
1050324, 7.9, 432, 霍金讲演录
26791320, 8.5, 233, 哇，历史原来可以这样学1
1223881, 7.5, 642, 亭长小武
1027659, 7.4, 721, 海岩文集--你的生命如此多情
1018272, 8.2, 281, 通向哲学的后楼梯
1004795, 7.0, 1223, 有了快感你就喊
1131677, 8.4, 223, 推开宏观之窗
3891656, 7.5, 586, 如果这是宋史3・仁宗盛世卷上
1386897, 7.3, 755, 7-ELEVEN之
1214246, 7.7, 438, 心理画外音
1337374, 8.7, 163, 沙丘
1061489, 7.7, 425, 谁让你的眼睛如此多情
24882901, 6.8, 1501, 不疯魔，不哲学
1066957, 8.1, 274, 罗织经
24859453, 7.5, 527, 这个历史挺靠谱
10786646, 7.2, 738, 这个历史挺靠谱2
1215446, 7.5, 495, 一先令蜡烛
4039355, 7.4, 539, 牛奶可乐经济学3
1292358, 7.1, 801, 斯佳丽
1321660, 7.9, 294, 哈佛乱翻书
1221016, 8.5, 165, 骇版战国
1801050, 7.9, 279, 软件测试
1288877, 7.1, 726, 电车男
4864244, 7.6, 378, 如果这是宋史5 王安石变法卷
3115890, 7.5, 412, 马未都说马未都
1274578, 7.7, 315, 绿腰
26415843, 8.7, 124, 亚洲的叛逆
1069662, 7.8, 271, 便衣警察
6000666, 8.6, 129, 逐陆记・世界史上的洲际争霸Ⅰ（上古卷）
1052411, 7.6, 328, 细说两晋南北朝
5372481, 7.3, 440, 史上最强日本史2
1215741, 8.4, 139, 西方的智慧
1732805, 7.5, 332, 五胡录
2975100, 8.4, 131, 怎样学书法
6876925, 8.4, 130, 大话移动通信
2592191, 7.5, 302, 古典音乐简单到不行！
3671502, 7.6, 267, 大话通信
1215447, 7.1, 490, 排队的人
4087950, 7.4, 310, 破碎虚空
1262146, 7.8, 199, 猎物
4867836, 8.1, 145, 世界历史有一套之老大的英帝国
1031877, 7.2, 357, 社会学是什么
1312640, 7.5, 246, 啼笑因缘
1459138, 6.5, 877, 在小吃店遇见凯恩斯
10564562, 6.8, 523, 普京传
1262988, 7.0, 394, 只在梅雨天爱你
26791323, 8.6, 79, 哇，历史原来可以这样学2
1082606, 7.3, 256, 童话人格
6984554, 7.4, 221, 如果这是宋史.7
20283436, 7.7, 159, 如果这是宋史8・南宋卷：官宦王朝（2）
4870153, 8.4, 84, 足球战国策
3353137, 6.8, 430, 每天学点经济学
1818455, 6.6, 568, 五星饭店
1961462, 8.4, 78, 东周列国志
25806938, 7.2, 230, 怪癖心理学
1159929, 7.7, 129, 李重光新编通俗基本乐理
1228399, 8.4, 72, 当代西方自由主义理论
10605395, 8.2, 83, 三国史话
25899420, 6.8, 341, 历史就这七八样
25716188, 7.7, 124, 如果这是宋史10
25759092, 8.6, 60, 教我如何不想她
1070808, 8.4, 68, 不可思议的旅程
2567920, 8.4, 65, 机动战士高达-闪光的哈萨维（上）
1055287, 7.8, 104, 别为小事抓狂
2340007, 8.1, 80, 不生病凭什么
1315220, 9.1, 41, 定县社会概况调查
1225642, 7.0, 230, 寓言中的经济学
1368067, 8.5, 59, 公平的正义
24225189, 8.4, 62, 高人
3074781, 7.1, 195, 跟妈妈学会计
3899434, 7.2, 173, 你属哪座城
10456066, 7.9, 87, 青梅煮酒话西汉之楚汉争霸
1054203, 7.6, 107, 尼采十讲
6969205, 8.5, 52, 唐末刀锋汇（第1部）
1322426, 7.5, 112, 毛泽东与蒋介石
6116260, 8.7, 44, 抒情传统与政治现实
1957698, 9.0, 36, 前后汉故事
2256363, 7.5, 103, 春秋战国-图说天下
1005260, 8.1, 60, 金科玉律
24295763, 7.9, 69, 隐性格
2977416, 8.2, 55, 古希腊罗马神话十日谈（上册）
1070533, 8.8, 37, 汤姆小猫的传说
4829563, 8.4, 47, 漫画电学原理
1340735, 7.8, 72, 寂寞的群
21329635, 7.6, 84, 西晋原来不风流
1222287, 8.9, 34, 中华文明传真（全十册）
2976760, 7.1, 135, 晓梅说礼仪
2061412, 7.2, 119, 黄真伊
2701614, 8.0, 56, 晏子春秋
3106930, 7.4, 87, 免费的午餐
1255289, 7.3, 93, 福柯十讲
1066033, 7.2, 102, 杂碎
2015512, 7.3, 89, 中国人最易误解的文史常识
1776130, 7.8, 58, 英雄无泪
3188324, 6.9, 132, 祝福你，阿贵
4260490, 7.2, 96, 春秋那些事儿（春秋五霸卷）
1227847, 6.9, 131, 中世纪有关死亡的生活
1215066, 6.7, 161, 复仇
1040248, 7.7, 59, 免费的午餐
2137549, 7.5, 69, 通俗哲学
5388877, 7.3, 82, 谁说日本没有战国
1426451, 6.7, 144, 有时爱情徒有虚名
3100432, 6.8, 128, 武夫当权
1318191, 6.6, 162, 人间之剑
1393864, 7.2, 84, 地图的力量
1149045, 7.5, 64, 宋史演义
4732157, 9.1, 23, 地球简史
26384117, 7.5, 60, 这才是最好的数学书（全两册）
5404547, 7.3, 71, 博弈论诡计全集
1320238, 7.5, 57, 大易管理
1327828, 7.1, 76, 雪女之惑
5297295, 6.9, 91, 法学野渡
24533469, 7.8, 42, 俄罗斯通史(1917-1991)
1075430, 6.8, 100, 水乳
2161809, 6.8, 100, 黄真伊
4705968, 7.7, 45, 图解六西格玛
5950383, 8.1, 34, 富国为什么富 穷国为什么穷
1202319, 7.6, 48, 康熙大帝(4)
3184752, 8.0, 36, 梁宏达体育评书
3606980, 8.0, 36, 视读批评理论
3159893, 7.5, 51, 双手合十
1510346, 7.4, 55, 无忧公主
4194260, 7.3, 59, 我们为什么说谎
26220243, 8.0, 35, 钢贸风云
25697708, 7.2, 63, 楚汉争霸启示录
4862532, 7.4, 53, 经济的逻辑
5990805, 8.1, 32, 爱情有“毒”
6758536, 7.2, 59, 隋唐英雄志
1788143, 6.5, 120, 六指琴魔
3312210, 7.3, 54, 血染刀锋八十年・屠唐枭雄卷
26723780, 7.9, 33, 秦朝穿越指南
1416247, 6.8, 80, 基督教概况
1319677, 7.4, 46, 经济学帝国主义（第1卷）
5324552, 8.0, 30, 实战无线通信应知应会
1055789, 8.0, 29, 狐狸梦
10600447, 7.5, 39, 史上最牛思想史
3102705, 6.2, 133, 巧克力经济学
1149042, 6.9, 61, 明史演义
3161416, 7.6, 34, 成语经济学
26356387, 7.5, 36, 最春秋
6101059, 7.6, 33, 莉娜的邀请
3704374, 6.8, 63, 一本书读懂中国史
2158761, 6.4, 96, 愚昧改变历史
20502627, 7.1, 46, 隋唐前传之彪悍南北朝
25931543, 7.0, 50, 这里曾经是汉朝
1646981, 8.0, 24, 数学与联想
4068578, 6.8, 57, 资本圈
5912582, 6.8, 56, 牛奶可乐心理学
4247653, 8.0, 23, 惊醒记
1318700, 6.8, 55, 美国往事
4243314, 6.3, 87, 快乐小财女的理财必修课
11614050, 7.8, 24, 国际政治概论
24371378, 7.4, 30, 每天懂一点色彩心理学・实用篇
3246986, 6.6, 58, 话说民国:1912-1949
5450807, 7.2, 34, 大话移动通信
5404177, 7.9, 21, 一步步写嵌入式操作系统
6879194, 6.6, 55, 从司马到司马
1061323, 7.7, 23, 偷渡客
2852110, 8.1, 18, The Physics of Superheroes
5417423, 6.0, 101, 看穿人心术，拿来就用
5922927, 6.6, 49, 你其实不懂经济学
5423236, 7.0, 34, 乱世枭雄卷-南北朝那些事儿-叁
3099742, 7.3, 27, 大唐百年开国
6724207, 7.1, 31, 神经
5384660, 7.6, 22, 战国志
26307914, 6.3, 61, 心理学玩的小技巧
1255443, 8.0, 17, 爱他也要爱自己
22051544, 7.4, 24, 对话稻盛和夫
1400382, 7.0, 31, Altera FPGA\CPLD设计
2891507, 7.9, 16, A Conflict of Visions
25766552, 6.6, 38, 宝鉴
6804817, 7.3, 22, 通俗哲学
2039285, 7.5, 19, 中国当代通俗小说史论
3822644, 6.8, 29, 性格说明书
5920114, 7.4, 18, 大话移动通信网络规划
4092153, 7.2, 20, 经济学的诡计
3776799, 7.1, 21, 博弈论的智慧
25806950, 6.2, 44, 旧中国三教九流 ：艺人妓女嫖客
1324547, 7.9, 13, 刑事诉讼的理念
1309391, 7.6, 15, 谁比谁傻
4926703, 7.3, 17, 左看右看心理学
2261638, 7.4, 14, 数字人类学
26761203, 7.7, 12, 中国古典戏曲故事七篇
6784679, 6.6, 23, 血十字
1223419, 7.5, 13, 另类生灵
1397487, 7.1, 16, 虚拟现实
2989670, 7.6, 12, 剑锋春秋
3337228, 7.3, 14, 问吧(6有关中国传统文化的101个趣味问题)
1074884, 7.7, 11, 当代十二位经济学家
26296149, 6.5, 22, 盐铁往事：两千年前的货币战争
25934230, 7.3, 13, 九型人格的智慧
25848298, 6.7, 18, 很哲学，狠幽默
1409668, 7.3, 12, 美国景象
1687999, 6.9, 15, 禅宗图典
10734648, 7.0, 14, 图说欧洲史
5908741, 5.6, 46, 大话物联网
6789959, 7.1, 13, 决不拖延
1136202, 7.6, 10, 爱因斯坦的“诡辩”福尔摩斯揭开的１２个物理学迷惑
24708727, 6.7, 15, 他们活在明朝
26771105, 5.9, 28, 如何在30秒内说出关键点
4046177, 6.2, 21, 从此爱上经济学
3115549, 7.0, 12, 中国古窑的故事
4033983, 6.1, 21, 每个人的经济学
6711013, 6.9, 12, 一本书精通欧洲史
10738832, 7.2, 10, 法律启迪智慧1
5296396, 7.0, 11, 三国心理诊所
1027519, 6.2, 15, 解读性吸引力的秘密
3375783, 5.7, 21, 图解日常经济学
1840213, 6.7, 10, F巷
