2017-01-23 16:17:59
Tag: 道家
The number of books: 425 

ID, rating, votes, title
3608208, 8.6, 45535, 牧羊少年奇幻之旅
1059258, 9.4, 9751, 道德经
3406401, 9.0, 11017, 悉达多
1963912, 8.8, 12264, 正见
2046236, 9.3, 4713, 庄子
1949420, 9.3, 4711, 孙子兵法
1433477, 9.4, 1981, 史记
1287865, 9.4, 1921, 老子
1286547, 8.6, 4663, 菜根谭
3410709, 9.2, 1739, 中国哲学简史
2149717, 8.9, 2177, 庄子Q（上）
1033163, 9.2, 1541, 老子注译及评介
1051919, 9.3, 1329, 庄子今注今译（全三册）
1489670, 8.7, 2507, 老子他说
6398002, 9.1, 1176, 蒋勋说红楼梦（第四辑）
2221115, 9.0, 1055, 庄子Q（下）
6800763, 9.1, 941, 蒋勋说红楼梦（第五辑）
3368865, 9.3, 766, 老子道德经注校释
1253292, 9.1, 798, 老子今注今译
1419687, 8.8, 860, 京华烟云
3646976, 9.1, 535, 菜根谭
3802048, 8.9, 620, 我说参同契（上）
1928374, 8.4, 1005, 道可道
1461898, 8.5, 883, 蜀山剑侠传
2271222, 9.1, 458, 鬼谷子（第二版）
2115906, 9.1, 450, 周易译注（全二册）
1418567, 8.8, 549, 易经系传别讲
1136851, 9.1, 409, 南怀瑾选集（第二卷）
3618256, 8.9, 476, 禅与生命的认知初讲
2084035, 8.3, 889, 黑白无双（01、02）
1964476, 8.6, 619, 汉字王国
1060658, 8.7, 545, 列子说
2029641, 8.1, 1049, 南怀瑾与彼得・圣吉
2306659, 9.0, 357, 道德经心释（上下）
1886374, 9.0, 334, 老子・庄子
1160733, 8.4, 586, 静坐修道与长生不老
4898170, 9.0, 320, 老子他说续集
1254354, 9.3, 239, 庄子集解・庄子集解内篇补正
1895965, 8.6, 431, 鬼谷子
3159897, 8.0, 787, 小言黄帝内经与生命科学
4106854, 9.2, 238, 四圣心源
3027232, 8.2, 620, 人往低处走
3924442, 8.4, 492, 黄帝内经家用说明书(上古天真论)/国医健康绝学系列
3664747, 8.4, 487, 国学的天空
10506822, 6.8, 4772, 我是个算命先生
2240911, 8.7, 352, 老子心解
2008436, 9.0, 263, 毛泽东选集（第一卷）
1052027, 8.2, 546, 禅宗与道家
1051715, 8.1, 582, 道家、密宗与东方神秘学
1032341, 9.2, 204, 帛书老子校注
2080782, 9.1, 220, 世说新语译注（全二册）
1136843, 8.8, 272, 南怀瑾选集（第四卷）
4188381, 9.0, 227, 我说参同契（中）
3567734, 7.7, 817, 黄帝内经使用手册
5939011, 9.3, 168, 列子臆说（上）
1845500, 7.6, 920, 品三国前传之汉代风云人物
1794583, 8.5, 316, 中国方术正考
4039932, 8.6, 282, 内证观察笔记
1255989, 9.2, 168, 化书
3662079, 8.5, 288, 呼吸之间
1944495, 8.0, 481, 老子的智慧
1125216, 9.5, 122, 庄子
1858520, 9.1, 163, 庄子说II
1665921, 9.0, 165, 列子集释
6725981, 8.3, 293, 道可道
1774034, 8.8, 174, 地海巫
1216821, 8.2, 292, 庄子哲学
1270517, 8.2, 277, 庄老通辨
4721659, 8.9, 147, 我说参同契（下）―（太湖大学堂系列图书）
3640428, 8.5, 205, 老子的智慧
2076962, 9.0, 132, 长短经（上下）
6015838, 9.3, 106, 列子臆说（中）
3672176, 8.5, 197, 庄子四讲
1080820, 9.0, 131, 老子道德河上公章句
20283437, 8.8, 152, 神游2
19987171, 7.1, 953, 最后一个道士1
1955377, 9.4, 96, 老子德道经
21458710, 8.8, 140, 神游3・指月破妄卷
1443519, 8.5, 179, 周易全解
1482661, 9.2, 104, 王弼集校释（上下）
6078783, 9.3, 97, 列子臆说（下）
1058007, 9.4, 90, 老子庄子
3237636, 7.4, 555, 老子的帮助
26762075, 8.9, 126, 紫阳系列
3651353, 8.4, 188, 淮南子
23774521, 8.8, 132, 神游4
1348215, 9.5, 80, 花雨M天（上下裕
6784027, 8.4, 177, 金花的秘密
2154581, 9.1, 101, 庄子校诠（全二册）
1840205, 9.1, 96, 老子臆解
2074898, 8.4, 163, 骆玉明老庄随谈
1078457, 8.6, 137, 老子校释
1030991, 8.5, 147, 庄子现代版（增订本）
24699080, 8.7, 125, 神游7（大结局）
3714709, 8.8, 115, 道德经释义
24699081, 8.7, 123, 神游6
1151548, 9.2, 84, 笈七`（全五裕
1536623, 8.4, 153, 庄子浅注
24699078, 8.6, 119, 神游5:万里诛魔卷
1052144, 8.9, 95, 淮南鸿烈集解(上下)
1427252, 7.8, 242, 中国传统文化的陷阱
3885660, 8.2, 156, 生命不仅仅如此
1762128, 9.0, 82, 庄子发微
20562068, 7.2, 437, 最后一个道士2
1947688, 8.7, 99, 京华烟云(上中下册)
3527661, 7.5, 284, 医行天下
3681643, 7.6, 251, 世上是不是有神仙
1069378, 8.5, 109, 抱朴子内篇校释
1853029, 9.2, 66, 道藏（1-36册）
3714701, 8.8, 85, 黄帝阴符经・黄石公素书释义
1393287, 8.6, 98, 道德经讲解
2376102, 8.4, 114, 列子
3907940, 9.1, 68, 历代文史要籍注释选刊・庄子内篇注
6534729, 7.2, 371, 冰鉴
1443815, 9.0, 70, 老子解读
2113439, 8.7, 83, 无奈与逍遥
3522721, 8.3, 112, 老庄中的名言智慧
2373414, 8.4, 103, 庄子奥义
5288935, 9.1, 63, 我说参同契（上中下）
1449363, 8.9, 71, 老子・庄子・列子
2062906, 9.4, 52, 道藏源流考
1002798, 7.8, 168, 中国道教发展史略
3819957, 9.6, 45, 老子衍 庄子通 庄子解
1837817, 7.5, 218, 绿野仙踪
20442309, 9.5, 45, 朋w源流
2180117, 8.1, 116, 解读易经
20387639, 8.2, 106, 《庄子》内七篇析义
1593005, 7.6, 182, 道教史
3684911, 8.7, 72, 漫画道家思想（上册）
2100247, 8.0, 123, 傅佩荣细说老子
1198370, 8.9, 62, 庄子补正
1709261, 7.9, 132, 庄子浅说
24741681, 7.0, 326, 最后一个道士3
3684913, 9.2, 47, 漫画道家思想（下册）
2304498, 7.7, 140, 一口气读完道教史
3341128, 8.2, 90, 八仙得道传
1449290, 8.9, 55, 先秦诸子系年
1045564, 8.7, 62, 淮南子集释
1116213, 8.8, 55, 新书校注
1973401, 8.5, 67, 老子古今
2260337, 9.2, 43, 道德经圣解
24531830, 9.4, 38, 道家真气
1444034, 8.2, 80, 走向统一的社会科学
2246943, 8.9, 49, 世界伟人成功秘诀之分析
3924299, 8.1, 84, 问道
1028645, 7.7, 118, 心理分析
1161098, 7.5, 139, 易经的智慧
1950727, 8.0, 87, 老子绎读
1532274, 9.2, 39, 黄元吉文集:道德经讲义、乐育堂语录
20391339, 9.2, 39, 道德经注释
6732300, 9.1, 39, 周易注
25916656, 8.6, 52, 伤精与养精康复之道
2178427, 8.4, 59, 解读老子
1063207, 8.8, 45, 老子・庄子
1092703, 9.3, 34, 褚遂良阴符经
1332101, 9.3, 34, 老子常清o
1917839, 8.8, 44, 白话史记（上下）
1982105, 7.5, 117, 傅佩荣《庄子》心得
1432093, 9.5, 30, 仿佛谈道录
2279272, 8.5, 52, 庄学管窥
4197739, 7.1, 171, 庄子的享受
25770208, 9.3, 32, 八部金刚功
4734079, 8.1, 66, 神仙传校释
1876040, 7.9, 77, 傅佩荣解读庄子
1309879, 8.2, 61, 雍正帝及其密折制度研究
3208106, 9.1, 34, 宋刊老子道德经
4730245, 7.9, 74, 内在小孩解道德经
1232673, 8.6, 45, 文子疏义
1784886, 8.7, 42, 道藏提要
1039995, 8.9, 37, 抱朴子外篇校笺（上）
3135250, 9.1, 33, 陈撄宁仙学精要（上下）
3158552, 9.1, 33, 阴符经 关尹子 亢仓子（诸子百家丛书上海古籍影印）
1876042, 7.6, 91, 傅佩荣解读老子
6018048, 8.9, 36, 黄帝阴符经集注
1276832, 8.8, 37, 老子本原
6978645, 8.7, 39, 内证观察笔记
2183906, 8.1, 57, 黄帝四经今注今译
2116990, 8.3, 49, 庄子新释
20516244, 8.9, 34, 庄子传
3104910, 8.5, 43, 老庄新论
4238857, 9.8, 22, 南华真经副墨
1277738, 8.6, 40, 庄子注译
1254049, 8.5, 42, 道学通论
26184543, 9.3, 27, 老子他说
1228055, 8.7, 37, 还吾老子
1517799, 9.0, 31, 七真传
1590889, 8.8, 34, 中华道藏
2183263, 8.4, 43, 解读庄子
25976257, 8.6, 38, 庄子Q
4035399, 7.0, 138, 老子十八讲
1067362, 8.3, 45, 淮南子
1071690, 8.7, 35, 悟真篇浅解
4258869, 8.0, 55, 生命可以如此（下）
1254602, 9.7, 21, 周易表解
2029571, 9.3, 25, 真诰校注
1411243, 9.0, 29, 新版敦煌新本六祖坛经
20474818, 8.6, 36, 呼吸之间
1547930, 9.2, 26, 庄子e斋口义校注
1660030, 7.2, 104, 荣格之道
1658249, 8.5, 38, 中国道教史(修订本全4卷)
1455068, 7.8, 60, 周易今注今译
2185156, 8.2, 45, 道海玄微
4903379, 8.7, 33, 道德真经]
3099821, 9.4, 23, 庄子注解
25902888, 8.0, 51, 太极拳与静坐
4934647, 7.6, 69, 庄子的快活
5419734, 8.1, 47, 周易今注今译
1200547, 8.3, 41, 老子评传
1486762, 8.3, 41, 老子正宗
1065230, 7.8, 58, 无能子校注
1986588, 7.6, 68, 煮酒论道
1364959, 8.1, 46, The Tao of Pooh
1043949, 8.3, 38, 老子指归
10577772, 8.3, 38, 叩梦
2002770, 7.5, 68, 道纪
1731810, 7.2, 88, 生命终极之门
1036948, 8.0, 45, 还吾庄子
1126123, 9.0, 25, 黄帝内经集注
1011632, 8.2, 39, 周易参同契注译?悟真篇注译
3925814, 7.6, 59, 人体通补手册
2374058, 8.6, 30, 大道行
6827843, 9.2, 22, 赵孟\道德经
3706027, 8.4, 33, 道德经解
3512971, 8.3, 35, 图解三命通会（第1部）
1821723, 8.5, 31, 中华仙学养生全书（全三册）
1949655, 8.2, 37, 列子译注
2279269, 8.6, 29, 先秦道法思想讲稿
1156131, 7.3, 72, 八仙全传
1432473, 8.3, 34, 焚书、续焚书
5320864, 8.3, 34, 庄子复原本注译
1210912, 8.2, 36, 道家美学与西方文化
1896696, 8.9, 24, 读易提要
3398166, 8.8, 25, 老子译注与解析
6983575, 7.6, 52, 西游真解
11516641, 9.6, 17, 乐育堂语录
2122198, 8.3, 32, 道家养生学概要
2272979, 7.0, 87, 图解道教
3411148, 8.4, 30, 老子人法地思想揭秘
2025888, 7.7, 47, 庄子译注
1547309, 7.6, 50, 道教概说
1126213, 8.8, 23, 道教史发微
3005085, 8.8, 23, 禅说庄子
1253701, 8.1, 34, 《齐物论》及其影响
1313580, 7.5, 51, 中国道教史
1252847, 9.4, 17, 仿佛皙老
1226873, 8.5, 26, 冠子⌒＜注
4830880, 8.5, 26, 老子道德经古本集]
24297154, 7.9, 37, 紫微斗数讲义
5913076, 8.9, 21, 净空法师太上感应篇讲记
1051255, 7.7, 42, 天仙金丹心法
4738691, 9.2, 18, 《问道》第五～九辑
1493894, 7.5, 48, 虚已以游世
24700110, 8.2, 29, 中信国学大典：老子
3199175, 9.1, 18, 禅说庄子
3608670, 9.1, 18, 肇论
1603987, 7.7, 39, 中华道家修炼学
1197522, 8.1, 30, 老子为道
2351120, 8.2, 28, 修真
1488556, 7.8, 36, 庄学研究
1032770, 8.3, 26, 太平经合校（套装上下册）
1421340, 8.7, 21, 庄子集解
1753240, 8.7, 21, 正始玄学
2365847, 8.5, 23, 老子想尔注校证
1019359, 7.5, 43, 神仙传
1439235, 8.2, 27, 国文珍品文库
6827840, 9.2, 16, 赵孟\小楷三种
2046238, 7.6, 38, 老子演义
25891494, 6.6, 90, 当道家统治中国
3049581, 7.5, 40, 道家二十讲
1035302, 8.0, 28, 黄庭经注译?太乙金华宗旨注译
6506934, 7.1, 53, 庄子的奔腾
10761747, 8.4, 22, 滴天髓阐微
1807542, 8.3, 23, 名山游访记
5991447, 8.0, 27, 老庄的智慧
1909457, 7.4, 39, 道教符咒选讲
1559320, 8.3, 22, 中国道教史
1336333, 8.0, 26, 自然的一f子f
4082737, 7.5, 36, 丹道法诀十二讲
3002918, 8.2, 23, 老子新译
19987734, 8.2, 23, 修真图
26614226, 7.7, 30, 女史
3413668, 8.4, 20, 六韬三略
4187853, 8.4, 20, 每天读点南怀瑾全集
1070267, 8.3, 21, 抱朴子内篇全译
1992454, 8.3, 21, 纬书集成
1979358, 7.9, 26, 尸子译注
3115276, 8.1, 23, 张绪通解读鬼谷子
3945369, 8.2, 21, 参同契阐幽・悟真篇阐幽
11444013, 7.7, 28, 道家内证与生命科学
4779432, 8.6, 17, 老子e斋口义
1046502, 7.9, 24, 性理之道  附光盘
4269725, 8.8, 15, 性命圭旨
1661463, 8.4, 18, 道不远人
3563186, 8.4, 18, 周秦道论发微
10539399, 8.4, 18, 庄子集释（上中下）
1891397, 8.1, 21, 白话老子庄子列子
19986527, 8.2, 19, 治命书
1417583, 7.8, 23, 梦林玄解
2173404, 7.4, 29, 图解千年导引术
1262266, 7.9, 21, 道家与海德格尔相互诠释
25809810, 7.9, 21, “意”无止境
2184762, 8.4, 16, 仿佛汲老子
1019410, 8.0, 19, 钟吕传道集注译?灵宝毕法注译
3277487, 8.0, 19, 庄子学史
2161659, 8.1, 18, 庄子诠评（上下）
2978400, 7.4, 27, 内丹养生功法指要
1526547, 7.2, 30, 道教手印研究
3904766, 7.9, 19, 新编吕洞宾真人丹道全书（上中下）
25910940, 8.0, 18, 西游原旨
20424570, 6.9, 37, 道家的人文精神
4216964, 8.1, 17, 增演易筋洗髓内功图说（上卷）
1434897, 7.6, 22, 黄老智慧
1923072, 7.6, 22, 白话易经
3370177, 7.9, 18, 新编张三丰先生丹道全书
4707368, 7.8, 19, 老子・庄子
24089515, 7.8, 19, 绝对自由的创造：毕加索作品欣赏
1666294, 8.0, 17, 丘处机集
4100448, 7.3, 25, 丹道仙术入门
22867019, 7.9, 17, 南怀瑾选集
1719936, 7.5, 21, 神霄雷法
1722429, 8.1, 15, 易与佛教・易与老庄
3276956, 8.1, 15, 明版本《性命圭旨全书》
26600202, 7.6, 19, 家门没上锁
1666296, 7.8, 17, 王重阳集
3354151, 7.8, 17, 周易全书
2038940, 7.9, 16, 关尹子
6393395, 8.0, 15, 庄子译注与解析（全二册）
26168860, 8.0, 15, 养性延命录校注
24879434, 8.1, 14, 老子指w校{
4019833, 7.6, 18, 道学通论
19980498, 7.9, 15, 五行结构论
4816970, 7.3, 21, 养生有良方
1530038, 7.6, 17, 修道入门
2111790, 7.4, 19, 易传与道家思想
2127816, 7.7, 16, 列仙传 神仙传
3178919, 7.9, 14, 西游真诠
3574020, 7.9, 14, 太上感应篇释义
5958707, 7.9, 14, 太上老君说常清静妙经通解
6984740, 7.5, 17, 养性延命录 摄生消息论
2311106, 7.6, 16, 易经新解
6833921, 7.6, 16, 真诰
5399455, 7.7, 15, 大成拳站桩与道德经
6847798, 7.7, 15, 佛道散论
6430742, 7.8, 14, 庄子雪
2183633, 8.1, 12, 仿佛淘庄子
6070297, 7.5, 16, 庄子还原
3346027, 7.6, 15, 庄子说
2990520, 7.7, 14, 庄子
4941349, 7.0, 21, 鬻子校理
3199173, 8.2, 11, 禅说庄子
6742496, 7.8, 13, 灵性的奥秘
6938498, 7.8, 13, 老子正诂
1894761, 7.2, 18, 十家论老
2029335, 7.5, 15, 道家哲学
1274178, 7.0, 20, 历史上的炼丹术
4832329, 7.6, 14, 中国道教思想史（第一卷）
21326574, 7.6, 14, 命理天机
1228711, 7.9, 12, 行大道
26581316, 7.9, 12, 老庄之道
2023189, 7.7, 13, 内丹生命哲学研究
3033629, 7.3, 16, 道教与丹道-神州文化图典集成
10801552, 7.3, 16, 道德经释义
19949018, 7.0, 19, 乾道坤道
19935284, 6.9, 20, 寻访武林
1145210, 7.8, 12, 本如当来
4248466, 7.8, 12, 吕洞宾全集
10608529, 7.6, 13, 列子集释
2053616, 7.4, 14, 列子译注
2174187, 7.7, 12, 庄子齐物论义理演析
3198595, 7.7, 12, 南华经解
1807598, 6.0, 40, 从老庄哲学至晚清方术
3248269, 7.5, 13, 问道
3276723, 7.5, 13, 《道德经》真义
3655246, 7.5, 13, 淮南子
1199616, 7.1, 16, 中国炼丹术考略
1488083, 7.0, 17, 周易参同契解读
1315252, 6.9, 18, 道家简史
5950791, 7.8, 11, 天乐丹诀
6967456, 7.8, 11, 神相全编
7052516, 7.8, 11, 地理点穴撼龙经
1498081, 7.6, 12, 文子校释
4116720, 7.3, 14, 《庄子》的智慧
4830879, 7.4, 13, 老子本义
4772554, 7.7, 11, 老子鉴赏辞典
25770195, 7.7, 11, 米晶子济世良方
25913752, 7.7, 11, 管子解读：领袖需要的智慧
1612746, 7.1, 15, 仙学详述
3672274, 7.9, 10, 太平经合校
6776700, 7.9, 10, 太极丹经
3017215, 7.5, 12, 破译《老子》祖本
3412687, 7.2, 14, 上善若水
3714702, 7.2, 14, 周易参同契释义
4894972, 7.2, 14, 《道德经》的哲学
6432761, 7.2, 14, 庄子这个人
1449801, 7.3, 13, 《庄子：逍遥人生》
2111154, 7.3, 13, f子v故事
26372374, 6.6, 20, 道家与性文化
1822989, 7.6, 11, 庄子选评
6879167, 7.8, 10, 道言五种
2255022, 6.8, 17, 美国的心理学界
1325337, 7.4, 12, 郭店楚简老子校释
10554273, 7.4, 12, 黄老与老庄
24700130, 7.4, 12, 中信国学大典：庄子
2316820, 7.5, 11, 大学中庸贯义人生内圣修养心法
10801548, 7.5, 11, 黄帝阴符经黄石公素书释义
1212074, 6.9, 15, 老子我说
1276737, 7.1, 13, 道教法术
1985679, 7.4, 11, 中国外丹黄白法考
3007598, 6.9, 14, 庄子说道
1075461, 7.5, 10, 黄庭经
2071441, 6.9, 13, 《道德经》意释致用
1871289, 7.4, 10, 老子原解
1531920, 7.2, 11, 道家形而上学研究
1837403, 7.3, 10, 老子其人其书及其道论
2698479, 7.3, 10, 修道
2017421, 7.1, 11, 中国道家养生秘法-天天10分钟更健康 更性福 更长寿
3806337, 7.1, 11, 道家思想的新研究（上下卷）
1842007, 7.2, 10, 探寻生命的奥秘
1879339, 7.2, 10, 八仙故事系统考论
3059594, 7.0, 11, 八仙得道传
1423257, 6.5, 14, 说道
3406067, 6.9, 11, Tao Te Ching
3627484, 6.9, 11, 原道
2271289, 6.9, 10, 全真七子
2117499, 6.8, 10, 庄子与中国美学
