2017-01-23 16:17:59
Tag: 钱钟书
The number of books: 173 

ID, rating, votes, title
1084336, 9.0, 211725, 小王子
1770782, 8.8, 249351, 追风筝的人
1008145, 8.9, 179838, 围城
1082154, 9.1, 120322, 活着
1200840, 9.0, 93963, 平凡的世界（全三部）
20427187, 8.8, 108785, 看见
1019568, 9.2, 52648, 三国演义（全二册）
1873231, 8.8, 77655, 明朝那些事儿（壹）
1017143, 8.5, 130077, 不能承受的生命之轻
1023045, 8.6, 68745, 我们仨
1057244, 8.6, 64029, 边城
3369793, 8.7, 50274, 亲爱的安德烈
1059419, 8.1, 58715, 海边的卡夫卡
3406401, 9.0, 11020, 悉达多
1391191, 8.5, 21471, 京华烟云
1050339, 7.8, 60696, 文化苦旅
1020961, 8.7, 12134, 棋王
1258498, 8.3, 18238, 项链
1082150, 8.3, 15687, 白银时代
1073349, 8.8, 6705, 写在人生边上 人生边上的边上 石语
3183775, 9.2, 3770, 四世同堂
1058679, 8.7, 7263, 人・兽・鬼
1763809, 8.7, 6134, 红拂夜奔
1275608, 8.7, 5879, 神秘岛
1061242, 8.8, 4983, 写在人生边上
1318126, 8.4, 8482, 雪国
1161852, 8.2, 8000, 天意
1049348, 8.8, 3153, 万历十五年
1319910, 9.2, 1874, 华夏意匠
2376336, 8.4, 4954, 未央歌
3643270, 9.1, 1703, 新千年文学备忘录
1025336, 7.9, 8259, 慢
3000997, 7.6, 13756, 牛奶可乐经济学
1076598, 8.7, 2105, 宋诗选注
1049361, 8.3, 3410, 比我老的老头
1041366, 9.3, 1016, 管锥编（全五册）
1006781, 8.9, 1481, 七缀集
1955405, 8.4, 2383, 家
1022920, 8.4, 2081, 洗澡
1022914, 9.1, 817, 谈艺录
1418711, 8.7, 1169, 中国现代小说史
3287786, 7.8, 3512, 你好，忧愁
1070985, 8.8, 949, 钱钟书散文
4054726, 9.2, 606, 围城 / 人・兽・鬼
1935568, 8.6, 960, 干校六记
3642340, 9.2, 453, 京华烟云
4051248, 8.7, 527, 杨绛文集・散文卷（下）
2241214, 8.7, 523, 味至浓时即家乡
4051249, 9.1, 357, 杨绛文集・散文卷（上）
3548281, 8.4, 563, 钱文忠解读《三字经》（上）
1082167, 8.5, 506, 红与黑
2364747, 8.3, 542, 洗澡
1890742, 7.7, 911, 东写西读
4179200, 8.1, 486, 看图识字
26910673, 7.1, 1809, 巨婴国
1088714, 8.5, 308, 修道院纪事
1275739, 8.7, 255, 杨绛散文
1017392, 9.0, 181, 钱钟书选集・散文卷，小说诗歌卷
3440702, 9.2, 153, 围城
1825619, 8.5, 247, 干校六记
2149452, 9.0, 161, 唐诗三百首新注
1431995, 8.9, 161, 钱锺书英文文集
1044185, 8.6, 202, 杂忆与杂写
26331783, 7.7, 499, 宋家客厅
1075928, 8.7, 178, 鲁迅杂文选集
1066492, 8.1, 292, 槐聚诗存
1477146, 8.7, 146, 豺狼的日子
1318987, 7.7, 370, 一代才子钱钟书
1072899, 8.1, 230, 石语
1017165, 8.9, 113, 钱钟书杨绛散文
1771182, 8.8, 121, 钱钟书文集
5245543, 9.0, 103, 钱钟书作品集
2283232, 9.1, 92, 钱锺书集
1820965, 8.8, 111, 藏传佛教绘画史
4051250, 8.2, 150, 杨绛文集・小说卷
1036762, 8.6, 100, 宋诗选注
1011762, 7.3, 307, 钱钟书传
1421485, 8.7, 84, 在人生上/人・F・鬼
3070762, 8.4, 105, 杀手的眼泪
2252179, 8.7, 77, 林纾的翻译
1041483, 7.4, 218, 杨绛传
2125832, 8.0, 118, 写在生活边上
3229568, 8.9, 59, 记钱钟书与《围城》
2296845, 6.9, 363, 专注力
25961884, 7.7, 145, 最贤的妻
3637317, 6.8, 405, 破得春风恨
2049393, 8.7, 62, 钱钟书作品集
1291343, 7.1, 244, 改变一生的饮食计划
1253312, 9.0, 44, 容安馆札记
1322228, 7.4, 136, 新文学的传统
4159084, 8.0, 78, 人的文学
5363937, 7.9, 79, 钱锺书传
1368708, 8.0, 71, 洗澡
1676988, 8.2, 58, 中国文学史（全三册）
2045847, 9.0, 35, 城
1157920, 7.8, 77, 拜占廷
1780213, 7.9, 71, 幸福谷-拉赛拉斯王子的故事
5377609, 7.3, 107, 钱锺书先生百年诞辰纪念文集
1459527, 7.3, 106, 钱钟书与杨绛
1446606, 8.4, 44, 周振甫讲《管锥编》《谈艺录》
1227846, 8.6, 32, 蓬山舟影
3025498, 9.0, 25, 旧文四篇
1017222, 6.6, 145, 宗教学基础十五讲
1066609, 7.4, 63, 走出魔镜的钱钟书
1948933, 8.5, 29, 围城
25807851, 8.3, 31, 钱边缀琐
2998804, 7.9, 39, 钱钟书《谈艺录》读本
1212494, 8.1, 34, 钱钟书论学文选（第六卷）
1003116, 8.0, 33, 管锥编读解
2019690, 8.0, 33, 钱钟书论学文选（第五卷）
1469255, 8.1, 31, 钱钟书
1275056, 8.0, 31, 管锥编谈艺录索引
1083982, 7.9, 33, 不一样的记忆
1432143, 8.8, 20, 宋诗纪事补订
3099724, 6.5, 101, 听钱钟书讲文学
1373574, 7.9, 30, 民第一才子――XR
1017043, 7.4, 41, 钱钟书与近代学人
25961891, 7.6, 35, 如此星辰如此月：钱钟书与杨绛的旷世情缘
1208588, 7.4, 40, 破围
1720376, 7.8, 30, &lt;&lt;围城&gt;&gt;面面观
1659337, 8.4, 21, 真精神  旧途径
2020266, 8.7, 18, 钱钟书论学文选（第一卷）
1007509, 7.2, 45, 杨绛评传
4279703, 7.6, 33, 魔镜里的钱钟书
1858488, 6.6, 70, 围城之后
1055135, 7.3, 37, 写在钱钟书边上
1063982, 7.3, 35, 鲁迅.钱钟书平行论
1278846, 7.7, 26, 钱钟书:爱智者的逍遥
25775640, 7.8, 24, 钱锺书生平十二讲
6426286, 7.1, 38, 钱钟书与杨绛
1292432, 6.7, 50, 我认识的钱钟书
1094258, 7.2, 32, 钱钟书与现代西学
1559316, 7.0, 37, 一寸千思
6810074, 8.0, 19, 钱锺书手稿集?中文笔记
1035846, 7.0, 36, 文化昆仑
1394830, 7.3, 27, 智者的心路历程
1044655, 7.7, 20, 无锡时期的钱基博与钱钟书
1245431, 7.7, 20, 钱锺书集（典藏本）
4048004, 6.7, 39, 围城密码
1722373, 7.6, 20, 现代作家书信集珍 (精装)
3150141, 7.6, 19, 钱钟书艺术人生妙语录
25963061, 7.6, 19, 槐聚心史
1112018, 7.4, 20, 钱钟书研究集刊.第2辑
1260201, 7.5, 17, 钱钟书与读书
2172410, 7.2, 20, 和钱钟书同学的日子
1215384, 6.9, 23, 听大师讲学丛书(全三册)
1392565, 6.5, 31, 论钱钟书
1052321, 7.2, 18, 记钱钟书先生
2076696, 7.6, 14, 熊十力陈寅恪钱锺书阐释思想研究
4833872, 6.7, 24, 钱钟书评说七十年
5323556, 7.3, 16, 钱锺书与现代西学
2287895, 7.5, 14, 《管锥编》述说
3095656, 7.5, 14, 围城 La Forteresse assiégée
2020265, 7.9, 11, 钱钟书论学文选（第二卷）
3103856, 6.2, 33, 围城之后
3310526, 7.4, 14, 钱钟书研究 第一辑
26834738, 7.2, 15, 当民国文人有了朋友圈
2046703, 7.3, 14, 钱基博年谱
1946968, 6.8, 19, 钱钟书研究采辑(1)
3310528, 7.7, 11, 钱钟书研究 第二辑
1678457, 7.5, 12, 宋诗纪事补正
1825615, 7.7, 10, 记钱钟书与围城
25961886, 6.4, 20, 沉默与空白
4024401, 6.8, 15, 钱钟书和他的时代
3380463, 7.5, 10, Die umzingelte Festung
1094257, 7.3, 11, 钱锺书研究集刊（第三辑）
1546876, 6.4, 19, 《管锥编》与杜甫新解
1077620, 6.9, 13, 钱钟书研究采辑(2)
2010409, 7.4, 10, 钱钟书修辞学思想演绎
3119087, 6.3, 19, 钱钟书《围城》批判
3376235, 7.0, 11, 中国人的幽默
1005163, 5.5, 20, 为钱钟书声辩
1830413, 4.8, 21, 透视钱钟书
