2017-01-23 16:17:59
Tag: 长篇小说
The number of books: 992 

ID, rating, votes, title
1007305, 9.5, 112878, 红楼梦
3259440, 9.1, 173521, 白夜行
1770782, 8.8, 249352, 追风筝的人
1008145, 8.9, 179838, 围城
1082154, 9.1, 120322, 活着
6082808, 9.2, 94536, 百年孤独
1068920, 9.3, 73355, 飘（上下）
3066477, 9.2, 74792, 三体Ⅱ
5363767, 9.2, 74189, 三体Ⅲ
3211779, 8.9, 119616, 嫌疑人X的献身
1200840, 9.0, 93963, 平凡的世界（全三部）
2567698, 8.8, 125684, 三体
1041007, 9.0, 82551, 哈利・波特与魔法石
25862578, 8.6, 170475, 解忧杂货店
1019568, 9.2, 52648, 三国演义（全二册）
1255625, 9.1, 53461, 天龙八部
1071241, 8.9, 70208, 哈利・波特与阿兹卡班的囚徒
1009257, 8.9, 68103, 哈利・波特与火焰杯
1083428, 8.8, 80372, 傲慢与偏见
1017143, 8.5, 130077, 不能承受的生命之轻
1858513, 8.9, 61785, 月亮和六便士
1039487, 8.8, 67930, 哈利・波特与密室
4820710, 9.3, 28363, 1984
2295163, 8.9, 53497, 哈利・波特与死亡圣器
10594787, 8.9, 50393, 霍乱时期的爱情
1432596, 8.8, 59641, 哈利・波特与混血王子
1141406, 8.5, 101784, 简爱
1002299, 8.9, 47846, 笑傲江湖（全四册）
2035179, 9.2, 28226, 动物农场
1089243, 8.8, 52514, 黄金时代
3674537, 9.1, 30922, 明朝那些事儿（1-9）
1336330, 9.3, 21621, 冰与火之歌（卷一）
1029791, 8.7, 56424, 许三观卖血记
1007914, 8.7, 54516, 窗边的小豆豆
1082387, 9.2, 24013, 一九八四・动物农场
1827374, 9.0, 32530, 东方快车谋杀案
1255624, 8.8, 43501, 神雕侠侣
2143732, 8.7, 48523, 灿烂千阳
1040771, 8.2, 123412, 达・芬奇密码
1013129, 8.6, 56229, 哈利・波特与凤凰社
1046265, 8.0, 178875, 挪威的森林
1044547, 8.9, 31249, 射雕英雄传（全四册）
3006581, 8.9, 30738, 无人生还
1045818, 8.5, 59229, 苏菲的世界
3608208, 8.6, 45551, 牧羊少年奇幻之旅
2035162, 9.0, 22475, 刀锋
4742918, 8.3, 73904, 1Q84 BOOK 1
1205054, 8.9, 25779, 悲惨世界（上中下）
1022060, 8.3, 73043, 狼图腾
3646172, 8.4, 58946, 恶意
1464203, 9.4, 11875, 冰与火之歌（卷二）
1986291, 9.5, 10283, 冰与火之歌（卷三）
4908885, 9.0, 20177, 局外人
1119522, 8.4, 54451, 呼啸山庄
1003000, 8.4, 54139, 悟空传
1082334, 8.3, 64860, 穆斯林的葬礼
1212893, 8.8, 26613, 鹿鼎记（全五册）
1863930, 8.8, 25339, 看不见的城市
1254588, 8.9, 21372, 城南旧事
4885241, 8.4, 47410, 1Q84 BOOK 2
1963684, 8.6, 32880, 半生缘
1401425, 8.3, 56216, 兄弟（上）
3426869, 8.3, 54892, 三生三世 十里桃花
1400705, 8.1, 79139, 情人
5275059, 7.9, 116960, 1988：我想和这个世界谈谈
1086249, 8.6, 30347, 荆棘鸟
1192090, 8.7, 24182, 球状闪电
1014278, 8.4, 36432, 红玫瑰与白玫瑰
1529893, 8.0, 76614, 莲花
1029553, 8.7, 20408, 西游记（全二册）
1807516, 8.9, 14921, 罗杰疑案
1059419, 8.1, 58715, 海边的卡夫卡
1024197, 8.3, 39287, 巴黎圣母院
3017857, 8.5, 26919, 金锁记
3266344, 8.5, 26491, 盗墓笔记4
1292416, 8.5, 26423, 香水
1018577, 8.9, 13769, 霸王别姬 青蛇
26698660, 9.0, 11461, 巨人的陨落
3210843, 9.2, 8411, 冰与火之歌・卷四・群鸦的盛宴（全两册）
1291809, 8.5, 24114, 世界尽头与冷酷仙境
2298149, 8.4, 28420, 盗墓笔记3
6880158, 8.7, 17303, 陆犯焉识
3406401, 9.0, 11020, 悉达多
1080309, 8.4, 28174, 尘埃落定
4011670, 8.3, 33484, 人间失格
1818347, 8.7, 17058, 尼罗河上的惨案
1070851, 8.5, 23580, 倚天屠龙记(共四册)
2256039, 7.8, 88472, 杜拉拉升职记
2035171, 9.0, 10726, 人生的枷锁
1008988, 8.3, 32034, 了不起的盖茨比
1424741, 8.5, 22346, 心是孤独的猎手
20381804, 9.4, 6022, 冰与火之歌・卷五・魔龙的狂舞（全三册）
1013380, 8.1, 45196, 茶花女
1394364, 8.8, 13720, 银河系漫游指南
1088022, 8.9, 11789, 亮剑
1008357, 8.5, 21644, 水浒传（全二册）
1060852, 8.8, 13446, 呼兰河传
1391191, 8.5, 21471, 京华烟云
1856494, 9.3, 6372, 卡拉马佐夫兄弟
25829693, 9.0, 9509, 永恒的终结
2022979, 8.1, 41260, 喜宝
6781808, 9.2, 7085, 杀死一只知更鸟
4732378, 8.7, 14190, 那些回不去的年少时光・终场
4173968, 8.4, 23041, 盗墓笔记6
3800166, 8.4, 22849, 盗墓笔记5
5038409, 9.0, 9003, 金色梦乡
26382433, 8.2, 32211, 无声告白
2057285, 8.2, 31908, 盗墓笔记2
2567919, 8.3, 26264, 匆匆那年（上下）
5254315, 8.4, 22029, 盗墓笔记7
3598313, 8.0, 45560, 西决
6789605, 9.0, 8746, 树上的男爵
1882933, 8.1, 36160, 鬼吹灯之精绝古城
1963310, 8.2, 29822, 大地之灯
1016003, 8.0, 40991, 鲁滨逊漂流记
1043815, 8.2, 28059, 骆驼祥子
1013225, 8.3, 23377, 生活在别处
2326571, 8.6, 14161, 琅琊榜
1085883, 8.6, 14040, 青铜时代
1082518, 7.9, 48098, 麦田里的守望者
3633461, 8.6, 13895, 一句顶一万句
3187737, 8.4, 18682, 占星术杀人魔法
1082349, 8.2, 25879, 长恨歌
1958227, 8.2, 25342, 那些年，我们一起追的女孩
3012517, 8.5, 15077, 小姨多鹤
1040104, 8.7, 11028, 魔戒（第一部）
1228110, 8.2, 24814, 天使与魔鬼
1422833, 8.7, 10693, 多情剑客无情剑(上、中、下)
4874131, 8.1, 27981, 东霓
2243213, 7.9, 40293, 山楂树之恋
4238754, 8.0, 33204, 失恋33天
1071794, 8.9, 7668, 魔戒（第三部）
1015452, 8.2, 22882, 国境以南 太阳以西
3315879, 8.6, 11680, 恶童日记
2194123, 8.4, 15439, 相约星期二
1856025, 8.9, 7266, 道连・葛雷的画像
10763902, 7.9, 36952, 偷影子的人
26425831, 8.8, 8168, 斯通纳
25733470, 8.3, 17619, 村上春树：没有色彩的多崎作和他的巡礼之年
2250587, 7.6, 67405, 一个人的好天气
4074636, 7.6, 65669, 放学后
1794620, 7.8, 43155, 芒果街上的小屋
3311253, 9.0, 5989, 额尔古纳河右岸
3803820, 8.4, 14390, 人生
1066165, 9.3, 4024, 卡尔维诺文集（第三卷）
1264579, 8.7, 8932, 欢乐英雄
1465324, 7.7, 51356, 洛丽塔
3268399, 8.5, 12081, 上海堡垒
1007433, 8.1, 23574, 红与黑
3079029, 8.8, 7682, 大秦帝国
3578470, 9.0, 5798, 德米安
26340138, 7.7, 49892, 岛上书店
24934182, 8.1, 23014, 一个人的朝圣
1020670, 8.2, 19249, 舞！舞！舞！
1039752, 7.8, 39431, 且听风吟
1026425, 7.4, 93063, 三重门
1082150, 8.3, 15687, 白银时代
1092149, 8.7, 8406, 梵高传
1322455, 8.8, 7259, 遥远的救世主
3391248, 8.6, 9665, 金阁寺
1058759, 8.8, 7193, 魔戒（第二部）
1025753, 8.2, 18137, 妻妾成群
3537590, 8.3, 15179, 朗读者
1016300, 7.2, 142978, 梦里花落知多少
1917972, 7.8, 37149, 在路上
10560798, 8.7, 8048, 面纱
3608235, 8.5, 10843, 失物之书
6518605, 9.3, 3608, 三体全集
2283084, 8.2, 17494, 云中歌1
1926103, 8.0, 24281, 鬼吹灯之云南虫谷
20392523, 8.5, 10397, 没有人给他写信的上校
1431870, 9.1, 4477, 源泉
3065343, 8.4, 12114, 云中歌3
24382569, 8.6, 8893, 一桩事先张扬的凶杀案
1917078, 8.6, 8835, 风之影
1143694, 8.2, 16675, 动物凶猛
1187842, 9.0, 5001, 你一生的故事
2180619, 8.0, 23374, 偷书贼
1022632, 8.7, 7499, 罪与罚
2136484, 8.7, 7408, 如果在冬夜，一个旅人
6746289, 8.4, 11561, 新参者
1082584, 8.6, 8476, 追忆似水年华 Ⅰ
1089517, 8.4, 11513, 绝代双骄（全三册）
1883353, 8.8, 6336, 野性的呼唤
1060117, 8.5, 9775, 不朽
1082138, 8.3, 13189, 在细雨中呼喊
1430909, 8.6, 8226, 昆仑1
22714154, 8.7, 7082, 繁花
1031740, 8.1, 18276, 寻羊冒险记
3347997, 8.5, 9464, X的悲剧
1054917, 8.5, 9386, 沧浪之水
1752755, 8.6, 7989, 第九个寡妇
1049219, 7.4, 71741, 长安乱
1076654, 8.7, 6798, 孽子
2004407, 8.1, 16981, 后宫・甄执Ⅰ
1049189, 7.4, 66793, 1995-2005夏至未至
6781794, 8.8, 5637, 过于喧嚣的孤独
1212080, 8.4, 10065, 奇鸟行状录
4292149, 8.5, 8605, 龙文身的女孩
1442869, 8.9, 4869, 献给阿尔吉侬的花束
2026211, 8.9, 4741, 士兵突击
1082522, 8.2, 13361, 家
1916726, 7.9, 22328, 鬼吹灯之龙岭迷窟
3140801, 8.1, 15510, 姑获鸟之夏
1203251, 8.1, 15498, 雾都孤儿
3394338, 7.5, 49250, 他的国
1013502, 7.6, 39517, 钢铁是怎样炼成的
2082194, 8.2, 12959, 小时候
3616310, 7.6, 38863, 小团圆
1007772, 8.2, 12743, 双城记
1073744, 9.0, 3980, 四世同堂（上下）
4067621, 8.2, 12735, 暗黑童话
1227838, 7.6, 38625, 年华是无效信
1081422, 8.9, 4408, 卡夫卡小说全集（全三册）
1012637, 8.2, 12239, 牛虻
1052828, 8.4, 8762, 玩笑
2382711, 8.6, 6495, 镜・龙战
5920385, 8.2, 11875, 肠子
2139305, 7.7, 29047, 巴别塔之犬
1078250, 8.2, 11733, 洗澡
1031741, 7.8, 23728, 欧也妮・葛朗台
2382709, 8.6, 6327, 镜・辟天
4009552, 7.6, 35171, 幻夜
24845582, 8.4, 8493, 群山回唱
2340609, 9.0, 3545, 2001太空漫游
3673771, 9.0, 3465, 项塔兰
6974232, 8.0, 15199, 盗墓笔记8・大结局（上）
1851385, 7.8, 21356, 我的名字叫红
4127527, 8.2, 10519, 厨房
5502995, 7.6, 31213, 1Q84 BOOK 3
4922655, 8.4, 7614, 酥油
3194071, 8.6, 5669, 少年巴比伦
5958726, 8.0, 14331, 质数的孤独
3348010, 8.5, 6366, Y的悲剧
2376306, 7.8, 20237, 第三种爱情
1016486, 8.3, 8590, 笑忘录
3191044, 7.8, 20174, 华莱士人鱼
1010472, 8.4, 7337, 安娜・卡列尼娜（上下）
1255288, 8.0, 14003, 复活
6120039, 8.4, 7287, 曾许诺・殇
1938591, 7.8, 19924, 鬼吹灯之昆仑神宫
1703544, 7.5, 35517, 兄弟（下）
3673651, 7.7, 23654, 岛
1059406, 7.1, 87472, 幻城
10555486, 8.7, 4632, 分成两半的子爵
1062991, 8.4, 7077, 北京法源寺
3821057, 8.6, 5267, 搏击俱乐部
1043485, 8.1, 11307, 檀香刑
3836566, 8.6, 5260, 玫瑰的名字
1400707, 8.1, 11233, 广岛之恋
10740021, 8.0, 13259, 三生三世 枕上书
11528339, 8.2, 9474, 藏海花
6789551, 8.8, 3909, 不存在的骑士
1485495, 8.1, 10984, 楼下的房客
3124525, 7.7, 22423, 暮色
3151990, 8.5, 5768, 达摩流浪者
1805514, 8.2, 9086, 阳光下的罪恶
1069059, 8.1, 10643, 雪国
1020959, 8.1, 10637, 斯普特尼克恋人
1045247, 7.7, 21455, 面包树上的女人
20428302, 9.1, 2582, 失明症漫记
1032431, 9.0, 2901, 卡尔维诺文集（第五卷）
5980360, 8.1, 10406, 曾许诺
1015584, 8.0, 12185, 看上去很美
2165063, 9.2, 2257, 纳尔齐斯与歌尔德蒙
4580972, 7.7, 20896, 流星之绊
25752955, 9.0, 2843, 来自新世界 （上下）
4152754, 7.7, 20747, 时生
1489555, 7.8, 17111, 寂寞空庭春欲晚
1203244, 8.2, 8580, 三个火枪手
3987362, 8.8, 3580, 春雪
1005918, 7.9, 14001, 堂吉诃德
3442373, 8.5, 5371, 二人证据
3010130, 7.7, 19751, 悲观主义的花朵
1089523, 8.3, 7008, 七种武器（全三册）
6974102, 7.7, 19304, 盗墓笔记8・大结局（下）
26371317, 8.2, 8029, 24个比利
4242406, 8.5, 5116, 达芬奇密码
3115476, 8.8, 3406, 热夜之梦
1161852, 8.2, 8000, 天意
3899039, 8.1, 9324, 刺猬的优雅
3442377, 8.6, 4391, 第三谎言
2036561, 8.4, 5806, 城堡
10512236, 8.4, 5755, 时间的针脚
1859108, 8.8, 3267, 白痴
1032581, 8.4, 5529, 胭脂扣 生死桥
2115040, 8.0, 10340, 玫瑰的故事
1465007, 8.2, 7465, 生死疲劳
1470158, 8.0, 10230, 圆舞
3406518, 8.5, 4684, 追随她的旅程
3801097, 7.8, 14276, 夏天・烟火・我的尸体
1077492, 9.0, 2440, 大师和玛格丽特
1288916, 8.6, 4048, 伤心咖啡店之歌
26264967, 8.3, 6204, 神们自己
1006004, 7.5, 25008, 樱桃之远
3246904, 8.1, 8436, 蒂凡尼的早餐
1763806, 8.5, 4599, 万寿寺
1003387, 8.5, 4594, 雪国 古都 千只鹤
4171951, 7.5, 24790, 失落的秘符
4169424, 7.9, 11692, 蛙
3713327, 7.7, 16615, 圣女的救济
1006113, 7.8, 13628, 源氏物语
1037954, 8.4, 5134, 告别圆舞曲
5406559, 8.7, 3376, 鼠疫
1049477, 8.0, 9449, 一半是海水一半是火焰
3034184, 8.0, 9439, 鬼吹灯Ⅱ之四巫峡棺山
2146279, 9.0, 2308, 心灵的焦灼
2057550, 8.5, 4353, 魅生・妖颜卷
1400048, 8.5, 4337, 搜神记Ⅰ-神农使者
3013903, 8.1, 7866, 漫长的告别
1085021, 8.2, 6693, 蝴蝶梦
2376336, 8.4, 4954, 未央歌
3558629, 8.4, 4950, 小强升职记
1914572, 7.6, 18790, 誓鸟
1009160, 7.3, 34623, 像少年啦飞驰
3018339, 7.7, 15344, 万物生长
1056023, 8.5, 4220, 鼠疫
1019428, 8.0, 9004, 一九七三年的弹子球
1440345, 7.8, 12651, 燕尾蝶
3723866, 8.0, 8915, 破晓
1008074, 7.5, 22104, 失乐园
5367304, 8.3, 5521, 城邦暴力团（上）
21242062, 8.2, 6390, 长相思
1083477, 7.8, 12252, 包法利夫人
3879026, 8.2, 6322, 死亡通知单
3448867, 9.0, 2128, 采桑子
4202422, 8.3, 5309, 云图
1062455, 8.4, 4583, 康熙大帝（共四册）
4143051, 8.6, 3424, 荆棘之城
4737325, 8.2, 6026, 维罗妮卡决定去死
2296687, 8.5, 3879, 纸牌的秘密
6097966, 8.1, 6987, 发条橙
1792984, 8.2, 5982, 一个女人的史诗
3662594, 8.1, 6977, 荒人手记
1456183, 8.2, 5959, 我的帝王生涯
3615061, 7.5, 19834, 宿命
4034009, 8.3, 5034, 剪刀男
2149655, 7.7, 13360, 鬼吹灯Ⅱ之一・黄皮子坟
2302217, 8.8, 2538, 阿特拉斯耸耸肩（上下）
5395724, 8.5, 3707, 华丽人生
4173403, 7.7, 13040, 温柔的叹息
6811366, 8.3, 4868, 禅与摩托车维修艺术
10569619, 8.4, 4207, 自由
24541883, 8.1, 6527, 消失的爱人
1872158, 8.2, 5580, 蝇王
1946658, 8.2, 5509, 啤酒谋杀案
1119528, 7.9, 8879, 高老头
1456692, 8.5, 3575, 金瓶梅
1052074, 8.7, 2738, 喧哗与骚动
1151873, 8.2, 5453, 我是你爸爸
1076045, 7.6, 14969, 连城诀
1207819, 8.1, 6304, 过把瘾就死
2042629, 8.7, 2689, 九三年
3056892, 7.5, 17592, 幻城
1915536, 7.3, 26420, 尘埃星球
1035477, 7.8, 9984, 德伯家的苔丝
1863163, 8.4, 3906, 异兽志
1849791, 8.5, 3398, 铁皮鼓
1016595, 8.3, 4495, 雍正皇帝（全三册）
1291199, 8.7, 2608, 过于喧嚣的孤独 底层的珍珠
3402999, 8.6, 2966, 到灯塔去
11528350, 8.8, 2301, 哈扎尔辞典（阳本）
1420368, 7.6, 14199, 裂锦
3391246, 8.2, 5184, 潮骚
4067626, 8.1, 5992, 重力小丑
1025336, 7.9, 8259, 慢
2214350, 8.4, 3796, 幻影书
3183785, 7.7, 11503, 爱你，是我做过最好的事
2165076, 9.0, 1753, 玻璃球游戏
2201813, 7.5, 16414, 藏地密码1
3777123, 7.8, 9453, 告别天堂
1057197, 8.1, 5781, 无知
3391245, 8.4, 3717, 假面自白
3664754, 8.1, 5712, 米娅，快跑
1030366, 8.1, 5688, 身份
1007334, 7.2, 29355, 草样年华
2265312, 7.7, 10816, 鬼吹灯Ⅱ之二・南海归墟
1705507, 8.0, 6491, 胭脂扣
6742586, 7.8, 9012, 我不是潘金莲
2243692, 7.8, 8997, 潜水钟与蝴蝶
3842847, 8.6, 2711, 深河
3640067, 8.7, 2384, 革命之路
3191247, 8.7, 2382, 好兆头
1469051, 7.1, 35537, 左耳
1939182, 8.0, 6320, 美国众神
1400049, 8.6, 2657, 搜神记Ⅱ・大荒惊变
4832553, 8.2, 4573, 侯卫东官场笔记
1014144, 8.3, 3895, 大卫・科波菲尔（上下）
6139592, 8.1, 5223, 11处特工皇妃
3584141, 8.1, 5175, 流水迢迢（全两册）
11612936, 7.6, 11931, 古董局中局
1793132, 7.5, 14244, 白马啸西风
1704006, 8.0, 5936, 边城浪子（上下）
1010349, 8.0, 5873, 丰乳肥臀
1096118, 7.9, 6797, 流浪的面包树
10464337, 8.3, 3671, 三国机密（上）
3033690, 8.0, 5710, 24重人格
4154988, 8.0, 5678, 纯真博物馆
1211267, 8.5, 2746, 阿甘正传
1028780, 7.6, 11050, 三个A Cup的女人
2251691, 8.7, 2117, 弗兰妮与祖伊
6794021, 7.8, 7730, 红手指
1089510, 7.8, 7681, 流星・蝴蝶・剑
3364853, 7.7, 9029, 月食
26413027, 7.5, 12961, 虚无的十字架
1012489, 7.7, 9002, 童年 在人间 我的大学
2032964, 9.1, 1304, 正红旗下
1057206, 7.3, 19111, 数字城堡
1426673, 8.6, 2337, 搜神记Ⅲ・灵山十巫
3813194, 7.9, 6365, 火车
2345727, 7.5, 12826, 蜗居
1203622, 8.9, 1600, 莎乐美 道林?格雷的画像
1059330, 8.3, 3396, 午夜凶铃
3887847, 8.5, 2573, 浮光
3146656, 8.4, 2928, 五月女王
5403007, 7.6, 10171, 剩者为王
1011702, 8.1, 4403, 廊桥遗梦
20392525, 7.9, 5876, 枯枝败叶
2340300, 7.6, 9780, 鬼吹灯Ⅱ之三・怒晴湘西
4753783, 7.4, 14168, 分身
3124547, 7.7, 7994, 藏地密码2
2980471, 8.2, 3619, 赎罪
10759466, 9.0, 1310, 地下室手记
1870262, 8.5, 2374, 帕洛马尔
3578471, 8.8, 1634, 盖特露德
1082173, 7.8, 6586, 面包树出走了
4173402, 8.4, 2689, 昨日之旅
4245064, 8.5, 2356, 冷血
3147450, 7.8, 6552, 藏地密码3
4882159, 7.6, 9096, 橘子不是唯一的水果
6025373, 8.2, 3437, 风起陇西
1780277, 8.7, 1773, 法兰西组曲
1200843, 8.1, 3845, 芙蓉镇
1186350, 7.8, 6127, 红字
1283273, 7.3, 15098, 天黑以后
5026743, 8.0, 4432, 藏地密码9
1087758, 7.2, 18505, 花季雨季
2214344, 7.5, 10237, 不存在的女儿
25892399, 7.9, 5126, 余生皆假期
3321602, 7.9, 5109, 藏地密码5
3041463, 8.3, 2832, 时间回旋
2228707, 8.9, 1343, 癌症楼
3191328, 6.7, 58382, 小时代1.0折纸时代
1771464, 8.6, 1909, 微物之神
10763905, 7.8, 5906, 西游日记
2062599, 8.4, 2434, 雪
3241893, 7.8, 5867, 藏地密码4
26821461, 8.7, 1656, 北鸢
1424569, 8.4, 2395, 婚礼的成员
1805988, 8.5, 2098, 庆熹纪事
6800379, 8.6, 1850, 2666
1067293, 8.5, 2093, 青春
24715686, 8.7, 1635, 仿生人会梦见电子羊吗？
1893879, 8.5, 2072, 张居正（全四册）
3286829, 8.0, 4139, 脑髓地狱
26729776, 8.2, 3049, 雪人
3239913, 8.0, 4040, 推拿
3290010, 7.0, 25311, 澜本嫁衣
1768332, 8.3, 2608, 喜福会
2340610, 8.8, 1382, 2010太空漫游
6719724, 8.1, 3401, 死了七次的男人
1281653, 7.8, 5358, 秦腔
1867064, 7.7, 6194, 八百万种死法
1322066, 7.6, 7331, 吃南瓜的人
1009938, 7.8, 5226, 封神演义
10565151, 7.5, 8531, 我是个年轻人 我心情不太好
1469429, 8.4, 2144, 相思门
4823788, 8.8, 1308, 奔马
1083509, 8.1, 3181, 人面桃花
4164096, 7.6, 6998, 饥饿游戏
3610094, 7.8, 4996, 藏地密码6
26451351, 8.6, 1633, 爱情和其他魔鬼
3010128, 8.6, 1628, 剧院风情
3733083, 8.8, 1286, 你往何处去
3865832, 7.1, 18012, 变身
3669671, 8.5, 1811, 我们在此相遇
10746177, 8.5, 1809, 终结的感觉
3864342, 7.9, 4144, 69
4219125, 8.3, 2332, 坟场之书
3866885, 8.5, 1800, 沉默
26662515, 8.0, 3535, 他知道风从哪个方向来
3073494, 7.4, 9592, 人淡如菊
25716611, 8.5, 1770, 花街往事
26580084, 8.7, 1388, 烛烬
3787012, 7.8, 4730, 藏地密码7
25748787, 7.7, 5563, 平生欢
3345595, 8.5, 1756, 猫城记
1822866, 8.7, 1370, 王小波全集(第五卷)
1260251, 8.7, 1358, 茶人三部曲（全三册）
6527141, 8.2, 2526, 停车暂借问
4833920, 7.4, 8998, 十八岁给我一个姑娘
1030554, 8.5, 1694, 恶心
10583075, 8.5, 1684, 英国病人
4621099, 8.3, 2173, 死于威尼斯
1793721, 7.9, 3824, 琴声如诉
24882288, 7.5, 7363, 古董局中局 2
1030470, 7.9, 3783, 香草山
1960035, 8.8, 1166, 盲刺客
2026939, 7.4, 8764, 女心理师（上）
3439437, 7.7, 5182, 阿修罗
2031604, 8.8, 1162, 离婚
1139945, 8.1, 2794, 春
1006737, 7.8, 4329, 米
1008660, 8.4, 1837, 马桥词典
25985126, 8.6, 1425, 迷宫中的将军
2061444, 8.6, 1423, 幽灵之家
3636385, 7.6, 5864, 超新星纪元
4151134, 7.8, 4222, 只爱陌生人
2265995, 7.1, 14955, 大象的眼泪
1079945, 8.1, 2676, 生化保姆
1415226, 8.7, 1245, 奥兰多
25779593, 8.5, 1564, 马尔克斯：族长的秋天
2003092, 8.3, 2002, 波多里诺
1002871, 8.0, 3022, 武则天
2242467, 7.3, 9647, 湖边凶杀案
1039840, 7.6, 5623, 查特莱夫人的情人
2160292, 8.1, 2575, 神谕之夜
4799445, 7.9, 3435, 太阳黑子
1485225, 7.3, 9299, 骗局
1139941, 8.1, 2518, 秋
4105444, 8.5, 1475, 复活节游行
4901590, 7.7, 4521, 初夏荷花时期的爱情
1001985, 7.6, 5211, 在世界中心呼唤爱
6100947, 7.6, 5139, 刘氏女
4853091, 7.8, 3698, 藏地密码8
24540864, 6.8, 24701, 第七天
2372026, 7.8, 3631, 哀愁的预感
6310320, 8.7, 1103, 人都是要死的
26701959, 8.6, 1236, 我脑袋里的怪东西
26276279, 7.8, 3588, 苦妓回忆录
10512506, 7.8, 3576, 世界上的另一个你
1009931, 7.7, 4185, 潘金莲之前世今生 诱僧
5940829, 8.1, 2287, 写在身体上
5921802, 7.6, 4873, 邮差总按两遍铃
1027767, 8.2, 1987, 时间的女儿
1434071, 7.9, 2999, 我们
1058360, 8.2, 1962, 红高粱家族
26349261, 8.3, 1715, 孤儿列车
5949045, 7.5, 5644, 李可乐抗拆记
2081509, 7.4, 6711, 女心理师（下）
25852518, 7.6, 4737, 南方有令秧
1417905, 7.1, 11849, 废都
1917969, 8.0, 2533, 通向蜘蛛巢的小径
1055976, 7.2, 9560, 碧血剑（上下）
6710720, 7.0, 14363, 春宴
3765092, 8.6, 1163, 旧地重游
1014533, 7.2, 9482, 书剑恩仇录(上下)
11534920, 7.9, 2867, 三国机密（下）
3158733, 7.9, 2857, 在切瑟尔海滩上
2050779, 8.3, 1649, 魔山
2062200, 6.3, 81329, 悲伤逆流成河
24107596, 8.0, 2464, 神经漫游者
1440243, 8.7, 1016, 索拉里斯星
1854753, 7.5, 5341, 返祖
2073481, 8.6, 1136, 城市与狗
5992037, 8.1, 2115, 为他准备的谋杀
1082946, 8.8, 891, 我弥留之际
1014493, 8.0, 2381, 萍踪侠影录
4714018, 7.5, 5181, 青春咖啡馆
5417807, 7.6, 4375, 饥饿游戏2：燃烧的女孩
25912734, 7.2, 8818, 他来了，请闭眼
6087472, 7.2, 8814, 浮世浮城
1078566, 7.6, 4310, 桃之夭夭
2377002, 7.9, 2679, 和我们的女儿谈话
2245449, 8.7, 966, 爱与黑暗的故事
6026287, 7.6, 4239, 藏地密码10
3264655, 8.5, 1203, 未来世界
25851002, 8.1, 1996, 世界微尘里
1025562, 8.1, 1970, 城北地带
1766685, 8.3, 1514, 黑暗中的笑声
7056649, 8.6, 1055, 歧路
1949121, 7.7, 3461, 白色城堡
1038656, 8.8, 834, 我曾侍候过英国国王
1437488, 9.2, 557, 群魔
1962885, 8.1, 1919, 山河入梦
25756947, 7.4, 5589, 地狱
2174410, 8.2, 1664, 名利场
25762007, 8.3, 1454, 教父2
2245301, 8.0, 2158, 戴珍珠耳环的少女
3391242, 8.0, 2154, 爱的饥渴
4311472, 8.4, 1278, 后来的事
2133270, 8.6, 1003, 魔法的颜色
1885070, 8.2, 1627, 雪国
1077638, 8.0, 2086, 耻
1001761, 8.1, 1800, 发条橙 莫扎特与狼帮
1038861, 7.8, 2729, 手机
5975571, 8.0, 2033, 天香
3024623, 8.1, 1772, 布鲁克林的荒唐事
2995941, 8.3, 1368, 没有指针的钟
1084078, 7.9, 2335, 钟鼓楼
19898714, 7.6, 3680, 偶发空缺
6879215, 7.6, 3665, 乌克兰拖拉机简史
2283762, 8.5, 1059, 钟形罩
1026547, 8.1, 1738, 一生
2124556, 8.2, 1511, 黑书
4038164, 6.5, 33391, 小时代2.0虚铜时代
26669243, 8.2, 1488, 慈悲
1002073, 7.7, 2999, 维以不永伤
1958871, 8.3, 1309, 普宁
4282049, 8.3, 1304, 三四郎
24319078, 7.7, 2955, 我心中尚未崩坏的部分
1734828, 8.5, 1018, 苏童精选集
2567547, 8.1, 1655, 金色眼睛的映像
5347700, 7.9, 2169, 我坐在彼德拉河畔，哭泣
1055486, 7.4, 4738, 魔法蛋糕店
1081604, 7.8, 2497, 秦俑 满洲国妖艳――川岛芳子
26735064, 7.3, 5613, 孤独小说家
20392524, 7.7, 2868, 恶时辰
1083317, 7.8, 2460, 北回归线
1090109, 7.7, 2824, 红岩
3578472, 8.5, 974, 罗斯哈尔德
6041632, 8.1, 1592, 雷峰塔
5988624, 8.2, 1397, 远山淡影
25762005, 8.5, 960, 教父3
26890281, 8.2, 1368, 漫长的中场休息
5276620, 7.8, 2339, 什么都没有发生
10763170, 8.5, 946, 发条女孩
2969263, 8.5, 943, 跳房子
1959270, 8.1, 1517, 小世界
4154985, 8.2, 1332, 天工开物・栩栩如真
3662115, 7.6, 3092, 河岸
2036569, 8.2, 1324, 愤怒的葡萄
1174722, 7.9, 1960, 太阳照常升起
4882013, 8.1, 1483, 异常
1151872, 7.8, 2239, 玩的就是心跳
3327495, 8.3, 1148, 万有引力之虹
1931689, 7.4, 4163, 云中命案
26277676, 7.4, 4151, 心理罪之第七个读者
3571371, 8.1, 1465, 平静的生活
1067701, 7.7, 2559, 情人无泪
4311471, 8.3, 1130, 门
3671351, 7.0, 8558, 巴黎没有摩天轮
1084388, 8.2, 1257, 寒夜
10508054, 7.6, 2905, 云中人
5448179, 8.0, 1626, 别的声音，别的房间
10740054, 8.0, 1616, 给樱桃以性别
4898547, 8.1, 1414, 祖与占
26110579, 7.6, 2863, 暗店街
1103080, 7.9, 1833, 金色笔记
26821459, 7.8, 2089, 茧
3931849, 7.6, 2819, 天黑前的夏天
2284204, 7.4, 3876, 道士下山
1051163, 7.1, 6531, 同学少年都不贱
2250331, 7.8, 2046, 高兴
1959257, 8.2, 1197, 玛丽
1784456, 7.5, 3223, 悄悄的一线光
10453121, 7.3, 4452, 下面，我该干些什么
3348024, 7.5, 3137, Z的悲剧
2971734, 7.3, 4376, 一把雨伞给这天用
1071402, 8.5, 818, 南方有嘉木
1043814, 7.8, 1956, 午夜凶铃2：复活之路
1489665, 7.9, 1676, 风声鹤唳
2153625, 7.6, 2590, 午后四点
6779980, 7.4, 3527, 天命
3032747, 8.1, 1258, 再见，吾爱
2568438, 8.6, 693, 权力与荣耀
3759803, 7.8, 1845, 波多贝罗的女巫
3586491, 8.6, 685, 防守
1035475, 8.2, 1077, 好兵帅克历险记
6436284, 7.5, 2840, 尘埃眠于光年
1017334, 9.0, 451, 没有个性的人
3055691, 8.2, 1057, 威尼斯之死
3898308, 8.6, 669, 一个青年艺术家的画像
1019515, 7.5, 2791, 离别曲
1151877, 7.8, 1775, 千万别把我当人
25985982, 8.5, 737, 遥远的星辰
2257878, 7.8, 1758, 水泥花园
6730333, 8.6, 648, 变形的陶醉
10426425, 8.7, 582, 寻找无双
6952187, 8.2, 1014, 宵山万华镜
3662751, 8.7, 577, 公羊的节日
3266349, 8.3, 893, 恋情的终结
10490350, 7.2, 4380, 后宫・如懿传
4825807, 8.3, 891, 提嘉娜
1394402, 8.4, 793, 死水微澜
10600119, 8.2, 1000, 尽头的回忆
1052477, 7.6, 2251, 中国式离婚
3138839, 8.7, 571, 大师
4160483, 8.6, 633, 塞巴斯蒂安・奈特的真实生活
23186549, 7.8, 1667, 我们家
6780861, 7.7, 1919, 春尽江南
25830077, 7.8, 1603, 阿尼玛
1018664, 8.5, 677, 等待野蛮人
1766725, 8.1, 1065, 斩首之邀
4000908, 8.8, 490, 金瓯缺
3431637, 8.5, 659, 野棕榈
4882148, 8.2, 923, 遥望
1855425, 8.6, 586, 当代英雄
1174652, 7.9, 1328, 钢轨上的爱情
24862876, 7.4, 2745, 黄雀记
5423772, 7.8, 1501, 西夏旅馆
3861531, 8.2, 896, 荒野侦探
3571554, 8.2, 892, 抵挡太平洋的堤坝
26577690, 8.5, 627, 伪装成独白的爱情
5300108, 8.1, 992, 尾巴
1072847, 7.7, 1683, 鱼和它的自行车
6265961, 7.1, 4286, 饥饿游戏3：嘲笑鸟
1080753, 8.2, 850, 受活
6810540, 7.9, 1208, 红高粱
25799686, 7.5, 2126, 无证之罪
1038744, 7.2, 3457, 来来往往
5317129, 7.9, 1201, 魔法师俱乐部
1017172, 7.8, 1372, 大浴女
20515828, 8.6, 526, 傅科摆
20428304, 8.5, 583, 天平之甍
6784996, 8.3, 726, 声音乐团
1494098, 7.6, 1770, 往南方岁月去
10772251, 7.3, 2817, 后宫・如懿传2
26284529, 7.6, 1741, 群山之巅
7007231, 7.9, 1144, 房间
11621662, 7.7, 1488, 新娘
5248289, 7.7, 1487, 岁月的泡沫
3073493, 7.3, 2731, 迷藏
2372670, 7.9, 1130, 兔子，跑吧
1086444, 7.5, 1976, 沉沦
2084797, 7.8, 1274, 佛罗伦斯月光下
19987957, 7.3, 2666, 寡人有疾
2265954, 8.2, 764, 文学部唯野教授
25881325, 7.0, 4458, 庆祝无意义
1050368, 7.3, 2633, 子夜
2042966, 6.9, 5386, 双生水莽
4246974, 8.4, 606, 伪币制造者
1014374, 8.4, 605, 东藏记
26853361, 8.7, 442, 夜旅人
2042167, 8.1, 838, 无名的裘德
6814968, 8.3, 655, 虞美人草
1468393, 7.2, 2966, 无限近似于透明的蓝
1059644, 7.5, 1834, 七剑下天山
1975960, 7.1, 3463, 所以
4231214, 7.8, 1151, 恶人
5366441, 7.9, 1009, 爱无可忍
1000407, 8.8, 374, 竹林的故事
6828611, 6.4, 14135, 小时代3.0：刺金时代
25748132, 8.4, 553, 复明症漫记
6793951, 7.7, 1290, 地平线
1292354, 7.6, 1466, 空山
3272415, 7.4, 1953, 白色猎人
20444771, 8.9, 327, 血色子午线
4262654, 7.4, 1920, 我的男人
3242664, 7.6, 1425, 诉讼笔录
22606919, 7.8, 1057, 高城堡里的人
1858493, 7.8, 1055, 虹
5254269, 8.4, 516, 坏女孩的恶作剧
3131613, 8.4, 515, 八月之光
3244510, 8.1, 703, 藏地密码之8：西风死亡带
26426662, 8.3, 560, 你看见我男朋友了吗？
6127284, 8.5, 453, 酒徒
4309094, 8.3, 553, 体育时期
1547677, 8.0, 780, 等待
26735085, 7.7, 1124, 奇迹
3554504, 7.6, 1282, 我死之前
1400725, 7.4, 1714, 广场
26891238, 9.6, 170, 红色
10473352, 8.9, 290, 浮士德博士
25736982, 9.4, 192, 菲利普・迪克作品集（全5册）
10762880, 8.0, 721, 南方女王
1943703, 8.1, 635, 一个红卫兵的自白
4199677, 7.6, 1181, 安妮宝贝  彼岸花
2068070, 7.6, 1177, 启蒙时代
3058357, 8.0, 703, 暗店街 夜巡
4747442, 8.2, 558, 知青变形记
25786283, 6.8, 4295, 女王乔安
1647538, 7.9, 781, 野草在歌唱
23715318, 8.7, 330, 激素少年
1064566, 7.6, 1149, 私人生活
1045653, 7.2, 2089, 心碎你好
3807617, 8.2, 543, 洞穴
5248331, 7.9, 766, 庸见词典
1437160, 7.7, 986, 平原
24871651, 8.8, 295, 爱达或爱欲
1205053, 7.4, 1494, 秦俑
1256406, 8.8, 292, 苦炼
1766731, 7.7, 957, 绝望
3266350, 8.5, 383, 问题的核心
1793720, 7.6, 1094, 无耻之徒
20003446, 8.3, 470, 草竖琴
1772173, 7.4, 1448, 诱僧
1264804, 8.2, 521, 暮鼓晨钟
7154690, 8.3, 467, 王小波全集 第一卷
1003908, 8.4, 415, 南渡记
1593819, 8.3, 459, 砂女
4273302, 7.5, 1223, 衣柜里的贼
6793756, 8.3, 458, 马戏团之夜
2036576, 7.4, 1404, 看得见风景的房间
20273137, 7.8, 780, 伦敦塔集雨人
4605558, 7.9, 687, 布鲁克林
25959838, 8.0, 605, 巴托比症候群
25728473, 8.5, 346, 头号书迷
1125416, 7.9, 658, 比你想像的更黑暗
1005242, 7.8, 735, 古船
3017251, 7.6, 952, 高窗
26866300, 9.1, 200, 光芒纪・微光
5907515, 8.3, 411, 浮云
2281029, 8.7, 278, 河畔小城
1200827, 8.1, 506, 白门柳（全三册）
25840545, 7.2, 1642, 布谷鸟的呼唤
21979042, 8.0, 559, 半落
6060455, 7.6, 906, 浮世画家
10789216, 7.3, 1376, 又冷又明亮
25913504, 7.2, 1594, 邹氏女
20301792, 7.8, 688, 邮差
3757922, 7.9, 608, 羞耻
4219027, 7.5, 1013, 大英博物馆在倒塌
2248319, 7.9, 603, 嫉妒
3013107, 7.6, 869, 湖底女人
3703510, 7.1, 1797, 谜踪之国 I
3583331, 8.6, 283, 布登勃洛克一家
2082032, 7.8, 662, 巴登夏日
11605558, 8.3, 375, 六道众生
4856199, 7.4, 1100, 而河马被煮死在水槽里
4010951, 7.9, 572, 巨兽
2940523, 7.0, 2015, 伊甸园的鹦鹉
1857446, 6.6, 4200, 碧奴
4203512, 7.3, 1225, 伤城记
3826293, 8.2, 393, 教授与疯子
10521376, 7.1, 1610, 北京小兽
1077917, 7.5, 890, 四十一炮
1015464, 8.4, 314, 假面自白・潮骚
2248275, 8.1, 425, 去年在马里安巴
4235588, 8.1, 420, 白狗的华尔兹
7916086, 7.9, 525, 一滴烈酒
5336223, 7.0, 1834, 地铁
4246983, 8.2, 375, 梵蒂冈地窖
4074665, 7.3, 1137, 红花
3735996, 8.4, 304, 西征记
10529773, 8.0, 460, 独白
4038653, 8.4, 302, 逃离奥斯维辛
25725064, 7.2, 1251, 炸裂志
1011548, 8.1, 393, 彼得堡的大师
2251699, 7.2, 1232, 十月的孩子
10529920, 7.8, 546, 1Q84（全三册）
1025559, 7.4, 910, 一个人的战争
1461987, 9.1, 157, 桤木王
3725128, 7.9, 462, 新夏娃的激情
1084407, 8.4, 269, 乌泥湖年谱
1469266, 7.7, 561, 冈底斯的诱惑
1780564, 8.7, 202, 米德尔马契（全二册）
5274995, 7.4, 824, 空中庭园
6535063, 9.8, 90, 堂吉诃德
10604944, 8.6, 213, 末世之家
10527658, 7.6, 609, 女管家的心事
6784957, 8.3, 280, 性本恶
1982707, 7.1, 1209, 时尚女魔头
2249411, 8.0, 378, 伊莎贝尔
1066217, 7.8, 469, 坎特伯雷故事
3448653, 7.3, 890, 十字
3091975, 7.3, 874, 穿裘皮的维纳斯
24737018, 8.7, 188, 玉米人
20003447, 7.9, 408, 春分之后
3183810, 7.2, 996, 酒国
3872604, 8.2, 294, 鞑靼人沙漠
22606953, 7.5, 650, 雾之旗
1011911, 8.3, 266, 花腔
2972555, 7.4, 739, 魔法师
1061596, 8.3, 264, 69届初中生
2608363, 7.2, 945, 因为女人
4164054, 8.6, 196, 针尖上的天使
3087550, 7.8, 431, 自由国度
24704186, 7.5, 620, 荒芜城
26598482, 7.3, 810, 密林中
1084077, 8.2, 278, 黄河东流去
3333696, 8.4, 228, 别名格雷斯
3406848, 7.6, 532, 终极美味
4823779, 8.4, 227, 马人
26882355, 8.2, 268, 去别处
2382549, 7.5, 586, 乌拉尼亚
10589434, 7.3, 763, 七夜谈
2377008, 7.7, 456, 小城好汉之英特迈往
26220631, 8.3, 240, 霍夫曼博士的魔鬼欲望机器
21693203, 7.9, 359, 耶稣的童年
2331255, 8.3, 239, 美国
24859370, 8.5, 199, 使者
24523682, 7.6, 494, 裸体午餐
1439731, 7.8, 387, 珀涅罗珀记
1461192, 7.4, 624, 笨花
4882042, 8.4, 209, 时间之城
4090380, 7.0, 1098, 谜踪之国 II
1067070, 7.3, 708, 米尼
3143383, 8.0, 307, 马伯乐
1086761, 7.7, 421, 可以吃的女人
5290397, 6.4, 3008, 布谷鸟的蛋是谁的
24699651, 7.7, 401, 吃饭
3264213, 8.1, 261, 弗兰德公路
25984842, 7.9, 316, 别对我撒谎
1421014, 7.2, 737, 我和你
5988775, 8.0, 280, 云的理论
1200845, 7.3, 634, 沉重的翅膀
3752758, 8.7, 147, 少年
21322405, 7.8, 341, 路边草
3287831, 7.2, 716, 声名狼藉
26690624, 8.6, 154, 她们
26289340, 8.4, 181, 东京人
3191356, 7.7, 362, 帐篷
4912650, 7.0, 896, 沿着t望塔
1057409, 8.3, 195, 失去的你
4832486, 8.4, 177, 红轮（第一卷 全三册）
4151109, 7.5, 448, 最后的家庭
1072462, 7.5, 428, 富萍
1951438, 8.7, 131, 奥吉・马奇历险记
3032732, 7.1, 681, 重播
6528126, 8.5, 148, 阿尔特米奥・克罗斯之死
5611659, 7.4, 453, 大都会
1069472, 8.7, 125, 把绵羊和山羊分开
25985298, 8.7, 124, 巫术师
25929284, 8.6, 133, 所有的名字
24708303, 7.5, 388, 横道世之介
3057481, 7.5, 385, 猫与鼠
26752646, 7.9, 245, 天意
20414863, 8.6, 130, 荒原狼
5436532, 8.1, 199, 宁静海
19964285, 8.2, 181, 小心，轻放
10794790, 7.6, 333, 六人晚餐
1200836, 8.4, 151, 战争和人（全三册）
25898111, 8.1, 188, 伪人2075
3044855, 7.9, 228, 破戒
3127069, 6.9, 756, 密室中的旅行
26362908, 6.3, 2036, 女神一号
24760692, 8.3, 147, 已故的帕斯卡尔
10809667, 8.0, 192, 老虎的妻子
21690191, 6.7, 970, 我的男友
26650614, 8.4, 133, 多湾
2244645, 7.8, 231, 孤独之酒
10770916, 7.5, 311, 逃跑家
20453231, 7.4, 332, 去年今日
6711376, 8.3, 134, 阿佩莱斯线条
25789595, 6.4, 1392, 寻找爱情的邹小姐
1143218, 9.1, 71, 哈代文集（共八册）
3689123, 8.1, 150, 神谕女士
26904433, 9.2, 64, 醉玲珑
4934765, 8.4, 110, 复仇女神
20441778, 6.2, 1799, 爱情的开关
24859816, 7.6, 229, 黑水灯塔船
26866302, 8.1, 139, 光芒纪?斑斓
19951332, 7.9, 159, 色
26348958, 7.9, 156, 小镇姑娘
1016920, 8.2, 119, 吴越春秋(上下)
6939005, 6.5, 903, 刀尖:刀之阳面
4618805, 7.9, 150, 圣殿
1482332, 7.1, 349, 看电影的人
25841883, 7.9, 145, 我要在你坟前跳舞唱歌
25870251, 7.3, 270, 我想你，前任
10594778, 7.6, 190, 恩惠
4742471, 7.7, 171, 上下都很平坦
3621744, 8.2, 108, 大莫纳
20435629, 7.9, 138, 月亮与篝火
1785092, 6.7, 536, 母猪女郎
1388231, 8.8, 62, 全⑹郑1）：神人中最者
2212262, 8.8, 62, 断头台
10604945, 7.8, 134, 爱情与夏天
26319249, 8.1, 102, 怪客书店①
6245485, 8.1, 100, 完美的花朵
24716173, 8.5, 70, 青铜时代
25897075, 6.7, 431, 残秽
25733504, 8.1, 85, 首席医官 6
3131619, 7.6, 131, 绿蒂在魏玛
26653757, 8.4, 67, 青青子衿
1781210, 8.4, 64, 樱花号方舟
26364493, 8.2, 74, 一座营盘
21365305, 7.8, 101, 首席医官4
25782444, 7.8, 99, 危险
24319072, 7.8, 96, 横渡大西洋
24739617, 8.3, 63, 苔蕾丝・德斯盖鲁
25733509, 8.1, 73, 首席医官 7
26831767, 7.0, 198, 我的曼达林
10518852, 8.4, 56, 瓦特
26644623, 8.6, 46, 童话镇
1089478, 6.9, 185, 倪焕之
1982415, 6.9, 185, 道德颂
3767475, 8.8, 38, How to Beat Sir Humphrey
1175088, 7.8, 74, 过河入林
1426704, 7.4, 96, 最后的情人
26671791, 7.9, 58, 看，那些小丑！
7007772, 6.1, 421, 天上红莲
26576601, 7.4, 84, 深夜面包房・凌晨1点的偷心贼
1271145, 8.8, 31, 青春之门(全三册)
3205288, 6.7, 172, 伊丽莎白的小屋
10793986, 8.1, 45, 幽灵的生活
1880661, 7.6, 65, 艾菲.布里斯特
24859369, 7.8, 53, 裹尸布
10809701, 7.5, 67, 文尼莎与弗吉尼亚
1642306, 8.2, 37, 媾疫
1443944, 7.4, 62, 尾巴
26367990, 8.0, 39, 为亡灵弹奏玛祖卡
26393189, 8.0, 35, 摸鱼者
20375511, 7.4, 50, 变貌记
25799968, 7.9, 34, 注意
2299835, 7.9, 32, 破碎的山河
26424545, 7.3, 44, 两个人的婚姻，七个人的饭桌
6710576, 7.2, 46, 蔷薇少女馆Ⅱ
10553822, 4.7, 1647, Fifty Shades of Grey
1015039, 7.4, 20, 留东外史
26577035, 7.6, 17, 大宅
