2017-01-23 16:17:59
Tag: 青春文艺
The number of books: 182 

ID, rating, votes, title
1461903, 8.0, 114261, 何以笙箫默
3879301, 8.1, 73981, 微微一笑很倾城
1529893, 8.0, 76614, 莲花
2136140, 8.7, 13764, 雨季不再来
2567919, 8.3, 26264, 匆匆那年（上下）
3598313, 8.0, 45561, 西决
1963310, 8.2, 29822, 大地之灯
1082518, 7.9, 48098, 麦田里的守望者
1958227, 8.2, 25342, 那些年，我们一起追的女孩
1030052, 7.9, 44454, 清醒纪
1440089, 8.3, 21171, 那些生命中温暖而美好的事情
1063190, 8.0, 27056, 蔷薇岛屿
1039752, 7.8, 39431, 且听风吟
1016300, 7.2, 142978, 梦里花落知多少
1823349, 9.0, 4808, Happy Birth Day
2339950, 7.8, 32391, 被窝是青春的坟墓
1018153, 7.8, 30427, 水仙已乘鲤鱼去
2331434, 7.7, 36563, 原来你还在这里
1058234, 7.7, 35287, 二三事
1049189, 7.4, 66793, 1995-2005夏至未至
3394338, 7.5, 49250, 他的国
1227838, 7.6, 38625, 年华是无效信
1029159, 7.5, 47381, 八月未央
3108829, 7.8, 22463, 全世爱
1453210, 7.4, 50356, 一座城池
1059406, 7.1, 87472, 幻城
3009033, 7.8, 18809, 杂的文
2317973, 8.1, 10996, 素年锦时
3506871, 7.6, 26523, 曾有一个人，爱我如生命
3293231, 7.8, 17918, 许我向你看
1019338, 8.5, 5695, 我只能为你画一张小卡片
2382705, 7.6, 25997, 不朽
4241870, 7.7, 19748, 我在回忆里等你
3103080, 7.6, 23209, 须臾
1012203, 7.6, 21610, w寄生
1006004, 7.5, 25008, 樱桃之远
1434525, 8.2, 6814, 记得
1914572, 7.6, 18790, 誓鸟
3061282, 7.6, 17392, 山月不知心底事
3003763, 8.7, 2978, 又寂寞又美好
1034108, 7.2, 35151, 零下一度
1441707, 8.2, 5538, 小蝴蝶小披风
3056892, 7.5, 17592, 幻城
1915536, 7.3, 26420, 尘埃星球
6088152, 8.0, 7225, 千秋
1436348, 7.7, 11751, 八月未央（修订版）
1007334, 7.2, 29355, 草样年华
3825658, 7.8, 9036, 全世爱Ⅱ・丝婚四年
1469051, 7.1, 35537, 左耳
3279284, 7.8, 8343, 像少年啦飞驰
1596305, 7.0, 40913, 泡沫之夏
2977174, 7.8, 8137, N.世界
1796596, 7.3, 17969, 左耳
1855343, 7.2, 20730, 泡沫之夏Ⅱ
3810672, 7.8, 6223, 8分钟的温暖
1087758, 7.2, 18505, 花季雨季
3191328, 6.7, 58382, 小时代1.0折纸时代
3364858, 7.9, 4858, 再见，冥王星
1012802, 7.2, 16808, 十爱
3290010, 7.0, 25311, 澜本嫁衣
2032666, 7.6, 7373, 零下一度
26575812, 7.3, 12277, 阿弥陀佛么么哒
1217071, 7.7, 5581, 樱桃之远
2973589, 7.5, 7678, 少年残像
3729756, 7.6, 6089, 鲤・最好的时光
1006881, 6.7, 37136, 左手倒影，右手年华。
3610550, 7.5, 6809, 鲤・暧昧
1046385, 7.1, 14619, 毒
2008972, 6.9, 21361, 沙漏
3091349, 7.3, 9006, 鲤・孤独
1087145, 7.7, 4414, 瞬间空白
3999070, 7.7, 4372, 燕尾蝶
1006646, 7.3, 8069, 幻城
2360485, 7.2, 9466, 沙漏Ⅲ
1062326, 6.9, 17475, 爱尔兰咖啡
2062200, 6.3, 81329, 悲伤逆流成河
2081286, 7.1, 10748, 沙漏II
1060779, 7.4, 5634, 圈里圈外
3621144, 7.3, 6510, 良言写意
1080812, 7.1, 9261, 红鞋
2278790, 7.7, 3102, 草木芳华
4038164, 6.5, 33392, 小时代2.0虚铜时代
4860554, 8.6, 895, 淘气包马小跳系列
3795720, 7.2, 6772, 任凭这空虚沸腾
1041550, 6.7, 19263, 爱与痛的边缘
3088496, 7.5, 3886, HANA
3008066, 7.8, 2285, 知更鸟
1009665, 8.2, 1309, 五・三班的坏小子
2086633, 7.4, 4220, 盛夏光年
1000993, 8.1, 1470, 女生日记-中华儿童文学金奖书库
1008592, 8.6, 791, 那个骑轮箱来的蜜儿
2359688, 7.6, 2915, 镜之国
3146546, 7.9, 1846, 千阳
1036067, 6.6, 19705, 那小子真帅
1083375, 7.2, 5421, 活不明白
1425086, 7.5, 3163, 岛（Vol.05）
1459494, 7.5, 3066, 岛（Vol.6）
3024352, 7.2, 5068, 离歌（Ⅰ）
1055401, 7.1, 5861, 小妖的金色城堡
1882547, 7.4, 3270, 寒・十八禁
1022492, 7.1, 5133, 是你来检阅我的忧伤了吗
2983793, 8.7, 563, 蓝色的兔耳朵草
1023478, 7.9, 1396, 怀念声名狼藉的日子
1808767, 7.4, 2867, 岛（VOL.7）
1058943, 7.4, 2791, 岛（Vol.4）
3667783, 6.9, 6840, 月
3335260, 7.3, 3221, 离歌Ⅱ
3413211, 7.3, 3092, 花开半夏
1902601, 7.3, 3035, 岛（Vol.8）
1902593, 7.2, 3415, 最小说（第一辑）
1494098, 7.6, 1770, 往南方岁月去
3015804, 7.6, 1763, 你我交汇在遥远行星
1119980, 8.1, 898, 淘气包马小跳系列:笨女孩安琪儿
1009459, 6.9, 5554, 菊花香
1062508, 7.3, 2671, 岛
2311695, 7.2, 3038, 岛（Vol.09）
3409619, 7.3, 2445, 耳洞
3014715, 7.1, 3283, 岛（Vol.10）
1845119, 7.2, 2735, 朝三暮四
1037589, 6.7, 6795, 天亮说晚安
1069071, 6.9, 4514, 岛
1143869, 8.3, 572, 漂亮女孩夏林果
3063697, 8.1, 697, 依然饭特稀
1003420, 7.1, 2722, 岛?陆眼（Vol.02)
1252547, 8.3, 523, 丁克舅舅
3276769, 7.8, 928, 孔雀森林
1983931, 7.3, 1763, 最小说（第五辑）
1066681, 6.9, 3469, 刻下来的幸福时光
3133952, 7.2, 2015, 最小说（2008 07）
1961690, 7.2, 2010, 最小说（第四辑）
26712106, 8.4, 426, 开封志怪
3894895, 6.7, 4901, 美人何处
2057508, 7.3, 1616, 最小说（第七辑）
1671453, 7.0, 2626, 郭敬明音乐小说迷藏(CD)
2034998, 7.3, 1592, 最小说（第六辑）
3889951, 7.4, 1319, 我就乐意这样寂寞了
1947159, 7.2, 1770, 最小说（第三辑）
2239124, 7.2, 1733, 恋爱习题
2239127, 7.2, 1731, 假面舞会
1924450, 7.2, 1671, 最小说（第二期）
2157753, 7.3, 1380, 最小说 第十辑
1027832, 6.6, 4605, 猜火车
2266446, 7.7, 768, 出走十五天
2081758, 7.2, 1541, 最小说(2007.06 第八辑)
2137700, 7.3, 1306, 最小说第九辑
2297693, 7.3, 1274, 最小说第13辑
2263931, 7.3, 1217, 最小说.第12辑
2052355, 8.1, 425, 《糖果》杂志第4期
3014713, 7.2, 1267, 我们的最终曲
2158372, 8.3, 326, 魔鬼的颤音
2229412, 7.3, 1084, 最小说（2007.09 第十一辑）
3016869, 7.3, 1027, 最小说(2008.03)
2298304, 7.4, 884, 最小说
1449981, 6.3, 6117, 无极
1467299, 7.6, 659, 破碎之花
3014709, 7.1, 1307, 他们的肥皂剧
3222747, 7.3, 674, 九降风
3315737, 7.2, 541, 马卓
1486116, 6.2, 2950, 麻雀要革命Ⅰ
6744663, 7.2, 410, 最小说
2004350, 6.9, 616, 饶雪漫全集之青春奇幻小说
2987090, 7.0, 530, 天天天蓝
1841434, 8.3, 105, 映色
3286271, 7.1, 311, 小妖的金色城堡Ⅱ
1264325, 7.8, 132, 蓝海狸非常校园故事系列 第二辑
1976077, 7.6, 156, 独自长大
3238926, 6.7, 286, 空夏
1264426, 8.1, 65, 夏天
1030403, 6.7, 234, 五十米深蓝
6426005, 7.2, 128, 特别笨拙的人
1186807, 6.5, 205, 生如夏花
24703817, 7.6, 63, 文艺风赏・两极
5038491, 7.7, 58, 一滴泪珠掰两瓣
2995412, 7.0, 99, 盛开十年（A卷）
1683759, 5.5, 736, 青春散场
1480326, 8.5, 26, The Wind-Up Bird Chronicle
6772198, 7.1, 53, 小妖的金色城堡
1083775, 6.9, 51, 江南第Ⅱ天堂
2012682, 7.6, 29, 落樱
1436183, 6.2, 54, 天使骑着魔鬼飞
3193104, 6.1, 33, 夏沙
1589865, 7.3, 12, 女儿的抽屉
