2017-01-23 16:17:59
Tag: 青春文学
The number of books: 991 

ID, rating, votes, title
1461903, 8.0, 114261, 何以笙箫默
4714734, 8.4, 42970, 这些都是你给我的爱
3879301, 8.1, 73981, 微微一笑很倾城
3014576, 8.4, 40672, 陪安东尼度过漫长岁月
1020459, 8.4, 34394, 此间的少年
4231381, 8.5, 25933, 那些回不去的年少时光
2209098, 7.9, 78861, 致我们终将逝去的青春
24754316, 8.7, 15797, 最好的我们
4732378, 8.7, 14190, 那些回不去的年少时光・终场
5327697, 8.3, 27148, 橙
2567919, 8.3, 26264, 匆匆那年（上下）
3598313, 8.0, 45560, 西决
1963310, 8.2, 29822, 大地之灯
1958227, 8.2, 25342, 那些年，我们一起追的女孩
1440089, 8.3, 21171, 那些生命中温暖而美好的事情
1962929, 8.0, 35205, 佳期如梦
4874131, 8.1, 27981, 东霓
4238754, 8.0, 33204, 失恋33天
1026425, 7.4, 93063, 三重门
1016300, 7.2, 142978, 梦里花落知多少
2339950, 7.8, 32391, 被窝是青春的坟墓
1049219, 7.4, 71741, 长安乱
1018153, 7.8, 30427, 水仙已乘鲤鱼去
1886385, 8.1, 17499, 来不及说我爱你
2331434, 7.7, 36563, 原来你还在这里
1049189, 7.4, 66793, 1995-2005夏至未至
3394338, 7.5, 49250, 他的国
1227838, 7.6, 38625, 年华是无效信
1029159, 7.5, 47381, 八月未央
3108829, 7.8, 22463, 全世爱
1453210, 7.4, 50356, 一座城池
3194071, 8.6, 5669, 少年巴比伦
1016523, 7.5, 36705, 告别薇安
4324975, 8.7, 4651, 下垂眼
1059406, 7.1, 87472, 幻城
10740021, 8.0, 13259, 三生三世 枕上书
3506871, 7.6, 26523, 曾有一个人，爱我如生命
3293231, 7.8, 17918, 许我向你看
2382705, 7.6, 25997, 不朽
4241870, 7.7, 19748, 我在回忆里等你
6773643, 8.2, 8078, 橘生淮南・暗恋
3103080, 7.6, 23209, 须臾
4289265, 8.5, 4842, 如果声音不记得
4866987, 8.6, 4133, 如果・宅
3406518, 8.5, 4684, 追随她的旅程
1006004, 7.5, 25008, 樱桃之远
2980812, 7.8, 13338, 踮脚张望的时光
3730731, 8.0, 9424, 许我向你看（终结篇）
1748232, 8.0, 9225, 忽而今夏
1914572, 7.6, 18790, 誓鸟
1009160, 7.3, 34623, 像少年啦飞驰
3061282, 7.6, 17392, 山月不知心底事
1034108, 7.2, 35151, 零下一度
3056892, 7.5, 17592, 幻城
1915536, 7.3, 26420, 尘埃星球
6088152, 8.0, 7225, 千秋
1863163, 8.4, 3906, 异兽志
1925218, 7.4, 20955, 翻译官
1733250, 8.4, 3806, 韩寒五年文集（上下）
5275500, 7.7, 11527, 尘曲
3183785, 7.7, 11503, 爱你，是我做过最好的事
3777123, 7.8, 9453, 告别天堂
1007334, 7.2, 29355, 草样年华
1006073, 7.6, 13041, 七月与安生
1469051, 7.1, 35537, 左耳
10343062, 8.3, 3922, 暗恋
1596305, 7.0, 40913, 泡沫之夏
2977174, 7.8, 8137, N.世界
2160037, 8.2, 4199, 我是你儿子
1074841, 7.5, 13375, 葵花走失在1890
1083257, 7.4, 16053, 烈火如歌
26680113, 8.6, 2388, 那个不为人知的故事
3146656, 8.4, 2928, 五月女王
23795254, 8.0, 5205, 骄阳似我
5403007, 7.6, 10171, 剩者为王
1796596, 7.3, 17969, 左耳
1855343, 7.2, 20730, 泡沫之夏Ⅱ
2062430, 7.2, 20185, 泡沫之夏Ⅲ
6511745, 8.0, 4680, 万象
4175252, 7.9, 5379, 初恋爱
1331571, 7.6, 8861, 地下室
3810672, 7.8, 6223, 8分钟的温暖
1190868, 7.5, 10457, 烈火如歌
1087758, 7.2, 18505, 花季雨季
3191328, 6.7, 58382, 小时代1.0折纸时代
4269890, 8.5, 2152, 这些年，二哥哥很想你
20424609, 8.1, 3635, 妩媚航班
3364858, 7.9, 4858, 再见，冥王星
3246230, 7.6, 7997, 鲤・嫉妒
1291760, 6.8, 41977, 会有天使替我爱你
3336465, 7.3, 13727, 被时光掩埋的秘密
1012802, 7.2, 16808, 十爱
3290010, 7.0, 25311, 澜本嫁衣
4706499, 7.8, 5342, 燃烧的男孩
6800500, 7.6, 7271, 南音 （下）
1144826, 8.2, 2842, 最有意义的生活
7059909, 7.5, 8449, 南音 （上）
1005115, 8.4, 2042, 十七岁不哭
25748787, 7.7, 5563, 平生欢
5341084, 8.1, 2960, 午时风
2973589, 7.5, 7678, 少年残像
4161848, 7.8, 4596, 鲤・逃避
4766405, 8.0, 3335, 三年K班
1868896, 7.7, 5210, 我们去哪儿
4037337, 7.9, 3794, 一个人的欢喜与忧伤
4894562, 8.2, 2458, 微光世界
1958872, 7.6, 6103, 凉生，我们可不可以不忧伤
3729756, 7.6, 6089, 鲤・最好的时光
1088472, 8.1, 2725, 首届全国新概念作文大赛获奖作品选（全二册）
3921405, 7.7, 4995, 芙蓉如面柳如眉
1006881, 6.7, 37136, 左手倒影，右手年华。
3610550, 7.5, 6809, 鲤・暧昧
5300296, 8.0, 2967, 陪你到世界终结
1194465, 7.8, 3983, 我们无处安放的青春
3373490, 7.6, 5506, 鲤・谎言
2008972, 6.9, 21361, 沙漏
3091349, 7.3, 9006, 鲤・孤独
6017111, 8.1, 2451, 文艺风象・A梦
4774018, 7.7, 4422, 鲸鱼女孩 池塘男孩
20424614, 7.8, 3637, 红
4727980, 7.6, 4943, 鲤・上瘾
3992737, 7.7, 4159, 鲤・因爱之名
2360485, 7.2, 9466, 沙漏Ⅲ
3800892, 7.6, 4602, 草样年华3
3770726, 7.7, 3909, 草
2062200, 6.3, 81329, 悲伤逆流成河
1432422, 7.2, 8832, 草样年华Ⅱ
2081286, 7.1, 10748, 沙漏II
6087472, 7.2, 8814, 浮世浮城
20504749, 8.6, 1084, 那些回不去的年少时光（套装上下册）
1104808, 8.6, 1079, 烈火青春（1-13）
5391766, 7.5, 5004, 忽然七日
4920036, 7.3, 7132, 临界・爵迹 Ⅱ
6385455, 8.2, 1751, 文艺风象・假妆
2060047, 8.6, 1069, 比爱更喧嚣
3825659, 8.0, 2241, 大梦
4920037, 7.1, 9922, 临界・爵迹 I
5264089, 7.7, 3383, 痕记
20379760, 8.1, 1820, 我亦飘零久
3872378, 8.0, 2084, 青城
1080812, 7.1, 9261, 红鞋
3596323, 8.4, 1225, 鲸鱼星之夏
1026674, 6.9, 13447, 狼的诱惑
2278790, 7.7, 3102, 草木芳华
6758608, 8.9, 687, 西湖六吊桥心中未遂
5259293, 7.7, 3063, 蔷薇求救讯号
1262171, 8.7, 839, 西安1460
4038164, 6.5, 33392, 小时代2.0虚铜时代
1002073, 7.7, 2999, 维以不永伤
5403006, 7.7, 2977, 《文艺风象+文艺风赏》第一期合刊
11606760, 8.2, 1448, 家住南塘路
4243284, 7.4, 4734, 直到最后一句
3795720, 7.2, 6772, 任凭这空虚沸腾
1041550, 6.7, 19263, 爱与痛的边缘
1043201, 6.8, 15034, 毕业那天我们一起失恋
1033848, 7.8, 2442, 第二届全国新概念作文大赛获奖作品选
2270239, 8.4, 1092, 怀念小龙女
3008066, 7.8, 2285, 知更鸟
2086633, 7.4, 4220, 盛夏光年
2973991, 7.9, 1918, 妄言之半
2973270, 7.7, 2549, 六弄咖啡馆
2359688, 7.6, 2915, 镜之国
10508054, 7.6, 2905, 云中人
3146546, 7.9, 1846, 千阳
1033790, 7.0, 8304, 狼的诱惑
1036067, 6.6, 19705, 那小子真帅
25798977, 7.4, 3873, 去你家玩好吗
6390810, 8.1, 1378, 记我们单纯的小美好
5275385, 7.4, 3864, 鲤・荷尔蒙
3056241, 8.5, 849, 烈火青春Part1
1083375, 7.2, 5421, 活不明白
1050634, 7.7, 2359, 葵花走失在1890 &amp; 黑猫不睡
1425086, 7.5, 3163, 岛（Vol.05）
4138939, 7.7, 2319, 是日夏茗
1082515, 7.5, 3159, 理工大风流往事
5912889, 7.6, 2691, 鲤・来不及
25895442, 6.8, 11663, 你的孤独，虽败犹荣
1459494, 7.5, 3066, 岛（Vol.6）
3024352, 7.2, 5068, 离歌（Ⅰ）
1031818, 7.4, 3491, 我爱阳光
3816859, 7.4, 3480, 四重音
1055401, 7.1, 5861, 小妖的金色城堡
1917193, 8.7, 621, 从此尽情飞翔
6436284, 7.5, 2840, 尘埃眠于光年
1021597, 6.7, 12844, 一光年的距离有多远
4027816, 7.1, 5404, 浮世德
3336953, 8.5, 726, 沧海明月・流光卷
26890235, 8.1, 1142, 白事会
1071495, 7.2, 4359, 一杯热奶茶的等待
1022492, 7.1, 5133, 是你来检阅我的忧伤了吗
2146035, 7.6, 2216, 昼若夜房间
6880209, 8.1, 1104, 孤独书
3521168, 7.0, 6101, 谢谢你离开我
3684715, 7.6, 2186, 声息2
5397152, 8.4, 766, 边缘少年
5915718, 8.1, 1090, 文艺风赏・除夕
25830077, 7.8, 1603, 阿尼玛
1808767, 7.4, 2867, 岛（VOL.7）
4255002, 7.6, 2074, 日光微澜
10739735, 7.6, 2064, 鲤・变老
26590271, 8.5, 654, 我的鸵鸟先生
7015296, 7.5, 2383, 最美遇见你
1058943, 7.4, 2791, 岛（Vol.4）
3032883, 8.2, 911, 滴答
1174652, 7.9, 1328, 钢轨上的爱情
3810025, 8.2, 904, 卡徒（第一季）
3335260, 7.3, 3221, 离歌Ⅱ
3055252, 7.7, 1711, 梧桐那么伤
4194622, 7.5, 2299, 收纳空白
1262344, 7.7, 1677, 盛夏的樱花树
3594782, 7.4, 2633, 声息
3413211, 7.3, 3092, 花开半夏
4887524, 7.0, 5279, 夏有乔木雅望天堂
1902601, 7.3, 3035, 岛（Vol.8）
3680885, 7.8, 1420, 回声
4175253, 7.8, 1413, 心之萌
26787941, 7.3, 2964, 玛格丽特小镇
1036290, 6.7, 9253, 校服的裙摆
3895158, 7.5, 2129, 哪瓣洋葱不流泪
2356641, 7.7, 1577, 小牲口
5264090, 8.0, 1049, 荣耀谱
1902593, 7.2, 3415, 最小说（第一辑）
4501999, 7.6, 1787, 日界线
6960951, 7.7, 1541, 笃定
1494098, 7.6, 1770, 往南方岁月去
1069628, 6.7, 8762, 那小子真帅2
3015804, 7.6, 1763, 你我交汇在遥远行星
5288326, 7.3, 2778, 流经存在的邂逅
25836825, 7.3, 2760, 你是最好的自己
10468951, 8.0, 989, 她她
1062508, 7.3, 2671, 岛
4191470, 7.5, 1919, 苍耳
4828326, 8.0, 965, 远歌
3518090, 8.0, 955, 我的青春谁做主
4709375, 7.4, 2203, 我只是难过不能陪你一起老
2311695, 7.2, 3038, 岛（Vol.09）
1767614, 7.8, 1224, 爱的模范书
4247660, 8.7, 436, 恋慕耐受不良
11505946, 7.3, 2560, 剩者为王Ⅱ
1034479, 6.5, 12238, 我为歌狂
2302087, 7.6, 1607, 烈火如歌
6539691, 7.6, 1607, 曾有你的天气
2146042, 7.6, 1595, 霓路
2277517, 6.8, 6008, 冷月如霜
1364204, 7.8, 1159, 粞e花落知多少.
6785551, 7.7, 1325, 我在回忆里等你
2179956, 7.0, 4011, 左手倒影.右手年华
6828611, 6.4, 14135, 小时代3.0：刺金时代
3014715, 7.1, 3283, 岛（Vol.10）
6067966, 8.1, 773, 文艺风赏・失败者之书
1845119, 7.2, 2735, 朝三暮四
3566640, 7.6, 1462, 光月道重生美丽
2239125, 7.6, 1450, 迷失界限的旅途
4012250, 7.9, 957, 色已成空
1037589, 6.7, 6795, 天亮说晚安
4856537, 7.6, 1428, 你是我的独家记忆
7050981, 8.1, 746, 飞蛾特快
1069071, 6.9, 4514, 岛
1082821, 6.7, 6518, 水晶般透明
25850737, 7.2, 2519, 想得美
1196690, 7.8, 1028, 关河
6750490, 7.8, 1024, 草样年华・肆
3087896, 7.0, 3402, 旋风少女
5413931, 7.5, 1500, 月亮说它忘记了
4721737, 7.2, 2361, 迷津
1437105, 6.7, 5880, 局外人
1082820, 6.7, 5851, 无往而不胜的童话
3841969, 8.3, 533, 马贼
4880033, 7.5, 1454, 馥鳞
1003420, 7.1, 2722, 岛?陆眼（Vol.02)
2239253, 7.6, 1245, 绝密组合之千夜纪
2266643, 6.6, 6948, 甜酸
10571359, 8.1, 649, 青城 2
20394637, 6.9, 3724, 蚀心者
4027815, 7.2, 2178, 当我们混在上海
2977890, 7.8, 912, 总有一天
4199677, 7.6, 1182, 安妮宝贝  彼岸花
4874245, 7.1, 2531, 后来我们都哭了
3662820, 7.4, 1564, 最小说(2009.21)
1431397, 8.3, 499, 谁的青春有我狂
1038639, 6.7, 5307, 冬日最灿烂的阳光
3287883, 7.3, 1808, 糖
2993977, 7.9, 784, 天空晴朗晴朗
25786283, 6.8, 4295, 女王乔安
3239544, 7.2, 2107, 扔在八月的路上
1045653, 7.2, 2089, 心碎你好
1983931, 7.3, 1763, 最小说（第五辑）
1877722, 6.7, 5119, 十年
1066681, 6.9, 3469, 刻下来的幸福时光
3822248, 7.3, 1748, 薄暮
4737152, 7.0, 2860, 时光机
4895821, 7.6, 1116, 旋风百草・虹之绽
3133952, 7.2, 2015, 最小说（2008 07）
1174653, 7.2, 2014, 夏天在倒塌
1961690, 7.2, 2010, 最小说（第四辑）
3241883, 7.6, 1092, 眼泪的上游
2701437, 8.0, 655, 三年K班
3064568, 7.9, 732, 谁教白马踏梦船
3704893, 7.8, 827, 锦瑟
3699101, 8.7, 309, 闪着泪光的决定－辫子姐姐心灵花园
2057508, 7.3, 1616, 最小说（第七辑）
24754564, 7.9, 710, 葬我以风
1671453, 7.0, 2626, 郭敬明音乐小说迷藏(CD)
2034998, 7.3, 1592, 最小说（第六辑）
6430234, 8.1, 555, 最后一只猫
1034928, 7.3, 1584, 粉红四年
1431059, 7.5, 1178, 良辰
20389197, 8.1, 551, 一念，半生
26743436, 7.7, 879, 忍冬
3889951, 7.4, 1319, 我就乐意这样寂寞了
4175342, 7.8, 760, 思念人之屋
1947159, 7.2, 1770, 最小说（第三辑）
1044405, 7.5, 1129, 我们不结婚，好吗
26792696, 8.9, 242, 镜（全6册）
2239124, 7.2, 1733, 恋爱习题
2239127, 7.2, 1731, 假面舞会
4128025, 7.3, 1476, 羽翼・深蓝
2239128, 7.3, 1446, 不许时光倒流
3901032, 7.3, 1439, 左耳 (KY版)
1924450, 7.2, 1671, 最小说（第二期）
1082845, 7.1, 1949, 一梦三四年
26811332, 9.4, 156, 晚安・当一切入睡
4196320, 7.4, 1206, 一豆七蔻
2157753, 7.3, 1380, 最小说 第十辑
10789216, 7.3, 1376, 又冷又明亮
1941826, 7.0, 2218, 没有人像我一样
20276084, 8.3, 391, 依存免疫变态
4114025, 7.2, 1569, 白色群像
1027832, 6.6, 4605, 猜火车
10862173, 8.3, 387, 迷鸟守则
20496074, 8.1, 477, 文艺风象
1060939, 6.8, 3052, 喜欢你
2270278, 8.7, 260, 关于理想的课外作文
26825085, 8.1, 471, 阿南
25797357, 8.6, 284, 夏墅堰
3278939, 7.1, 1788, 深爱
2137700, 7.3, 1306, 最小说第九辑
2297693, 7.3, 1274, 最小说第13辑
20003684, 7.5, 930, 那些女生该懂的事
26436743, 7.5, 922, 曾少年
2263931, 7.3, 1217, 最小说.第12辑
1947357, 7.3, 1204, 比如，单身
4638933, 6.9, 2294, 小时代1.5・青木时代VOL.2
26868615, 8.1, 421, 不懂浪漫的男朋友
6027521, 7.5, 869, 那些不能告诉大人的事
1168774, 7.3, 1150, 流浪歌手的情人
3069730, 7.5, 851, 乐小米.天已微凉
3268096, 8.2, 371, 迷恋人间
1083680, 7.8, 576, 小雏菊
1037862, 7.3, 1101, 第三届全国新概念作文大赛获奖作品选（全两册）
6390829, 7.4, 953, 第一夜的蔷薇
3014713, 7.2, 1267, 我们的最终曲
4012252, 7.1, 1477, 一路繁花相送
24744442, 7.4, 944, 少女病
2158372, 8.3, 326, 魔鬼的颤音
2229412, 7.3, 1084, 最小说（2007.09 第十一辑）
6423974, 7.8, 551, 我在回忆里等你
3337203, 7.7, 617, 来自天国的交换日记
11639610, 7.9, 486, 文艺风象
3884401, 7.5, 794, 美人如玉剑如虹
3016869, 7.3, 1027, 最小说(2008.03)
2298304, 7.4, 884, 最小说
6017133, 6.8, 2245, 下一站・神奈川
20278327, 6.0, 12980, 谁的青春不迷茫
1449981, 6.3, 6117, 无极
2063076, 8.0, 413, 跟踪8
1288476, 7.6, 656, 十七月葬
6811711, 7.1, 1327, 桥声
4638931, 6.8, 2175, 小时代1.5・青木时代VOL.1
4923624, 7.2, 1130, 男友告急
3014709, 7.1, 1307, 他们的肥皂剧
20427058, 7.9, 450, 文艺风象
1036753, 6.5, 3817, 爱上爱情
2303157, 7.5, 726, 刺青
25716909, 7.5, 726, 没有梦想，何必远方
6393886, 7.2, 1099, 夏有乔木 雅望天堂2
3863353, 8.2, 320, 折腾岁月
1824718, 8.7, 200, 天蓝色的阳台-阳光姐姐嘉年华
4885209, 7.1, 1262, 离歌III
3327039, 7.8, 491, 寂寞之歌
1015020, 6.8, 1966, 少年查必良伤人事件
26417674, 7.9, 414, 当我足够爱，才敢失去你
3055933, 8.0, 368, 人g失格(上，下)
24873376, 8.2, 299, 百乐门
1315731, 8.2, 296, 同桌冤家
1106651, 8.4, 243, 愿望树
1415306, 7.2, 978, 珍珠饭店
5327717, 7.4, 724, 小祖宗1.0魔术师
4864202, 7.1, 1105, 小时代1.5・青木时代VOL.3
6957284, 8.3, 259, 小情歌
3822249, 7.2, 942, 第一届『THE NEXT・文学之新』新人选拔赛作品集（上）
1838312, 8.7, 178, fetish (Feelコミックス 345)
2998717, 6.3, 4616, 午后薰衣茶
26043286, 7.4, 683, 孤单星球
1799942, 7.2, 895, 那些事，那些人
4847853, 7.1, 1037, 锦葵
3274191, 7.4, 671, 十年的你
3361738, 7.9, 367, 陪着上帝去流浪
2990759, 7.0, 1190, 甜酸
1445825, 6.6, 2333, 糖衣
4164094, 6.9, 1344, 秘果
26907029, 9.0, 130, 天真人类
26108423, 7.3, 723, 你看起来很美味
4849394, 6.9, 1294, 蒹葭往事
4237782, 8.1, 276, 春江花月夜
4850486, 7.1, 930, 童年是孤单的冒险
3831757, 7.7, 421, 青藤之凉
3315684, 7.1, 921, 微雪
3222747, 7.3, 674, 九降风
3217465, 8.3, 219, 镜栀雪1
3899055, 7.8, 360, 北极星下落不明
10566260, 7.6, 451, 若你爱我如初
1009229, 7.5, 508, 这是我的答案
4041979, 7.8, 356, 春天的故事
2329258, 7.6, 444, 桃乐镇的春天
1031585, 6.9, 1164, 倦怠阴天
25791942, 8.3, 211, 天定风华5・啭九天（上下）
24877306, 6.7, 1597, 被偷走的那五年
10788510, 7.2, 725, 若不是因为爱着你
1024131, 6.4, 2790, 雨夜里的星星沙
1263240, 7.8, 340, 曲终人散
4887703, 8.2, 225, 我忍无可忍的青春
1321783, 6.8, 1306, 当你孤单你会想起谁
1041111, 6.4, 2725, 北京娃娃
1515701, 6.2, 4172, 天使街23号 Ⅰ
26659614, 7.3, 606, 谢谢自己够勇敢
25962890, 7.5, 469, 我愿生命从容
26358169, 7.3, 600, 那时，我们还不怕相爱
3336929, 8.2, 218, 镜栀雪Ⅲ
26925656, 9.7, 71, 《我和你，那一场风花雪月的事》
1173717, 7.1, 789, 我要我们在一起
4844520, 7.1, 787, 恋爱习题与假面舞会
25985525, 7.6, 407, 在世界尽头遇见你
25697705, 6.8, 1244, 我也会爱上别人的
4214546, 8.0, 262, 我在天国遇见你
4718480, 7.2, 673, 血族新娘（上）
10773363, 7.1, 770, 我喜欢当年喜欢你的我
3178812, 7.8, 320, 如果你记得这条街
1292069, 7.3, 583, 离
24868861, 7.6, 394, 倾听术
2239126, 6.9, 1009, 假如换来不止黑暗
4846147, 7.2, 648, 王牌大助理
2000240, 7.8, 309, 蜜蜡
25745152, 6.7, 1386, 愿风裁尘
5327961, 8.6, 145, 得到幸福的法则
23289203, 7.2, 638, 以你为名的光芒
4837942, 7.5, 431, 月光漫过珍珠夏
25866817, 6.8, 1145, 有些路，只能一个人走
11538355, 6.9, 975, 我曾爱过你，想起就心酸
3629689, 8.7, 132, 皇家魔女学院
6121356, 7.2, 624, 琥珀森林
3155203, 8.3, 183, 折翼天使之城2
1016415, 6.8, 1126, 猫空爱情故事
25878928, 8.2, 200, 山月不知心底事
26879486, 7.8, 295, 最初不过你好
1799371, 6.5, 1872, 天使街23号Ⅲ
10741738, 7.3, 532, 凉生，我们可不可以不忧伤2
3901010, 7.2, 608, 泡沫之夏 3
4175360, 7.8, 291, 不曾放纵的青春
2251755, 8.0, 236, 浮
4176738, 7.5, 403, 淡出
10593893, 7.6, 357, 秘境之匣
1771915, 6.4, 2178, 天使街23号II
21792502, 7.3, 515, 你可以爱我
5916835, 8.9, 108, 爱在泉城
26895963, 9.6, 68, 一生有你
3900991, 7.0, 777, 泡沫之夏 1
1915952, 7.1, 662, 同学少年不言情
3192735, 7.3, 502, 云和山的彼端
3787352, 7.7, 311, 小熊座少女
4140370, 7.6, 345, 海是倒过来的天
4820582, 7.5, 385, 晨光搁浅
1976601, 6.9, 863, 致我的男友
1082609, 8.0, 222, 在世界的中心呼唤爱
20507391, 7.7, 302, 明天醒来，还有青春
1082844, 6.9, 843, 猜火车
3176268, 6.3, 2442, 七喜
1183308, 6.9, 841, 离爱一个ID的距离
1320222, 6.4, 1985, 恶魔之吻1
1028584, 8.5, 139, 灵魂出窍
26893021, 9.4, 73, 我来过你爱过的世界
1705423, 6.6, 1363, 蝴蝶来过这世界
1431560, 7.6, 331, 四城
3315737, 7.2, 541, 马卓
1486116, 6.2, 2950, 麻雀要革命Ⅰ
2002866, 6.4, 1957, 天使街23号. V5
2973993, 7.0, 712, 梦延年
4731812, 7.1, 613, 血族新娘（下）
25908432, 8.2, 177, 天定风华6・笑凭阑（上下）
26437752, 6.8, 953, 灯下尘
4823665, 8.0, 213, 我们的岛沉入水下
3183781, 7.6, 323, 1王9帅12宫2
25776026, 7.9, 234, 碎片与深情
1034136, 6.7, 1106, 天下
1959795, 6.4, 1886, 天使街23号Ⅳ
4213003, 7.8, 256, 誓言
1867799, 7.1, 594, 淡蓝时光
3669733, 7.1, 594, 全世界都知道我爱你
5406294, 7.2, 515, 长日无尽
1417143, 6.5, 1534, 恶魔之吻2
5915713, 6.4, 1846, 爵迹?燃魂书
26911011, 8.3, 154, 名丽场
3709403, 7.8, 245, 榴莲
2203368, 7.1, 564, 蔷薇的第七夜
4166802, 7.0, 647, 锦夜
25922761, 7.1, 561, 我是如何一步步毁掉我的生活的
4060243, 8.2, 165, 拉菲草之恋
26287355, 6.8, 866, 除了爱，我们什么都不会
10487031, 7.1, 555, 看不见的打字机
1785086, 6.5, 1430, 龙日一你死定了3
4885259, 6.9, 738, 单人床上的忏悔
4705042, 8.1, 179, 直到可以说再见
2099498, 7.4, 374, 香熏恋人.1
25981182, 7.2, 481, 荆棘王冠
2181435, 7.5, 329, 101号宠物恋人
6138325, 7.7, 263, 时光，请等一等
2288312, 7.4, 369, 蔷薇的第七夜Ⅱ
1792307, 6.3, 2013, 麻雀要革命Ⅱ
4255001, 7.1, 532, 再不相爱就老了
25785597, 7.9, 207, 这一天，给你的歌
26438798, 7.9, 207, 从此学会隐藏悲伤
1048962, 7.0, 595, “中华杯”第四届全国新概念作文大赛获奖作品选（全二册）
25808167, 7.0, 595, 你就这样吧，挺好的
1414742, 6.2, 2349, 龙日一，你死定了
1001415, 7.0, 590, 十七岁开始苍老
3306248, 7.5, 311, 蔷薇的第七夜3・完结篇
20258928, 7.3, 394, 摘星
1957692, 6.4, 1549, 麻雀要革命Ⅲ
6424142, 7.9, 201, 骑誓・海渊骑士的破晓
1478401, 6.5, 1285, 恶魔之吻3
5327686, 7.3, 387, 短长
3504537, 7.2, 438, 青春微凉不离伤
3190615, 8.4, 127, 云端
4727920, 8.4, 127, 年年华年
25730234, 7.1, 496, 17
5411085, 7.0, 566, 小时代1.5・青木时代VOL.4
1391648, 7.9, 195, 别走我爱你
6017131, 6.5, 1231, 下一站・伦敦
4050771, 7.2, 422, 第一届“THE NEXT・文学之新”新人选拔赛作品集（下）
6560641, 7.1, 480, 欠踹的背影
6401138, 7.6, 261, 纯真及其所编造的
26889862, 8.5, 113, 我还是很喜欢你
2043346, 6.4, 1439, 麻雀要革命Ⅳ
1007017, 6.9, 627, 若即若离
26266562, 7.6, 257, 所念人，所感事
10537121, 6.9, 618, 凉生，我们可不可以不忧伤3
2004350, 6.9, 616, 饶雪漫全集之青春奇幻小说
2986853, 8.0, 170, 折翼天使之城1
2987090, 7.0, 530, 天天天蓝
1480561, 6.5, 1154, 裴多菲的罗曼史
1264344, 7.4, 316, 怅然年华
6724538, 6.8, 701, 贝类少年
10807314, 7.6, 250, 召唤喀纳斯水怪
1210675, 7.1, 439, 长翅膀的绵羊
1034603, 6.9, 578, 红X
1254289, 7.3, 340, 沿着我荒凉的额
26255852, 8.1, 147, 天定风华7・凤归来（上下）
4035131, 8.4, 114, 爱，就这么简单
3900995, 7.2, 382, 泡沫之夏 2
25837989, 6.8, 664, 别闹，少年
1158586, 6.9, 571, 按时长大
3833769, 7.1, 433, 唱情歌
3673656, 7.9, 176, 封印之书・萤火森林
4085245, 7.5, 266, 一个人的梦想守望
1824717, 8.7, 90, 假如给猪一对翅膀-阳光姐姐嘉年华
4151174, 7.2, 378, 微光迷失的尘夏
24720019, 8.3, 122, 比时间更短
6534925, 6.9, 562, 你的青梅，她的竹马
6843465, 7.2, 372, 欢喜城
4288643, 6.7, 749, 沙城
3024889, 7.1, 420, 花糖纸
26858577, 7.8, 188, 少年的你，如此美丽
1214366, 7.0, 476, 陶城里的武士四四
2117900, 7.1, 416, 如果微笑2
4225419, 7.5, 256, 云朵上的歌
1052715, 6.5, 1022, 惹我你就死定了
1291774, 7.0, 473, 郭敬明作品集
3018319, 7.6, 228, OK主人阁下1
1434245, 6.3, 1449, 龙日一，你死定了2
2260403, 8.0, 152, 魔法花学园1
1075684, 7.1, 406, 赎
21335241, 7.3, 316, 再见小时候
4007854, 8.2, 127, 爱不落
4837840, 6.9, 530, 光年
4213155, 7.5, 249, 我一直在逃
26636314, 7.3, 313, 别那么骄傲
6952194, 8.1, 137, 除了青春，我们一无所有
1431176, 7.2, 350, 十年九夏
3244647, 7.0, 445, 会有天使替我爱你（漫画版）
14278396, 7.2, 343, 南方旅店
24754273, 7.8, 175, 没有翅膀，所以努力奔跑
26422856, 7.0, 438, 我一直在你身边
26266672, 7.3, 298, 你以为没有的，可能在来的路上
24757633, 7.4, 265, 直到春天过去
3622856, 7.1, 381, 寂寞是青春的墓志铭
20424612, 6.9, 497, 纯禽史
2038125, 6.9, 493, 如果微笑1
25765899, 7.6, 210, 再没有什么比生命更寂寥
1836569, 6.5, 911, 恶魔的法则Ⅰ
26767643, 7.5, 233, 愿所有美好如期而至
6793574, 6.8, 561, 北城以北
2057037, 8.3, 109, 摇着轮椅上北大
3139878, 7.2, 325, 心跳恋爱社
3071640, 7.2, 323, 像浮云般飘散
3087897, 7.1, 360, 1王9帅12宫1
6844312, 7.1, 358, 爱之名
5918836, 8.1, 125, 七寻记1
2567559, 6.2, 1479, 双生（2011纪念版）
2973882, 6.7, 619, 恶魔的法则Ⅳ・大结局
10530041, 7.3, 275, 把耳朵捂住
1874070, 6.4, 1005, 214度恶龙王子
25779935, 7.9, 147, 假如你的恋人来自香水小镇
2342026, 6.7, 609, 恶魔的法则Ⅲ
4901558, 7.9, 146, 绝密金牛座
3288677, 8.1, 122, 魔法花学园3・完结篇
1032030, 6.3, 1185, 我为歌狂中终结本8848
10540669, 6.9, 449, 不夏
3673525, 7.6, 193, OK，主人阁下 2
10738121, 7.0, 387, 雀斑
26588121, 7.2, 300, 无法直视
5414146, 7.0, 385, 盛夏流年朝朝
1256265, 7.9, 142, 天黑了
19987539, 7.5, 210, 楼上的女儿
26333046, 7.4, 234, 替这个残酷世界给你的一记温柔耳光
10530001, 7.2, 294, 时雨记
26899230, 9.4, 48, 人人心里住了一个不可能的人
1327002, 7.1, 332, 最熟悉的陌生人
25984944, 9.1, 57, 唯有爱，让我们相遇
5299244, 7.8, 153, 薄荷微光少年时
1784129, 7.8, 152, 赤道往北21度
1690498, 6.9, 423, 一起沉默
2329228, 7.4, 227, 撒谎精的时光宝盒
26866648, 8.1, 115, 吃了再爱，还是爱了再吃？
5915726, 7.5, 202, 临界・爵迹限量版 豪华礼盒
25886285, 7.5, 202, 残酷翻篇，即是温柔
3237729, 7.3, 252, 半夏锦年
1882719, 6.6, 644, 恶魔的法则(Ⅱ)
26335804, 7.2, 281, 相遇是比爱更美好的事
26879246, 8.8, 67, 飘二代
2286663, 7.9, 135, 伤城记
1705860, 6.5, 751, 庄周梦蝶
4165802, 7.2, 279, 我只是没有能力过我不想过的生活
26289077, 7.6, 179, 这善变的世界，难得有你
3649346, 7.4, 220, 未见萤火虫
3286271, 7.1, 311, 小妖的金色城堡Ⅱ
21792505, 6.7, 536, 160 170 180
26359398, 7.1, 310, 你要好好爱自己
1925208, 6.5, 728, 214度恶龙王子2
6428335, 6.8, 457, 小时代2.5锋银时代
4729377, 7.0, 348, 雨天的7毫米
26709057, 7.9, 131, 那些被我们辜负的人
2121067, 7.1, 301, 遵命女王陛下2
1438244, 7.4, 212, 征婚启事
6777937, 7.2, 265, 小祖宗2.0命运之轮
26924863, 8.9, 60, 没有办法一直努力的人生
3560346, 7.6, 170, 亲爱的永远亲爱
4028421, 6.9, 383, 三只人
7054139, 8.4, 84, 英芝芬芳A蓉
2239242, 6.5, 688, 我不是坏女生
3161369, 8.3, 90, 魔法花学园2
1034820, 8.0, 115, 全国新概念作文大赛获奖作品精选
4840945, 7.7, 151, 听说每一颗星球都会哭泣
5990255, 7.3, 225, 是你路过我的倾城时光
2013041, 6.7, 487, 214度恶龙王子3
1185473, 6.3, 929, 郭敬明成长日记
26758067, 7.8, 134, 君子一诺
3260455, 7.6, 162, 请你站在原地等我
4235914, 7.5, 179, 晴天以前
25709048, 7.8, 133, 再不出发就老了
6730473, 6.7, 478, 那时年少
26274254, 8.2, 94, 半神血统
1783527, 7.6, 160, 萌芽50年精华本-风景依然
25839850, 7.8, 132, 继续走，继续失去的青春
3026745, 7.4, 195, 10年新概念
6813252, 7.3, 217, 圆寂
3899019, 7.3, 215, 凉生，我们可不可以不忧伤（米饭版）
5260258, 7.6, 154, 少年们无尽的夜
26281381, 7.6, 153, 初恋爱
6139734, 7.0, 298, 初恋
2100353, 7.0, 296, 遵命女王陛下1
25880307, 7.1, 261, 约克公园
1046744, 8.0, 105, 最美的夏天
26882312, 9.2, 45, 我有一切的美妙
24671178, 7.8, 123, 蛰伏
26830671, 8.1, 95, 愿你出走半生，归来仍是少年
2367591, 6.8, 374, 恶魔之吻2-小妮子文集
20391515, 9.4, 40, 忽然之间
26107455, 6.4, 678, 谢谢你曾来过我的世界
6891410, 6.5, 575, 最后我们留给世界的
2013930, 6.8, 369, 亲亲亲吻鱼1
1988740, 6.4, 671, 壁花小姐奇遇记3
3795473, 7.9, 110, 左耳
1815129, 6.3, 793, G小调进行曲
4816529, 8.3, 79, The Last Song
4277433, 7.9, 108, 银色音符
1039065, 6.7, 406, 湖边有棵许愿树
7060427, 7.3, 189, 斗鱼
2367595, 6.8, 347, G小调进行曲3-小妮子文集
26416371, 7.4, 169, 盛世华族梦
1925195, 6.2, 892, 壁花小姐奇遇记1
25926869, 7.5, 151, 那些再与你无关的幸福
1398647, 6.5, 529, 琥珀
5905725, 6.5, 528, 胆小鬼
26731137, 8.4, 70, 闫小姐不嫁了
3284126, 6.8, 340, 听说你还相信爱情
3719506, 7.3, 185, 鳟鱼怀念北冰洋
3167116, 8.3, 75, 别惹大魔王1
19974424, 7.5, 148, 调教成神
26923248, 8.1, 86, 寂静深处有人家
4273260, 7.4, 162, 不存在未出版的错误条目
20277950, 6.9, 287, 写给年少回不去的爱
21365989, 6.7, 375, 南风过境
1948614, 6.3, 696, 壁花小姐奇遇记2
25734788, 7.9, 100, 九国夜雪・寻梦人
4097495, 7.6, 131, 玩转王子学院
26653757, 8.4, 67, 青青子衿
26889498, 8.9, 48, 小确幸不如大欢喜
2129558, 7.0, 246, 潘多拉的眼泪
24754511, 7.9, 98, 流放七月
5918837, 8.0, 90, 悠莉宠物店
6811712, 7.4, 155, 骑誓・杀戮骑士的垂怜
3053837, 7.2, 192, 相见欢
2367554, 6.8, 313, G小调进行曲2-小妮子文集
2053358, 6.7, 354, 亲亲亲吻鱼
1885854, 6.4, 556, G小调进行曲
1936363, 6.7, 353, 盛开（AB卷）
26708113, 7.4, 152, 陪你说一世晚安
3279315, 7.0, 237, 宛若恋歌
3129185, 7.4, 151, 潘多拉的眼泪2
3567552, 7.0, 234, 花火系列:若我离去
1015280, 7.6, 123, 云上的日子
3337141, 7.3, 166, 封印之书・镜之门
5915714, 6.3, 632, 我们约会吧（全2册）
6983604, 7.1, 202, 假如这是真的
1507865, 7.5, 132, 九重门
24758563, 7.5, 132, 樱花落海洋
5030342, 7.7, 109, 悲歌迷藏
6973076, 7.7, 108, 我在路上的时候最爱你
5367140, 7.2, 177, 逆夏
26339855, 7.3, 157, 有种后宫叫德妃
26590015, 8.7, 50, 天亮之后 就会很美
4849498, 6.7, 322, 遇见你是我最美丽的意外
23860408, 7.7, 106, 燃烧的男孩
3117373, 8.1, 75, 蝴蝶的皇冠1
26848701, 9.6, 30, 一亿人，不如你一人
24715509, 7.8, 95, 那件疯狂的小事叫旅行
26903687, 9.4, 33, 你来了，我就不挑了
4922734, 6.3, 570, 第四人称
1942688, 7.0, 211, 爱上明晓溪
20450684, 7.0, 211, 光与专属少年
10488104, 7.0, 210, 世界病
5301477, 7.5, 123, 九月少年蓝
2974803, 7.8, 93, 月・双飞燕
1460248, 7.0, 207, 大一女生
2365599, 7.3, 148, 钻石王老五的艰难爱情
4178798, 6.6, 347, 海是天倒过来的模样
26294139, 9.3, 34, 大^t牵C卷）
6540981, 7.4, 133, 骑誓・蔷薇骑士的焚梦书
5375823, 7.5, 119, 流年
6120006, 7.5, 119, 十年飕飕
4885257, 7.4, 131, 1王9帅12宫3
1956122, 6.5, 392, 仲夏夜之恋
2251758, 7.6, 108, 胡桃夹子夜未眠1
26791532, 9.5, 30, 让一切随遇而安
25875273, 7.0, 197, 半句实话
3238926, 6.7, 286, 空夏
5996176, 7.1, 174, 云漂
4988505, 7.9, 81, 蔷薇少女馆
4833790, 8.1, 69, 贝壳
25717330, 7.3, 138, 初恋41次
5297233, 7.8, 86, 刹那行年
4202170, 6.9, 213, 谢谢你
10732858, 6.3, 496, 少数派报告
1823597, 7.4, 123, 小巷深处
4865141, 7.0, 187, 花神
26817985, 8.2, 62, 为你打开时间的门
3689944, 7.5, 110, 谁曾和你一起靠近童话
5291098, 6.6, 308, 腐女GaGa
25765884, 6.8, 235, 冲绳好好玩
26889709, 8.7, 44, 我想送你一颗黑凤梨
6873448, 8.4, 53, 蜀山的少年-III
3024892, 6.6, 300, 冰淇淋恋爱了
1024661, 7.5, 107, 你在微笑我却哭了
4293925, 7.4, 117, 爱的一厘米微蓝
26295784, 6.9, 199, 去过自己想要的生活
4122315, 7.1, 158, 蔷薇色尘埃
3024890, 6.8, 224, 七个寂寞的日子
3883984, 6.3, 455, 暧昧
3802804, 6.7, 252, 最后一个夏天
3266542, 7.7, 87, 梦・醒
7564240, 6.7, 251, 直到四季都错过
21792504, 7.2, 139, 我在你遥远的身旁
2141058, 6.5, 329, 第一女生
10679075, 7.5, 103, 钢琴小淑女
10808771, 7.9, 73, 世界上总有那么一个人在爱你
1908727, 7.8, 78, 青春禁忌游戏
4074316, 7.5, 100, 叠年
26849843, 8.4, 49, 你所甘于的平凡，其实是平庸
26586159, 8.2, 56, 美丽是心底的明媚
1030403, 6.7, 234, 五十米深蓝
4140031, 6.4, 354, 左耳前传
4221302, 7.2, 130, 就爱你装腔作势
26880838, 8.6, 42, 钱包君，是时候该醒醒了啊！
4726652, 7.0, 158, 当年华未曾老去
1840090, 6.5, 291, 恶作剧之吻
22139036, 6.8, 194, 爱的静寂
6000426, 7.5, 92, 惟有时光
6025820, 7.0, 152, 天空上三公尺
6390753, 7.0, 152, 再见，薄雪草少年
26107591, 7.0, 152, 19
6077762, 7.3, 111, 第二届“THE NEXT・文学之新”优秀入选作品集
3018343, 7.6, 83, 赖上霸王龙
25863699, 6.7, 210, 你饿不饿，我做饭给你吃
4083139, 7.0, 147, 天使暂时离开
25855964, 6.7, 206, 守岁白驹
5994838, 7.4, 96, 睡在你的回忆里
25813478, 7.8, 68, 当时年少春衫薄
25831881, 6.4, 308, 时光不老，我们不散
4145818, 7.4, 95, 映空
25813274, 6.4, 305, 我想和这个世界不一样
3265428, 7.1, 127, 高一零班2
26456842, 9.5, 24, 我在这一秒，与你擦肩
3819989, 6.9, 154, 时间浪潮
2273469, 7.2, 109, 第99只萤火虫
2120363, 7.3, 98, 第99只萤火虫1
1082772, 7.2, 108, 新概念作文大赛获奖者散文精选
19894427, 6.9, 148, 阴阳
2036395, 7.0, 130, 淘气公主求爱记2
3423197, 6.9, 145, 超新星
26417925, 7.7, 65, 九州牧云录
26430432, 8.4, 39, 当我们变理智，如何谈爱情
19977983, 7.3, 90, 世上每一朵哀伤的云
4843461, 8.5, 36, 王子爱，限量非卖
26792605, 8.5, 36, 咬牙坚持，你终将成就无与伦比的自己
1975808, 6.8, 146, 淘气公主求爱记I
26292368, 6.1, 367, 假面
26732443, 7.2, 91, 我和你差之微毫的世界
20450685, 6.3, 264, 魑魅魍魉
3030113, 7.5, 69, 新概念作文10年
24733576, 7.5, 69, 小时代电影全记录(精装版)
4212401, 6.8, 137, 门萨的学徒
25978020, 6.9, 122, 第一夜的蔷薇Ⅱ 逆光
24703817, 7.6, 63, 文艺风赏・两极
3542425, 6.7, 151, 三色堇
4874246, 7.2, 88, 深宫.花落晚妆
6395196, 7.7, 57, 全世界陪我终结
26924899, 9.6, 19, 即使不完美
25761385, 6.2, 283, 凉生，我们可不可以不忧伤4
26345647, 7.4, 71, 极品笨妖怪1-奇幻岛屿
2573014, 6.6, 163, 离爱
25838017, 7.6, 60, 我不要我们永远在一起
6017127, 6.6, 162, 骑誓.十字骑士的诅咒
3266543, 6.3, 240, 那么近，这么远
3074808, 7.0, 102, 青春那么伤
26208383, 6.7, 138, 我的世界很小，但刚刚好
26592112, 6.3, 231, 这世界，缺你不可
26639674, 6.8, 122, 拾光里的我们
1418963, 8.3, 35, SOS姊姊的秘密心事
26925468, 9.5, 19, 只想奋不顾身拥抱你
26639669, 7.9, 45, 失眠症患者的夜晚
26775747, 7.5, 61, 我曾赤诚天真爱过你
25836469, 7.6, 56, 假如面具不说谎
25745498, 7.2, 77, 躁动的，沉寂的
7056742, 7.1, 82, 十二金剪
4320856, 7.6, 53, 只有日光还唱歌
26868339, 8.6, 27, 世界上有千百种喜欢
26415170, 7.3, 65, 当世界已无法深爱
26393009, 7.4, 59, 神奇的老大日记
4881028, 7.6, 50, 重遇20岁的自己
26914116, 8.0, 37, 生途
25660070, 6.5, 142, 野人
1683759, 5.5, 736, 青春散场
3069700, 7.1, 73, 摇滚少女
26921362, 8.6, 25, 犹待昭阳
1292318, 6.5, 135, 朝丝暮雪
26914156, 8.1, 33, 你不努力，就别怪世界残酷
26598936, 7.7, 43, 意中人
25922042, 7.8, 40, 让我在路上遇见你
1949759, 8.5, 26, 苦天使
1420358, 6.4, 147, 春末夏初
20450683, 6.4, 147, 花与灼眼之爱
11520794, 6.5, 127, 天空不要为我掉眼泪
3901820, 7.7, 41, 青春不散场
1955392, 6.7, 96, 星空下的约定
5385461, 7.4, 49, 和花和月长少年
22224900, 6.3, 151, 东岑西舅
25810166, 7.1, 63, 爱情公寓（漫画版）
26733292, 7.7, 39, 当我们从路人变成爱人
26285755, 6.6, 104, 将来的你，会感谢现在不放弃的自己
1762216, 6.4, 130, 糖果屋里的小妮子
5992349, 5.8, 314, 骑誓・蛊骑士的灵印
26351743, 7.9, 33, 把生活过成你想象的样子
5189931, 7.3, 51, Justin Bieber
2365600, 7.4, 47, “恐男症”女孩挺进男子中学
26607934, 7.6, 40, 最好的时光刚刚开始
1082771, 6.7, 88, 新概念作文大赛获奖者小说精选
26844686, 6.8, 79, 风舞
25921420, 6.7, 87, 绝世风光・突然七年似尘埃
26346425, 8.4, 24, 一次管一生的教育
26640109, 7.8, 34, 你曾是少年
3314505, 6.6, 95, 云层之上全是阳光
2005857, 7.7, 36, 恋上黑道王子
10582790, 6.9, 69, 春天也会忧伤
10781635, 7.0, 62, 如果，我说我爱你
26609022, 8.2, 26, 青春就是不妥协
25844098, 7.1, 56, 消失在西雅图的1095
26754086, 7.9, 30, 你的每一个晚安
26702158, 7.5, 39, 单恋，是在机场等一艘船
1957187, 6.9, 64, 校园大魔咒
10769040, 6.9, 64, 女王・再见黑天鹅
20271936, 7.1, 53, 别废话!你还可以更好
21817846, 6.3, 121, 每次告别都有一颗星熄灭
26388042, 7.6, 35, 我们终将各自远扬
4021769, 6.3, 117, 诱惑新娘
1186177, 7.1, 51, 飘在天空的果冻
25961709, 7.5, 36, 成长是青春最好的模样
20390901, 7.2, 45, 海豚湾深深深恋
26743699, 7.8, 29, 等到时光等到你
26892982, 8.1, 24, 不曾爱过，怎会懂得
20476267, 6.9, 56, 请给我一支烟
6963802, 7.1, 47, 萌侦探纪事
26844652, 7.7, 30, 我曾披荆斩棘奔向你
26815311, 7.8, 28, 暮色苍茫
25862448, 6.0, 152, 怀石逾沙
3409527, 7.4, 36, 可惜我是水瓶座
24325199, 6.8, 59, 那些不能告诉大人的事
25756462, 6.8, 59, 狼少年
26599744, 6.8, 59, 我最亲爱的你
26766301, 7.4, 35, 北京人在北京?煮海
10456477, 7.4, 34, 封印之书
20282798, 5.6, 256, 季凉川，爱了你这么多年Ⅱ
4820394, 7.9, 24, 溪岸之远，梦境之初
26844326, 7.8, 25, 且以欢喜共余生
26596151, 7.5, 30, 爱错了，就是青春
24740391, 7.1, 40, 年轻
1152700, 6.3, 86, 倾城
25799920, 7.3, 32, 一瞬的光和永远
25773627, 7.0, 40, 千山万水，不离不弃
26918960, 8.1, 19, 《借我春风如少年》
26870311, 8.3, 17, 向前走，不回头
10539244, 5.6, 196, 季凉川
26671076, 7.7, 23, 让你的名字住进我的表白里
26723335, 7.2, 32, 错过世界遇到你
25916753, 6.7, 47, 时光深处 你我安好
1325609, 6.6, 50, 乌托邦中学
26434245, 7.0, 35, 若你不弃，执手相依
26771604, 5.3, 300, 穿越人海拥抱你
26434373, 7.1, 31, 我们都被忘了
2006841, 6.3, 63, 未名湖畔的玫瑰
3291713, 5.3, 269, 妖孽只在夜里哭
1145773, 6.9, 35, 蝴蝶星月童话
26878406, 8.0, 17, 我们不知轻重地爱过
6427943, 5.1, 398, 精灵歌
25940503, 6.3, 59, 和你在一起，我很高兴
26309031, 7.2, 27, 亲爱的，我们都将这样长大
25731142, 6.5, 48, 卖时间的商店
24699012, 7.3, 24, 就算海水淹没岛屿
26754089, 7.0, 29, 每一个认真生活的人，都值得被认真对待
19894426, 5.9, 86, 没有死亡的命案
25832688, 7.2, 25, 玫瑰帝国・黑羽蝶之翼
26673259, 7.7, 18, 你的世界让你拥有
3507172, 7.1, 26, 王子碰碰球
26301902, 7.1, 26, 十七岁的围城
26258745, 5.4, 171, 凉生，我们可不可以不忧伤4
26437101, 7.6, 18, 寂寞的女子都是旧相识
26349424, 7.7, 17, 你是我最美的梦想
26578093, 6.7, 33, hey
26433071, 7.3, 21, 致最好的你
26924396, 7.6, 17, 不做你的盖世英雄
7006534, 6.5, 37, 离爱Ⅱ：你是我生命中的恒星
26696581, 7.0, 24, 如果你正年轻，且孤独
25905877, 6.9, 25, 人生，就是一场突如其来的旅行
10568214, 7.2, 20, 蜜恋假面派
1444244, 7.1, 21, 那年夏天，爱情来过
20492375, 7.1, 21, 钢琴小淑女
1326103, 6.3, 37, 妖精只在夜里哭
6721832, 6.7, 26, 曾有佳人泪倾城
26935670, 7.5, 15, 通往你的路
26654066, 7.3, 16, 世界那么大，命中注定遇见你
26437050, 7.1, 18, 不念，不忘
26680115, 7.1, 18, 半生荒唐，余生有你
10506670, 7.4, 15, 闪闪惹人爱
5347340, 7.0, 19, 意林：小小姐（2010.05-07）（合订本第2卷）
21329347, 5.7, 62, 染指仙君
26801516, 7.6, 13, 一切都还没有注定
24852530, 7.3, 14, 一霾环质值
26848154, 7.1, 14, 何时雾散尽
6073103, 6.1, 28, 良时景归来
5404786, 7.2, 11, 都是答案惹的祸
10825020, 6.9, 12, 意林小小姐
26639802, 7.0, 10, 南风有归期
