2017-01-23 16:17:59
Tag: 香港
The number of books: 959 

ID, rating, votes, title
1018577, 8.9, 13770, 霸王别姬 青蛇
2022979, 8.1, 41260, 喜宝
3344676, 8.1, 34156, 常识
3642673, 8.0, 23125, 我执
1261153, 8.4, 10780, 青蛇
2230208, 8.1, 14022, 我的前半生
1458164, 8.3, 7893, 她是女子，我也是女子
1045247, 7.7, 21456, 面包树上的女人
1046172, 8.4, 6452, 流金岁月
1461583, 9.3, 1839, 火P燎原 1
5289756, 7.9, 12688, 爱的地下教育
1032581, 8.4, 5529, 胭脂扣 生死桥
2115040, 8.0, 10341, 玫瑰的故事
1470158, 8.0, 10231, 圆舞
2045811, 9.0, 2071, 张国荣的时光
1316606, 8.6, 3165, o奂o
3053868, 7.9, 8396, 永不永不说再见
1705507, 8.0, 6491, 胭脂扣
1892491, 7.8, 8232, 如果墙会说话
1096118, 7.9, 6797, 流浪的面包树
3311009, 7.2, 24898, 原来你非不快乐
1028780, 7.6, 11050, 三个A Cup的女人
6784859, 9.3, 1021, KYLOOE・忧郁的蜻蜓
4199685, 7.6, 9999, 我读
1030153, 7.5, 11970, 她比烟花寂寞
3099359, 8.0, 5022, 拥抱
1082173, 7.8, 6586, 面包树出走了
1370750, 8.6, 2078, 突然我起你的
1731521, 8.2, 3488, 生死桥
1004956, 8.0, 4660, 阿修_
1863619, 9.3, 919, 与他共度61世
4031698, 7.8, 6235, 读者
2284090, 7.5, 10438, 开到荼蘼
1032945, 7.7, 6893, 荷包里的单人床
1006418, 8.8, 1471, 老夫子
1055187, 8.4, 2383, 我的前半生
3854484, 8.8, 1436, 这是爱
1084918, 8.0, 4128, 再见野鼬鼠
1064880, 9.2, 917, 麦兜・微小小说
1212507, 9.1, 1011, 麦兜・尿水遥遥
3776157, 7.8, 5413, 破事儿
1361268, 8.2, 2885, 朝花夕拾
1322066, 7.6, 7331, 吃南瓜的人
1264534, 7.9, 4259, 雪地里的蜗牛奄列
3045175, 8.0, 3654, 爱上了你
1084919, 7.7, 5687, 三月里的幸福饼
3073494, 7.4, 9592, 人淡如菊
1322158, 7.7, 5514, 同门
6527141, 8.2, 2526, 停车暂借问
2287123, 8.3, 2157, rbr刻
3621252, 7.4, 8819, 曾经
3439437, 7.7, 5182, 阿修罗
1016058, 7.9, 3749, 我们不是天使
1897413, 7.6, 5995, 一点旧一点新
1057601, 7.8, 4194, 半饱
3574418, 8.7, 1216, 张国荣：禁色的蝴蝶
1212508, 9.1, 788, 麦唛・完美故事
1050640, 8.2, 2238, 云海玉弓缘（上下）
2974903, 8.1, 2562, 香港味道2
1322328, 7.4, 7394, 不羁的风
1456597, 7.5, 6171, 她的二三事
2244170, 7.7, 4357, 电光幻影
2282081, 8.0, 2725, 香港味道1
1082172, 7.6, 4978, 蝴蝶过期居留
1322342, 7.6, 4953, 花常好月常圆人长久
1024701, 7.8, 3583, 回家真好
1009931, 7.7, 4185, 潘金莲之前世今生 诱僧
1281275, 7.7, 4004, 流波上的舞
1078133, 7.7, 3954, 我们都是丑小鸭
3644791, 7.4, 6521, 噪音太多
1316607, 8.5, 1302, 媚行者
6048071, 8.6, 1136, 七声
1025176, 7.6, 4492, 设计私生活
3081757, 8.0, 2405, 相逢
1062235, 7.5, 5081, 卖海豚的女孩
1499758, 7.7, 3603, 忽今夏
4230591, 7.3, 6776, 我终究是爱你的
3865644, 8.8, 827, 麦兜响当当
1957045, 7.5, 4661, 印度墨
1062514, 7.8, 2814, 白发魔女传
1353132, 8.6, 993, 沉默。暗　Ｎ⑿　
1371801, 8.6, 990, 七宗罪
1980585, 7.6, 3673, 寒武纪
1002914, 8.5, 1057, 老夫子（共十册）
1471809, 7.7, 3066, 饺子
1011882, 7.6, 3586, 两个人住
6100990, 7.7, 3030, 访问
1466389, 8.1, 1696, 我的我的天
1064282, 7.8, 2576, 思念里的流浪狗
1281622, 7.5, 4097, 连环
4841303, 7.6, 3465, 人情・世故
3410812, 7.4, 4779, 死在这里也不错
1055486, 7.4, 4738, 魔法蛋糕店
1081604, 7.8, 2497, 秦俑 满洲国妖艳――川岛芳子
20255214, 9.1, 528, KYLOOE 2・绿色隧道
1440043, 7.4, 4607, 我在云上爱你
1997752, 7.6, 3298, 剪刀替针做媒人
2070128, 9.2, 475, 慰WaC2之⒊鱿愀
1449661, 7.8, 2396, 梦・想家
1829846, 9.2, 467, 慰WaC1
1043591, 8.7, 764, 屎捞人・屎诗童话
1055185, 7.8, 2339, 心扉的信
5276620, 7.8, 2339, 什么都没有发生
1975591, 7.6, 3135, 乐未央
4154985, 8.2, 1332, 天工开物・栩栩如真
1353741, 8.5, 925, 十二女色
1080152, 8.1, 1472, 樱桃青衣
1996037, 7.5, 3519, 嘘
1067701, 7.7, 2558, 情人无泪
1025251, 8.6, 800, 屎捞人・浮屎若梦
1322320, 7.3, 4814, 这样的爱拖一天是错一天
1082194, 7.9, 1862, 流星雨解毒片
3866002, 7.2, 5707, 我所爱的香港
1048258, 8.6, 781, 屎捞人・在路途上
1484300, 7.6, 2844, 承欢记
1784456, 7.5, 3222, 悄悄的一线光
3866325, 9.5, 312, 宇宙不安W暨T小雷LDP本
1817132, 7.3, 4290, 收到你的信已经太迟
1005096, 8.7, 647, 旧情解构
1016053, 7.5, 3012, 胭脂
20499677, 8.0, 1423, 味道・味觉现象
20499673, 7.9, 1626, 味道・人民公社
2025188, 8.2, 1084, 故事
1082171, 7.7, 2107, 那年的梦想
3284411, 8.2, 1071, 头发
1316605, 8.7, 603, 温柔与暴烈
1019515, 7.5, 2790, 离别曲
1316614, 8.7, 598, 七No默
1021914, 8.2, 1033, 香港电影的秘密
3103858, 9.3, 331, 粉末都市
1010967, 7.9, 1488, 我微笑，是为了你微笑
1039629, 7.7, 1970, 刻骨的爱人
1919723, 8.4, 798, 台的香港P @ 沙25
3228088, 8.2, 1007, 盛世恋
1024690, 7.8, 1689, 悬浮在空中的吻
6392678, 7.5, 2638, 想念
1440231, 9.8, 218, c
2060432, 7.1, 5076, 红颜露水
4736082, 7.9, 1430, 像我这样的一个女子
3521168, 7.0, 6101, 谢谢你离开我
1061563, 7.6, 2179, 放大意大利
3072374, 8.5, 685, 生於天虻
1082126, 7.4, 2939, 吸血盟1：蓝蝴蝶之吻
1055184, 7.4, 2911, 迷迭香
1316612, 8.6, 601, 我如此很好
2111291, 7.6, 2100, 直至海枯石烂
20499702, 7.7, 1786, 味道・第一宗罪
6064336, 8.4, 716, 花花世界
1829093, 9.2, 326, 送集1
6556296, 8.3, 798, 亚洲教父
2074187, 7.3, 3175, 特首小姐你早
1874418, 7.9, 1280, 奇幻夜
4215678, 7.9, 1273, 我城
1358463, 8.6, 551, 拾香o
20270741, 8.6, 549, 消费森林×品牌再生
1322248, 7.1, 4266, 寂寞的心俱乐部
1831760, 8.0, 1086, 弱水三千
3711727, 7.5, 2180, 等待香港
1036958, 7.8, 1409, 把天空还给你
1499775, 7.6, 1866, 要多美，就多美
6002887, 7.5, 2149, 突然十年便过去
1352518, 8.6, 537, 血卡T
4861485, 7.2, 3400, 就算天空再深
2996680, 7.8, 1345, 蔡澜食材字典
1484307, 7.8, 1329, 纵横四海
1046175, 7.4, 2354, 寻常放荡
3429859, 8.7, 462, 哀歌
1054551, 7.7, 1499, 不如，你送我一场春雨
1484291, 7.6, 1728, 故园
6392676, 7.3, 2735, 我的爱如此麻辣
3073493, 7.3, 2731, 迷藏
5261729, 7.7, 1475, 志明与春娇
1281708, 7.3, 2688, 天若有情
3918036, 7.7, 1458, 日月
2374818, 7.5, 1921, 葡萄成熟的时候
1499759, 7.4, 2235, 花解Z
1421803, 7.7, 1416, 蔡澜谈吃
1005287, 8.6, 472, 品味历程
1353423, 8.7, 422, 深夜c早晨的周
1456627, 7.1, 3446, 小紫荆
1499764, 7.6, 1514, 如何说再见
1077328, 7.8, 1132, 只是蝴蝶不愿意
1004056, 8.7, 404, 神兵玄奇（全24册）
3881360, 9.0, 306, L.I.F.E.
3141514, 9.1, 275, 慰WaC3 - 心上人
4218689, 8.2, 667, 哀悼乳房
2973561, 7.4, 1908, 爱情只是古老传说
3802289, 7.5, 1618, 灵心
1786649, 7.1, 3072, 天上所有的星
2969113, 7.6, 1395, 意绵绵
1339258, 8.6, 423, 後殖民I
3086295, 7.5, 1595, 恨煞
2969111, 7.7, 1185, 情未了
6127284, 8.5, 453, 酒徒
5935619, 8.0, 787, 记得
3033673, 7.5, 1532, 爱恋无声
4309094, 8.3, 553, 体育时期
1019967, 7.6, 1313, 贴身感觉
1055182, 7.4, 1759, 绝对是个梦
19989621, 7.5, 1492, 面包树上的女人
6793874, 8.3, 542, 武道狂之诗（卷一 之 风从虎?云从龙）
3033671, 7.5, 1476, 江湖有事
1394855, 7.8, 974, 王家卫的映画世界
4906825, 8.1, 672, 值得
1316608, 8.7, 357, 烈女D
2380826, 7.4, 1689, 整形日本
1042035, 7.7, 1089, 幸福鱼面颊
1484281, 7.6, 1245, 明年o你送花
3322406, 8.7, 351, 中文解毒
7051393, 7.6, 1235, 俗
1498618, 7.4, 1642, _色佳
1057010, 7.7, 1067, 一个人的月亮
1962570, 9.4, 191, \C{田(涂贪)
3715206, 9.1, 242, 不
10607714, 8.0, 725, 如何抢救我的神经病
1499754, 7.3, 1877, 曾深圻^
6314053, 7.5, 1384, 毫无代价唱最幸福的歌
4841292, 7.3, 1869, 十方一念
1349822, 9.8, 141, s的影世界 1
5935620, 7.9, 797, 青玉案
1077536, 7.9, 793, 在天涯寻觅你
2068161, 8.4, 446, 不是人(上)
2042805, 9.7, 147, s的影世界3
1762088, 9.8, 137, 张国荣的电影世界2
2973228, 7.9, 760, 蔡澜谈倪匡
1205053, 7.4, 1494, 秦俑
6904615, 7.0, 2859, 再不相爱就软了
3864464, 8.3, 479, 我圻^，所以我活^
3836152, 7.5, 1275, 快煮慢食
1075292, 7.9, 748, 放血
1762066, 8.1, 590, 逆插桃花
1772173, 7.4, 1448, 诱僧
1063441, 7.6, 1088, 禁果之味
4160236, 7.3, 1661, 叹息桥
5253517, 8.1, 574, 大逃港
3073492, 7.0, 2711, 痴情司
2150352, 8.1, 572, 路漫漫
1766119, 8.8, 282, 银河映像・难以想像
3868217, 9.3, 186, 香港起
6965468, 8.1, 568, 香港有个荷里活
1484301, 7.3, 1624, 不易居
1016060, 7.2, 1898, 没有月亮的晚上
1361256, 8.4, 401, 花三月
2070096, 8.9, 244, 送集 2 之 消缇琵
1082152, 7.3, 1511, 潘金莲之前世今生
1065858, 7.5, 1126, 女巫词典
1048177, 8.0, 584, 董桥散文
3405814, 7.4, 1271, 豆芽集1
3289827, 7.4, 1268, 关于岁月的隐秘情事
10455864, 7.3, 1456, 知情识趣
4230583, 9.3, 170, 《There&#39;s a dark dark wood inside my head》
1201098, 7.5, 1079, 独身女人
1999291, 9.1, 198, 麦兜麦唛系列
14449069, 8.0, 567, 春在绿芜中
1358395, 9.2, 182, 杜可L春光乍z影手
2035191, 9.8, 118, s影集
3035733, 8.3, 405, 蜂蜜G茶
1393907, 8.6, 298, P眉女子
1066790, 7.6, 905, 橘子不要哭
1484804, 7.7, 791, 不文集
1361266, 7.5, 1028, 川u芳子
19935578, 8.1, 482, 旧日红
1370264, 8.4, 351, Φ
1014456, 7.1, 1806, 天秤座事故
4742948, 8.4, 346, 缝熊志
2105526, 8.4, 343, 亦舒新经典
3808684, 7.4, 1104, 明暗
3074795, 7.1, 1739, 长夜里拥抱
6744661, 8.2, 412, 末日酒店
26864773, 8.7, 247, 任你行
4203512, 7.3, 1225, 伤城记
1436841, 9.1, 176, 张国荣 盛世光阴
5994832, 8.3, 358, 天空之R
1867095, 8.8, 224, Z（香港）教程
3297098, 7.6, 798, 八月宁静
3105410, 8.8, 222, 房g
3920235, 7.4, 1038, 等待香港
11538656, 8.7, 239, 烈佬
1026381, 8.6, 261, 乡愁的理念
1394440, 8.6, 258, 屎迫
5323842, 7.9, 522, 跟我去香港
2357486, 7.6, 749, 城市九章
4097470, 9.0, 180, 慰WaC4：哿钗易碳
3268096, 8.2, 371, 迷恋人间
24743163, 7.3, 1119, 世界将我包围
1059989, 7.7, 634, 还是情愿痛
1939273, 7.6, 711, 迷离夜
1495753, 7.5, 798, 新欢
1484284, 7.0, 1672, N薇泡沫
1056120, 7.5, 777, 满洲国妖艳-川岛芳子
1361317, 7.4, 863, @p手m然小
1009295, 7.8, 517, 红袍蝎子糖
1016055, 7.2, 1132, 亦舒作品系列
1898279, 8.2, 329, 张小娴散文集1
5245585, 7.9, 452, 词家有道
1079413, 8.3, 295, 采花贼的地图
2379437, 7.1, 1294, 雪肌
1025506, 7.6, 636, 鸦片粉圆
6097374, 8.1, 357, 橄煜
3065667, 7.8, 492, 蔡澜食材字典续编
4760262, 7.6, 627, 香港电影演义
5913963, 8.4, 261, 香港电影百年
1519372, 7.1, 1246, 没有月亮的晚上
6716684, 7.6, 619, 天生是饭人
1058098, 8.0, 386, 张小娴作品集
1775629, 9.3, 123, City of Darkness
1421538, 7.8, 476, 蔡澜叹世界
26591565, 8.1, 337, 香港重庆大厦
2150811, 7.8, 468, 你有畚业囊惶
6787210, 8.7, 190, 封神o
1426808, 8.3, 272, 我要活下去
10554294, 8.4, 247, 英华沉浮录 1
3858961, 7.3, 858, 蔡澜眼中的八婆与美女
11505930, 7.3, 848, 杀鹌鹑的少女
1358404, 7.5, 640, 穿KENZO的女人
24706897, 7.4, 726, 我这一代香港人
1418734, 8.1, 317, ^矍
25787469, 9.7, 88, REMEMBER TO FORGET 2003-2013
5984020, 7.4, 713, 温柔的路途
4011283, 7.8, 434, 中国香港
26787813, 8.4, 234, 纸上染了蓝
1061888, 7.5, 622, 流白
4908970, 7.4, 693, 风格练习
3535331, 8.7, 174, 食经
4097432, 9.0, 137, 送集 4 之 我恨我痴心
4920248, 8.0, 335, 你的心不是公
25917499, 9.2, 118, Kylooe 3 再微笑
6759066, 7.4, 676, 生于天桥底
1340510, 8.6, 187, 打e了
21965475, 7.1, 1028, 爱上几个人渣
3800304, 7.7, 459, 隐形逻辑
10456975, 8.4, 221, 刀下留人
1046192, 7.6, 515, 泼墨：李碧华作品集(十二)
1035403, 7.6, 511, 八十八夜
5408251, 7.0, 1170, 你的素心
1484312, 6.9, 1366, 曼陀罗
1041464, 7.5, 574, 真假美人汤
25923364, 8.7, 167, 微喜重行
26870405, 7.9, 352, 龙头凤尾
26593037, 7.9, 342, 苏丝黄的世界
22015881, 7.4, 616, 7749
5910921, 6.8, 1501, 坦白说，亲爱的
25747192, 7.7, 421, 原谅我一生不羁放纵爱自由
1962081, 7.4, 608, 加一片柠檬
2144410, 7.7, 418, 冷月夜
6971752, 7.2, 794, 对照记@1963
1382835, 8.5, 186, 音?旅?情
3034414, 8.0, 295, 香港文学精选集(共6册)
3602263, 7.7, 408, 就算天空再深
26303995, 8.6, 167, 飞毡
20485590, 7.7, 404, 倾我至诚 为你钟情
4014185, 8.8, 141, 陶中文
3045058, 7.9, 320, O果的中文是什N？
6523973, 7.6, 446, 衣锦夜行
11519810, 7.3, 650, 那夜凌晨，我坐上了旺角_往大埔的tVAN (上)
2143326, 8.1, 257, 香港的另一面
3879454, 8.1, 253, miss angelababy
2301075, 9.1, 109, 灰掐
1348539, 8.8, 136, 甲申年o事
4844899, 7.9, 307, 坐牢切勿拾肥皂
3163562, 8.5, 173, 小L景
10434725, 8.7, 146, 花花世界2
1849808, 7.8, 339, 似是故人来
3003579, 7.3, 619, 蔡澜品女人
3348115, 7.6, 421, 我看金庸小说
2154707, 8.0, 270, 孔子的橙
2029852, 7.6, 418, 蟹壳黄的痣
1491373, 7.5, 471, 无爱纪
3314380, 8.8, 132, 相遇
1122285, 8.3, 200, 李碧华经典作品集
3648543, 7.9, 293, 是有c狡猾
4892882, 7.5, 459, 许鞍华说许鞍华
2137153, 8.0, 262, 四代香港人
25802164, 8.3, 196, 我S何式凝，今年五十五q
3443509, 8.5, 164, 老少女基地
1760748, 8.4, 176, 音罚旅．情
3618404, 7.8, 316, 肥妹
1419233, 7.6, 396, 蔡澜谈友
7916050, 8.0, 256, 董桥七十
25897884, 9.0, 109, 13．67
1847633, 8.2, 210, 香港的情与爱
3802287, 7.0, 853, 慰寂寥
3158832, 7.9, 275, 低胸裙
1839556, 8.6, 144, o
3115481, 8.9, 114, 刘以鬯小说自选集
4053346, 7.7, 337, 生活体验
3537594, 7.2, 617, 日本电影
1002895, 7.5, 419, 亦舒作品集(共60册)
1397187, 8.7, 129, 哲道行者
1949510, 7.6, 359, 江湖外史之港片残卷
4280072, 8.0, 234, 凼怯a (所凼悄?!?)
3264585, 7.8, 287, 拳皇97 (全13册)
1898276, 8.3, 176, 张小娴小说集1
6894203, 7.5, 402, 大胆爱
1007942, 7.8, 286, 亲密心事
7051701, 8.3, 175, 野蛮夜歌
5261623, 7.8, 280, 天真本色
2127740, 8.3, 171, 好鬼！―不可思h的鹎疤
5910922, 7.3, 496, 狐狸尾巴
1829919, 8.3, 170, 一峰一人一Y他
3022289, 8.3, 170, 香港潮ZW字卡
1998862, 7.5, 386, 焚风一把青
2382527, 7.2, 561, e容
24714343, 8.3, 168, 香港造城记
6791661, 7.8, 272, 戏剧浮生
1353733, 9.1, 90, 默示
7916053, 7.9, 244, 清白家风
4725016, 7.6, 332, 蔡澜常去食肆160间
1989070, 7.1, 615, 家明c玫瑰
1372040, 8.5, 136, 安卓珍尼
4743452, 8.7, 116, 志明c春呻影
3449159, 9.0, 93, The Whispering Game and 5 Years of b.wing 2004-2008
2063988, 8.7, 115, rg繁史?〈芍光（上）
4315669, 7.2, 515, 蔡澜的生活方式
1087499, 8.3, 157, 蔡澜游记小品集
6801723, 7.4, 397, 岁月神偷
1473957, 7.9, 226, 慢慢快活
10461404, 7.8, 249, 碎碎念
20453479, 8.1, 185, 花笑春风
1358408, 7.9, 224, 香港三部曲
20284263, 6.5, 1479, 夜话港乐
2147056, 8.2, 167, 思生活
1453084, 8.1, 182, 潮骚
3674317, 7.5, 337, 情人1942
4308011, 7.5, 336, 情怀已死
5984003, 7.1, 556, 暧昧的瞬间
19967508, 6.7, 1014, 我开始轻视语言
10461698, 8.5, 127, |京肉肉
4928332, 7.2, 481, 等待香港
4899016, 9.2, 76, 物N源始・重生之W年代（上）
1949026, 8.9, 93, 影海生涯(上、下)
3193862, 8.9, 93, 狂草集
10554296, 8.3, 148, 英华沉浮录 2
6742738, 8.8, 99, 剩食
3236097, 7.4, 365, 城市学
3507023, 8.4, 134, 鬼恋
6709852, 7.5, 323, 波希米亚香港
3017632, 8.3, 145, 双城故事
24739135, 8.7, 105, 我在屋长大
11523798, 8.8, 97, 今日阿婆金句
4915878, 7.0, 602, 蜜糖只有你
4273408, 7.8, 229, 一段矍椋人成L
25663085, 7.1, 519, 你终将爱我
1394411, 8.5, 120, 西西集
20375121, 7.9, 204, 设计并不重要
26552069, 9.5, 60, 黑暗之城
4569975, 8.9, 88, Lonely Planet
4257066, 7.4, 345, 50+1私家香港
2320804, 8.1, 166, 香港地产业百年
26333998, 6.8, 776, 少帅
3089814, 7.8, 221, 梳头记
1382831, 7.9, 199, 突然身
3700821, 7.1, 498, 打破碗碗花
4915892, 7.2, 436, 香港电影血与骨
1493924, 8.4, 126, 繁花盛放
3838050, 8.8, 92, 郧：|邪西毒
10589341, 7.1, 489, 四部曲
2076588, 8.0, 177, 香港史
26590273, 7.8, 215, 你会想念你自己吗
1372420, 8.9, 85, 天气是文字的颜色
20396039, 8.6, 105, 武侠大宗师：张彻
6813397, 7.0, 539, 香港制造
2259317, 7.9, 188, 鄣时M天良
1141075, 7.9, 187, 无间道
3163648, 8.7, 95, 漫漫食
6558214, 7.5, 283, 反语
2003049, 8.5, 110, 流年
1510285, 8.7, 94, 白阿娥及其他
2138706, 8.1, 152, 我
1847635, 7.0, 519, 小人
10528846, 7.5, 277, 缝身
1080712, 8.0, 165, 董桥散文精选集
3587679, 8.0, 162, 蔡澜谈人生
24852749, 7.6, 241, 浣熊
3156483, 8.9, 79, 董桥文集①
3864469, 7.2, 380, 吸血盟2 ─ 花_魔幻地
6732127, 9.2, 64, 推土C前N花
1829158, 8.1, 143, 同黾佑 Me &amp; My Electric Shadow
1358428, 8.3, 120, 好黑
1358402, 7.9, 171, 互吹不如未
2037301, 8.3, 118, 香港味道2不zm的奶茶
11505929, 7.0, 466, 洗手间里的主权
2072908, 8.4, 108, Y
24868416, 8.7, 86, 大爱同I
3432626, 6.6, 842, 德芬郡奶油
2138924, 9.0, 70, The Writer And Her Story
7002703, 7.2, 356, 吻所有女孩
6983692, 7.5, 250, 同胞，请淡定
3792239, 8.8, 79, 紊砜II
20453477, 7.9, 162, 烹宰为乐
25846179, 8.4, 105, 无物之阵
7916052, 7.9, 161, 景泰蓝之夜
4046762, 7.1, 388, 情话绵绵
1394423, 7.9, 159, 等待香港 - 青春篇
1965143, 8.0, 144, 香港股史
4099626, 8.5, 95, John Ho 少年事件
2063990, 8.6, 88, rg繁史?〈芍光（下）
1353711, 7.9, 157, 香港L格
3268790, 8.9, 71, 倪匡短篇
1358403, 7.9, 156, 迷魂
1367307, 8.7, 81, 行^烽火大地
1428091, 8.6, 87, 紊砜穿は愀凵活s
3871018, 9.1, 62, 上．下禾f
10795609, 7.7, 188, 人文六讲
2150817, 8.0, 141, 收不起的思念
10554312, 8.1, 128, 英华沉浮录 3
10569797, 8.1, 128, 争气
4046761, 7.3, 286, 处世之道
3148525, 7.7, 185, m_夏道
1370255, 8.2, 117, 泰晤士河畔
4188014, 8.0, 139, 我和抑郁谈过恋爱
10354912, 6.9, 474, 吹绉一池春水
2157167, 7.9, 151, 香港百年光影
20470336, 8.1, 124, 文以载食
1367220, 8.4, 97, 像我@拥囊x者
26714703, 7.2, 311, 我们香港这些年
22993177, 9.3, 52, ReminiscenceD李珍(ロレッタ?リ`)写真集
1949254, 8.3, 102, 天水12奶
26901257, 9.5, 46, 三十年细说从头 (上下)
19965959, 7.5, 212, 一纸平安
4237819, 8.7, 75, 黑白溢彩
2349553, 8.5, 86, 大T劫──漫香港文W(上)
3816189, 7.9, 141, 吃_宋餐的日子
4912784, 8.8, 69, 卖乜鹑
25844640, 7.0, 374, 如何处理仇人的骨灰
4920218, 7.7, 166, Paradise Angelababy
6308142, 7.4, 227, 穿Kenzo的女人
2981577, 9.1, 56, 南海十三郎
20453476, 8.1, 114, 霜鬓何妨
25857164, 7.1, 319, 都什么时候了
1366606, 9.3, 49, 怎知春色如S : 白雪仙珍藏相簿
3808955, 8.3, 95, 一年三百六十五篇
5333577, 7.8, 145, 卓芝奇遇──最冷的冬天
5904021, 7.4, 216, 香港新浪潮电影
1414814, 7.3, 238, 忘他
1989674, 7.2, 267, 月亮背面
25836950, 7.0, 342, 大叔
3434862, 8.6, 74, 他
4736088, 6.9, 389, 看房子
5904020, 7.7, 155, 戏缘
1499500, 9.2, 50, 张彻
25922753, 8.2, 99, 胡子有脸
10440752, 7.7, 152, 虚齿记
1850435, 8.8, 63, 失?逃 Rockmiuology
25836271, 7.4, 205, 小妹
2142688, 7.8, 137, 事後：本土文化I
3997863, 7.4, 202, 事后
2038064, 8.1, 104, 香港味道1移山填海西米
1478810, 7.2, 253, 原子空g
1388231, 8.8, 62, 全⑹郑1）：神人中最者
1389930, 8.5, 76, 象是笨蛋
1363375, 8.7, 66, 敦的夏天等你
11535136, 6.3, 918, 末世的思念
2153450, 8.5, 74, 我的低能之道
20453478, 7.7, 143, 青楼梦好
2135905, 7.8, 130, 腹稿
4101761, 9.2, 47, 雷csQ
5995076, 7.7, 141, 昧旦书
3142552, 8.1, 99, 斑g日常
3032760, 7.8, 126, 明报・大家大讲堂
6795881, 8.4, 77, 少年王晶J江湖
1014254, 7.3, 206, 后殖民食物与爱情
2154773, 7.8, 124, 一NL流
3012644, 8.9, 54, 玩具大
11516400, 8.9, 54, 消M森林×品牌再生
4920247, 8.5, 70, 五湖四海家常菜
6776719, 6.5, 576, 女人的办公室
7062628, 8.3, 80, 许子东讲稿-张爱玲.郁达夫.香港文学-卷二
3248341, 7.3, 199, 搭地铁玩香港
2349560, 8.5, 69, 大T劫──漫香港文W(下)
1394168, 8.2, 86, 剪
3842640, 8.6, 64, 行路y
1999485, 7.4, 176, 荔枝
6441134, 7.9, 109, 地D集
26832527, 8.7, 59, 小王子的I悟
1967018, 9.3, 41, 当年情?张国荣
19965960, 7.8, 117, 立春前后
1340513, 8.5, 67, c幽`同的居所
1639470, 8.6, 62, 回顾香港电影三十年
1459635, 6.9, 303, 香港电影新浪潮
1370249, 8.3, 76, 少年口味
1394444, 7.5, 151, 等待香港--菲
10809603, 8.1, 88, 白痴
3437175, 7.1, 232, 风水
1424566, 9.1, 44, 候B
1401248, 8.1, 86, M攻女生宿舍
4713657, 8.0, 91, 建筑设计入门
2355114, 8.3, 72, 小狗懒擦鞋
1471439, 7.8, 107, 香港春卷
3826621, 9.3, 38, 我・你・他三完整套b
20480687, 7.2, 191, 和精英价值说再见
5940800, 8.3, 70, 回不去了
1358426, 8.1, 81, x香港普及文化
1389889, 8.6, 56, 於是你沿街看日的麸
6727861, 8.2, 74, 7749：四十九我^／^／想^的作
1466320, 8.8, 49, 香港大学生
1394442, 7.6, 122, 等待香港 -- 文化篇
4280962, 8.7, 52, 站e
2035189, 9.7, 30, 香港映画界のカリスマF公子レスリ`?チャン
24295883, 7.9, 93, 时局的生意
20370764, 8.1, 79, 英文玩家
25911032, 8.5, 59, x人家
25879266, 6.9, 259, 我在云上爱你
25778085, 8.6, 55, 夜望
19990843, 8.0, 85, 天空之镜
1368933, 8.3, 67, |京．S之海．W多摩
1394443, 7.5, 131, 等待香港--女人篇
1366163, 9.2, 38, 七一I你[香港
21349382, 6.6, 381, 那夜凌晨，我坐上了旺角_往大埔的tVAN (下)
3032965, 8.5, 58, 青春炒冷
5918943, 7.2, 176, 香港三部曲
6738666, 8.3, 66, 黑o典
1989016, 7.0, 221, 珍珠
1009372, 7.6, 117, 梁凤仪财经小说系列
3056628, 8.4, 61, 香港企业购并经典
10446423, 8.1, 76, 答同代人
1418953, 7.8, 97, 魔幻N房
10426643, 6.9, 246, 我看见的你是我自己
3101045, 8.2, 70, 你们
4952713, 7.6, 115, 国际政治梦工场
5994772, 9.1, 39, 天空之R
1366161, 8.1, 75, 衣~史
2063865, 8.0, 81, 香港味道4如假包Q碗仔翅
1775836, 9.0, 41, 在纱鹘y的影下
5381961, 7.1, 190, 不寄的信
3540982, 7.8, 94, 後殖民食物c矍
25922767, 7.7, 101, 手卷
3852698, 7.8, 92, 廉政公署全传
1440116, 8.4, 58, 不曾移悠孔
1818537, 8.1, 72, 在家以外
1981061, 8.3, 62, 平成年代的日本影1989-2006
25924157, 8.2, 66, 哀o
24869877, 8.6, 50, e^望明月
2063864, 7.9, 83, 香港味道3叉凵喜桶
1949948, 7.8, 90, 所以美好
1366158, 8.8, 44, ~咒
2146219, 8.8, 44, 殖民og道
21354012, 8.8, 44, 何藩 昨日香港
20398455, 9.0, 39, 蝙蝠c告e者
20493910, 8.6, 49, 一代宗 (限量典藏版)
3126534, 7.8, 88, 男人c狗
1416888, 8.2, 64, 也斯的香港
1364800, 9.4, 31, M穆
10518111, 7.1, 172, 香港电影夜与雾
1045380, 7.1, 171, 寻回香港文化
1340511, 8.4, 55, 瑕疵鞋
1364812, 8.0, 73, p身
1055101, 9.5, 29, 金庸武侠小说全集（电子图书二碟装）
4082026, 7.7, 93, 早期香港电影史
5953159, 8.8, 42, 香港起系列----上公共交通
6441133, 7.9, 78, 羧A
3022361, 8.2, 62, L~家族
1358429, 7.7, 92, 道德男人
11640542, 6.7, 269, 少年不愁
3177361, 8.5, 50, 董桥文集②
3539812, 9.0, 37, 觯去死吧
3539385, 8.3, 57, 活在堆下
1370272, 8.9, 39, piece of mind
21349790, 7.8, 83, 承J你的
1433770, 8.8, 41, 腐朽和期待
1784798, 8.6, 46, 白瓷 / Porcelain
1417656, 8.5, 49, Hong Kong
7015177, 7.8, 81, 罘rg
1025455, 7.7, 88, 小说香港
4912661, 7.3, 127, 先吃甜品
24523622, 6.8, 221, 孤独要趁好时光Ⅱ香港的前后时光
3911517, 8.4, 51, 假如我有r光．C
2023306, 8.2, 58, 文Wc影像比x
25803380, 8.1, 62, 政治的道德
1361469, 7.0, 170, e先生
1389931, 9.0, 35, rg的} - υ集
25753995, 8.6, 44, 地文I
1829670, 8.4, 50, 在废墟里看见罗马
10758342, 9.1, 33, 有米
26435812, 6.9, 189, 夜话港乐2
1353737, 7.6, 92, 盛世
3142648, 7.6, 92, 下一十年
10484580, 7.7, 84, 书与城市
26595343, 7.4, 110, 江湖老友
24531304, 8.3, 53, 青筋
1317813, 7.2, 133, 我对你说
3035573, 8.4, 49, 黑雨将至
2213322, 8.2, 56, 不中不英 (Double Talk)
19961868, 7.9, 70, 情欲、伦理与权力
1842411, 6.9, 183, 爱与不爱之间
25833464, 7.6, 88, 羊吃草
1468477, 9.5, 26, 庆惚笮≌f集
25908569, 7.2, 128, 另一片海
2084637, 8.6, 42, frL光
1419562, 7.7, 80, 我有}?
1389989, 8.2, 54, Edward Lam on Love
26586120, 7.6, 86, 情人无泪
1859943, 7.7, 78, 香港L格2
1364524, 8.0, 61, o的F.
10567140, 8.0, 61, 博物I
26315320, 8.4, 46, 灰鸽试飞
11516838, 8.1, 56, 猿猴志
2067686, 7.8, 70, 我在此撤x，只留下光
25928646, 8.5, 42, 生而槿
1328197, 8.8, 35, 离合
2762615, 7.9, 63, ur和
25753961, 6.7, 205, 假如我们什么都不怕
25839984, 8.6, 39, 夜雨赏荷
2059593, 8.3, 47, P\i的光影
2240228, 7.1, 128, P於矍
10345192, 7.8, 67, 女人就是女人
3848131, 8.5, 41, Straightly gay 一直?
1410813, 8.0, 57, 燃之後
1851518, 8.7, 36, 西西卷
1358449, 8.8, 34, 玫瑰念珠
26713941, 8.6, 38, 嘉烈c大l的G豆 Margaret and David - Green Bean
1352335, 8.1, 52, 小城o故事
1385578, 7.9, 60, 好男人不^是一瓶好的L油
11586782, 7.4, 91, 零容忍
1389957, 8.3, 45, 的城市．的城市
1580373, 8.0, 55, 香港集装箱建筑
24701495, 8.8, 33, BX
2159316, 8.1, 51, 香港文W散步（修版）
25750943, 7.3, 98, 把爱情像石头一样推上山
24318959, 7.2, 108, 交加街38号
1779729, 8.9, 31, 邵氏电影初探
5904017, 7.3, 97, 严浩电影讲座
1765148, 8.3, 44, I磁娜搜u作手
3023823, 8.0, 54, 唔该，埋单
5290578, 8.1, 50, S昏未晚
26842611, 8.1, 50, 传声筒
1366276, 8.7, 34, 姹紫嫣t_遍 : 良辰美景仙PQ
1358427, 8.5, 38, 香港文W＠文化研究
1848525, 8.3, 43, kieslowski 奇斯洛夫斯基
26417675, 6.2, 362, 致遗忘了我的你
1977822, 9.1, 27, 凵f
1340692, 8.2, 45, 花@的角落，或角落的花@
2137154, 8.2, 45, 全面都市化的社
1872902, 8.3, 42, [江湖 : 徐克c香港影
1358405, 8.5, 37, 偏c傲慢
1466860, 7.9, 55, 性/e光影
25856219, 7.9, 55, 嘉烈c大l的最初
10741238, 7.8, 59, 香港PC
26121257, 7.3, 90, Lonely Planet 孤独星球 “IN”系列：香港和澳门（2014年版）
5293929, 8.6, 34, 中文起x
5334293, 7.2, 97, 德律风
5921769, 6.7, 165, 地产霸权
20451793, 7.9, 53, 傻
11507072, 8.2, 43, f{
26779398, 9.6, 20, WKW
11500141, 7.3, 84, 好好学习 天天向上
26752665, 6.4, 230, 一些无可厚非的小事
5990221, 8.4, 36, 五湖四海家常菜――A北|南及|W地^
2380343, 7.7, 58, 出埃及记
25758406, 7.7, 58, 浮城述梦人
25890900, 7.7, 58, 或许有用的思想
26058940, 8.2, 40, 衷心笑
25860363, 6.5, 189, 那些为你无眠的夜晚
1385581, 8.7, 29, 唐焐的文字世界 ─ 仙PQ卷
1388214, 8.4, 34, 低保真
6727862, 8.5, 32, 後九七香港Z流行歌~研究
25917090, 8.5, 32, 城境 -- 香港建筑1946-2011
2052972, 8.8, 27, 风花雪月李翰祥
3464757, 7.5, 63, 香港电影的文化历程
3641971, 9.3, 21, 二十一世纪
6390859, 8.0, 43, 论工业支援农业
10562696, 9.0, 24, 泰晤士河畔［珍藏版］
11516570, 7.5, 62, 嘴v是怎成的
20285097, 8.5, 31, 哈哈镜
6847831, 8.8, 26, l土香港
25839405, 8.1, 39, 四分之三的香港
1353729, 8.3, 34, 耳目
4045104, 8.3, 34, 茶餐r光
3437461, 8.0, 41, 和幽灵一起的香港漫游
1358399, 8.1, 38, 啊! 
21328301, 8.1, 38, 一代宗
6527067, 7.0, 92, 也斯看香港
26358463, 6.7, 127, 是非疲劳
10799170, 6.9, 101, 香港文化十论
3879628, 8.2, 35, y忘香港食c色
25921542, 8.5, 29, 嘉烈c大l的n
6718313, 8.6, 27, 食物c矍榈脑@{
25906859, 8.3, 32, 男男正
5990275, 9.0, 22, 裙拉甩
24859367, 6.4, 172, 香港电影史记
1353739, 8.4, 30, 焦c美指叔平．WILLIAM CHANG Art Director
4920079, 7.8, 44, 矍榻我的事
25706536, 7.9, 41, 日月星传
1864268, 8.8, 24, 跳M人g火
1361762, 8.2, 33, 旋D木R
10604081, 8.1, 35, 洋相
6963110, 7.3, 63, 流动风景
3015755, 7.6, 49, 你微笑，我fe。
1114648, 7.8, 42, 青春十八
10544201, 8.2, 32, 六七暴
10606257, 8.2, 32, 大厨小贴士
1394148, 8.1, 34, V城繁黉
11507067, 8.0, 36, 普_旺斯的h
2090182, 7.5, 51, 少占的交换日记
1381920, 8.2, 31, 香港故事
21323414, 7.7, 43, 我要的香港
6523921, 8.3, 29, |城市 空g生a
1364811, 7.9, 37, 周日床上的西蒙
3817201, 7.9, 37, 大V|
10863000, 8.9, 21, 我的同志孩子
1194479, 8.7, 23, 香港粤语词典
10793877, 8.3, 28, 花吩旅
1388226, 7.8, 38, 英年早睡的我
25717320, 7.4, 51, 豪门兴衰
25778294, 9.3, 17, 香港好声音
1369780, 8.0, 33, 看眼y忘－在香港L大
6558392, 8.9, 20, 北W是我的死亡K站
1983253, 7.3, 54, 香港金融业百年
1484038, 8.3, 27, B人T
1275925, 8.5, 24, 香港商战风云录(上中下)
1352844, 7.6, 42, og道I＋II小f
6431357, 8.0, 32, 中年U物
1950081, 8.1, 30, the逼city
10567323, 7.9, 34, 港漂双城记
3829948, 8.2, 28, 路政治W新
26639795, 8.2, 28, 衷心笑
1793732, 7.4, 48, 思索香港
25818729, 8.0, 31, 黑面
1959888, 8.1, 29, 香港人之香港史1841-1945
6989889, 8.1, 29, Cities Without Ground
10567142, 8.6, 22, 繁黉
3186683, 8.9, 19, 香港英资财团
3259996, 8.5, 23, 女呵
1416691, 7.5, 43, 香港~人~
5323847, 8.2, 27, ふ蚁愀垭影的立景^
3890717, 8.4, 24, 告e犬儒
1340515, 8.0, 30, 弓在R桶上的述者
5920242, 8.0, 30, 在世界中作，槭澜缍
1353743, 7.6, 39, 香港流行歌~研究
1395029, 7.6, 39, 色相(散文)
5030659, 8.3, 25, 我的r尚}`
10461696, 8.3, 25, 麴NfI
25919286, 8.6, 21, 殖民家外
1473345, 8.2, 26, 路政治W
24853187, 8.8, 19, 死在香港──流眼I
26667759, 8.5, 22, 营山造海：香港建筑1945-2015
2381979, 7.9, 31, 一生承教
1382849, 7.4, 43, 少占和林一峰的交Q日 2
3829564, 7.8, 32, 灰花
4273400, 7.8, 32, 哿幔弘懋”炯
1370246, 7.9, 30, 十V告九h
1358417, 8.2, 25, Z樟柯影世界特集
4912747, 8.2, 25, 街有n蠹n
3131163, 7.7, 34, 我看亦舒小f
25750161, 6.3, 124, 这个人必须也很爱电影
5333844, 7.4, 42, 香港电影研究
6311268, 7.0, 58, 全身文化人
1876825, 7.3, 45, 媚回－－钠缘近S昏
1959933, 8.7, 19, 看牛集
25911998, 7.9, 29, 我所痛鄣南愀
3770555, 8.2, 24, 浪漫演义
1924454, 8.5, 20, 望族
25926306, 8.5, 20, 你今天末日了]
1397426, 8.4, 21, 另食的g
2149879, 8.6, 19, 嗅X：我的七十年代
2148768, 8.0, 26, 重．重建
25846427, 7.2, 45, 一曲薰风
3640786, 7.7, 31, 天蛑后
3877171, 7.7, 31, 香港歌~зp
1382847, 7.4, 38, 少占和林一峰的交Q日
3158325, 7.4, 38, 幸福在右
25919187, 7.9, 27, 快酚邢
1522950, 6.9, 57, 消灭李敖还是被李敖消灭？
26642868, 8.4, 20, t粞Y人
5914055, 7.8, 28, 香港?生活?文化
1396312, 8.2, 22, 咖啡未喝完
24873893, 8.7, 17, 短衣夜行o
26834749, 8.7, 17, 香港三年
1366169, 7.4, 36, 太多男人太少rg
26823272, 7.5, 33, O果湎
24853186, 8.8, 16, 死在香港──棺材
11521771, 7.4, 35, 那似曾相R的七十年代
26359540, 7.9, 25, 嘉烈c大l的前度
1345284, 8.4, 19, 邵氏光影系列：古b．bx．S梅{
24284771, 7.6, 30, 深夜读罢一本虚构的宇宙史
1659829, 7.1, 41, 何日君再来
3188441, 8.4, 18, 我的开始在这里
5348088, 8.4, 18, 香港正菜
1394259, 8.0, 22, 毒u
6047781, 8.3, 18, 焦c影人: f家x
4842161, 8.0, 21, 香港政治
1441715, 7.9, 22, sOr代
3108284, 7.6, 26, 酚
2213545, 8.0, 20, 更美好年代──手u文具作P
6120786, 8.3, 17, 清末民初的Z
21354015, 8.3, 17, 何藩 人生剧场
4067552, 7.7, 23, 溜走的激情：80年代香港影
1861787, 8.1, 18, v史的沉重
5501725, 7.5, 25, 在夹缝中求生存
3081237, 7.6, 23, 三片а菔钟（上）（下）
25929532, 6.7, 45, 香港寻书
26273350, 8.1, 17, 何藩 香港回忆录
1424370, 7.8, 19, 半唐番城市P
26327699, 8.0, 17, 港英r代
10758263, 7.1, 28, 管治香港
2038372, 7.9, 17, 我和春天有s (”)
11507064, 7.5, 21, 浮世巴哈
2073000, 7.3, 23, 我要安匪
1962180, 7.7, 18, 街道c空g?奏中的香港城市O
2999860, 7.7, 18, 山光水影
2049154, 7.8, 17, 晚期L格 - 香港女作家三
3836028, 7.8, 17, 冷战与香港电影
26899931, 6.9, 30, 阿波_的神
1356827, 7.4, 21, 27.01.97 - 30.09.97
26219537, 7.4, 21, 男神c寇比力克
26324284, 7.8, 16, 香港
26759824, 7.8, 16, 花拥哪耆A・|廿五
25801520, 6.1, 59, 港式中产
6539780, 7.7, 16, 香港的「中」：邵氏影
1987538, 7.8, 15, 牛
3711810, 7.8, 15, 国泰故事（增订本）
1476268, 7.9, 14, 剧本簿
3612806, 7.9, 14, 影外：香港H影三十L年特刊
1369774, 7.5, 17, 香港老照片
10766046, 7.5, 17, 香港方物志
10481084, 7.6, 16, 雨请SP（卷一）
1388206, 7.3, 19, p如食
3213292, 8.0, 13, 大斫饩琵城
26693143, 7.5, 16, 看得L景的房g
1068022, 7.2, 19, 香港澳门旅游全攻略
26833109, 6.5, 31, 不一拥目诩t
3831131, 8.0, 12, 香港新想象
26744148, 8.0, 12, 肥瘦
4097503, 7.8, 13, 香港中YF
6776357, 7.8, 13, 香港方物志
24859877, 7.8, 13, 守望香港
26803088, 7.4, 16, 创意城市X60
1352868, 7.1, 19, 邵氏影帝
2353399, 7.5, 15, 香港左派斗史
1908443, 7.6, 14, 婧Ｒ宦笑．S文集
6896156, 7.6, 14, 香港歌词八十谈
1437084, 6.9, 21, What if 108 如果
3133859, 7.3, 16, 日本情色／华人欲望
1861788, 7.4, 15, 文化想像c意R形B - 代香港文化政治u
5369402, 7.8, 12, 不可能再遇上・Anita梅W芳
1456944, 7.6, 13, 光之速记
2173771, 7.2, 16, 上路
10438474, 7.9, 11, 香港工程考
25878157, 7.7, 12, 香港公交都市剖析
1394149, 7.5, 13, T窗L雨
2264130, 7.1, 16, 街巷人物
1394498, 7.2, 15, 危U人物
1866851, 7.2, 15, 香港：大英帝殖民r代的KY
25962793, 7.8, 11, 勾Y共\的殖民嗔
25855987, 7.4, 13, 江湖路冷
26840846, 7.9, 10, 王味
25906819, 7.8, 10, 老兵不死
1424461, 7.0, 15, East and West
22992833, 7.1, 14, 蔡家族
26827345, 7.7, 10, 某某到此一游
26847756, 7.7, 10, 北大or港大
26795190, 4.7, 222, 春盏
4215016, 7.6, 10, 从人类学看香港社会
25919283, 7.3, 11, 胸炎
25964786, 6.9, 13, 多重奏
21352133, 7.3, 10, 时尚风云25年1987-2012
3631074, 7.2, 10, 沧海一声笑：S文集
2029736, 7.1, 10, 香港流行音乐文化：文化研究读本
5914582, 0.0, 43, 九u地ah
